n_	1408824	0.04053881637765604	3
en	1197735	0.03446474452031755	3
e_	976356	0.028094578601175688	2
de	789716	0.0227240250836847	2
_d	752055	0.021640332327457587	2
t_	727103	0.020922340196250798	2
er	640129	0.01841966916308395	2
_v	500535	0.014402861149149975	2
an	494000	0.014214816961211678	2
te	443016	0.012747755771028648	2
ge	413685	0.011903758207689985	2
in	390314	0.011231259245745698	2
et	373168	0.010737884242472549	2
_e	347004	0.009985016892324488	2
r_	341402	0.009823819716987023	2
he	339553	0.009770614865648399	2
ee	332252	0.009560529078940288	2
_h	330669	0.009514978359811547	2
ij	321908	0.009262881170748439	2
el	320239	0.00921485580737139	2
aa	313661	0.00902557429730894	2
_o	310545	0.00893591160570745	2
ie	301756	0.008683008718516986	2
_i	289802	0.00833903316800216	2
s_	274882	0.007909711165853824	2
or	269599	0.007757693194181593	2
_m	260404	0.007493107684144465	2
va	253612	0.007297668338394365	2
_w	248490	0.0071502831309544325	2
at	245175	0.007054894227662091	2
st	239229	0.006883798475331394	2
re	237550	0.006835485362623146	2
ve	233320	0.006713767395526131	2
ng	227609	0.006549433752478601	2
oo	220882	0.006355864777381291	2
me	219670	0.006320989558440019	2
_b	219156	0.0063061992428164095	2
nd	213010	0.00612934850386174	2
le	209202	0.006019773558541307	2
be	205097	0.005901652458084274	2
_a	204278	0.005878085787859108	2
g_	201296	0.00579227893729568	2
_t	199612	0.005743821949921833	2
_g	199112	0.005729434483361902	2
li	190398	0.005478689716155428	2
_z	179504	0.005165215594747654	2
d_	177894	0.005118887952424676	2
ar	176170	0.005069279967726035	2
da	175698	0.00505569819929346	2
ch	174410	0.005018636085435078	2
k_	169498	0.004877293613950318	2
on	169155	0.004867423811890205	2
vo	165728	0.004768812116088439	2
al	163437	0.004702888744310836	2
is	162693	0.004681480194069659	2
di	160259	0.0046114420068559155	2
ti	159063	0.004577027186844561	2
oe	159007	0.004575415790589849	2
it	157818	0.004541202395110333	2
ke	151010	0.004345302650430314	2
rd	142395	0.0040974066016027065	2
_n	140987	0.004056891495769941	2
we	138034	0.003971919118266989	2
ri	132527	0.003813455561575911	2
_s	130853	0.0037652863235332623	2
l_	126361	0.003636029323958844	2
nt	121495	0.003496010499397597	2
om	119652	0.0034429782976576916	2
ro	117179	0.0033718178880522737	2
es	115468	0.0033225839774841904	2
ei	111125	0.003197614442944631	2
eg	107420	0.0030910033157355433	2
zi	106759	0.003071983084943315	2
ni	105555	0.0030373380654670013	2
op	104342	0.003002434071592609	2
ed	103981	0.002992046320736339	2
ra	101278	0.002914267676513353	2
ze	100666	0.0028966574174439973	2
ns	100500	0.0028918807785461003	2
la	99454	0.0028617821985027253	2
mi	99416	0.0028606887510441706	2
ne	97894	0.002816893302835741	2
id	96063	0.002764206400293274	2
rs	89726	0.0025818596491127103	2
jk	89466	0.0025743781665015465	2
wi	87811	0.0025267556521881753	2
_k	86634	0.002492887555906098	2
ig	85118	0.002449264757296388	2
ui	84956	0.0024446032181309704	2
ev	84405	0.0024287482299819264	2
ht	83107	0.002391398366792346	2
ma	82868	0.002384521157776699	2
em	81692	0.0023506818364277416	2
_p	81553	0.002346682120724081	2
p_	80165	0.0023067425135537127	2
jn	79873	0.002298340233082713	2
ll	79820	0.0022968151616273606	2
na	77198	0.002221367286987083	2
ik	77005	0.00221581372489495	2
ta	76831	0.002210806886532094	2
sc	75921	0.00218462169739302	2
j_	75672	0.0021774567390461744	2
ek	72740	0.0020930886351387397	2
mo	71361	0.0020534080023664504	2
tr	71059	0.0020447179725642524	2
_r	70245	0.002021295177004685	2
_l	70001	0.0020142740933234387	2
to	69344	0.0019953689622636893	2
wa	68302	0.0019653854819527937	2
wo	66961	0.001926798296639059	2
zo	64979	0.001869766379195493	2
ec	64838	0.0018657091136255926	2
eb	61958	0.001782837306240391	2
m_	61662	0.001774319926036912	2
se	59266	0.0017053751862817232	2
ag	58011	0.0016692626452162968	2
pr	58005	0.0016690899956175777	2
ol	56992	0.0016399409883671578	2
ez	56656	0.0016302726108388843	2
un	56650	0.001630099961240165	2
ha	56403	0.0016229925527595592	2
_u	55974	0.0016106481064511386	2
co	54824	0.0015775569333632976	2
pe	54353	0.0015640039398638428	2
ov	53786	0.0015476885527848812	2
no	53597	0.0015422500904252274	2
ef	51984	0.0014958361233028904	2
_c	51933	0.0014943686017137774	2
bi	51627	0.0014855634721790997	2
il	51300	0.001476154069048905	2
rk	50803	0.0014618529272883338	2
gr	50646	0.0014573352627885155	2
ou	50191	0.0014442426682189783	2
rt	48400	0.001392706763001306	2
ic	48162	0.001385858328918779	2
ur	47518	0.0013673272719895882	2
ot	46957	0.0013511845345093457	2
ls	46954	0.0013510982097099862	2
am	45918	0.0013212873789978095	2
ak	45580	0.0013115614516032961	2
do	44958	0.001293663443202742	2
og	44904	0.0012921095968142695	2
eu	44304	0.0012748446369423526	2
ho	43246	0.001244400757701539	2
ld	41982	0.0012080292422380337	2
ss	41379	0.001190677957566757	2
sl	40549	0.001166794763077272	2
rg	39550	0.00113804860489053	2
ok	39317	0.0011313440454736024	2
ga	38887	0.0011189708242320617	2
si	38650	0.0011121511650826546	2
ac	38269	0.0011011879155639873	2
ts	38105	0.00109646882653233	2
as	37927	0.0010913468884369945	2
nn	37572	0.0010811317871794437	2
ko	37527	0.0010798369151890498	2
u_	37470	0.0010781967440012179	2
ct	36831	0.0010598095617376261	2
ft	36592	0.0010529323527219791	2
ds	36267	0.001043580499458024	2
sp	36178	0.0010410195304103565	2
rm	35293	0.0010155537145992788	2
uw	34532	9.936559904950642E-4	1
vr	33260	9.570542755666E-4	1
lo	33181	9.54781055850131E-4	1
tu	32548	9.365665231852585E-4	1
f_	31983	9.203086859725366E-4	1
gi	31859	9.167405942656738E-4	1
kt	31747	9.135178017562493E-4	1
za	31430	9.043961479572531E-4	1
hi	30378	8.741249183151586E-4	1
pa	30324	8.725710719266861E-4	1
ru	29916	8.608308992137825E-4	1
kk	29582	8.512200715517487E-4	1
du	29272	8.422998422845916E-4	1
mm	29266	8.421271926858724E-4	1
tw	28661	8.24718358148356E-4	1
ep	28519	8.206323176453357E-4	1
ad	28316	8.147910062220037E-4	1
vi	27831	8.008351636588709E-4	1
ka	26975	7.762038209082693E-4	1
nk	26504	7.626508274088144E-4	1
ba	25908	7.455009672693769E-4	1
od	25842	7.436018216834659E-4	1
us	25449	7.322932729673603E-4	1
dr	25424	7.315738996393638E-4	1
dt	25190	7.248405652893161E-4	1
pl	25127	7.230277445027649E-4	1
rb	24981	7.18826604267265E-4	1
ap	24977	7.187115045347856E-4	1
ki	24855	7.152009626941625E-4	1
ul	24555	7.065684827582039E-4	1
br	24529	7.058203344970876E-4	1
_f	24436	7.031442657169404E-4	1
oc	24310	6.995186241438378E-4	1
rz	24270	6.983676268190434E-4	1
of	24140	6.946268855134613E-4	1
jd	23891	6.874619271666158E-4	1
so	23752	6.83462211462955E-4	1
ci	23624	6.797790200236127E-4	1
af	23534	6.771892760428251E-4	1
bb	23081	6.641542313395279E-4	1
gs	22992	6.615932622918601E-4	1
rv	22954	6.604998148333054E-4	1
fe	22344	6.429471056301898E-4	1
po	22234	6.39781862987005E-4	1
nh	22182	6.382855664647722E-4	1
nz	22153	6.374510934042962E-4	1
gd	21488	6.183157628795881E-4	1
lu	21162	6.089351346825132E-4	1
tt	21156	6.087624850837941E-4	1
sa	21102	6.072086386953215E-4	1
a_	20947	6.02748524061743E-4	1
io	20924	6.020867005999862E-4	1
ud	20909	6.016550766031882E-4	1
rl	20623	5.934254457309078E-4	1
h_	20245	5.825485210116001E-4	1
_j	20012	5.758439615946723E-4	1
bl	19408	5.584639019902758E-4	1
ku	18808	5.411989421183588E-4	1
hu	18431	5.30350792332171E-4	1
rn	18075	5.201069161415001E-4	1
eh	17993	5.177473716256715E-4	1
ce	17854	5.137476559220108E-4	1
bo	17299	4.977775680404875E-4	1
ew	17112	4.923966555470733E-4	1
ia	16643	4.789012119138582E-4	1
nc	16441	4.7308867542364614E-4	1
rw	16321	4.696356834492627E-4	1
w_	16053	4.6192400137313983E-4	1
tg	15673	4.509895267875924E-4	1
pp	15672	4.509607518544725E-4	1
lg	15661	4.50644227590154E-4	1
ut	15505	4.461553380234556E-4	1
lt	15442	4.443425172369043E-4	1
im	15297	4.4017015193452435E-4	1
os	15235	4.3838610608109294E-4	1
go	15139	4.356237125015862E-4	1
uc	15138	4.3559493756846636E-4	1
rh	14864	4.2771060589362426E-4	1
nu	14797	4.2578268537459354E-4	1
fi	14271	4.106470705535463E-4	1
o_	13870	3.9910832237248175E-4	1
lk	13233	3.8077868997512984E-4	1
uu	13181	3.79282393452897E-4	1
nv	12875	3.7047726391821933E-4	1
bu	12827	3.69096067128466E-4	1
au	12470	3.5882341600467535E-4	1
ja	12382	3.5629122189012754E-4	1
nl	12352	3.554279738965317E-4	1
ms	12348	3.553128741640522E-4	1
ff	12235	3.5206130672150787E-4	1
cr	12161	3.499319616706381E-4	1
nw	12024	3.4598979583321703E-4	1
pu	11570	3.329259761967998E-4	1
md	11499	3.308829559452896E-4	1
jz	11439	3.2915645995809797E-4	1
ea	11428	3.2883993569377944E-4	1
gg	11166	3.213009032163757E-4	1
ob	11119	3.199484813597422E-4	1
ks	10904	3.1376187073897194E-4	1
lf	10889	3.13330246742174E-4	1
je	10568	3.0409349321069843E-4	1
dd	10448	3.00640501236315E-4	1
um	10377	2.9859748098480483E-4	1
su	10225	2.9422369115058585E-4	1
rr	10180	2.9292881916019207E-4	1
kr	10176	2.928137194277126E-4	1
rp	9934	2.8585018561270607E-4	1
gt	9856	2.836057408293569E-4	1
kw	9819	2.82541068303922E-4	1
uk	9743	2.803541733868125E-4	1
ai	9706	2.792895008613776E-4	1
ir	9660	2.7796585393786397E-4	1
gh	9533	2.7431143743164154E-4	1
zu	9348	2.6898807480446715E-4	1
tv	9193	2.6452796017088857E-4	1
kl	9118	2.6236984018689893E-4	1
fo	8875	2.5537753143877254E-4	1
sm	8677	2.496800946810399E-4	1
cu	8560	2.463134275060161E-4	1
jv	8501	2.4461570645194425E-4	1
oa	8312	2.391772440922904E-4	1
iv	8162	2.3486100412431116E-4	1
mt	7965	2.291923422996984E-4	1
tl	7940	2.2847296897170186E-4	1
mu	7699	2.215382100898152E-4	1
nf	7604	2.1880459144342835E-4	1
ië	7588	2.1834419251351054E-4	1
jf	7569	2.1779746878423318E-4	1
pt	7447	2.1428692694361006E-4	1
ju	7381	2.123877813576992E-4	1
kh	7330	2.1092025976858625E-4	1
mp	7158	2.0597097127197003E-4	1
ua	7121	2.0490629874653514E-4	1
nb	6982	2.0090658304287436E-4	1
fg	6975	2.0070515851103532E-4	1
b_	6903	1.986333633264053E-4	1
fs	6895	1.984031638614464E-4	1
tb	6705	1.9293592656867268E-4	1
pi	6600	1.899145585910872E-4	1
fd	6563	1.8884988606565232E-4	1
sb	6453	1.8568464342246752E-4	1
ca	6413	1.8453364609767305E-4	1
dh	6310	1.815698279863273E-4	1
i_	6100	1.7552709203115635E-4	1
vl	6099	1.7549831709803647E-4	1
pg	6078	1.7489404350251939E-4	1
fr	6034	1.7362794644524548E-4	1
th	5994	1.72476949120451E-4	1
if	5602	1.6119717533746522E-4	1
sv	5543	1.5949945428339339E-4	1
jg	5526	1.5901028042035573E-4	1
ug	5463	1.5719745963380444E-4	1
js	5454	1.569384852357257E-4	1
ab	5378	1.547515903186162E-4	1
sn	5345	1.5380201752566078E-4	1
ex	5257	1.5126982341111294E-4	1
ub	5149	1.4816213063416787E-4	1
nm	5081	1.4620543518201727E-4	1
ël	5021	1.4447893919482558E-4	1
hr	4940	1.4214816961211679E-4	1
nr	4842	1.3932822616637033E-4	1
mb	4778	1.374866304466992E-4	1
ip	4593	1.3216326781952478E-4	1
av	4593	1.3216326781952478E-4	1
db	4559	1.3118492009344947E-4	1
lp	4431	1.2750172865410718E-4	1
jo	4281	1.2318548868612793E-4	1
dp	4272	1.2292651428804917E-4	1
sg	4254	1.2240856549189166E-4	1
ys	4125	1.186965991194295E-4	1
fu	4019	1.1564645620872416E-4	1
dz	3958	1.138911852884126E-4	1
sy	3926	1.1297038742857702E-4	1
eë	3922	1.1285528769609757E-4	1
eo	3760	1.0819374853067998E-4	1
ën	3646	1.0491340615501575E-4	1
tz	3611	1.0390628349582059E-4	1
dw	3577	1.0292793576974529E-4	1
fa	3519	1.012589896487933E-4	1
ue	3498	1.0065471605327622E-4	1
ps	3352	9.64535758177764E-5	1
oi	3326	9.570542755666E-5	1
sd	3204	9.219488571603687E-5	1
fl	3171	9.124531292308143E-5	1
np	3083	8.871311880853361E-5	1
bs	3023	8.69866228213419E-5	1
lj	2985	8.589317536278716E-5	1
cl	2932	8.43681039074345E-5	1
zw	2888	8.310200685016058E-5	1
hn	2885	8.301568205080099E-5	1
vu	2868	8.252650818776334E-5	1
lv	2788	8.022451353817441E-5	1
oj	2787	8.019573860505455E-5	1
dv	2744	7.895841648090049E-5	1
td	2718	7.82102682197841E-5	1
ib	2715	7.81239434204245E-5	1
kg	2702	7.77498692898663E-5	1
ow	2688	7.734702022618824E-5	1
sh	2560	7.366382878684594E-5	1
gu	2536	7.297323039196926E-5	1
kb	2517	7.242650666269189E-5	1
jl	2433	7.000941228062351E-5	1
dg	2393	6.885841495582904E-5	1
cc	2382	6.854189069151056E-5	1
sr	2342	6.73908933667161E-5	1
xt	2336	6.721824376799692E-5	1
én	2306	6.635499577440107E-5	1
pm	2305	6.63262208412812E-5	1
tn	2291	6.592337177760314E-5	1
tm	2223	6.396667632545256E-5	1
sk	2221	6.390912645921283E-5	1
oz	2194	6.313220326497656E-5	1
_é	2168	6.238405500386015E-5	1
qu	2163	6.224018033826085E-5	1
kn	2144	6.169345660898347E-5	1
éé	2109	6.0686333949788316E-5	1
sw	2084	5.9966960621791776E-5	1
jh	2072	5.9621661424353436E-5	1
pz	2070	5.9564111558113713E-5	1
jp	2044	5.881596329699731E-5	1
kz	1953	5.6197444383089894E-5	1
pn	1886	5.426952386405916E-5	1
lm	1812	5.214017881318939E-5	1
fw	1794	5.1622230017031885E-5	1
rc	1717	4.940656016680253E-5	1
fh	1642	4.724844018281291E-5	1
ln	1639	4.716211538345332E-5	1
dk	1639	4.716211538345332E-5	1
jt	1613	4.641396712233692E-5	1
gn	1611	4.6356417256097195E-5	1
uz	1595	4.58960183261794E-5	1
pv	1595	4.58960183261794E-5	1
mh	1595	4.58960183261794E-5	1
rf	1560	4.4888895666984245E-5	1
eï	1535	4.4169522338987706E-5	1
pb	1528	4.3968097807148675E-5	1
mv	1514	4.3565248743470605E-5	1
iz	1511	4.3478923944111025E-5	1
sz	1507	4.3363824211631574E-5	1
gm	1501	4.319117461291241E-5	1
ër	1499	4.3133624746672684E-5	1
tk	1490	4.287465034859393E-5	1
xi	1467	4.221282688683711E-5	1
gl	1399	4.0256131434686514E-5	1
bt	1393	4.008348183596734E-5	1
oö	1387	3.9910832237248174E-5	1
fv	1378	3.965185783916942E-5	1
ïn	1351	3.887493464493315E-5	1
ör	1340	3.8558410380614676E-5	1
xp	1309	3.766638745389896E-5	1
gv	1309	3.766638745389896E-5	1
uv	1265	3.6400290396625045E-5	1
lb	1265	3.6400290396625045E-5	1
wu	1208	3.476011920879293E-5	1
tj	1193	3.4328495211995E-5	1
mg	1191	3.427094534575528E-5	1
lh	1174	3.378177148271763E-5	1
up	1164	3.349402215151902E-5	1
wd	1163	3.346524721839915E-5	1
dm	1156	3.326382268656012E-5	1
gb	1137	3.271709895728275E-5	1
wb	1132	3.257322429168344E-5	1
oh	1055	3.035755444145409E-5	1
tp	1054	3.032877950833423E-5	1
iu	997	2.8688608320502112E-5	1
eq	955	2.748006112946792E-5	1
lz	910	2.6185189139074144E-5	1
pd	878	2.526439127923857E-5	1
sf	869	2.5005416881159813E-5	1
lr	841	2.4199718753803687E-5	1
jw	819	2.3566670225166728E-5	1
ly	810	2.3307695827087974E-5	1
fz	795	2.2876071830290047E-5	1
lw	794	2.2847296897170186E-5	1
gk	767	2.207037370293392E-5	1
gp	762	2.1926499037334612E-5	1
gw	756	2.175384943861544E-5	1
té	681	1.9595729454625814E-5	1
_q	671	1.93079801234272E-5	1
é_	647	1.8617381728550518E-5	1
uo	637	1.83296323973519E-5	1
fk	614	1.7667808935595083E-5	1
cy	613	1.763903400247522E-5	1
y_	604	1.7380059604396464E-5	1
fb	601	1.729373480503688E-5	1
az	600	1.7264959871917016E-5	1
ax	557	1.6027637747762966E-5	1
yp	548	1.576866334968421E-5	1
ph	536	1.5423364152245868E-5	1
ëe	526	1.5135614821047252E-5	1
ws	524	1.507806495480753E-5	1
óó	520	1.4962965222328081E-5	1
ór	516	1.4847865489848635E-5	1
vó	514	1.4790315623608913E-5	1
yn	498	1.4329916693691124E-5	1
jb	494	1.4214816961211678E-5	1
yc	493	1.4186042028091816E-5	1
ëi	471	1.3552993499454859E-5	1
kp	471	1.3552993499454859E-5	1
xe	444	1.2776070305218593E-5	1
sj	439	1.2632195639619285E-5	1
lc	420	1.2085471910341913E-5	1
mz	412	1.1855272445383019E-5	1
ej	409	1.1768947646023434E-5	1
hz	405	1.1653847913543987E-5	1
wr	402	1.1567523114184402E-5	1
gz	398	1.1452423381704956E-5	1
ym	389	1.11934489836262E-5	1
wk	384	1.1049574318026891E-5	1
ml	379	1.0905699652427584E-5	1
ox	369	1.0617950321228965E-5	1
kd	367	1.0560400454989243E-5	1
rj	362	1.0416525789389934E-5	1
ty	356	1.0243876190670763E-5	1
dl	354	1.0186326324431041E-5	1
xc	346	9.956126859472147E-6	1
tc	332	9.553277795794084E-6	1
mr	326	9.380628197074913E-6	1
nj	323	9.294303397715328E-6	1
mw	310	8.920229267157126E-6	1
ao	310	8.920229267157126E-6	1
wz	301	8.661254869078371E-6	1
km	300	8.632479935958508E-6	1
pw	297	8.546155136598923E-6	1
hy	294	8.45983033723934E-6	1
dy	285	8.200855939160584E-6	1
kj	284	8.172081006040721E-6	1
pk	278	7.99943140732155E-6	1
bj	276	7.941881541081828E-6	1
aw	270	7.769231942362658E-6	1
x_	268	7.711682076122934E-6	1
wp	252	7.251283146205147E-6	1
c_	252	7.251283146205147E-6	1
ii	236	6.79088421628736E-6	1
ck	229	6.589459684448329E-6	1
xa	223	6.416810085729158E-6	1
ry	219	6.301710353249711E-6	1
fn	218	6.27293542012985E-6	1
uf	216	6.215385553890126E-6	1
by	215	6.186610620770265E-6	1
kv	214	6.157835687650403E-6	1
wg	207	5.956411155811371E-6	1
vé	207	5.956411155811371E-6	1
wt	203	5.841311423331924E-6	1
fm	198	5.697436757732616E-6	1
gc	192	5.5247871590134455E-6	1
és	189	5.43846235965386E-6	1
dj	180	5.179487961575106E-6	1
­_	179	5.150713028455244E-6	1
cq	177	5.0931631622155205E-6	1
fp	172	4.949288496616211E-6	1
mk	170	4.891738630376488E-6	1
èr	168	4.834188764136765E-6	1
tf	167	4.805413831016903E-6	1
iè	160	4.6039892991778715E-6	1
iw	160	4.6039892991778715E-6	1
wl	158	4.546439432938148E-6	1
mn	158	4.546439432938148E-6	1
aj	156	4.488889566698424E-6	1
oy	154	4.431339700458701E-6	1
ïs	153	4.402564767338839E-6	1
dn	151	4.345014901099116E-6	1
pj	147	4.22991516861967E-6	1
fj	145	4.172365302379946E-6	1
fy	144	4.1435903692600846E-6	1
jm	142	4.0860405030203606E-6	1
à_	132	3.798291171821744E-6	1
ë_	131	3.7695162387018823E-6	1
z_	131	3.7695162387018823E-6	1
hm	129	3.7119663724621587E-6	1
_à	125	3.596866639982712E-6	1
eé	120	3.4529919743834037E-6	1
yo	118	3.39544210814368E-6	1
ae	116	3.337892241903957E-6	1
ya	116	3.337892241903957E-6	1
mf	112	3.22279250942451E-6	1
uï	109	3.136467710064925E-6	1
nq	106	3.05014291070534E-6	1
ëv	103	2.9638181113457547E-6	1
df	100	2.8774933119861695E-6	1
ëx	99	2.848718378866308E-6	1
iq	95	2.733618646386861E-6	1
wh	93	2.6760687801471376E-6	1
êt	90	2.589743980787553E-6	1
gf	89	2.560969047667691E-6	1
ay	87	2.5034191814279677E-6	1
ïm	87	2.5034191814279677E-6	1
uê	85	2.445869315188244E-6	1
gj	82	2.359544515828659E-6	1
aï	80	2.3019946495889358E-6	1
ww	80	2.3019946495889358E-6	1
_­	78	2.244444783349212E-6	1
_x	77	2.2156698502293506E-6	1
b­	77	2.2156698502293506E-6	1
wm	77	2.2156698502293506E-6	1
dc	73	2.100570117749904E-6	1
pc	73	2.100570117749904E-6	1
ït	73	2.100570117749904E-6	1
my	72	2.0717951846300423E-6	1
üb	71	2.0430202515101803E-6	1
_ü	69	1.985470385270457E-6	1
mc	69	1.985470385270457E-6	1
yt	68	1.9566954521505955E-6	1
ji	67	1.9279205190307335E-6	1
fc	66	1.899145585910872E-6	1
ih	66	1.899145585910872E-6	1
ux	66	1.899145585910872E-6	1
él	65	1.8703706527910102E-6	1
yg	64	1.8415957196711486E-6	1
ye	60	1.7264959871917018E-6	1
_y	59	1.69772105407184E-6	1
yl	59	1.69772105407184E-6	1
yb	58	1.6689461209519785E-6	1
kc	57	1.6401711878321167E-6	1
yd	56	1.611396254712255E-6	1
yi	56	1.611396254712255E-6	1
ey	55	1.5826213215923933E-6	1
ah	51	1.4675215891129465E-6	1
oï	51	1.4675215891129465E-6	1
bd	50	1.4387466559930848E-6	1
hl	50	1.4387466559930848E-6	1
wc	50	1.4387466559930848E-6	1
öp	49	1.4099717228732232E-6	1
zz	48	1.3811967897533614E-6	1
dé	47	1.3524218566334998E-6	1
uh	47	1.3524218566334998E-6	1
kf	46	1.323646923513638E-6	1
aq	45	1.2948719903937764E-6	1
cs	45	1.2948719903937764E-6	1
wv	44	1.2660970572739146E-6	1
yr	43	1.2373221241540528E-6	1
zn	43	1.2373221241540528E-6	1
ér	43	1.2373221241540528E-6	1
sq	42	1.2085471910341913E-6	1
ïd	42	1.2085471910341913E-6	1
mé	41	1.1797722579143295E-6	1
ïe	40	1.1509973247944679E-6	1
lé	38	1.0934474585547445E-6	1
uü	38	1.0934474585547445E-6	1
üm	38	1.0934474585547445E-6	1
éc	37	1.0646725254348827E-6	1
cé	36	1.0358975923150211E-6	1
ix	36	1.0358975923150211E-6	1
bc	33	9.49572792955436E-7	1
ky	33	9.49572792955436E-7	1
oë	33	9.49572792955436E-7	1
sé	32	9.207978598355743E-7	1
v_	32	9.207978598355743E-7	1
bn	30	8.632479935958509E-7	1
jr	30	8.632479935958509E-7	1
hk	28	8.056981273561275E-7	1
hé	28	8.056981273561275E-7	1
ny	27	7.769231942362657E-7	1
ép	26	7.481482611164041E-7	1
ös	26	7.481482611164041E-7	1
rè	24	6.905983948766807E-7	1
ék	24	6.905983948766807E-7	1
bz	23	6.61823461756819E-7	1
pf	23	6.61823461756819E-7	1
ég	23	6.61823461756819E-7	1
aë	22	6.330485286369573E-7	1
wn	22	6.330485286369573E-7	1
ëf	22	6.330485286369573E-7	1
bö	21	6.042735955170956E-7	1
py	21	6.042735955170956E-7	1
ué	21	6.042735955170956E-7	1
éd	21	6.042735955170956E-7	1
èl	20	5.754986623972339E-7	1
gê	19	5.467237292773723E-7	1
ét	19	5.467237292773723E-7	1
ên	19	5.467237292773723E-7	1
ët	19	5.467237292773723E-7	1
hw	18	5.179487961575106E-7	1
át	18	5.179487961575106E-7	1
dá	17	4.891738630376489E-7	1
jc	17	4.891738630376489E-7	1
kq	17	4.891738630376489E-7	1
tq	17	4.891738630376489E-7	1
t­	17	4.891738630376489E-7	1
ës	17	4.891738630376489E-7	1
_ó	16	4.6039892991778714E-7	1
oq	16	4.6039892991778714E-7	1
vs	16	4.6039892991778714E-7	1
xo	16	4.6039892991778714E-7	1
xy	16	4.6039892991778714E-7	1
zó	16	4.6039892991778714E-7	1
éb	16	4.6039892991778714E-7	1
_ò	15	4.3162399679792546E-7	1
vc	15	4.3162399679792546E-7	1
èn	15	4.3162399679792546E-7	1
òf	15	4.3162399679792546E-7	1
ó_	15	4.3162399679792546E-7	1
hb	14	4.0284906367806377E-7	1
ná	14	4.0284906367806377E-7	1
vj	14	4.0284906367806377E-7	1
wf	14	4.0284906367806377E-7	1
wé	14	4.0284906367806377E-7	1
yz	14	4.0284906367806377E-7	1
´s	14	4.0284906367806377E-7	1
ál	14	4.0284906367806377E-7	1
bv	13	3.7407413055820203E-7	1
ré	13	3.7407413055820203E-7	1
èm	13	3.7407413055820203E-7	1
bw	12	3.4529919743834034E-7	1
hp	12	3.4529919743834034E-7	1
hs	12	3.4529919743834034E-7	1
wè	12	3.4529919743834034E-7	1
ïl	12	3.4529919743834034E-7	1
ú_	12	3.4529919743834034E-7	1
_è	11	3.1652426431847866E-7	1
a´	11	3.1652426431847866E-7	1
nú	11	3.1652426431847866E-7	1
pé	11	3.1652426431847866E-7	1
q_	11	3.1652426431847866E-7	1
s­	11	3.1652426431847866E-7	1
xj	11	3.1652426431847866E-7	1
_ß	10	2.8774933119861697E-7	1
_á	10	2.8774933119861697E-7	1
bh	10	2.8774933119861697E-7	1
fé	10	2.8774933119861697E-7	1
gy	10	2.8774933119861697E-7	1
iö	10	2.8774933119861697E-7	1
rx	10	2.8774933119861697E-7	1
yh	10	2.8774933119861697E-7	1
ßo	10	2.8774933119861697E-7	1
éo	10	2.8774933119861697E-7	1
óf	10	2.8774933119861697E-7	1
öl	10	2.8774933119861697E-7	1
öt	10	2.8774933119861697E-7	1
cb	9	2.589743980787553E-7	1
pä	9	2.589743980787553E-7	1
rö	9	2.589743980787553E-7	1
yf	9	2.589743980787553E-7	1
á_	9	2.589743980787553E-7	1
än	9	2.589743980787553E-7	1
ès	9	2.589743980787553E-7	1
ém	9	2.589743980787553E-7	1
ïr	9	2.589743980787553E-7	1
cè	8	2.3019946495889357E-7	1
hf	8	2.3019946495889357E-7	1
jö	8	2.3019946495889357E-7	1
o´	8	2.3019946495889357E-7	1
yv	8	2.3019946495889357E-7	1
éi	8	2.3019946495889357E-7	1
óg	8	2.3019946495889357E-7	1
bp	7	2.0142453183903189E-7	1
cd	7	2.0142453183903189E-7	1
cj	7	2.0142453183903189E-7	1
dí	7	2.0142453183903189E-7	1
gé	7	2.0142453183903189E-7	1
nó	7	2.0142453183903189E-7	1
rü	7	2.0142453183903189E-7	1
sè	7	2.0142453183903189E-7	1
wj	7	2.0142453183903189E-7	1
xu	7	2.0142453183903189E-7	1
­l	7	2.0142453183903189E-7	1
án	7	2.0142453183903189E-7	1
ça	7	2.0142453183903189E-7	1
éa	7	2.0142453183903189E-7	1
üh	7	2.0142453183903189E-7	1
ür	7	2.0142453183903189E-7	1
aç	6	1.7264959871917017E-7	1
cm	6	1.7264959871917017E-7	1
hj	6	1.7264959871917017E-7	1
ié	6	1.7264959871917017E-7	1
rq	6	1.7264959871917017E-7	1
sò	6	1.7264959871917017E-7	1
uj	6	1.7264959871917017E-7	1
vä	6	1.7264959871917017E-7	1
xk	6	1.7264959871917017E-7	1
ée	6	1.7264959871917017E-7	1
éf	6	1.7264959871917017E-7	1
év	6	1.7264959871917017E-7	1
íe	6	1.7264959871917017E-7	1
ïv	6	1.7264959871917017E-7	1
òl	6	1.7264959871917017E-7	1
óe	6	1.7264959871917017E-7	1
ók	6	1.7264959871917017E-7	1
ón	6	1.7264959871917017E-7	1
e­	5	1.4387466559930849E-7	1
eü	5	1.4387466559930849E-7	1
fü	5	1.4387466559930849E-7	1
gö	5	1.4387466559930849E-7	1
hg	5	1.4387466559930849E-7	1
kx	5	1.4387466559930849E-7	1
kó	5	1.4387466559930849E-7	1
pè	5	1.4387466559930849E-7	1
sö	5	1.4387466559930849E-7	1
vd	5	1.4387466559930849E-7	1
wá	5	1.4387466559930849E-7	1
xf	5	1.4387466559930849E-7	1
xh	5	1.4387466559930849E-7	1
xm	5	1.4387466559930849E-7	1
zá	5	1.4387466559930849E-7	1
­e	5	1.4387466559930849E-7	1
´n	5	1.4387466559930849E-7	1
áá	5	1.4387466559930849E-7	1
äy	5	1.4387466559930849E-7	1
èc	5	1.4387466559930849E-7	1
éh	5	1.4387466559930849E-7	1
éz	5	1.4387466559930849E-7	1
óm	5	1.4387466559930849E-7	1
öm	5	1.4387466559930849E-7	1
ön	5	1.4387466559930849E-7	1
ún	5	1.4387466559930849E-7	1
ün	5	1.4387466559930849E-7	1
_ä	4	1.1509973247944679E-7	1
_ì	4	1.1509973247944679E-7	1
dq	4	1.1509973247944679E-7	1
d­	4	1.1509973247944679E-7	1
dà	4	1.1509973247944679E-7	1
hc	4	1.1509973247944679E-7	1
hv	4	1.1509973247944679E-7	1
iã	4	1.1509973247944679E-7	1
lq	4	1.1509973247944679E-7	1
mü	4	1.1509973247944679E-7	1
tí	4	1.1509973247944679E-7	1
vn	4	1.1509973247944679E-7	1
vp	4	1.1509973247944679E-7	1
xb	4	1.1509973247944679E-7	1
yk	4	1.1509973247944679E-7	1
yw	4	1.1509973247944679E-7	1
zg	4	1.1509973247944679E-7	1
àt	4	1.1509973247944679E-7	1
ár	4	1.1509973247944679E-7	1
ão	4	1.1509973247944679E-7	1
éj	4	1.1509973247944679E-7	1
ëd	4	1.1509973247944679E-7	1
í_	4	1.1509973247944679E-7	1
ín	4	1.1509973247944679E-7	1
_í	3	8.632479935958509E-8	1
_ô	3	8.632479935958509E-8	1
cp	3	8.632479935958509E-8	1
cv	3	8.632479935958509E-8	1
fq	3	8.632479935958509E-8	1
gq	3	8.632479935958509E-8	1
g­	3	8.632479935958509E-8	1
hó	3	8.632479935958509E-8	1
hö	3	8.632479935958509E-8	1
jà	3	8.632479935958509E-8	1
kú	3	8.632479935958509E-8	1
l­	3	8.632479935958509E-8	1
mj	3	8.632479935958509E-8	1
mè	3	8.632479935958509E-8	1
mê	3	8.632479935958509E-8	1
mó	3	8.632479935958509E-8	1
n­	3	8.632479935958509E-8	1
nç	3	8.632479935958509E-8	1
nò	3	8.632479935958509E-8	1
o­	3	8.632479935958509E-8	1
ró	3	8.632479935958509E-8	1
sä	3	8.632479935958509E-8	1
só	3	8.632479935958509E-8	1
tó	3	8.632479935958509E-8	1
vz	3	8.632479935958509E-8	1
wq	3	8.632479935958509E-8	1
xs	3	8.632479935958509E-8	1
zq	3	8.632479935958509E-8	1
­r	3	8.632479935958509E-8	1
­v	3	8.632479935958509E-8	1
áé	3	8.632479935958509E-8	1
äl	3	8.632479935958509E-8	1
èt	3	8.632479935958509E-8	1
êl	3	8.632479935958509E-8	1
ëg	3	8.632479935958509E-8	1
ìg	3	8.632479935958509E-8	1
ía	3	8.632479935958509E-8	1
íj	3	8.632479935958509E-8	1
òg	3	8.632479935958509E-8	1
ôù	3	8.632479935958509E-8	1
ùí	3	8.632479935958509E-8	1
_â	2	5.754986623972339E-8	1
_ê	2	5.754986623972339E-8	1
_ú	2	5.754986623972339E-8	1
a­	2	5.754986623972339E-8	1
bg	2	5.754986623972339E-8	1
bk	2	5.754986623972339E-8	1
cn	2	5.754986623972339E-8	1
cw	2	5.754986623972339E-8	1
cí	2	5.754986623972339E-8	1
fä	2	5.754986623972339E-8	1
fê	2	5.754986623972339E-8	1
hh	2	5.754986623972339E-8	1
hú	2	5.754986623972339E-8	1
jæ	2	5.754986623972339E-8	1
ké	2	5.754986623972339E-8	1
lä	2	5.754986623972339E-8	1
lü	2	5.754986623972339E-8	1
mq	2	5.754986623972339E-8	1
nà	2	5.754986623972339E-8	1
rë	2	5.754986623972339E-8	1
uy	2	5.754986623972339E-8	1
vè	2	5.754986623972339E-8	1
vü	2	5.754986623972339E-8	1
wí	2	5.754986623972339E-8	1
xv	2	5.754986623972339E-8	1
yu	2	5.754986623972339E-8	1
zk	2	5.754986623972339E-8	1
zs	2	5.754986623972339E-8	1
zy	2	5.754986623972339E-8	1
zè	2	5.754986623972339E-8	1
­b	2	5.754986623972339E-8	1
­d	2	5.754986623972339E-8	1
­s	2	5.754986623972339E-8	1
ág	2	5.754986623972339E-8	1
ä_	2	5.754986623972339E-8	1
äh	2	5.754986623972339E-8	1
är	2	5.754986623972339E-8	1
äå	2	5.754986623972339E-8	1
å_	2	5.754986623972339E-8	1
ær	2	5.754986623972339E-8	1
ç_	2	5.754986623972339E-8	1
ço	2	5.754986623972339E-8	1
è_	2	5.754986623972339E-8	1
éw	2	5.754986623972339E-8	1
ëb	2	5.754986623972339E-8	1
ít	2	5.754986623972339E-8	1
ü_	2	5.754986623972339E-8	1
ül	2	5.754986623972339E-8	1
üs	2	5.754986623972339E-8	1
üü	2	5.754986623972339E-8	1
_ã	1	2.8774933119861696E-8	1
_å	1	2.8774933119861696E-8	1
_ç	1	2.8774933119861696E-8	1
_ï	1	2.8774933119861696E-8	1
aî	1	2.8774933119861696E-8	1
cf	1	2.8774933119861696E-8	1
cg	1	2.8774933119861696E-8	1
cò	1	2.8774933119861696E-8	1
dè	1	2.8774933119861696E-8	1
dì	1	2.8774933119861696E-8	1
fá	1	2.8774933119861696E-8	1
få	1	2.8774933119861696E-8	1
gä	1	2.8774933119861696E-8	1
gå	1	2.8774933119861696E-8	1
gü	1	2.8774933119861696E-8	1
hd	1	2.8774933119861696E-8	1
hè	1	2.8774933119861696E-8	1
hô	1	2.8774933119861696E-8	1
iy	1	2.8774933119861696E-8	1
ià	1	2.8774933119861696E-8	1
jj	1	2.8774933119861696E-8	1
jq	1	2.8774933119861696E-8	1
j­	1	2.8774933119861696E-8	1
jü	1	2.8774933119861696E-8	1
k­	1	2.8774933119861696E-8	1
kà	1	2.8774933119861696E-8	1
ká	1	2.8774933119861696E-8	1
l·	1	2.8774933119861696E-8	1
là	1	2.8774933119861696E-8	1
lá	1	2.8774933119861696E-8	1
ló	1	2.8774933119861696E-8	1
lö	1	2.8774933119861696E-8	1
mà	1	2.8774933119861696E-8	1
má	1	2.8774933119861696E-8	1
må	1	2.8774933119861696E-8	1
mí	1	2.8774933119861696E-8	1
nx	1	2.8774933119861696E-8	1
où	1	2.8774933119861696E-8	1
på	1	2.8774933119861696E-8	1
r­	1	2.8774933119861696E-8	1
rê	1	2.8774933119861696E-8	1
sà	1	2.8774933119861696E-8	1
tê	1	2.8774933119861696E-8	1
të	1	2.8774933119861696E-8	1
vb	1	2.8774933119861696E-8	1
vf	1	2.8774933119861696E-8	1
vg	1	2.8774933119861696E-8	1
vk	1	2.8774933119861696E-8	1
vm	1	2.8774933119861696E-8	1
vt	1	2.8774933119861696E-8	1
vw	1	2.8774933119861696E-8	1
vy	1	2.8774933119861696E-8	1
wy	1	2.8774933119861696E-8	1
xg	1	2.8774933119861696E-8	1
xl	1	2.8774933119861696E-8	1
xq	1	2.8774933119861696E-8	1
xr	1	2.8774933119861696E-8	1
xw	1	2.8774933119861696E-8	1
yj	1	2.8774933119861696E-8	1
yx	1	2.8774933119861696E-8	1
zb	1	2.8774933119861696E-8	1
zf	1	2.8774933119861696E-8	1
zl	1	2.8774933119861696E-8	1
zm	1	2.8774933119861696E-8	1
zp	1	2.8774933119861696E-8	1
zv	1	2.8774933119861696E-8	1
zé	1	2.8774933119861696E-8	1
zí	1	2.8774933119861696E-8	1
­c	1	2.8774933119861696E-8	1
­i	1	2.8774933119861696E-8	1
­m	1	2.8774933119861696E-8	1
­o	1	2.8774933119861696E-8	1
­q	1	2.8774933119861696E-8	1
­t	1	2.8774933119861696E-8	1
·_	1	2.8774933119861696E-8	1
àg	1	2.8774933119861696E-8	1
àn	1	2.8774933119861696E-8	1
àv	1	2.8774933119861696E-8	1
ád	1	2.8774933119861696E-8	1
ás	1	2.8774933119861696E-8	1
â_	1	2.8774933119861696E-8	1
ân	1	2.8774933119861696E-8	1
ât	1	2.8774933119861696E-8	1
ãå	1	2.8774933119861696E-8	1
ät	1	2.8774933119861696E-8	1
äç	1	2.8774933119861696E-8	1
äý	1	2.8774933119861696E-8	1
ål	1	2.8774933119861696E-8	1
ån	1	2.8774933119861696E-8	1
åt	1	2.8774933119861696E-8	1
åé	1	2.8774933119861696E-8	1
åí	1	2.8774933119861696E-8	1
åü	1	2.8774933119861696E-8	1
èw	1	2.8774933119861696E-8	1
èá	1	2.8774933119861696E-8	1
éq	1	2.8774933119861696E-8	1
éâ	1	2.8774933119861696E-8	1
éí	1	2.8774933119861696E-8	1
êá	1	2.8774933119861696E-8	1
ëh	1	2.8774933119861696E-8	1
ëm	1	2.8774933119861696E-8	1
ëq	1	2.8774933119861696E-8	1
ëu	1	2.8774933119861696E-8	1
ëz	1	2.8774933119861696E-8	1
ëá	1	2.8774933119861696E-8	1
ìe	1	2.8774933119861696E-8	1
ìs	1	2.8774933119861696E-8	1
íl	1	2.8774933119861696E-8	1
ís	1	2.8774933119861696E-8	1
íá	1	2.8774933119861696E-8	1
íô	1	2.8774933119861696E-8	1
íý	1	2.8774933119861696E-8	1
ît	1	2.8774933119861696E-8	1
ïc	1	2.8774933119861696E-8	1
ïg	1	2.8774933119861696E-8	1
ïõ	1	2.8774933119861696E-8	1
ïý	1	2.8774933119861696E-8	1
ò_	1	2.8774933119861696E-8	1
ós	1	2.8774933119861696E-8	1
óv	1	2.8774933119861696E-8	1
óè	1	2.8774933119861696E-8	1
ôt	1	2.8774933119861696E-8	1
ôï	1	2.8774933119861696E-8	1
ôü	1	2.8774933119861696E-8	1
õä	1	2.8774933119861696E-8	1
öd	1	2.8774933119861696E-8	1
ög	1	2.8774933119861696E-8	1
öv	1	2.8774933119861696E-8	1
öw	1	2.8774933119861696E-8	1
öö	1	2.8774933119861696E-8	1
ù_	1	2.8774933119861696E-8	1
úw	1	2.8774933119861696E-8	1
üë	1	2.8774933119861696E-8	1
üí	1	2.8774933119861696E-8	1
ýí	1	2.8774933119861696E-8	1
ýó	1	2.8774933119861696E-8	1
ýô	1	2.8774933119861696E-8	1
