Spanish	3	4792767	1746
	1)	_	0	0	0.0
		1)	_d	0	0	0.0
			1)	_de	1	110561	0.016088307
			2)	_di	85	10079	0.0014666477
			3)	_do	491	2116	3.0791017E-4
			4)	_da	558	1887	2.745872E-4
			5)	_du	768	1268	1.8451328E-4
			6)	_dí	1046	748	1.0884537E-4
			7)	_dé	1570	282	4.1035288E-5
		2)	_l	0	0	0.0
			1)	_la	4	66015	0.009606186
			2)	_lo	24	28092	0.004087813
			3)	_le	346	3113	4.5298884E-4
			4)	_lu	455	2327	3.386139E-4
			5)	_li	525	1993	2.900118E-4
			6)	_ll	615	1703	2.478124E-4
			7)	_lí	1342	443	6.446324E-5
		3)	_q	0	0	0.0
			1)	_qu	8	45326	0.0065956223
		4)	_c	0	0	0.0
			1)	_co	11	42597	0.0061985115
			2)	_ca	106	8336	0.0012130147
			3)	_cu	116	7629	0.0011101355
			4)	_cr	267	3751	5.4582756E-4
			5)	_ci	321	3303	4.8063672E-4
			6)	_cl	673	1512	2.2001899E-4
			7)	_ce	719	1395	2.0299372E-4
			8)	_có	1265	496	7.217554E-5
			9)	_ch	1428	382	5.558681E-5
		5)	_e	0	0	0.0
			1)	_en	14	40351	0.0058716843
			2)	_es	15	36479	0.005308249
			3)	_el	18	30877	0.004493073
			4)	_ex	165	5892	8.573756E-4
			5)	_em	341	3144	4.5749982E-4
			6)	_eu	445	2398	3.4894547E-4
			7)	_ec	637	1619	2.3558912E-4
			8)	_ej	702	1439	2.0939638E-4
			9)	_ef	743	1328	1.932442E-4
			10)	_ev	845	1099	1.5992121E-4
			11)	_e_	1137	636	9.254767E-5
			12)	_er	1190	581	8.4544336E-5
			13)	_eq	1271	493	7.1739E-5
			14)	_et	1405	401	5.8351598E-5
			15)	_ed	1620	259	3.7688438E-5
		6)	_s	0	0	0.0
			1)	_se	22	28478	0.004143982
			2)	_si	75	11355	0.0016523252
			3)	_so	81	10643	0.0015487183
			4)	_su	88	9988	0.0014534058
			5)	_sa	405	2598	3.780485E-4
			6)	_só	722	1377	2.0037444E-4
			7)	_sí	1301	470	6.8392146E-5
		7)	_y	0	0	0.0
			1)	_y_	26	26309	0.0038283595
			2)	_ya	576	1833	2.667294E-4
			3)	_yo	1001	803	1.16848714E-4
		8)	_p	0	0	0.0
			1)	_pr	28	24819	0.0036115418
			2)	_po	29	23660	0.0034428898
			3)	_pa	38	19837	0.0028865852
			4)	_pe	94	9694	0.0014106244
			5)	_pu	157	6139	8.9331786E-4
			6)	_pl	446	2395	3.485089E-4
			7)	_pi	931	922	1.3416502E-4
			8)	_pú	1100	685	9.967792E-5
		9)	_r	0	0	0.0
			1)	_re	31	23422	0.0034082572
			2)	_ra	646	1573	2.2889543E-4
			3)	_ri	1056	740	1.07681255E-4
			4)	_ru	1335	450	6.548184E-5
			5)	_rá	1512	314	4.5691773E-5
			6)	_ro	1674	228	3.3177468E-5
		10)	_a	0	0	0.0
			1)	_a_	32	23278	0.003387303
			2)	_al	78	10865	0.0015810227
			3)	_ac	136	6621	9.634562E-4
			4)	_ap	199	4777	6.9512613E-4
			5)	_as	231	4245	6.1771204E-4
			6)	_ad	303	3411	4.963524E-4
			7)	_an	342	3127	4.5502605E-4
			8)	_au	459	2312	3.3643117E-4
			9)	_am	487	2150	3.128577E-4
			10)	_añ	580	1813	2.6381906E-4
			11)	_ag	623	1673	2.4344694E-4
			12)	_ab	668	1522	2.2147414E-4
			13)	_ar	696	1459	2.1230668E-4
			14)	_ah	744	1328	1.932442E-4
			15)	_aq	800	1193	1.7359965E-4
			16)	_ay	833	1129	1.6428667E-4
			17)	_at	857	1076	1.5657436E-4
			18)	_af	868	1055	1.5351854E-4
			19)	_av	1250	512	7.450378E-5
			20)	_aú	1321	460	6.6937E-5
		11)	_u	0	0	0.0
			1)	_un	35	21636	0.003148367
			2)	_us	822	1148	1.6705146E-4
			3)	_ut	1192	578	8.410779E-5
			4)	_ur	1477	339	4.9329654E-5
		12)	_i	0	0	0.0
			1)	_in	44	17302	0.0025177042
			2)	_im	254	3939	5.731844E-4
			3)	_id	1059	734	1.0680816E-4
			4)	_ig	1152	623	9.065597E-5
			5)	_ir	1425	383	5.5732326E-5
		13)	_h	0	0	0.0
			1)	_ha	50	15855	0.0023071435
			2)	_he	328	3240	4.7146928E-4
			3)	_ho	528	1988	2.8928422E-4
			4)	_hu	676	1505	2.1900039E-4
			5)	_hi	1110	675	9.8222765E-5
		14)	_n	0	0	0.0
			1)	_no	52	15563	0.002264653
			2)	_nu	182	5247	7.6351827E-4
			3)	_ne	353	3068	4.4644065E-4
			4)	_ni	460	2308	3.358491E-4
			5)	_na	505	2044	2.974331E-4
			6)	_nú	1479	338	4.918414E-5
			7)	_n_	1734	205	2.9830617E-5
		15)	_m	0	0	0.0
			1)	_me	93	9728	0.0014155719
			2)	_mi	122	7271	0.0010580411
			3)	_ma	131	6812	9.912496E-4
			4)	_mu	171	5530	8.046991E-4
			5)	_má	217	4446	6.4696063E-4
			6)	_mo	302	3413	4.966434E-4
			7)	_mí	1443	367	5.340408E-5
		16)	_t	0	0	0.0
			1)	_ta	127	6977	0.0010152597
			2)	_to	139	6552	9.5341564E-4
			3)	_te	143	6457	9.395917E-4
			4)	_tr	149	6325	9.2038367E-4
			5)	_ti	339	3164	4.604101E-4
			6)	_tu	1098	686	9.982343E-5
			7)	_té	1270	493	7.1739E-5
		17)	_v	0	0	0.0
			1)	_ve	266	3758	5.4684613E-4
			2)	_vi	334	3210	4.6710382E-4
			3)	_va	422	2500	3.63788E-4
			4)	_vo	550	1914	2.7851612E-4
			5)	_ví	1436	370	5.3840628E-5
			6)	_vu	1660	234	3.4050558E-5
		18)	_f	0	0	0.0
			1)	_fu	272	3696	5.378242E-4
			2)	_fi	310	3376	4.912593E-4
			3)	_fo	365	2931	4.2650508E-4
			4)	_fa	476	2210	3.215886E-4
			5)	_fr	748	1312	1.9091595E-4
			6)	_fe	1015	781	1.1364737E-4
			7)	_fl	1501	321	4.6710382E-5
		19)	_o	0	0	0.0
			1)	_ob	320	3308	4.8136432E-4
			2)	_ot	423	2499	3.636425E-4
			3)	_o_	478	2206	3.2100655E-4
			4)	_or	530	1983	2.8855665E-4
			5)	_op	552	1910	2.7793404E-4
			6)	_oc	820	1158	1.6850661E-4
			7)	_of	1276	488	7.101142E-5
		20)	_g	0	0	0.0
			1)	_gr	371	2868	4.173376E-4
			2)	_ge	553	1905	2.7720648E-4
			3)	_ga	730	1359	1.9775517E-4
			4)	_gu	1014	781	1.1364737E-4
			5)	_go	1309	464	6.751905E-5
			6)	_gl	1526	309	4.49642E-5
		21)	_j	0	0	0.0
			1)	_ju	482	2187	3.1824177E-4
		22)	_b	0	0	0.0
			1)	_ba	606	1731	2.518868E-4
			2)	_bi	736	1348	1.961545E-4
			3)	_bu	832	1130	1.6443219E-4
			4)	_be	1226	538	7.828718E-5
			5)	_br	1357	430	6.257154E-5
			6)	_bo	1602	266	3.8707047E-5
		23)	_é	0	0	0.0
			1)	_és	915	947	1.378029E-4
			2)	_éx	1705	216	3.1431286E-5
		24)	_ú	0	0	0.0
			1)	_úl	945	891	1.2965404E-4
			2)	_ún	1205	563	8.192506E-5
		25)	_á	0	0	0.0
			1)	_ám	959	873	1.2703477E-4
		26)	_z	0	0	0.0
			1)	_zo	1356	432	6.286257E-5
	2)	o	0	0	0.0
		1)	os	0	0	0.0
			1)	os_	2	81057	0.011795026
			2)	osi	338	3173	4.6171976E-4
			3)	oso	681	1487	2.1638112E-4
			4)	ost	688	1475	2.1463493E-4
			5)	osa	776	1258	1.8305813E-4
			6)	ose	1528	308	4.4818684E-5
		2)	or	0	0	0.0
			1)	or_	42	17913	0.0026066138
			2)	orm	129	6902	0.001004346
			3)	ora	193	4917	7.154983E-4
			4)	ort	235	4212	6.1291E-4
			5)	ore	329	3237	4.7103272E-4
			6)	ori	395	2690	3.914359E-4
			7)	ord	579	1821	2.649832E-4
			8)	orq	771	1265	1.8407674E-4
			9)	orr	823	1146	1.6676042E-4
			10)	orí	962	865	1.2587065E-4
			11)	org	1028	764	1.1117362E-4
			12)	orc	1417	397	5.7769535E-5
			13)	orp	1544	299	4.3509048E-5
			14)	orn	1552	294	4.278147E-5
			15)	orz	1624	256	3.725189E-5
		3)	on	0	0	0.0
			1)	one	68	12778	0.0018593933
			2)	on_	80	10756	0.0015651615
			3)	ona	148	6408	9.3246147E-4
			4)	ont	150	6303	9.1718236E-4
			5)	ons	160	6038	8.7862083E-4
			6)	ond	384	2800	4.0744257E-4
			7)	onc	451	2366	3.4428897E-4
			8)	ono	585	1800	2.6192737E-4
			9)	onf	711	1416	2.0604953E-4
			10)	onv	828	1136	1.6530528E-4
			11)	onó	887	996	1.4493315E-4
			12)	oni	1146	628	9.138355E-5
			13)	onj	1371	422	6.1407416E-5
			14)	ong	1383	413	6.009778E-5
		4)	om	0	0	0.0
			1)	omo	184	5210	7.5813424E-4
			2)	omp	269	3734	5.433538E-4
			3)	ome	385	2795	4.06715E-4
			4)	omu	592	1774	2.58144E-4
			5)	omi	715	1409	2.0503093E-4
			6)	omb	798	1204	1.7520032E-4
			7)	oma	1057	738	1.07390224E-4
			8)	omú	1162	611	8.8909794E-5
			9)	omí	1319	460	6.6937E-5
		5)	ob	0	0	0.0
			1)	obr	194	4899	7.12879E-4
			2)	obl	464	2288	3.329388E-4
			3)	obj	727	1362	1.9819172E-4
			4)	oba	751	1310	1.9062492E-4
			5)	obs	916	943	1.3722084E-4
			6)	obi	1326	457	6.650045E-5
			7)	obt	1669	230	3.34685E-5
		6)	od	0	0	0.0
			1)	odo	215	4490	6.533633E-4
			2)	oda	590	1784	2.5959912E-4
			3)	ode	613	1711	2.4897652E-4
			4)	odu	643	1595	2.3209676E-4
			5)	odr	925	937	1.3634775E-4
			6)	odi	1022	774	1.1262877E-4
		7)	oc	0	0	0.0
			1)	oci	309	3380	4.918414E-4
			2)	oce	473	2251	3.2755474E-4
			3)	ocu	596	1756	2.555247E-4
			4)	oca	762	1286	1.8713255E-4
			5)	oco	875	1034	1.5046273E-4
			6)	ocr	1031	762	1.1088259E-4
			7)	och	1680	226	3.2886437E-5
		8)	ot	0	0	0.0
			1)	otr	336	3204	4.6623073E-4
			2)	ota	516	2011	2.9263107E-4
			3)	ote	735	1349	1.9630001E-4
			4)	oti	1251	511	7.435827E-5
			5)	oto	1378	419	6.0970873E-5
		9)	ol	0	0	0.0
			1)	olí	343	3122	4.5429848E-4
			2)	olu	535	1968	2.8637392E-4
			3)	ola	672	1513	2.2016451E-4
			4)	oll	674	1510	2.1972797E-4
			5)	ole	717	1407	2.047399E-4
			6)	oli	891	992	1.4435108E-4
			7)	olo	1005	790	1.14957016E-4
			8)	olv	1172	599	8.716361E-5
			9)	ol_	1246	513	7.46493E-5
			10)	oló	1451	362	5.2676503E-5
		10)	op	0	0	0.0
			1)	ope	390	2766	4.0249506E-4
			2)	opu	513	2021	2.9408623E-4
			3)	opi	574	1839	2.6760247E-4
			4)	opo	659	1538	2.2380239E-4
			5)	opt	999	805	1.1713974E-4
			6)	opc	1676	227	3.3031953E-5
		11)	og	0	0	0.0
			1)	ogr	560	1882	2.7385962E-4
			2)	ogí	1426	382	5.558681E-5
			3)	ogo	1584	271	3.943462E-5
			4)	oga	1639	247	3.5942256E-5
			5)	ogi	1706	215	3.128577E-5
		12)	oy	0	0	0.0
			1)	oy_	595	1758	2.5581574E-4
			2)	oye	1068	720	1.0477095E-4
			3)	oyo	1234	528	7.683203E-5
			4)	oya	1331	451	6.5627355E-5
		13)	oo	0	0	0.0
			1)	oop	1198	568	8.265264E-5
			2)	oor	1578	273	3.972565E-5
		14)	ov	0	0	0.0
			1)	ovi	1266	495	7.203003E-5
			2)	ove	1295	472	6.868318E-5
			3)	ova	1475	339	4.9329654E-5
		15)	oh	0	0	0.0
			1)	ohe	1366	424	6.169845E-5
		16)	of	0	0	0.0
			1)	ofe	1415	398	5.791505E-5
			2)	ofr	1604	265	3.856153E-5
			3)	ofu	1616	260	3.7833954E-5
			4)	ofi	1737	203	2.9539588E-5
		17)	oq	0	0	0.0
			1)	oqu	1519	311	4.525523E-5
		18)	oa	0	0	0.0
			1)	oam	1521	310	4.5109715E-5
	3)	d	0	0	0.0
		1)	de	0	0	0.0
			1)	de_	3	78278	0.0113906395
			2)	del	65	12882	0.0018745268
			3)	des	90	9856	0.0014341979
			4)	deb	145	6437	9.366814E-4
			5)	der	155	6171	8.9797436E-4
			6)	dec	252	3958	5.759492E-4
			7)	den	255	3937	5.7289336E-4
			8)	dem	311	3375	4.911138E-4
			9)	def	884	1012	1.472614E-4
			10)	det	977	841	1.2237829E-4
			11)	dep	1210	556	8.090645E-5
			12)	dej	1256	504	7.333967E-5
			13)	dea	1367	424	6.169845E-5
			14)	dez	1651	239	3.4778135E-5
			15)	ded	1665	232	3.3759527E-5
		2)	do	0	0	0.0
			1)	do_	27	26253	0.0038202107
			2)	dos	100	8849	0.001287664
			3)	dor	571	1844	2.6833004E-4
			4)	dop	956	876	1.2747131E-4
			5)	don	1157	615	8.9491856E-5
			6)	doc	1408	400	5.8206082E-5
			7)	dol	1730	207	3.0121648E-5
		3)	da	0	0	0.0
			1)	dad	69	12374	0.0018006052
			2)	da_	84	10148	0.0014766883
			3)	das	169	5614	8.1692234E-4
			4)	dar	470	2258	3.2857334E-4
			5)	dam	524	1993	2.900118E-4
			6)	dan	582	1809	2.6323702E-4
			7)	dat	1220	543	7.901476E-5
			8)	dac	1360	428	6.228051E-5
			9)	dav	1632	252	3.6669833E-5
		4)	di	0	0	0.0
			1)	dic	212	4504	6.554005E-4
			2)	dis	369	2887	4.201024E-4
			3)	dir	419	2515	3.6597074E-4
			4)	did	420	2514	3.6582522E-4
			5)	dif	543	1930	2.8084434E-4
			6)	dio	619	1683	2.449021E-4
			7)	dia	697	1455	2.1172463E-4
			8)	die	836	1127	1.6399563E-4
			9)	dim	893	987	1.436235E-4
			10)	din	1021	775	1.1277429E-4
			11)	div	1154	620	9.021943E-5
			12)	dip	1159	614	8.934634E-5
			13)	dig	1359	428	6.228051E-5
			14)	dit	1382	414	6.0243296E-5
			15)	diá	1668	231	3.361401E-5
		5)	du	0	0	0.0
			1)	duc	444	2409	3.5054612E-4
			2)	dur	963	865	1.2587065E-4
			3)	dud	1274	490	7.130245E-5
			4)	duo	1442	367	5.340408E-5
			5)	dus	1452	362	5.2676503E-5
		6)	dí	0	0	0.0
			1)	día	939	903	1.3140023E-4
		7)	dr	0	0	0.0
			1)	drí	988	820	1.1932247E-4
			2)	drá	1128	643	9.3566276E-5
			3)	dre	1590	270	3.9289105E-5
		8)	dm	0	0	0.0
			1)	dmi	1254	506	7.36307E-5
		9)	dh	0	0	0.0
			1)	dhe	1617	260	3.7833954E-5
	4)	l	0	0	0.0
		1)	la	0	0	0.0
			1)	la_	5	51371	0.0074752616
			2)	las	51	15809	0.0023004499
			3)	lar	198	4866	7.08077E-4
			4)	lac	394	2696	3.92309E-4
			5)	lan	411	2555	3.7179136E-4
			6)	lam	522	2003	2.9146695E-4
			7)	lat	654	1547	2.2511203E-4
			8)	lad	662	1535	2.2336585E-4
			9)	lab	706	1429	2.0794124E-4
			10)	laz	1143	630	9.167458E-5
		2)	lo	0	0	0.0
			1)	los	30	23481	0.0034168425
			2)	lo_	70	12350	0.0017971128
			3)	log	864	1068	1.5541023E-4
			4)	lor	1037	754	1.09718465E-4
			5)	lon	1168	603	8.774567E-5
			6)	loc	1324	458	6.664597E-5
			7)	lob	1503	320	4.6564866E-5
			8)	lot	1741	202	2.9394072E-5
		3)	le	0	0	0.0
			1)	les	105	8520	0.0012397895
			2)	le_	241	4157	6.049067E-4
			3)	leg	360	2971	4.3232567E-4
			4)	lem	441	2434	3.54184E-4
			5)	lec	562	1877	2.7313206E-4
			6)	len	739	1342	1.952814E-4
			7)	lev	904	976	1.4202284E-4
			8)	leo	984	827	1.2034108E-4
			9)	let	1395	406	5.9079175E-5
			10)	lej	1404	401	5.8351598E-5
			11)	leb	1463	352	5.1221352E-5
			12)	lex	1488	331	4.8165533E-5
			13)	lea	1510	314	4.5691773E-5
			14)	ler	1558	292	4.249044E-5
			15)	lez	1703	216	3.1431286E-5
		4)	li	0	0	0.0
			1)	lid	258	3887	5.6561764E-4
			2)	lic	264	3833	5.577598E-4
			3)	liz	417	2520	3.666983E-4
			4)	lib	712	1415	2.0590401E-4
			5)	lim	718	1398	2.0343026E-4
			6)	lia	829	1132	1.6472321E-4
			7)	lig	830	1131	1.645777E-4
			8)	lit	1096	690	1.00405494E-4
			9)	lis	1102	681	9.909586E-5
			10)	lio	1506	315	4.583729E-5
			11)	lif	1593	269	3.914359E-5
			12)	lir	1637	248	3.608777E-5
			13)	lin	1640	247	3.5942256E-5
		5)	ll	0	0	0.0
			1)	llo	316	3348	4.871849E-4
			2)	lla	614	1704	2.479579E-4
			3)	lle	658	1539	2.239479E-4
		6)	lí	0	0	0.0
			1)	lít	344	3118	4.537164E-4
			2)	lím	1718	211	3.0703708E-5
			3)	lín	1738	203	2.9539588E-5
		7)	lm	0	0	0.0
			1)	lme	436	2459	3.578219E-4
		8)	lt	0	0	0.0
			1)	lta	518	2007	2.9204902E-4
			2)	lti	795	1215	1.7680098E-4
			3)	ltu	1173	594	8.643603E-5
			4)	lto	1374	421	6.1261904E-5
		9)	lu	0	0	0.0
			1)	luc	539	1957	2.8477327E-4
			2)	lug	705	1432	2.0837778E-4
			3)	lus	869	1054	1.5337302E-4
			4)	lui	1189	581	8.4544336E-5
			5)	lud	1410	399	5.8060567E-5
			6)	lut	1505	315	4.583729E-5
			7)	luy	1539	302	4.394559E-5
			8)	lue	1555	293	4.2635955E-5
			9)	lun	1589	270	3.9289105E-5
			10)	lua	1739	203	2.9539588E-5
		10)	lg	0	0	0.0
			1)	lgu	629	1642	2.3893597E-4
			2)	lgo	1218	545	7.9305784E-5
		11)	lq	0	0	0.0
			1)	lqu	1258	501	7.2903116E-5
		12)	lc	0	0	0.0
			1)	lca	1267	494	7.188451E-5
		13)	ló	0	0	0.0
			1)	lóg	1297	472	6.868318E-5
		14)	lv	0	0	0.0
			1)	lve	1315	462	6.722802E-5
			2)	lvi	1695	220	3.2013344E-5
			3)	lva	1723	209	3.0412679E-5
		15)	ld	0	0	0.0
			1)	lda	1372	422	6.1407416E-5
	5)	e	0	0	0.0
		1)	es	0	0	0.0
			1)	es_	6	47308	0.0068840333
			2)	est	17	31521	0.0045867846
			3)	esp	115	7636	0.0011111541
			4)	esa	137	6616	9.6272863E-4
			5)	ese	161	5990	8.716361E-4
			6)	esi	275	3631	5.283657E-4
			7)	eso	292	3520	5.122135E-4
			8)	esc	602	1739	2.5305094E-4
			9)	esu	626	1652	2.4039112E-4
			10)	esd	852	1083	1.5759296E-4
			11)	esf	1133	638	9.28387E-5
			12)	esg	1185	583	8.483537E-5
		2)	en	0	0	0.0
			1)	en_	12	42147	0.0061330292
			2)	ent	16	36380	0.0052938433
			3)	enc	104	8565	0.0012463378
			4)	ene	147	6423	9.346442E-4
			5)	end	154	6232	9.068508E-4
			6)	ens	440	2443	3.5549366E-4
			7)	eno	494	2102	3.0587296E-4
			8)	eni	570	1849	2.690576E-4
			9)	ena	584	1802	2.622184E-4
			10)	enm	759	1297	1.8873322E-4
			11)	eng	842	1106	1.6093982E-4
			12)	enf	1379	419	6.0970873E-5
			13)	enu	1449	363	5.282202E-5
			14)	env	1566	285	4.1471834E-5
			15)	enz	1605	264	3.8416016E-5
		3)	el	0	0	0.0
			1)	el_	13	40597	0.005907481
			2)	ela	368	2917	4.2446787E-4
			3)	ele	442	2433	3.540385E-4
			4)	ell	496	2100	3.0558193E-4
			5)	eli	708	1427	2.076502E-4
			6)	elo	1412	399	5.8060567E-5
		4)	er	0	0	0.0
			1)	er_	82	10557	0.001536204
			2)	era	91	9752	0.0014190642
			3)	ero	123	7201	0.001047855
			4)	ere	128	6943	0.0010103121
			5)	eri	220	4340	6.31536E-4
			6)	ert	348	3098	4.508061E-4
			7)	erc	350	3091	4.497875E-4
			8)	ers	373	2858	4.1588247E-4
			9)	erv	453	2350	3.4196072E-4
			10)	erd	509	2028	2.9510484E-4
			11)	erm	514	2017	2.9350418E-4
			12)	erí	559	1883	2.7400514E-4
			13)	err	588	1791	2.6061773E-4
			14)	ern	591	1784	2.5959912E-4
			15)	erá	860	1074	1.5628333E-4
			16)	erg	1125	646	9.4002826E-5
			17)	erz	1127	645	9.385731E-5
			18)	erl	1191	579	8.4253305E-5
			19)	eré	1445	365	5.311305E-5
			20)	erf	1556	293	4.2635955E-5
			21)	erp	1646	243	3.5360194E-5
		5)	em	0	0	0.0
			1)	emo	119	7438	0.0010823421
			2)	emp	210	4541	6.6078454E-4
			3)	ema	250	3963	5.7667674E-4
			4)	emb	326	3251	4.7306993E-4
			5)	eme	463	2297	3.3424844E-4
			6)	emá	815	1167	1.6981625E-4
			7)	emi	1222	542	7.886924E-5
		6)	ec	0	0	0.0
			1)	ect	121	7285	0.0010600783
			2)	eci	144	6452	9.3886413E-4
			3)	ece	189	5153	7.498399E-4
			4)	ech	228	4265	6.2062236E-4
			5)	eco	325	3260	4.7437957E-4
			6)	ecu	480	2190	3.186783E-4
			7)	ecc	750	1311	1.9077044E-4
			8)	ecl	1216	547	7.9596815E-5
			9)	eca	1289	476	6.926524E-5
			10)	ecí	1438	369	5.3695112E-5
			11)	ecn	1484	334	4.860208E-5
		7)	ed	0	0	0.0
			1)	edi	188	5155	7.501309E-4
			2)	ede	317	3339	4.8587527E-4
			3)	eda	429	2477	3.6044116E-4
			4)	ed_	1055	743	1.081178E-4
			5)	edu	1107	676	9.836828E-5
			6)	edo	1215	550	8.0033366E-5
		8)	eg	0	0	0.0
			1)	egu	207	4588	6.6762377E-4
			2)	egi	406	2592	3.7717543E-4
			3)	ega	497	2088	3.0383575E-4
			4)	ego	874	1038	1.5104479E-4
			5)	egr	1039	753	1.0957295E-4
			6)	egl	1108	675	9.8222765E-5
			7)	egú	1549	296	4.30725E-5
			8)	ege	1581	272	3.9580136E-5
		9)	eb	0	0	0.0
			1)	ebe	213	4499	6.546729E-4
			2)	eba	587	1794	2.610543E-4
			3)	ebr	1285	480	6.98473E-5
			4)	ebi	1348	438	6.373566E-5
			5)	ebl	1529	308	4.4818684E-5
		10)	eñ	0	0	0.0
			1)	eño	257	3889	5.659086E-4
			2)	eña	920	940	1.3678429E-4
		11)	eo	0	0	0.0
			1)	eo_	380	2824	4.1093494E-4
			2)	eos	1136	637	9.269319E-5
			3)	eoc	1186	583	8.483537E-5
		12)	ea	0	0	0.0
			1)	ea_	428	2482	3.6116876E-4
			2)	eal	599	1747	2.5421506E-4
			3)	ear	1034	757	1.10155015E-4
			4)	eas	1070	717	1.043344E-4
			5)	ean	1138	632	9.196561E-5
			6)	eac	1242	519	7.5522395E-5
			7)	ead	1318	461	6.708251E-5
			8)	eam	1444	366	5.3258565E-5
		13)	eu	0	0	0.0
			1)	eur	432	2469	3.5927704E-4
			2)	eun	1565	285	4.1471834E-5
		14)	et	0	0	0.0
			1)	eti	468	2269	3.30174E-4
			2)	ete	471	2257	3.2842782E-4
			3)	eta	545	1925	2.8011677E-4
			4)	eto	819	1160	1.6879763E-4
			5)	etr	1278	483	7.0283844E-5
		15)	ef	0	0	0.0
			1)	efi	501	2083	3.031082E-4
			2)	efe	510	2026	2.948138E-4
			3)	efo	1078	711	1.0346131E-4
			4)	efl	1540	302	4.394559E-5
			5)	efu	1622	258	3.7542923E-5
		16)	ex	0	0	0.0
			1)	exi	502	2074	3.0179854E-4
			2)	exp	575	1834	2.6687488E-4
			3)	ext	692	1471	2.1405287E-4
			4)	exc	960	871	1.2674375E-4
			5)	exa	1252	511	7.435827E-5
		17)	ev	0	0	0.0
			1)	eva	521	2004	2.9161246E-4
			2)	evi	652	1548	2.2525754E-4
			3)	evo	790	1223	1.7796509E-4
			4)	eve	1003	797	1.1597562E-4
		18)	ej	0	0	0.0
			1)	eje	657	1542	2.2438445E-4
			2)	ejo	710	1419	2.0648607E-4
			3)	eja	929	929	1.3518363E-4
		19)	eq	0	0	0.0
			1)	equ	793	1220	1.7752855E-4
		20)	ez	0	0	0.0
			1)	ez_	796	1214	1.7665546E-4
			2)	eza	1027	768	1.1175568E-4
			3)	ezc	1507	315	4.583729E-5
		21)	ep	0	0	0.0
			1)	ept	897	983	1.4304144E-4
			2)	epr	1043	751	1.0928192E-4
			3)	epa	1081	704	1.02442704E-4
			4)	epe	1117	664	9.66221E-5
			5)	epc	1489	331	4.8165533E-5
	6)	a	0	0	0.0
		1)	as	0	0	0.0
			1)	as_	7	46782	0.0068074926
			2)	aso	517	2011	2.9263107E-4
			3)	asi	554	1900	2.7647888E-4
			4)	ast	635	1622	2.3602566E-4
			5)	asa	677	1499	2.181273E-4
			6)	ase	764	1286	1.8713255E-4
			7)	así	812	1174	1.7083486E-4
			8)	asu	856	1077	1.5671988E-4
			9)	asp	1194	574	8.352573E-5
		2)	ac	0	0	0.0
			1)	aci	33	23133	0.0033662033
			2)	ace	227	4270	6.2134996E-4
			3)	act	363	2951	4.2941538E-4
			4)	acc	655	1547	2.2511203E-4
			5)	acu	698	1451	2.1114257E-4
			6)	aca	890	993	1.444966E-4
			7)	aco	1042	752	1.09427434E-4
		3)	ar	0	0	0.0
			1)	ar_	37	20270	0.0029495934
			2)	ara	71	12271	0.0017856171
			3)	ari	151	6283	9.1427204E-4
			4)	art	187	5169	7.521681E-4
			5)	are	381	2824	4.1093494E-4
			6)	arr	531	1978	2.8782908E-4
			7)	arg	556	1897	2.7604235E-4
			8)	ará	610	1729	2.515958E-4
			9)	ars	714	1415	2.0590401E-4
			10)	arc	742	1328	1.932442E-4
			11)	arl	781	1245	1.8116643E-4
			12)	arí	863	1069	1.5555575E-4
			13)	aro	913	949	1.3809394E-4
			14)	arm	1150	626	9.109252E-5
			15)	arn	1230	536	7.799615E-5
			16)	ard	1293	473	6.88287E-5
		4)	ad	0	0	0.0
			1)	ado	45	16930	0.0024635724
			2)	ad_	101	8790	0.0012790787
			3)	ada	111	8067	0.0011738712
			4)	ade	221	4333	6.305174E-4
			5)	adi	825	1142	1.6617836E-4
			6)	adm	1253	508	7.392173E-5
			7)	adh	1561	288	4.190838E-5
			8)	adu	1642	246	3.579674E-5
		5)	al	0	0	0.0
			1)	al_	49	16026	0.0023320266
			2)	ale	133	6685	9.7276916E-4
			3)	ali	208	4574	6.6558656E-4
			4)	alm	435	2461	3.581129E-4
			5)	alg	449	2368	3.4458E-4
			6)	ala	707	1429	2.0794124E-4
			7)	alt	905	976	1.4202284E-4
			8)	alo	1024	772	1.1233774E-4
			9)	all	1075	715	1.0404337E-4
			10)	alu	1144	630	9.167458E-5
			11)	alc	1182	584	8.498088E-5
			12)	ald	1203	564	8.2070575E-5
			13)	alq	1261	497	7.2321054E-5
		6)	an	0	0	0.0
			1)	ant	73	11658	0.0016964163
			2)	an_	83	10301	0.0014989522
			3)	and	243	4107	5.97631E-4
			4)	anc	324	3268	4.755437E-4
			5)	ano	359	3003	4.3698217E-4
			6)	ani	564	1867	2.716769E-4
			7)	ana	632	1635	2.3791737E-4
			8)	ans	775	1259	1.8320365E-4
			9)	ane	818	1162	1.6908867E-4
			10)	anz	824	1145	1.6661492E-4
			11)	anu	1427	382	5.558681E-5
		7)	am	0	0	0.0
			1)	ame	110	8068	0.0011740167
			2)	amb	178	5411	7.8738277E-4
			3)	amo	204	4682	6.813022E-4
			4)	ami	458	2313	3.3657666E-4
			5)	ama	603	1733	2.5217785E-4
			6)	amp	704	1433	2.0852328E-4
		8)	at	0	0	0.0
			1)	ati	265	3814	5.54995E-4
			2)	ate	271	3696	5.378242E-4
			3)	ata	485	2158	3.140218E-4
			4)	ato	797	1207	1.7563686E-4
			5)	atu	1016	780	1.1350186E-4
			6)	atr	1181	584	8.498088E-5
			7)	atá	1724	209	3.0412679E-5
		9)	ab	0	0	0.0
			1)	abl	268	3747	5.452455E-4
			2)	aba	391	2760	4.0162198E-4
			3)	abi	598	1748	2.5436058E-4
			4)	abo	627	1650	2.401001E-4
			5)	abe	720	1392	2.0255717E-4
			6)	abr	785	1238	1.8014782E-4
			7)	abs	1376	421	6.1261904E-5
			8)	abí	1551	295	4.2926986E-5
		10)	aí	0	0	0.0
			1)	aís	412	2548	3.7077276E-4
		11)	añ	0	0	0.0
			1)	año	567	1862	2.7094933E-4
			2)	aña	943	892	1.2979956E-4
		12)	ay	0	0	0.0
			1)	ay_	634	1624	2.363167E-4
			2)	ayo	729	1362	1.9819172E-4
			3)	aya	881	1023	1.4886206E-4
			4)	ayu	894	986	1.43478E-4
		13)	ap	0	0	0.0
			1)	apr	664	1533	2.230748E-4
			2)	apl	746	1320	1.9208007E-4
			3)	apo	760	1296	1.8858771E-4
			4)	apa	805	1182	1.7199898E-4
			5)	ape	1122	652	9.487591E-5
			6)	api	1368	424	6.169845E-5
			7)	apt	1716	212	3.0849224E-5
		14)	aq	0	0	0.0
			1)	aqu	733	1357	1.9746413E-4
		15)	aj	0	0	0.0
			1)	ajo	741	1329	1.9338971E-4
			2)	aja	965	860	1.2514308E-4
			3)	aje	1316	462	6.722802E-5
		16)	ah	0	0	0.0
			1)	aho	806	1182	1.7199898E-4
		17)	au	0	0	0.0
			1)	aut	851	1085	1.57884E-4
			2)	aus	1083	700	1.0186064E-4
			3)	aun	1208	562	8.1779544E-5
			4)	aum	1391	408	5.9370206E-5
			5)	aud	1673	229	3.3322984E-5
		18)	ag	0	0	0.0
			1)	agr	885	1002	1.4580623E-4
			2)	agu	1174	594	8.643603E-5
			3)	aga	1179	589	8.570846E-5
			4)	age	1518	312	4.5400746E-5
			5)	ago	1587	271	3.943462E-5
		19)	az	0	0	0.0
			1)	azo	989	819	1.19176955E-4
			2)	aza	1109	675	9.8222765E-5
			3)	az_	1187	582	8.468985E-5
			4)	azó	1350	436	6.344463E-5
		20)	av	0	0	0.0
			1)	avo	1073	716	1.0418889E-4
			2)	ave	1204	563	8.192506E-5
			3)	ava	1291	474	6.897421E-5
			4)	aví	1606	264	3.8416016E-5
			5)	avé	1609	263	3.82705E-5
		21)	af	0	0	0.0
			1)	afe	1317	462	6.722802E-5
			2)	afi	1466	350	5.093032E-5
			3)	afr	1579	273	3.972565E-5
		22)	aú	0	0	0.0
			1)	aún	1320	460	6.6937E-5
	7)	q	0	0	0.0
		1)	qu	0	0	0.0
			1)	que	9	45024	0.006551677
			2)	qui	192	4931	7.175355E-4
			3)	qué	878	1027	1.4944412E-4
			4)	quí	928	932	1.3562017E-4
	8)	u	0	0	0.0
		1)	ue	0	0	0.0
			1)	ue_	10	42621	0.0062020035
			2)	ues	86	10048	0.0014621367
			3)	uer	248	3987	5.8016914E-4
			4)	ued	282	3598	5.235637E-4
			5)	uen	349	3092	4.4993302E-4
			6)	uev	551	1910	2.7793404E-4
			7)	uel	993	814	1.1844938E-4
			8)	ueb	1106	676	9.836828E-5
			9)	ueg	1365	424	6.169845E-5
			10)	ueñ	1439	368	5.3549596E-5
			11)	uet	1603	265	3.856153E-5
		2)	un	0	0	0.0
			1)	una	72	11795	0.0017163518
			2)	un_	89	9897	0.001440164
			3)	unt	249	3985	5.798781E-4
			4)	und	372	2865	4.1690108E-4
			5)	uni	377	2841	4.134087E-4
			6)	uno	548	1914	2.7851612E-4
			7)	unc	769	1267	1.8436776E-4
			8)	unq	1330	452	6.5772874E-5
			9)	une	1719	210	3.0558193E-5
		3)	ur	0	0	0.0
			1)	ura	229	4258	6.196037E-4
			2)	uro	299	3443	5.010089E-4
			3)	uri	834	1128	1.6414115E-4
			4)	urs	1066	722	1.05061976E-4
			5)	urí	1231	535	7.785064E-5
			6)	urr	1380	418	6.0825358E-5
			7)	urg	1460	354	5.1512383E-5
		4)	uc	0	0	0.0
			1)	uci	278	3619	5.2661955E-4
			2)	uch	402	2625	3.819774E-4
			3)	uct	671	1516	2.2060105E-4
			4)	ucc	1011	783	1.13938404E-4
			5)	uce	1286	478	6.955627E-5
		5)	ua	0	0	0.0
			1)	ual	322	3279	4.7714435E-4
			2)	uan	640	1608	2.3398845E-4
			3)	uac	749	1311	1.9077044E-4
			4)	uar	1053	744	1.0826332E-4
			5)	uad	1244	516	7.5085845E-5
			6)	ua_	1346	438	6.373566E-5
			7)	uas	1543	299	4.3509048E-5
		6)	ui	0	0	0.0
			1)	uie	356	3041	4.4251175E-4
			2)	uir	680	1489	2.1667214E-4
			3)	uis	827	1136	1.6530528E-4
			4)	uid	910	956	1.3911254E-4
			5)	uil	1401	402	5.8497113E-5
			6)	uic	1577	273	3.972565E-5
			7)	uiz	1658	234	3.4050558E-5
			8)	uim	1721	209	3.0412679E-5
			9)	uin	1725	207	3.0121648E-5
		7)	us	0	0	0.0
			1)	ust	361	2961	4.3087054E-4
			2)	us_	515	2014	2.9306763E-4
			3)	usi	914	948	1.3794842E-4
			4)	uso	940	902	1.3125471E-4
			5)	usa	1238	523	7.610445E-5
			6)	usc	1557	292	4.249044E-5
		8)	ud	0	0	0.0
			1)	uda	376	2849	4.1457283E-4
			2)	udi	930	926	1.3474708E-4
			3)	ud_	1087	695	1.0113307E-4
			4)	ude	1469	346	5.0348262E-5
			5)	udo	1638	247	3.5942256E-5
		9)	ul	0	0	0.0
			1)	ult	426	2488	3.6204184E-4
			2)	ula	427	2488	3.6204184E-4
			3)	ulo	826	1140	1.6588734E-4
		10)	uy	0	0	0.0
			1)	uy_	604	1732	2.5203233E-4
			2)	uye	1000	804	1.16994226E-4
			3)	uya	1485	332	4.831105E-5
			4)	uyo	1708	214	3.1140255E-5
		11)	um	0	0	0.0
			1)	ume	678	1497	2.1783626E-4
			2)	uma	700	1440	2.095419E-4
			3)	umi	1049	746	1.0855434E-4
			4)	ump	1193	576	8.381676E-5
			5)	umb	1709	214	3.1140255E-5
		12)	ug	0	0	0.0
			1)	uga	689	1473	2.143439E-4
			2)	ugu	1569	283	4.1180803E-5
			3)	ugi	1634	250	3.6378802E-5
		13)	ut	0	0	0.0
			1)	uto	783	1240	1.8043886E-4
			2)	uta	900	980	1.426049E-4
			3)	uti	970	850	1.2368793E-4
			4)	utu	1101	682	9.924137E-5
		14)	ué	0	0	0.0
			1)	ué_	899	981	1.4275042E-4
			2)	ués	1336	447	6.50453E-5
		15)	up	0	0	0.0
			1)	upa	961	867	1.2616169E-4
			2)	upu	1063	728	1.0593507E-4
			3)	upo	1111	674	9.807725E-5
			4)	upe	1176	591	8.599949E-5
		16)	uí	0	0	0.0
			1)	uí_	1010	784	1.1408392E-4
		17)	uj	0	0	0.0
			1)	uje	1158	614	8.934634E-5
		18)	uo	0	0	0.0
			1)	uos	1329	453	6.5918386E-5
		19)	ub	0	0	0.0
			1)	ubr	1345	438	6.373566E-5
			2)	ubi	1480	337	4.9038626E-5
			3)	ubs	1681	225	3.274092E-5
		20)	uf	0	0	0.0
			1)	ufi	1422	385	5.6023353E-5
		21)	uá	0	0	0.0
			1)	uál	1662	232	3.3759527E-5
	9)	n	0	0	0.0
		1)	nt	0	0	0.0
			1)	nte	19	30673	0.004463388
			2)	nto	74	11606	0.0016888495
			3)	nta	95	9602	0.0013972371
			4)	ntr	117	7628	0.00110999
			5)	nti	291	3529	5.135232E-4
			6)	ntí	1456	359	5.223996E-5
			7)	ntu	1696	219	3.186783E-5
		2)	no	0	0	0.0
			1)	no_	53	15155	0.002205283
			2)	nos	112	7931	0.0011540811
			3)	nor	641	1607	2.3384293E-4
			4)	nom	763	1286	1.8713255E-4
			5)	noc	844	1100	1.6006673E-4
			6)	nov	1385	412	5.9952265E-5
			7)	nol	1481	335	4.8747595E-5
			8)	not	1645	243	3.5360194E-5
		3)	na	0	0	0.0
			1)	na_	60	13241	0.0019267668
			2)	nal	225	4281	6.229506E-4
			3)	nac	408	2583	3.7586578E-4
			4)	nas	424	2498	3.6349698E-4
			5)	nad	452	2350	3.4196072E-4
			6)	nar	549	1914	2.7851612E-4
			7)	nan	620	1680	2.4446554E-4
			8)	nam	1093	691	1.00551006E-4
			9)	nat	1099	685	9.967792E-5
			10)	naz	1677	227	3.3031953E-5
			11)	nab	1744	201	2.9248557E-5
		4)	nc	0	0	0.0
			1)	nci	67	12819	0.0018653595
			2)	nce	572	1843	2.6818452E-4
			3)	ncl	669	1521	2.2132864E-4
			4)	nco	835	1127	1.6399563E-4
			5)	ncr	1009	787	1.14520466E-4
			6)	ncu	1036	754	1.09718465E-4
			7)	nca	1048	747	1.0869986E-4
		5)	ne	0	0	0.0
			1)	nes	76	11153	0.0016229311
			2)	ner	233	4229	6.153838E-4
			3)	ne_	433	2464	3.5854947E-4
			4)	nec	448	2378	3.4603517E-4
			5)	nen	541	1949	2.8360914E-4
			6)	nem	873	1038	1.5104479E-4
			7)	neg	1020	776	1.129198E-4
			8)	nef	1344	439	6.3881176E-5
			9)	nea	1388	410	5.9661234E-5
		6)	nd	0	0	0.0
			1)	ndo	138	6604	9.609824E-4
			2)	nda	263	3834	5.579053E-4
			3)	nde	307	3390	4.9329654E-4
			4)	ndi	358	3029	4.4076555E-4
			5)	ndr	1067	722	1.05061976E-4
			6)	ndu	1084	699	1.0171513E-4
		7)	nu	0	0	0.0
			1)	nue	196	4872	7.089501E-4
			2)	nun	1184	583	8.483537E-5
			3)	nua	1338	445	6.475427E-5
		8)	nf	0	0	0.0
			1)	nfo	285	3572	5.197803E-4
			2)	nfi	1213	550	8.0033366E-5
			3)	nfl	1431	374	5.4422686E-5
			4)	nfr	1509	314	4.5691773E-5
			5)	nfe	1554	294	4.278147E-5
		9)	ni	0	0	0.0
			1)	nic	370	2886	4.199569E-4
			2)	nid	563	1870	2.7211342E-4
			3)	nit	774	1261	1.8349467E-4
			4)	nis	886	1000	1.4551521E-4
			5)	nif	955	876	1.2747131E-4
			6)	nió	985	821	1.19467986E-4
			7)	niz	1006	790	1.14957016E-4
			8)	niv	1008	788	1.14665985E-4
			9)	nim	1054	744	1.0826332E-4
			10)	nin	1113	673	9.7931734E-5
			11)	ni_	1134	637	9.269319E-5
			12)	nio	1249	512	7.450378E-5
			13)	nie	1332	451	6.5627355E-5
			14)	niñ	1516	312	4.5400746E-5
			15)	nir	1546	298	4.3363532E-5
			16)	nib	1595	268	3.8998074E-5
		10)	ns	0	0	0.0
			1)	nst	374	2853	4.1515488E-4
			2)	nsi	379	2838	4.1297215E-4
			3)	nsa	499	2084	3.0325368E-4
			4)	nse	690	1473	2.143439E-4
			5)	nsu	944	891	1.2965404E-4
			6)	nsp	1090	692	1.00696525E-4
			7)	nso	1296	472	6.868318E-5
			8)	nsc	1621	258	3.7542923E-5
			9)	nsf	1655	237	3.4487104E-5
		11)	nv	0	0	0.0
			1)	nve	622	1676	2.4388349E-4
			2)	nvi	1237	524	7.624997E-5
		12)	nm	0	0	0.0
			1)	nmi	683	1482	2.1565353E-4
			2)	nme	1492	329	4.7874502E-5
		13)	nz	0	0	0.0
			1)	nza	747	1313	1.9106147E-4
		14)	nó	0	0	0.0
			1)	nóm	876	1029	1.4973515E-4
		15)	ng	0	0	0.0
			1)	nga	973	843	1.2266931E-4
			2)	ngu	1156	615	8.9491856E-5
			3)	ngo	1292	473	6.88287E-5
			4)	ngú	1553	294	4.278147E-5
			5)	ngr	1693	222	3.2304375E-5
		16)	nq	0	0	0.0
			1)	nqu	1091	692	1.00696525E-4
		17)	nj	0	0	0.0
			1)	nju	1282	480	6.98473E-5
		18)	ní	0	0	0.0
			1)	nía	1498	324	4.714693E-5
		19)	nú	0	0	0.0
			1)	núm	1523	309	4.49642E-5
	10)	ó	0	0	0.0
		1)	ón	0	0	0.0
			1)	ón_	20	29739	0.004327477
			2)	óni	1701	216	3.1431286E-5
		2)	ól	0	0	0.0
			1)	ólo	745	1323	1.9251661E-4
		3)	óm	0	0	0.0
			1)	ómi	902	978	1.4231387E-4
			2)	ómo	1358	428	6.228051E-5
		4)	óg	0	0	0.0
			1)	ógi	1288	477	6.941075E-5
		5)	óx	0	0	0.0
			1)	óxi	1305	466	6.7810084E-5
	11)	i	0	0	0.0
		1)	ió	0	0	0.0
			1)	ión	21	29167	0.004244242
			2)	ió_	1364	425	6.1843966E-5
		2)	ie	0	0	0.0
			1)	ien	55	14407	0.0020964376
			2)	ier	135	6656	9.685492E-4
			3)	iem	297	3465	5.042102E-4
			4)	ied	990	818	1.19031436E-4
			5)	ies	1030	764	1.1117362E-4
			6)	ie_	1223	541	7.872373E-5
		3)	io	0	0	0.0
			1)	ion	56	14045	0.002043761
			2)	io_	132	6801	9.89649E-4
			3)	ios	236	4206	6.1203697E-4
			4)	ior	754	1302	1.894608E-4
			5)	iol	1421	391	5.6896446E-5
			6)	ioa	1536	304	4.423662E-5
		4)	id	0	0	0.0
			1)	ida	59	13249	0.001927931
			2)	ido	125	7110	0.0010346131
			3)	ide	340	3158	4.5953703E-4
			4)	idi	1123	651	9.47304E-5
			5)	idu	1235	527	7.668651E-5
		5)	ic	0	0	0.0
			1)	ica	66	12876	0.0018736538
			2)	ici	102	8763	0.0012751498
			3)	ico	224	4307	6.26734E-4
			4)	icu	728	1362	1.9819172E-4
			5)	ich	808	1179	1.7156242E-4
			6)	ice	1019	778	1.1321083E-4
			7)	ict	1167	607	8.832773E-5
		6)	ia	0	0	0.0
			1)	ia_	96	9437	0.001373227
			2)	ial	226	4281	6.229506E-4
			3)	ias	331	3224	4.6914103E-4
			4)	iad	699	1444	2.1012395E-4
			5)	iar	761	1287	1.8727807E-4
			6)	iac	770	1267	1.8436776E-4
			7)	ian	848	1094	1.5919363E-4
			8)	iat	1025	771	1.12192225E-4
			9)	iam	1281	481	6.999281E-5
		7)	is	0	0	0.0
			1)	ist	141	6485	9.436661E-4
			2)	isi	259	3884	5.651811E-4
			3)	ism	387	2775	4.038047E-4
			4)	isp	791	1222	1.7781959E-4
			5)	isc	909	958	1.3940356E-4
			6)	isl	986	821	1.19467986E-4
			7)	is_	1012	783	1.13938404E-4
			8)	iso	1045	749	1.0899089E-4
			9)	isa	1148	627	9.1238035E-5
			10)	isf	1304	467	6.79556E-5
		8)	in	0	0	0.0
			1)	ina	172	5507	8.0135226E-4
			2)	int	185	5201	7.5682456E-4
			3)	inc	222	4330	6.300808E-4
			4)	inf	286	3569	5.1934377E-4
			5)	ini	399	2661	3.8721596E-4
			6)	in_	416	2523	3.6713487E-4
			7)	ino	484	2176	3.166411E-4
			8)	ins	504	2057	2.9932478E-4
			9)	ind	601	1739	2.5305094E-4
			10)	ing	817	1163	1.6923419E-4
			11)	ine	838	1118	1.62686E-4
			12)	inv	918	940	1.3678429E-4
			13)	inu	1209	559	8.1343E-5
			14)	inm	1347	438	6.373566E-5
		9)	ir	0	0	0.0
			1)	ir_	173	5500	8.003336E-4
			2)	ire	621	1679	2.4432002E-4
			3)	irm	1007	790	1.14957016E-4
			4)	ira	1273	491	7.144797E-5
			5)	irá	1284	480	6.98473E-5
			6)	irl	1339	445	6.475427E-5
			7)	iri	1397	405	5.893366E-5
			8)	irs	1441	367	5.340408E-5
			9)	irc	1511	314	4.5691773E-5
			10)	irí	1656	237	3.4487104E-5
		10)	it	0	0	0.0
			1)	ita	191	5008	7.287402E-4
			2)	itu	355	3044	4.4294828E-4
			3)	ito	418	2516	3.6611626E-4
			4)	iti	607	1730	2.517413E-4
			5)	ite	841	1112	1.618129E-4
		11)	iv	0	0	0.0
			1)	iva	200	4775	6.948351E-4
			2)	ivo	304	3398	4.944607E-4
			3)	ivi	713	1415	2.0590401E-4
			4)	ive	767	1276	1.856774E-4
		12)	iz	0	0	0.0
			1)	iza	209	4571	6.6515E-4
			2)	izá	1661	233	3.3905042E-5
		13)	im	0	0	0.0
			1)	imp	237	4200	6.1116385E-4
			2)	imi	281	3602	5.241458E-4
			3)	ime	425	2498	3.6349698E-4
			4)	imo	479	2201	3.2027898E-4
			5)	ima	544	1927	2.804078E-4
		14)	il	0	0	0.0
			1)	ili	251	3959	5.760947E-4
			2)	il_	896	985	1.4333248E-4
			3)	ill	983	829	1.206321E-4
			4)	ila	1135	637	9.269319E-5
			5)	ile	1200	565	8.2216095E-5
			6)	ilo	1560	288	4.190838E-5
		15)	ié	0	0	0.0
			1)	ién	274	3642	5.299664E-4
		16)	if	0	0	0.0
			1)	ifi	421	2507	3.6480662E-4
			2)	ife	898	982	1.4289594E-4
			3)	ifí	1524	309	4.49642E-5
		17)	ig	0	0	0.0
			1)	igu	520	2005	2.9175798E-4
			2)	iga	780	1247	1.8145746E-4
			3)	ige	1023	774	1.1262877E-4
			4)	ign	1050	745	1.0840883E-4
			5)	igr	1103	681	9.909586E-5
			6)	igi	1129	642	9.3420764E-5
			7)	igo	1196	573	8.338021E-5
		18)	ib	0	0	0.0
			1)	ibl	583	1804	2.6250942E-4
			2)	ibi	726	1364	1.9848274E-4
			3)	ibe	934	913	1.3285538E-4
			4)	ibu	947	886	1.2892648E-4
			5)	ibr	1131	640	9.312973E-5
		19)	iu	0	0	0.0
			1)	iud	809	1178	1.7141692E-4
		20)	ip	0	0	0.0
			1)	ipi	912	950	1.3823944E-4
			2)	ipa	927	935	1.3605671E-4
			3)	ipu	1140	631	9.18201E-5
			4)	ipo	1166	607	8.832773E-5
		21)	iq	0	0	0.0
			1)	iqu	1164	611	8.8909794E-5
		22)	iñ	0	0	0.0
			1)	iño	1522	310	4.5109715E-5
		23)	ij	0	0	0.0
			1)	ija	1667	231	3.361401E-5
		24)	iá	0	0	0.0
			1)	iál	1682	225	3.274092E-5
	12)	t	0	0	0.0
		1)	te	0	0	0.0
			1)	te_	23	28153	0.0040966896
			2)	ten	97	9243	0.0013449971
			3)	ter	107	8259	0.0012018101
			4)	tes	177	5416	7.8811037E-4
			5)	tem	367	2921	4.2504992E-4
			6)	tec	755	1301	1.8931528E-4
			7)	teg	850	1088	1.5832054E-4
			8)	ted	957	875	1.2732581E-4
			9)	tea	1088	694	1.00987556E-4
			10)	tex	1206	562	8.1779544E-5
			11)	tel	1392	407	5.922469E-5
		2)	to	0	0	0.0
			1)	to_	39	19502	0.0028378377
			2)	tos	120	7424	0.0010803048
			3)	tod	186	5182	7.540598E-4
			4)	tor	296	3471	5.050833E-4
			5)	tom	937	908	1.3212781E-4
			6)	tot	1260	498	7.246657E-5
			7)	ton	1370	422	6.1407416E-5
			8)	toy	1384	412	5.9952265E-5
		3)	tr	0	0	0.0
			1)	tra	57	13746	0.002000252
			2)	tro	158	6127	8.915717E-4
			3)	tre	366	2921	4.2504992E-4
			4)	tri	526	1991	2.8972077E-4
			5)	tru	644	1589	2.3122366E-4
			6)	tró	1615	260	3.7833954E-5
			7)	trá	1647	242	3.521468E-5
		4)	ta	0	0	0.0
			1)	ta_	61	13207	0.0019218193
			2)	tar	103	8600	0.0012514308
			3)	tan	124	7168	0.001043053
			4)	tam	126	6983	0.0010161326
			5)	tad	170	5564	8.096466E-4
			6)	tas	244	4055	5.9006416E-4
			7)	tal	261	3866	5.625618E-4
			8)	tac	465	2283	3.3221123E-4
			9)	tab	536	1963	2.8564635E-4
			10)	tat	1248	512	7.450378E-5
			11)	taj	1726	207	3.0121648E-5
		5)	ti	0	0	0.0
			1)	tiv	114	7707	0.0011214857
			2)	tic	118	7511	0.0010929647
			3)	tie	332	3218	4.6826794E-4
			4)	tim	507	2039	2.9670552E-4
			5)	tid	512	2021	2.9408623E-4
			6)	tit	561	1878	2.7327755E-4
			7)	tió	636	1621	2.3588014E-4
			8)	tir	642	1604	2.3340639E-4
			9)	tin	653	1547	2.2511203E-4
			10)	til	879	1025	1.4915309E-4
			11)	tiz	1033	757	1.10155015E-4
			12)	tio	1114	671	9.76407E-5
			13)	tip	1145	629	9.1529066E-5
			14)	tig	1151	625	9.0947E-5
			15)	tis	1212	554	8.061543E-5
			16)	tif	1227	537	7.814167E-5
			17)	tib	1643	245	3.5651225E-5
		6)	tu	0	0	0.0
			1)	tur	298	3459	5.033371E-4
			2)	tua	431	2472	3.597136E-4
			3)	tud	958	873	1.2703477E-4
			4)	tuc	994	814	1.1844938E-4
			5)	tun	1219	543	7.901476E-5
			6)	tuy	1406	400	5.8206082E-5
			7)	tuv	1568	284	4.132632E-5
			8)	tug	1627	254	3.6960864E-5
			9)	tul	1710	214	3.1140255E-5
			10)	tui	1722	209	3.0412679E-5
		7)	tá	0	0	0.0
			1)	tá_	686	1476	2.1478045E-4
			2)	tán	889	993	1.444966E-4
		8)	tí	0	0	0.0
			1)	tíc	1197	571	8.308918E-5
			2)	tía	1659	234	3.4050558E-5
		9)	té	0	0	0.0
			1)	téc	1614	260	3.7833954E-5
			2)	tér	1625	255	3.7106376E-5
			3)	té_	1626	255	3.7106376E-5
		10)	tó	0	0	0.0
			1)	tó_	1684	224	3.2595406E-5
	13)	c	0	0	0.0
		1)	co	0	0	0.0
			1)	con	25	27771	0.0040411027
			2)	com	64	12967	0.0018868957
			3)	co_	201	4724	6.8741385E-4
			4)	cos	364	2943	4.2825125E-4
			5)	cor	527	1988	2.8928422E-4
			6)	col	547	1918	2.7909817E-4
			7)	coo	978	837	1.2179623E-4
			8)	coh	1279	482	7.013833E-5
			9)	cog	1514	313	4.554626E-5
		2)	ci	0	0	0.0
			1)	ció	34	22810	0.0033192018
			2)	cia	58	13611	0.0019806074
			3)	cio	63	12984	0.0018893695
			4)	cie	239	4166	6.062164E-4
			5)	cir	490	2120	3.0849225E-4
			6)	cid	508	2037	2.9641448E-4
			7)	cip	534	1971	2.8681048E-4
			8)	cis	566	1863	2.7109482E-4
			9)	cit	782	1242	1.8072988E-4
			10)	ciu	811	1174	1.7083486E-4
			11)	cim	866	1061	1.5439163E-4
			12)	cil	938	905	1.3169127E-4
			13)	cin	1086	696	1.0127859E-4
			14)	cic	1413	399	5.8060567E-5
			15)	cib	1464	352	5.1221352E-5
			16)	civ	1571	278	4.0453226E-5
		3)	ca	0	0	0.0
			1)	ca_	156	6140	8.934634E-4
			2)	cas	234	4227	6.1509275E-4
			3)	cad	335	3206	4.6652174E-4
			4)	car	345	3117	4.535709E-4
			5)	cac	472	2252	3.2770025E-4
			6)	cam	474	2212	3.2187963E-4
			7)	can	489	2122	3.0878326E-4
			8)	cal	660	1538	2.2380239E-4
			9)	cab	843	1105	1.607943E-4
			10)	cap	907	968	1.4085873E-4
			11)	cat	1178	589	8.570846E-5
			12)	cau	1313	463	6.737354E-5
			13)	caz	1633	252	3.6669833E-5
		4)	ch	0	0	0.0
			1)	cho	164	5905	8.592673E-4
			2)	cha	401	2644	3.8474222E-4
			3)	che	1592	270	3.9289105E-5
		5)	ct	0	0	0.0
			1)	cto	180	5329	7.7545055E-4
			2)	cti	323	3276	4.7670782E-4
			3)	ctu	495	2102	3.0587296E-4
			4)	cta	608	1730	2.517413E-4
			5)	cte	1373	422	6.1407416E-5
			6)	ctr	1471	345	5.0202747E-5
		6)	cu	0	0	0.0
			1)	cue	203	4686	6.8188424E-4
			2)	cua	300	3426	4.985351E-4
			3)	cul	306	3393	4.937331E-4
			4)	cur	777	1253	1.8233055E-4
			5)	cup	883	1014	1.4755242E-4
			6)	cum	892	991	1.4420557E-4
			7)	cuc	1349	438	6.373566E-5
			8)	cuá	1453	362	5.2676503E-5
			9)	cuy	1486	332	4.831105E-5
			10)	cut	1499	324	4.714693E-5
			11)	cun	1545	299	4.3509048E-5
			12)	cus	1585	271	3.943462E-5
			13)	cub	1714	213	3.099474E-5
		7)	ce	0	0	0.0
			1)	ces	206	4660	6.7810086E-4
			2)	cer	230	4255	6.1916723E-4
			3)	ce_	347	3103	4.5153368E-4
			4)	cen	533	1974	2.87247E-4
			5)	ced	625	1658	2.412642E-4
			6)	cep	773	1264	1.8393122E-4
			7)	cel	1076	714	1.0389786E-4
			8)	cem	1573	276	4.01622E-5
		8)	cr	0	0	0.0
			1)	cre	279	3607	5.248734E-4
			2)	cri	752	1307	1.9018838E-4
			3)	cra	1312	463	6.737354E-5
			4)	crá	1435	370	5.3840628E-5
			5)	crí	1690	223	3.244989E-5
		9)	cc	0	0	0.0
			1)	cci	284	3587	5.2196305E-4
			2)	cce	1559	291	4.2344924E-5
		10)	cl	0	0	0.0
			1)	cla	481	2188	3.1838726E-4
			2)	clu	586	1798	2.6163633E-4
		11)	có	0	0	0.0
			1)	cóm	1354	433	6.300808E-5
		12)	cí	0	0	0.0
			1)	cía	1458	357	5.194893E-5
			2)	cíf	1591	270	3.9289105E-5
		13)	cn	0	0	0.0
			1)	cno	1493	328	4.7728987E-5
			2)	cni	1607	263	3.82705E-5
	14)	r	0	0	0.0
		1)	ra	0	0	0.0
			1)	ra_	36	21195	0.0030841948
			2)	ran	162	5986	8.71054E-4
			3)	rac	202	4722	6.871228E-4
			4)	ras	246	4019	5.8482564E-4
			5)	rar	290	3532	5.1395973E-4
			6)	rad	312	3366	4.898042E-4
			7)	ral	354	3060	4.4527653E-4
			8)	rat	383	2806	4.0831568E-4
			9)	ram	404	2610	3.7979468E-4
			10)	rab	492	2112	3.0732813E-4
			11)	raz	969	851	1.2383344E-4
			12)	rav	1077	712	1.0360683E-4
			13)	ray	1601	266	3.8707047E-5
			14)	rae	1649	242	3.521468E-5
		2)	re	0	0	0.0
			1)	res	40	18186	0.0026463396
			2)	rec	79	10832	0.0015762207
			3)	re_	99	9206	0.001339613
			4)	ren	240	4163	6.057798E-4
			5)	reg	283	3589	5.222541E-4
			6)	rea	313	3355	4.882035E-4
			7)	ref	409	2577	3.749927E-4
			8)	rel	506	2042	2.9714205E-4
			9)	rem	542	1947	2.833181E-4
			10)	ret	565	1866	2.7153137E-4
			11)	reo	593	1763	2.565433E-4
			12)	rep	624	1667	2.4257385E-4
			13)	rev	682	1482	2.1565353E-4
			14)	red	862	1073	1.5613782E-4
			15)	ree	1416	397	5.7769535E-5
			16)	reu	1542	300	4.3654563E-5
			17)	req	1588	270	3.9289105E-5
			18)	rez	1600	266	3.8707047E-5
			19)	rer	1636	248	3.608777E-5
			20)	rei	1733	205	2.9830617E-5
		3)	ro	0	0	0.0
			1)	ro_	87	9995	0.0014544245
			2)	ros	153	6260	9.109252E-4
			3)	rop	166	5832	8.486447E-4
			4)	rob	454	2342	3.4079663E-4
			5)	rol	456	2322	3.378863E-4
			6)	roc	503	2073	3.0165302E-4
			7)	rod	638	1618	2.354436E-4
			8)	ron	691	1472	2.1419839E-4
			9)	rog	694	1467	2.134708E-4
			10)	rot	839	1115	1.6224946E-4
			11)	rom	877	1028	1.4958963E-4
			12)	roy	1126	645	9.385731E-5
			13)	rof	1170	601	8.745464E-5
			14)	rov	1207	562	8.1779544E-5
			15)	ror	1713	213	3.099474E-5
		4)	ri	0	0	0.0
			1)	rio	168	5774	8.402048E-4
			2)	ria	219	4371	6.36047E-4
			3)	rid	461	2304	3.3526705E-4
			4)	rim	483	2184	3.178052E-4
			5)	ric	666	1525	2.219107E-4
			6)	rin	670	1518	2.2089208E-4
			7)	rie	679	1494	2.1739972E-4
			8)	rit	787	1225	1.7825613E-4
			9)	rib	821	1149	1.6719697E-4
			10)	ris	1038	753	1.0957295E-4
			11)	rig	1061	729	1.0608059E-4
			12)	riz	1243	517	7.5231364E-5
			13)	rir	1303	468	6.8101115E-5
			14)	riv	1450	362	5.2676503E-5
			15)	rif	1630	253	3.681535E-5
		5)	rí	0	0	0.0
			1)	ría	195	4881	7.102597E-4
			2)	ríd	1328	456	6.6354936E-5
			3)	río	1490	330	4.8020018E-5
			4)	rít	1598	266	3.8707047E-5
		6)	rt	0	0	0.0
			1)	rta	218	4405	6.4099446E-4
			2)	rte	375	2851	4.1486384E-4
			3)	rti	396	2683	3.904173E-4
			4)	rto	861	1073	1.5613782E-4
			5)	rtu	880	1023	1.4886206E-4
			6)	rtí	1180	585	8.51264E-5
		7)	rm	0	0	0.0
			1)	rma	223	4329	6.2993536E-4
			2)	rme	315	3352	4.8776699E-4
			3)	rmi	532	1974	2.87247E-4
			4)	rmu	1290	475	6.911972E-5
			5)	rmo	1691	222	3.2304375E-5
		8)	rá	0	0	0.0
			1)	rá_	397	2681	3.9012628E-4
			2)	rán	753	1303	1.8960632E-4
			3)	rác	1060	730	1.062261E-4
			4)	rát	1433	373	5.427717E-5
			5)	ráp	1508	314	4.5691773E-5
		9)	rs	0	0	0.0
			1)	rse	450	2367	3.444345E-4
			2)	rso	568	1860	2.706583E-4
			3)	rsi	1142	630	9.167458E-5
			4)	rsa	1462	352	5.1221352E-5
			5)	rsp	1720	210	3.0558193E-5
		10)	rr	0	0	0.0
			1)	rro	537	1960	2.852098E-4
			2)	rre	656	1543	2.2452997E-4
			3)	rra	949	883	1.2848993E-4
			4)	rri	991	815	1.1859489E-4
		11)	rc	0	0	0.0
			1)	rca	618	1686	2.4533863E-4
			2)	rci	784	1238	1.8014782E-4
			3)	rco	926	936	1.3620223E-4
			4)	rce	1018	778	1.1321083E-4
			5)	rcu	1275	489	7.115694E-5
			6)	rch	1728	207	3.0121648E-5
		12)	rd	0	0	0.0
			1)	rda	721	1388	2.0197511E-4
			2)	rdo	765	1285	1.8698705E-4
			3)	rde	895	985	1.4333248E-4
			4)	rdi	1064	727	1.0578956E-4
		13)	rn	0	0	0.0
			1)	rno	732	1357	1.9746413E-4
			2)	rna	872	1039	1.511903E-4
			3)	rne	1702	216	3.1431286E-5
		14)	rq	0	0	0.0
			1)	rqu	734	1349	1.9630001E-4
		15)	rg	0	0	0.0
			1)	rgo	740	1339	1.9484486E-4
			2)	rga	816	1165	1.6952521E-4
			3)	rge	1239	522	7.595894E-5
			4)	rgí	1599	266	3.8707047E-5
			5)	rgu	1685	224	3.2595406E-5
			6)	rgi	1727	207	3.0121648E-5
		16)	ru	0	0	0.0
			1)	ruc	859	1075	1.5642885E-4
			2)	rup	1225	539	7.84327E-5
			3)	rue	1287	478	6.955627E-5
			4)	rum	1307	465	6.766457E-5
			5)	rui	1694	221	3.215886E-5
			6)	rur	1717	211	3.0703708E-5
		17)	rl	0	0	0.0
			1)	rlo	922	938	1.3649327E-4
			2)	rla	1065	725	1.05498526E-4
			3)	rle	1161	611	8.8909794E-5
		18)	rv	0	0	0.0
			1)	rvi	933	917	1.3343744E-4
			2)	rva	981	831	1.20923134E-4
			3)	rve	1119	662	9.633107E-5
		19)	rz	0	0	0.0
			1)	rzo	1236	526	7.6541E-5
			2)	rza	1259	499	7.2612085E-5
		20)	ró	0	0	0.0
			1)	róx	1341	443	6.446324E-5
			2)	rón	1688	223	3.244989E-5
		21)	ré	0	0	0.0
			1)	ré_	1468	347	5.0493778E-5
			2)	rés	1535	304	4.423662E-5
		22)	rp	0	0	0.0
			1)	rpr	1648	242	3.521468E-5
			2)	rpo	1652	238	3.463262E-5
	15)	m	0	0	0.0
		1)	me	0	0	0.0
			1)	men	41	18078	0.002630624
			2)	me_	197	4867	7.082225E-4
			3)	mer	260	3876	5.640169E-4
			4)	med	288	3536	5.1454175E-4
			5)	mej	757	1299	1.8902426E-4
			6)	mes	1032	760	1.1059156E-4
			7)	met	1071	716	1.0418889E-4
		2)	mo	0	0	0.0
			1)	mos	62	13187	0.001918909
			2)	mo_	109	8197	0.0011927881
			3)	mod	648	1553	2.2598512E-4
			4)	moc	1062	729	1.0608059E-4
			5)	mom	1097	689	1.00259975E-4
			6)	mon	1165	610	8.8764275E-5
			7)	mot	1403	401	5.8351598E-5
			8)	mov	1459	355	5.16579E-5
			9)	mor	1538	302	4.394559E-5
		3)	mi	0	0	0.0
			1)	mie	130	6847	9.963426E-4
			2)	min	294	3485	5.071205E-4
			3)	mis	327	3248	4.726334E-4
			4)	mit	493	2107	3.0660053E-4
			5)	mi_	651	1548	2.2525754E-4
			6)	mil	801	1189	1.7301759E-4
			7)	mic	813	1172	1.7054382E-4
			8)	mid	901	980	1.426049E-4
			9)	mig	1430	380	5.529578E-5
			10)	mir	1596	268	3.8998074E-5
		4)	mb	0	0	0.0
			1)	mbi	159	6089	8.860421E-4
			2)	mbr	308	3382	4.9213244E-4
			3)	mba	803	1187	1.7272655E-4
		5)	ma	0	0	0.0
			1)	ma_	181	5327	7.751595E-4
			2)	man	253	3951	5.749306E-4
			3)	mas	318	3323	4.8354705E-4
			4)	mar	403	2616	3.8066777E-4
			5)	may	737	1345	1.9571795E-4
			6)	mat	789	1223	1.7796509E-4
			7)	mac	814	1169	1.7010728E-4
			8)	mad	917	941	1.3692981E-4
			9)	mal	1116	666	9.691313E-5
			10)	mañ	1455	361	5.2530988E-5
			11)	mam	1476	339	4.9329654E-5
			12)	mag	1711	214	3.1140255E-5
		6)	má	0	0	0.0
			1)	más	183	5228	7.607535E-4
			2)	mát	1437	369	5.3695112E-5
			3)	máx	1732	206	2.9976132E-5
		7)	mp	0	0	0.0
			1)	mpl	216	4451	6.4768817E-4
			2)	mpo	245	4036	5.8729935E-4
			3)	mpr	410	2568	3.7368305E-4
			4)	mpe	597	1749	2.545061E-4
			5)	mpa	942	892	1.2979956E-4
			6)	mpu	1255	504	7.333967E-5
			7)	mpi	1562	287	4.1762865E-5
		8)	mu	0	0	0.0
			1)	mun	415	2525	3.674259E-4
			2)	muc	557	1891	2.7516927E-4
			3)	muy	605	1732	2.5203233E-4
			4)	mul	972	844	1.2281483E-4
			5)	muj	1232	532	7.741409E-5
			6)	mue	1337	447	6.50453E-5
		9)	mú	0	0	0.0
			1)	mún	1163	611	8.8909794E-5
		10)	mí	0	0	0.0
			1)	mía	1283	480	6.98473E-5
	16)	s	0	0	0.0
		1)	se	0	0	0.0
			1)	se_	43	17563	0.0025556835
			2)	ser	190	5030	7.319415E-4
			3)	señ	232	4230	6.155293E-4
			4)	sen	242	4142	6.02724E-4
			5)	seg	314	3352	4.8776699E-4
			6)	ses	357	3030	4.4091107E-4
			7)	sea	633	1627	2.3675324E-4
			8)	sec	693	1469	2.1376184E-4
			9)	sem	932	919	1.3372848E-4
			10)	seo	1580	272	3.9580136E-5
			11)	sep	1735	203	2.9539588E-5
		2)	st	0	0	0.0
			1)	sta	47	16156	0.0023509436
			2)	ste	98	9229	0.0013429598
			3)	str	113	7749	0.0011275973
			4)	sti	140	6496	9.452668E-4
			5)	sto	167	5809	8.452978E-4
			6)	stá	447	2390	3.4778134E-4
			7)	stu	1177	591	8.599949E-5
			8)	sté	1619	259	3.7688438E-5
		3)	so	0	0	0.0
			1)	so_	175	5462	7.948041E-4
			2)	sob	211	4507	6.5583707E-4
			3)	son	382	2811	4.0904325E-4
			4)	sol	388	2768	4.027861E-4
			5)	sos	413	2544	3.7019068E-4
			6)	soc	475	2211	3.217341E-4
			7)	sot	1013	781	1.1364737E-4
			8)	som	1418	396	5.7624024E-5
			9)	sor	1467	348	5.0639293E-5
		4)	sp	0	0	0.0
			1)	spe	176	5426	7.895655E-4
			2)	spo	400	2660	3.8707044E-4
			3)	spu	867	1060	1.5424613E-4
			4)	spa	996	811	1.1801283E-4
			5)	spi	1495	326	4.7437956E-5
		5)	su	0	0	0.0
			1)	su_	238	4177	6.07817E-4
			2)	sus	437	2458	3.5767638E-4
			3)	sup	647	1559	2.268582E-4
			4)	sul	794	1216	1.7694649E-4
			5)	sum	846	1097	1.5963019E-4
			6)	sun	967	853	1.2412448E-4
			7)	sub	1026	768	1.1175568E-4
			8)	suf	1229	536	7.799615E-5
			9)	sur	1564	286	4.161735E-5
			10)	sue	1618	259	3.7688438E-5
			11)	suc	1699	217	3.15768E-5
		6)	sa	0	0	0.0
			1)	sar	262	3862	5.619797E-4
			2)	sa_	352	3069	4.4658617E-4
			3)	sas	511	2025	2.9466828E-4
			4)	sab	555	1898	2.7618787E-4
			5)	sad	788	1223	1.7796509E-4
			6)	sal	882	1019	1.4828E-4
			7)	san	1069	719	1.0462543E-4
			8)	sam	1188	581	8.4544336E-5
			9)	sat	1272	491	7.144797E-5
			10)	sac	1355	432	6.286257E-5
		7)	si	0	0	0.0
			1)	sió	277	3625	5.274926E-4
			2)	sid	289	3533	5.1410525E-4
			3)	sin	319	3313	4.8209188E-4
			4)	si_	407	2583	3.7586578E-4
			5)	sit	434	2462	3.5825843E-4
			6)	sis	477	2206	3.2100655E-4
			7)	sio	546	1920	2.793892E-4
			8)	sie	581	1810	2.6338254E-4
			9)	sig	589	1788	2.601812E-4
			10)	sib	600	1739	2.5305094E-4
			11)	sic	675	1508	2.1943693E-4
			12)	sim	976	841	1.2237829E-4
			13)	siv	1217	546	7.94513E-5
			14)	sia	1269	493	7.1739E-5
			15)	sil	1575	274	3.9871167E-5
		8)	sm	0	0	0.0
			1)	smo	462	2301	3.348305E-4
			2)	sma	1257	501	7.2903116E-5
			3)	smi	1698	218	3.1722317E-5
		9)	sí	0	0	0.0
			1)	sí_	645	1588	2.3107814E-4
		10)	só	0	0	0.0
			1)	sól	723	1376	2.0022893E-4
		11)	sc	0	0	0.0
			1)	sca	840	1114	1.6210394E-4
			2)	scu	1017	778	1.1321083E-4
			3)	scr	1153	622	9.051046E-5
			4)	sci	1393	407	5.922469E-5
			5)	sco	1532	306	4.4527653E-5
			6)	sce	1736	203	2.9539588E-5
		12)	sd	0	0	0.0
			1)	sde	854	1077	1.5671988E-4
		13)	sl	0	0	0.0
			1)	sla	936	912	1.3270987E-4
		14)	sg	0	0	0.0
			1)	sgo	1399	404	5.8788144E-5
		15)	sf	0	0	0.0
			1)	sfa	1402	401	5.8351598E-5
			2)	sfu	1419	395	5.7478508E-5
			3)	sfe	1548	297	4.3218017E-5
		16)	sq	0	0	0.0
			1)	squ	1631	252	3.6669833E-5
	17)	p	0	0	0.0
		1)	po	0	0	0.0
			1)	por	46	16336	0.0023771364
			2)	pon	214	4498	6.545274E-4
			3)	pos	256	3904	5.6809135E-4
			4)	pol	305	3394	4.938786E-4
			5)	pod	438	2458	3.5767638E-4
			6)	po_	639	1614	2.3486154E-4
			7)	poy	871	1043	1.5177236E-4
			8)	poc	975	842	1.2252381E-4
			9)	pob	1112	674	9.807725E-5
			10)	pot	1692	222	3.2304375E-5
		2)	pa	0	0	0.0
			1)	par	48	16094	0.0023419217
			2)	paí	414	2534	3.6873552E-4
			3)	pac	685	1478	2.1507147E-4
			4)	pas	758	1297	1.8873322E-4
			5)	pal	853	1081	1.5730194E-4
			6)	pap	1377	420	6.1116385E-5
			7)	pa_	1396	405	5.893366E-5
			8)	pag	1429	380	5.529578E-5
			9)	pat	1448	363	5.282202E-5
			10)	paz	1457	358	5.2094445E-5
			11)	pañ	1491	330	4.8020018E-5
			12)	pan	1527	308	4.4818684E-5
			13)	pad	1689	223	3.244989E-5
		3)	pr	0	0	0.0
			1)	pro	54	14818	0.0021562444
			2)	pre	77	10926	0.0015898992
			3)	pri	293	3519	5.12068E-4
			4)	pró	1280	481	6.999281E-5
			5)	prá	1351	433	6.300808E-5
			6)	pru	1363	426	6.198948E-5
		4)	pe	0	0	0.0
			1)	per	92	9748	0.0014184823
			2)	pec	287	3553	5.170155E-4
			3)	pet	540	1954	2.843367E-4
			4)	pen	631	1639	2.3849943E-4
			5)	peo	865	1063	1.5468267E-4
			6)	pea	923	938	1.3649327E-4
			7)	pes	941	897	1.3052714E-4
			8)	pel	946	889	1.2936302E-4
			9)	ped	1195	573	8.338021E-5
			10)	peq	1472	343	4.9911716E-5
			11)	peñ	1679	226	3.2886437E-5
		5)	pu	0	0	0.0
			1)	pue	108	8208	0.0011943888
			2)	pun	778	1248	1.8160298E-4
			3)	put	1160	613	8.9200825E-5
			4)	pué	1390	408	5.9370206E-5
			5)	pul	1515	312	4.5400746E-5
		6)	pl	0	0	0.0
			1)	pli	362	2952	4.295609E-4
			2)	pla	430	2473	3.598591E-4
			3)	ple	467	2272	3.3061055E-4
			4)	plo	870	1053	1.532275E-4
		7)	pt	0	0	0.0
			1)	pta	695	1463	2.1288874E-4
			2)	pti	1743	201	2.9248557E-5
		8)	pi	0	0	0.0
			1)	pio	756	1300	1.8916978E-4
			2)	pin	953	879	1.2790787E-4
			3)	pid	964	860	1.2514308E-4
			4)	pie	1139	631	9.18201E-5
			5)	pia	1263	496	7.217554E-5
			6)	pit	1407	400	5.8206082E-5
			7)	pir	1729	207	3.0121648E-5
		9)	pú	0	0	0.0
			1)	púb	1095	690	1.00405494E-4
		10)	pc	0	0	0.0
			1)	pci	1120	662	9.633107E-5
	18)	b	0	0	0.0
		1)	br	0	0	0.0
			1)	bre	134	6668	9.702954E-4
			2)	bro	498	2086	3.0354472E-4
			3)	bra	701	1440	2.095419E-4
			4)	bri	971	845	1.2296035E-4
			5)	brá	1683	225	3.274092E-5
		2)	bl	0	0	0.0
			1)	ble	152	6279	9.1368996E-4
			2)	bli	724	1369	1.9921032E-4
			3)	bla	847	1095	1.5933915E-4
			4)	blo	1375	421	6.1261904E-5
		3)	bi	0	0	0.0
			1)	bié	301	3416	4.970799E-4
			2)	bie	393	2715	3.950738E-4
			3)	bil	469	2259	3.2871886E-4
			4)	bit	837	1127	1.6399563E-4
			5)	bio	1035	757	1.10155015E-4
			6)	bid	1115	670	9.749519E-5
			7)	bia	1487	332	4.831105E-5
			8)	bic	1608	263	3.82705E-5
			9)	bir	1746	201	2.9248557E-5
		4)	be	0	0	0.0
			1)	ber	378	2839	4.1311767E-4
			2)	be_	529	1987	2.8913873E-4
			3)	ben	738	1345	1.9571795E-4
			4)	bem	772	1265	1.8407674E-4
		5)	ba	0	0	0.0
			1)	baj	519	2007	2.9204902E-4
			2)	bar	661	1537	2.2365687E-4
			3)	bat	663	1535	2.2336585E-4
			4)	bas	792	1222	1.7781959E-4
			5)	ba_	954	878	1.2776235E-4
			6)	ban	1121	660	9.6040036E-5
			7)	bal	1386	411	5.980675E-5
			8)	bac	1420	393	5.7187477E-5
			9)	bad	1586	271	3.943462E-5
		6)	bj	0	0	0.0
			1)	bje	725	1367	1.9891928E-4
		7)	bo	0	0	0.0
			1)	bor	779	1248	1.8160298E-4
			2)	bo_	1130	642	9.3420764E-5
		8)	bu	0	0	0.0
			1)	bue	1044	750	1.091364E-4
			2)	bus	1504	317	4.612832E-5
			3)	bui	1550	295	4.2926986E-5
			4)	buc	1629	254	3.6960864E-5
			5)	buy	1745	201	2.9248557E-5
		9)	bs	0	0	0.0
			1)	bst	1155	618	8.99284E-5
			2)	bse	1333	451	6.5627355E-5
			3)	bso	1517	312	4.5400746E-5
		10)	bí	0	0	0.0
			1)	bía	1473	341	4.9620685E-5
		11)	bt	0	0	0.0
			1)	bte	1672	230	3.34685E-5
	19)	í	0	0	0.0
		1)	ía	0	0	0.0
			1)	ía_	142	6471	9.416289E-4
			2)	ías	855	1077	1.5671988E-4
			3)	ían	1040	752	1.09427434E-4
			4)	íam	1245	513	7.46493E-5
		2)	ít	0	0	0.0
			1)	íti	295	3482	5.0668395E-4
		3)	ís	0	0	0.0
			1)	íse	573	1842	2.68039E-4
			2)	ís_	1085	696	1.0127859E-4
			3)	íst	1567	284	4.132632E-5
		4)	íc	0	0	0.0
			1)	ícu	1051	744	1.0826332E-4
			2)	íci	1409	399	5.8060567E-5
		5)	íd	0	0	0.0
			1)	ídi	1322	459	6.679148E-5
		6)	íf	0	0	0.0
			1)	ífi	1323	458	6.664597E-5
		7)	ío	0	0	0.0
			1)	íod	1582	271	3.943462E-5
		8)	ím	0	0	0.0
			1)	ími	1611	261	3.797947E-5
		9)	ín	0	0	0.0
			1)	íni	1740	202	2.9394072E-5
	20)	f	0	0	0.0
		1)	fo	0	0	0.0
			1)	for	146	6433	9.360993E-4
			2)	fon	1175	593	8.6290514E-5
			3)	fom	1594	269	3.914359E-5
		2)	fi	0	0	0.0
			1)	fic	205	4680	6.810112E-4
			2)	fin	386	2789	4.058419E-4
			3)	fie	987	820	1.1932247E-4
			4)	fir	1074	715	1.0404337E-4
			5)	fia	1461	353	5.1366867E-5
			6)	fis	1610	262	3.8124985E-5
			7)	fij	1664	232	3.3759527E-5
			8)	fig	1700	217	3.15768E-5
		3)	fe	0	0	0.0
			1)	fer	500	2084	3.0325368E-4
			2)	fec	612	1712	2.4912204E-4
			3)	fes	1264	496	7.217554E-5
			4)	fen	1277	485	7.0574875E-5
			5)	fel	1497	326	4.7437956E-5
		4)	fu	0	0	0.0
			1)	fun	523	1995	2.9030285E-4
			2)	fue	594	1762	2.563978E-4
			3)	fut	1149	626	9.109252E-5
			4)	fug	1712	214	3.1140255E-5
		5)	fr	0	0	0.0
			1)	fre	951	881	1.281989E-4
			2)	fra	995	814	1.1844938E-4
			3)	fro	1369	423	6.1552935E-5
			4)	fri	1572	276	4.01622E-5
		6)	fa	0	0	0.0
			1)	fac	1041	752	1.09427434E-4
			2)	fav	1105	679	9.880483E-5
			3)	fal	1211	555	8.076094E-5
			4)	fam	1628	254	3.6960864E-5
			5)	fas	1687	224	3.2595406E-5
		7)	fl	0	0	0.0
			1)	fle	1300	470	6.8392146E-5
			2)	fli	1671	230	3.34685E-5
		8)	fí	0	0	0.0
			1)	fíc	1525	309	4.49642E-5
	21)	h	0	0	0.0
		1)	ha	0	0	0.0
			1)	ha_	163	5957	8.668341E-4
			2)	hac	337	3200	4.6564866E-4
			3)	hay	457	2313	3.3657666E-4
			4)	han	486	2155	3.1358527E-4
			5)	hab	488	2126	3.0936534E-4
			6)	has	731	1358	1.9760965E-4
			7)	har	1201	565	8.2216095E-5
			8)	hag	1496	326	4.7437956E-5
			9)	haz	1686	224	3.2595406E-5
		2)	ho	0	0	0.0
			1)	ho_	330	3232	4.7030515E-4
			2)	hos	439	2448	3.5622122E-4
			3)	hor	611	1721	2.5043168E-4
			4)	hoy	921	939	1.3663877E-4
			5)	hom	1520	311	4.525523E-5
			6)	hoc	1597	267	3.885256E-5
		3)	hu	0	0	0.0
			1)	hum	804	1186	1.7258103E-4
			2)	hub	1704	216	3.1431286E-5
		4)	he	0	0	0.0
			1)	hec	807	1180	1.7170794E-4
			2)	hem	810	1178	1.7141692E-4
			3)	he_	924	938	1.3649327E-4
			4)	hes	1325	458	6.664597E-5
			5)	her	1394	407	5.922469E-5
		5)	hi	0	0	0.0
			1)	his	1670	230	3.34685E-5
	22)	g	0	0	0.0
		1)	gr	0	0	0.0
			1)	gra	174	5478	7.971323E-4
			2)	gre	1241	519	7.5522395E-5
			3)	gro	1268	494	7.188451E-5
			4)	gru	1302	469	6.8246634E-5
			5)	gri	1465	351	5.1075836E-5
		2)	gu	0	0	0.0
			1)	gun	270	3717	5.4088E-4
			2)	gui	616	1691	2.4606622E-4
			3)	gur	628	1644	2.39227E-4
			4)	gua	687	1476	2.1478045E-4
			5)	gue	888	995	1.4478763E-4
			6)	gul	1352	433	6.300808E-5
			7)	gus	1424	383	5.5732326E-5
		3)	go	0	0	0.0
			1)	go_	280	3606	5.2472786E-4
			2)	goc	1308	464	6.751905E-5
			3)	gos	1389	409	5.9515718E-5
			4)	gob	1440	368	5.3549596E-5
			5)	gor	1482	335	4.8747595E-5
		4)	ga	0	0	0.0
			1)	gar	351	3078	4.478958E-4
			2)	gan	667	1522	2.2147414E-4
			3)	ga_	684	1481	2.1550801E-4
			4)	gas	980	833	1.21214165E-4
			5)	gac	1089	694	1.00987556E-4
			6)	gad	1124	647	9.414834E-5
			7)	gat	1531	307	4.467317E-5
			8)	gal	1563	287	4.1762865E-5
			9)	gam	1574	275	4.0016683E-5
		5)	ge	0	0	0.0
			1)	gen	398	2662	3.8736148E-4
			2)	ges	1082	700	1.0186064E-4
			3)	ger	1432	374	5.4422686E-5
			4)	ge_	1653	238	3.463262E-5
		6)	gi	0	0	0.0
			1)	gio	919	940	1.3678429E-4
			2)	gis	982	830	1.2077762E-4
			3)	gic	1072	716	1.0418889E-4
			4)	gia	1214	550	8.0033366E-5
			5)	gid	1311	463	6.737354E-5
			6)	gió	1470	345	5.0202747E-5
			7)	gir	1537	304	4.423662E-5
			8)	gin	1612	261	3.797947E-5
			9)	gim	1715	212	3.0849224E-5
		7)	gú	0	0	0.0
			1)	gún	1058	735	1.06953674E-4
		8)	gí	0	0	0.0
			1)	gía	1132	640	9.312973E-5
		9)	gl	0	0	0.0
			1)	gla	1147	628	9.138355E-5
			2)	glo	1298	472	6.868318E-5
		10)	gn	0	0	0.0
			1)	gni	1353	433	6.300808E-5
			2)	gna	1663	232	3.3759527E-5
	23)	á	0	0	0.0
		1)	ás	0	0	0.0
			1)	ás_	179	5375	7.8214426E-4
			2)	ást	1678	226	3.2886437E-5
		2)	án	0	0	0.0
			1)	án_	538	1959	2.8506428E-4
			2)	ánd	1446	364	5.2967534E-5
			3)	áni	1742	201	2.9248557E-5
		3)	ám	0	0	0.0
			1)	ámb	952	880	1.2805338E-4
		4)	át	0	0	0.0
			1)	áti	1004	790	1.14957016E-4
		5)	ác	0	0	0.0
			1)	áct	1052	744	1.0826332E-4
		6)	áp	0	0	0.0
			1)	ápi	1502	320	4.6564866E-5
		7)	ál	0	0	0.0
			1)	álo	1650	239	3.4778135E-5
		8)	áx	0	0	0.0
			1)	áxi	1731	206	2.9976132E-5
	24)	v	0	0	0.0
		1)	va	0	0	0.0
			1)	va_	247	4000	5.8206083E-4
			2)	vas	630	1640	2.3864493E-4
			3)	val	831	1130	1.6443219E-4
			4)	van	906	975	1.4187733E-4
			5)	var	948	883	1.2848993E-4
			6)	vam	979	836	1.21650715E-4
			7)	vac	1079	708	1.03024766E-4
			8)	vad	1141	630	9.167458E-5
		2)	ve	0	0	0.0
			1)	ver	333	3212	4.6739486E-4
			2)	ven	443	2415	3.5141924E-4
			3)	vez	908	959	1.3954908E-4
			4)	vel	950	881	1.281989E-4
			5)	ve_	1080	707	1.02879254E-4
			6)	ves	1171	600	8.730913E-5
			7)	vec	1240	520	7.566791E-5
		3)	vo	0	0	0.0
			1)	vo_	389	2767	4.0264058E-4
			2)	vos	609	1729	2.515958E-4
			3)	vot	858	1075	1.5642885E-4
			4)	vol	998	805	1.1713974E-4
			5)	vor	1092	691	1.00551006E-4
			6)	voc	1534	305	4.4382137E-5
		4)	vi	0	0	0.0
			1)	vis	569	1858	2.7036725E-4
			2)	vid	578	1822	2.651287E-4
			3)	vic	1002	798	1.1612113E-4
			4)	vie	1047	747	1.0869986E-4
			5)	vil	1233	529	7.697754E-5
			6)	via	1247	512	7.450378E-5
			7)	vit	1294	472	6.868318E-5
			8)	vio	1299	470	6.8392146E-5
			9)	viv	1414	398	5.791505E-5
			10)	vig	1434	371	5.3986143E-5
			11)	vin	1447	364	5.2967534E-5
			12)	vir	1494	327	4.758347E-5
		5)	ví	0	0	0.0
			1)	vía	1340	443	6.446324E-5
		6)	vé	0	0	0.0
			1)	vés	1583	271	3.943462E-5
		7)	vu	0	0	0.0
			1)	vue	1707	214	3.1140255E-5
	25)	é	0	0	0.0
		1)	én	0	0	0.0
			1)	én_	273	3644	5.302574E-4
		2)	és	0	0	0.0
			1)	és_	786	1231	1.7912922E-4
			2)	ést	992	814	1.1844938E-4
		3)	ég	0	0	0.0
			1)	égi	1533	305	4.4382137E-5
		4)	éc	0	0	0.0
			1)	écn	1613	260	3.7833954E-5
		5)	ét	0	0	0.0
			1)	éti	1644	244	3.550571E-5
		6)	ér	0	0	0.0
			1)	érm	1657	236	3.434159E-5
		7)	éx	0	0	0.0
			1)	éxi	1697	218	3.1722317E-5
	26)	ñ	0	0	0.0
		1)	ño	0	0	0.0
			1)	ñor	276	3629	5.280747E-4
			2)	ños	709	1424	2.0721366E-4
			3)	ño_	911	951	1.3838496E-4
		2)	ña	0	0	0.0
			1)	ñal	1306	465	6.766457E-5
			2)	ñan	1334	450	6.548184E-5
			3)	ñad	1478	338	4.918414E-5
			4)	ña_	1641	246	3.579674E-5
	27)	y	0	0	0.0
		1)	ya	0	0	0.0
			1)	ya_	392	2744	3.9929373E-4
			2)	yar	1474	339	4.9329654E-5
			3)	yan	1635	249	3.6233287E-5
		2)	yo	0	0	0.0
			1)	yo_	650	1548	2.2525754E-4
			2)	yor	766	1282	1.8655049E-4
		3)	yu	0	0	0.0
			1)	yud	903	977	1.4216836E-4
		4)	ye	0	0	0.0
			1)	yec	1118	662	9.633107E-5
			2)	ye_	1314	462	6.722802E-5
			3)	yen	1398	404	5.8788144E-5
	28)	z	0	0	0.0
		1)	za	0	0	0.0
			1)	zar	466	2272	3.3061055E-4
			2)	zac	617	1690	2.459207E-4
			3)	za_	649	1552	2.258396E-4
			4)	zad	716	1408	2.0488541E-4
			5)	zan	1387	410	5.9661234E-5
			6)	zas	1530	307	4.467317E-5
			7)	zam	1623	256	3.725189E-5
		2)	zo	0	0	0.0
			1)	zon	968	851	1.2383344E-4
			2)	zo_	974	842	1.2252381E-4
			3)	zos	1400	402	5.8497113E-5
		3)	zó	0	0	0.0
			1)	zón	1361	427	6.213499E-5
		4)	zc	0	0	0.0
			1)	zca	1483	334	4.860208E-5
	29)	ú	0	0	0.0
		1)	ún	0	0	0.0
			1)	ún_	577	1825	2.6556526E-4
			2)	úni	1202	564	8.2070575E-5
		2)	úl	0	0	0.0
			1)	últ	935	912	1.3270987E-4
		3)	úb	0	0	0.0
			1)	úbl	1094	690	1.00405494E-4
		4)	úm	0	0	0.0
			1)	úme	1541	300	4.3654563E-5
	30)	j	0	0	0.0
		1)	jo	0	0	0.0
			1)	jo_	665	1526	2.220562E-4
			2)	jor	799	1194	1.7374515E-4
			3)	jos	1381	415	6.038881E-5
		2)	je	0	0	0.0
			1)	jet	703	1437	2.0910535E-4
			2)	jer	849	1089	1.5846606E-4
			3)	jem	966	855	1.244155E-4
			4)	je_	1362	427	6.213499E-5
			5)	jec	1576	274	3.9871167E-5
		3)	ju	0	0	0.0
			1)	jus	1029	764	1.1117362E-4
			2)	jun	1104	680	9.895034E-5
			3)	jur	1221	542	7.886924E-5
			4)	jud	1513	313	4.554626E-5
			5)	jui	1666	231	3.361401E-5
		4)	ja	0	0	0.0
			1)	jar	1169	602	8.760016E-5
			2)	jad	1224	540	7.857821E-5
			3)	ja_	1411	399	5.8060567E-5
			4)	jan	1423	385	5.6023353E-5
	31)	x	0	0	0.0
		1)	xi	0	0	0.0
			1)	xis	802	1188	1.7287207E-4
			2)	xim	997	805	1.1713974E-4
			3)	xig	1310	463	6.737354E-5
			4)	xit	1654	237	3.4487104E-5
		2)	xt	0	0	0.0
			1)	xto	1183	583	8.483537E-5
			2)	xtr	1262	496	7.217554E-5
			3)	xte	1454	361	5.2530988E-5
		3)	xp	0	0	0.0
			1)	xpr	1199	566	8.236161E-5
			2)	xpe	1327	456	6.6354936E-5
			3)	xpl	1343	442	6.431772E-5
			4)	xpo	1675	227	3.3031953E-5
		4)	xc	0	0	0.0
			1)	xce	1228	536	7.799615E-5
			2)	xcl	1547	297	4.3218017E-5
		5)	xa	0	0	0.0
			1)	xam	1500	321	4.6710382E-5
