French	2	15985717	475
	1)	e	0	0	0.0
		1)	e_	1	771662	0.041425206
		2)	es	4	334727	0.017969182
		3)	en	8	282584	0.015169984
		4)	er	27	137258	0.007368434
		5)	et	40	104690	0.0056200833
		6)	em	50	86452	0.004641011
		7)	eu	52	85495	0.0045896363
		8)	el	83	55933	0.0030026566
		9)	ec	119	35133	0.0018860482
		10)	ex	164	20585	0.0011050665
		11)	ev	194	13141	7.0544955E-4
		12)	ep	204	11639	6.2481756E-4
		13)	ea	223	9071	4.8695935E-4
		14)	ef	225	8950	4.804637E-4
		15)	ei	235	8239	4.4229502E-4
		16)	ez	275	5195	2.7888367E-4
		17)	eg	349	1538	8.25646E-5
		18)	eq	366	1091	5.8568257E-5
		19)	ed	371	1050	5.636725E-5
		20)	ej	397	626	3.360562E-5
		21)	eç	401	601	3.226354E-5
		22)	eo	445	339	1.8198569E-5
		23)	eh	465	254	1.3635507E-5
	2)	s	0	0	0.0
		1)	s_	2	599819	0.03220014
		2)	se	46	91180	0.0048948247
		3)	st	55	81523	0.004376407
		4)	si	60	74304	0.0039888686
		5)	so	78	58706	0.0031515197
		6)	ss	94	50354	0.0027031587
		7)	su	100	44575	0.002392924
		8)	sa	108	39600	0.0021258506
		9)	sp	172	18816	0.0010101012
		10)	sé	184	16257	8.727261E-4
		11)	sc	250	6719	3.6069672E-4
		12)	sq	265	5814	3.1211352E-4
		13)	sm	299	3441	1.8472353E-4
		14)	sy	311	3129	1.679744E-4
		15)	sl	330	2159	1.159018E-4
		16)	sf	344	1668	8.9543406E-5
		17)	sû	367	1078	5.7870377E-5
		18)	sn	406	570	3.0599364E-5
		19)	sà	444	341	1.8305935E-5
		20)	sv	447	333	1.7876471E-5
		21)	sè	458	292	1.5675463E-5
		22)	sr	463	263	1.4118654E-5
	3)	_	0	0	0.0
		1)	_d	3	425926	0.022865025
		2)	_l	6	330052	0.017718213
		3)	_p	10	247750	0.013299987
		4)	_c	15	205558	0.01103499
		5)	_e	16	198862	0.010675528
		6)	_s	20	158355	0.008500987
		7)	_a	22	157070	0.008432004
		8)	_q	38	107607	0.005776677
		9)	_n	44	98673	0.005297072
		10)	_m	45	93313	0.005009331
		11)	_r	51	85923	0.0046126125
		12)	_t	64	69010	0.0037046704
		13)	_i	73	61262	0.0032887338
		14)	_à	81	57136	0.0030672373
		15)	_f	85	55415	0.0029748487
		16)	_u	89	53121	0.0028516997
		17)	_v	97	46139	0.0024768843
		18)	_j	106	40297	0.0021632677
		19)	_é	117	35499	0.0019056962
		20)	_o	122	34299	0.0018412765
		21)	_b	152	23996	0.0012881795
		22)	_g	163	20593	0.001105496
		23)	_h	222	9345	5.0166855E-4
		24)	_ê	245	7178	3.8533725E-4
		25)	_y	278	4967	2.6664394E-4
		26)	_z	375	996	5.3468364E-5
		27)	_â	454	302	1.6212294E-5
		28)	_x	470	241	1.2937626E-5
		29)	_k	473	225	1.2078696E-5
	4)	t	0	0	0.0
		1)	t_	5	330259	0.017729325
		2)	ti	17	177565	0.009532238
		3)	te	29	131054	0.0070353844
		4)	tr	48	90408	0.0048533813
		5)	ta	70	63376	0.0034022199
		6)	té	84	55575	0.002983438
		7)	ts	124	33315	0.0017884523
		8)	to	127	32667	0.0017536656
		9)	tt	148	26082	0.0014001625
		10)	tu	156	22739	0.0012206999
		11)	tè	297	3473	1.864414E-4
		12)	th	322	2382	1.2787314E-4
		13)	tê	374	1034	5.550832E-5
		14)	tô	381	919	4.9334765E-5
		15)	ty	384	887	4.7616904E-5
		16)	tc	390	784	4.2087548E-5
		17)	tà	416	497	2.6680498E-5
		18)	tâ	427	440	2.3620561E-5
	5)	o	0	0	0.0
		1)	on	7	289233	0.015526922
		2)	ou	21	158235	0.008494545
		3)	or	61	73717	0.003957357
		4)	oi	79	58638	0.0031478694
		5)	om	82	56237	0.0030189762
		6)	op	107	40130	0.0021543026
		7)	os	135	28937	0.0015534278
		8)	ol	142	27571	0.0014800966
		9)	oc	159	21403	0.0011489793
		10)	ot	174	18649	0.001001136
		11)	ob	198	12697	6.8161427E-4
		12)	od	233	8468	4.5458844E-4
		13)	og	238	7866	4.2227123E-4
		14)	oy	255	6278	3.3702247E-4
		15)	of	308	3182	1.708196E-4
		16)	oo	315	2870	1.5407048E-4
		17)	où	321	2408	1.292689E-4
		18)	ov	323	2329	1.2502793E-4
		19)	oj	335	1926	1.0339364E-4
		20)	oq	343	1706	9.158336E-5
		21)	o_	346	1612	8.653715E-5
		22)	oû	372	1048	5.6259883E-5
		23)	oh	373	1038	5.5723052E-5
		24)	ox	435	403	2.1634287E-5
		25)	oa	453	305	1.6373344E-5
		26)	oî	457	295	1.5836513E-5
		27)	oé	474	207	1.1112401E-5
	6)	d	0	0	0.0
		1)	de	9	266775	0.014321308
		2)	da	91	52774	0.0028330716
		3)	du	92	52341	0.002809827
		4)	di	95	47566	0.00255349
		5)	dé	99	44836	0.0024069352
		6)	do	137	28661	0.0015386111
		7)	dr	154	23500	0.0012615527
		8)	d_	160	21388	0.001148174
		9)	ds	293	3633	1.9503069E-4
		10)	dh	302	3330	1.787647E-4
		11)	dè	327	2169	1.16438634E-4
		12)	dg	333	1984	1.0650726E-4
		13)	dm	356	1230	6.603021E-5
		14)	dê	395	652	3.500138E-5
		15)	dû	421	474	2.5445786E-5
		16)	dy	437	368	1.9755378E-5
		17)	dd	449	324	1.7393322E-5
	7)	l	0	0	0.0
		1)	le	11	246988	0.01325908
		2)	la	23	149921	0.008048223
		3)	li	63	69970	0.0037562062
		4)	l_	71	63267	0.0033963684
		5)	ll	101	44217	0.0023737054
		6)	lu	111	37837	0.0020312073
		7)	lo	125	32886	0.0017654223
		8)	lé	179	16892	9.068148E-4
		9)	ls	234	8269	4.439055E-4
		10)	lè	242	7771	4.1717134E-4
		11)	lt	263	5945	3.19146E-4
		12)	lh	304	3289	1.765637E-4
		13)	là	326	2204	1.1831754E-4
		14)	lq	329	2160	1.1595549E-4
		15)	ly	396	637	3.419613E-5
		16)	lg	398	621	3.33372E-5
		17)	lc	405	577	3.0975145E-5
		18)	ld	475	201	1.0790302E-5
	8)	n	0	0	0.0
		1)	nt	12	237815	0.012766645
		2)	n_	14	207473	0.011137793
		3)	ns	26	144699	0.00776789
		4)	ne	39	106499	0.005717196
		5)	no	66	68484	0.003676433
		6)	nc	87	53880	0.002892445
		7)	nd	98	45655	0.0024509018
		8)	ni	104	42009	0.0022551732
		9)	na	112	36922	0.0019820873
		10)	nn	115	35798	0.0019217475
		11)	né	169	19489	0.0010462299
		12)	nf	212	10938	5.8718567E-4
		13)	nv	224	8975	4.818058E-4
		14)	ng	226	8944	4.801416E-4
		15)	nu	232	8523	4.5754103E-4
		16)	nq	316	2854	1.5321156E-4
		17)	nç	377	979	5.255575E-5
		18)	ny	391	736	3.9510756E-5
		19)	nr	392	724	3.886656E-5
		20)	nm	415	499	2.6787864E-5
		21)	nj	417	496	2.6626814E-5
		22)	nz	451	314	1.6856491E-5
		23)	nê	461	266	1.42797035E-5
		24)	nl	467	244	1.30986755E-5
	9)	r	0	0	0.0
		1)	re	13	208715	0.011204467
		2)	r_	18	164265	0.008818254
		3)	ra	41	102094	0.005480722
		4)	ro	47	90980	0.004884088
		5)	ri	74	61165	0.0032835265
		6)	ré	86	54978	0.0029513892
		7)	rt	88	53377	0.0028654425
		8)	rs	118	35283	0.0018941007
		9)	rm	173	18723	0.0010051086
		10)	rd	180	16584	8.9028047E-4
		11)	rc	182	16512	8.8641525E-4
		12)	rn	190	14718	7.901078E-4
		13)	rr	203	11916	6.3968776E-4
		14)	rè	210	10997	5.90353E-4
		15)	rg	221	9607	5.157335E-4
		16)	rv	244	7567	4.0621997E-4
		17)	ru	248	6932	3.721312E-4
		18)	rê	292	3640	1.9540646E-4
		19)	rô	303	3296	1.7693949E-4
		20)	rq	309	3176	1.7049751E-4
		21)	rl	310	3139	1.6851124E-4
		22)	rf	360	1108	5.948087E-5
		23)	rp	364	1100	5.9051406E-5
		24)	rb	376	987	5.2985215E-5
		25)	râ	412	522	2.8022576E-5
		26)	ry	460	267	1.4333386E-5
		27)	rç	462	264	1.4172337E-5
	10)	q	0	0	0.0
		1)	qu	19	162882	0.00874401
		2)	q_	428	440	2.3620561E-5
	11)	m	0	0	0.0
		1)	me	24	148523	0.007973175
		2)	ma	90	52853	0.0028373126
		3)	mm	113	36655	0.0019677537
		4)	mi	121	34649	0.0018600656
		5)	mo	129	30906	0.0016591297
		6)	mp	133	29778	0.0015985752
		7)	mb	188	15775	8.468508E-4
		8)	mu	229	8711	4.6763345E-4
		9)	mé	231	8576	4.6038622E-4
		10)	mê	266	5814	3.1211352E-4
		11)	m_	296	3484	1.8703191E-4
		12)	mè	389	800	4.2946474E-5
		13)	mn	394	671	3.6021356E-5
		14)	ms	438	359	1.9272231E-5
	12)	u	0	0	0.0
		1)	ur	25	147139	0.007898877
		2)	ue	30	129170	0.0069342456
		3)	us	54	83875	0.0045026694
		4)	un	58	76622	0.0041133063
		5)	u_	59	74827	0.004016945
		6)	ut	75	60301	0.0032371443
		7)	ui	76	59621	0.0032006397
		8)	ux	134	29290	0.0015723779
		9)	uv	157	22725	0.0012199483
		10)	ul	158	21715	0.0011657284
		11)	uc	202	12088	6.4892124E-4
		12)	ud	207	11425	6.1332935E-4
		13)	ua	209	11252	6.040422E-4
		14)	up	211	10983	5.8960146E-4
		15)	um	247	7005	3.7605007E-4
		16)	uj	260	5989	3.2150807E-4
		17)	ub	274	5265	2.826415E-4
		18)	ué	283	4227	2.2691845E-4
		19)	uo	285	4053	2.1757759E-4
		20)	ug	306	3236	1.737185E-4
		21)	uf	331	2046	1.09835615E-4
		22)	uh	332	1998	1.0725883E-4
		23)	uu	350	1509	8.100779E-5
		24)	uà	378	971	5.2126285E-5
		25)	uq	413	515	2.7646794E-5
		26)	uê	418	486	2.6089985E-5
		27)	uy	469	243	1.3044993E-5
	13)	a	0	0	0.0
		1)	a_	28	134220	0.007205345
		2)	an	33	126709	0.0068021314
		3)	ai	35	118364	0.0063541457
		4)	at	49	89962	0.0048294384
		5)	au	56	81132	0.004355417
		6)	ar	65	68778	0.003692216
		7)	al	93	50750	0.002724417
		8)	as	109	38665	0.0020756568
		9)	av	114	36364	0.0019521321
		10)	ac	128	31379	0.0016845218
		11)	ap	143	27165	0.0014583013
		12)	ab	162	21045	0.0011297608
		13)	am	167	19681	0.001056537
		14)	ag	171	19010	0.0010205157
		15)	ad	196	12967	6.961087E-4
		16)	ay	236	8212	4.408456E-4
		17)	af	259	6039	3.2419222E-4
		18)	aq	312	3078	1.6523656E-4
		19)	aî	328	2169	1.16438634E-4
		20)	aj	336	1881	1.009779E-4
		21)	aç	352	1465	7.864573E-5
		22)	aé	379	929	4.9871596E-5
		23)	ax	388	808	4.337594E-5
		24)	ao	432	417	2.2385851E-5
		25)	az	466	251	1.3474457E-5
	14)	i	0	0	0.0
		1)	io	31	127349	0.0068364884
		2)	it	32	127225	0.0068298317
		3)	is	36	115638	0.0062078056
		4)	in	43	99045	0.005317042
		5)	ie	62	71720	0.0038501516
		6)	i_	67	66508	0.0035703552
		7)	ir	69	64992	0.0034889716
		8)	il	77	59514	0.0031948958
		9)	ic	126	32792	0.001760376
		10)	iq	131	30625	0.0016440448
		11)	im	144	27066	0.0014529866
		12)	iv	150	25358	0.0013612959
		13)	id	168	19558	0.001049934
		14)	if	176	18273	9.809512E-4
		15)	iè	181	16530	8.8738155E-4
		16)	ia	183	16479	8.846437E-4
		17)	ig	193	13252	7.114084E-4
		18)	ib	199	12619	6.77427E-4
		19)	ié	257	6166	3.3100997E-4
		20)	ip	262	5980	3.210249E-4
		21)	ix	289	3814	2.0474732E-4
		22)	iz	448	326	1.750069E-5
	15)	c	0	0	0.0
		1)	ce	34	124087	0.006661374
		2)	co	37	112632	0.0060464344
		3)	ci	102	43536	0.0023371472
		4)	ct	110	38601	0.0020722211
		5)	ch	130	30752	0.0016508625
		6)	ca	145	26885	0.00144327
		7)	cu	166	19708	0.0010579864
		8)	c_	185	15876	8.5227285E-4
		9)	cr	189	15493	8.317122E-4
		10)	cc	201	12429	6.672272E-4
		11)	cl	205	11636	6.246565E-4
		12)	cé	258	6121	3.2859424E-4
		13)	cè	334	1938	1.0403784E-4
		14)	cô	400	617	3.312247E-5
		15)	cs	404	579	3.1082513E-5
		16)	cq	422	474	2.5445786E-5
		17)	cy	426	453	2.4318442E-5
	16)	p	0	0	0.0
		1)	po	42	99311	0.005331322
		2)	pr	53	84989	0.0045624725
		3)	pa	57	79366	0.0042606127
		4)	pe	96	47374	0.002543183
		5)	pl	120	35112	0.0018849209
		6)	pp	147	26424	0.0014185221
		7)	pé	151	24712	0.0013266166
		8)	pu	206	11540	6.195029E-4
		9)	pt	219	9662	5.186861E-4
		10)	pi	276	5108	2.7421326E-4
		11)	ph	301	3339	1.7924786E-4
		12)	p_	307	3225	1.7312798E-4
		13)	ps	317	2834	1.5213789E-4
		14)	pè	345	1651	8.863079E-5
		15)	pê	347	1610	8.642978E-5
	17)	v	0	0	0.0
		1)	ve	68	66355	0.0035621417
		2)	vo	103	43137	0.0023157278
		3)	vi	136	28730	0.0015423154
		4)	va	165	20233	0.0010861701
		5)	vr	220	9613	5.160556E-4
		6)	vé	272	5417	2.908013E-4
		7)	vu	294	3602	1.933665E-4
		8)	vè	441	352	1.889645E-5
		9)	vê	464	256	1.3742872E-5
	18)	à	0	0	0.0
		1)	à_	72	62760	0.0033691511
		2)	àd	411	522	2.8022576E-5
		3)	àv	443	341	1.8305935E-5
	19)	é	0	0	0.0
		1)	é_	80	57285	0.0030752362
		2)	ée	105	40731	0.0021865661
		3)	és	116	35543	0.0019080583
		4)	ér	139	28320	0.0015203053
		5)	éc	146	26740	0.001435486
		6)	ét	149	25549	0.0013715494
		7)	ég	161	21303	0.0011436109
		8)	év	200	12582	6.754407E-4
		9)	él	208	11387	6.112894E-4
		10)	ép	213	10674	5.730134E-4
		11)	ém	227	8840	4.7455856E-4
		12)	éd	228	8834	4.7423647E-4
		13)	éf	240	7807	4.1910392E-4
		14)	én	246	7160	3.8437097E-4
		15)	éa	264	5845	3.1377768E-4
		16)	éb	287	3967	2.1296083E-4
		17)	éq	291	3657	1.9631907E-4
		18)	éj	300	3411	1.8311304E-4
		19)	éo	351	1503	8.068569E-5
		20)	éu	362	1104	5.9266138E-5
		21)	éh	403	585	3.1404612E-5
		22)	éé	442	350	1.8789084E-5
		23)	éi	456	297	1.5943879E-5
	20)	j	0	0	0.0
		1)	je	123	33409	0.0017934985
		2)	jo	216	10034	5.386562E-4
		3)	ju	249	6786	3.642935E-4
		4)	ja	288	3877	2.0812936E-4
		5)	jà	319	2520	1.352814E-4
		6)	j_	354	1274	6.839226E-5
		7)	ji	468	244	1.30986755E-5
	21)	x	0	0	0.0
		1)	x_	132	30022	0.0016116739
		2)	xi	261	5984	3.2123964E-4
		3)	xp	279	4778	2.5649782E-4
		4)	xe	284	4159	2.23268E-4
		5)	xt	290	3736	2.0056004E-4
		6)	xc	325	2214	1.18854376E-4
		7)	xa	340	1842	9.888426E-5
		8)	xé	358	1120	6.0125065E-5
		9)	xq	434	403	2.1634287E-5
		10)	xu	459	272	1.4601802E-5
	22)	f	0	0	0.0
		1)	fa	138	28650	0.0015380207
		2)	fi	141	27716	0.0014878807
		3)	fo	153	23680	0.0012712157
		4)	ff	187	15809	8.486761E-4
		5)	fe	217	9915	5.322679E-4
		6)	fr	254	6371	3.42015E-4
		7)	fé	270	5678	3.0481262E-4
		8)	f_	280	4604	2.4715698E-4
		9)	fs	313	3003	1.6121034E-4
		10)	fl	314	2970	1.5943879E-4
		11)	fu	318	2524	1.3549613E-4
		12)	fè	471	236	1.266921E-5
	23)	b	0	0	0.0
		1)	bl	140	28003	0.0015032877
		2)	bi	191	14166	7.604747E-4
		3)	br	192	13665	7.335795E-4
		4)	ba	214	10221	5.486949E-4
		5)	bo	239	7825	4.2007022E-4
		6)	bu	256	6229	3.34392E-4
		7)	be	271	5541	2.9745803E-4
		8)	bs	295	3521	1.8901817E-4
		9)	bj	298	3444	1.8488459E-4
		10)	bé	324	2325	1.248132E-4
		11)	bt	380	924	4.960318E-5
		12)	b_	419	480	2.5767886E-5
		13)	bv	450	319	1.7124907E-5
	24)	g	0	0	0.0
		1)	ge	155	23170	0.0012438373
		2)	gr	170	19217	0.001031628
		3)	ga	177	17536	9.4138674E-4
		4)	gi	178	17519	9.4047416E-4
		5)	gn	241	7791	4.18245E-4
		6)	gu	243	7672	4.1185672E-4
		7)	gé	252	6580	3.5323476E-4
		8)	gl	273	5379	2.8876137E-4
		9)	go	277	5098	2.736764E-4
		10)	gm	353	1290	6.925119E-5
		11)	g_	357	1128	6.0554532E-5
		12)	gè	382	913	4.9012666E-5
		13)	gt	399	617	3.312247E-5
		14)	gg	429	438	2.3513196E-5
	25)	è	0	0	0.0
		1)	èr	175	18412	9.884131E-4
		2)	ès	215	10142	5.44454E-4
		3)	èm	230	8707	4.6741872E-4
		4)	èg	268	5788	3.1071776E-4
		5)	èt	337	1858	9.974319E-5
		6)	èn	383	909	4.8797934E-5
		7)	èl	385	874	4.6919024E-5
		8)	èv	386	870	4.6704292E-5
		9)	èc	410	522	2.8022576E-5
		10)	èd	440	352	1.889645E-5
	26)	h	0	0	0.0
		1)	he	186	15840	8.5034024E-4
		2)	ha	195	13008	6.983097E-4
		3)	ho	237	8083	4.3392045E-4
		4)	hé	253	6551	3.5167797E-4
		5)	hu	281	4587	2.4624437E-4
		6)	hi	286	4031	2.1639655E-4
		7)	hn	342	1763	9.46433E-5
		8)	hè	370	1065	5.7172496E-5
		9)	hy	414	503	2.7002598E-5
		10)	hô	425	454	2.4372126E-5
		11)	h_	433	416	2.2332168E-5
		12)	hr	455	298	1.5997563E-5
	27)	ê	0	0	0.0
		1)	êt	197	12862	6.9047196E-4
		2)	êm	251	6580	3.5323476E-4
		3)	êc	348	1548	8.310143E-5
	28)	y	0	0	0.0
		1)	ys	218	9739	5.2281964E-4
		2)	y_	267	5808	3.1179143E-4
		3)	ye	269	5775	3.1001988E-4
		4)	ya	355	1232	6.6137574E-5
		5)	yp	363	1104	5.9266138E-5
		6)	yo	387	832	4.4664335E-5
		7)	yé	393	717	3.849078E-5
		8)	yn	420	476	2.5553154E-5
		9)	yc	423	463	2.4855273E-5
		10)	ym	446	336	1.803752E-5
	29)	z	0	0	0.0
		1)	z_	282	4315	2.3164255E-4
		2)	zo	365	1099	5.899772E-5
		3)	zm	407	564	3.0277266E-5
		4)	ze	409	550	2.9525703E-5
		5)	zv	436	394	2.115114E-5
	30)	ô	0	0	0.0
		1)	ôl	305	3272	1.7565109E-4
		2)	ôt	339	1849	9.926004E-5
		3)	ôm	424	456	2.4479492E-5
	31)	ù	0	0	0.0
		1)	ù_	320	2408	1.292689E-4
	32)	î	0	0	0.0
		1)	ît	338	1855	9.958214E-5
		2)	în	402	598	3.2102493E-5
		3)	îl	472	227	1.2186063E-5
	33)	ç	0	0	0.0
		1)	ço	341	1837	9.861585E-5
		2)	ça	368	1070	5.7440913E-5
		3)	çu	408	560	3.0062532E-5
	34)	û	0	0	0.0
		1)	ûr	359	1113	5.9749284E-5
		2)	ût	361	1104	5.9266138E-5
		3)	û_	431	422	2.2654267E-5
	35)	â	0	0	0.0
		1)	âc	369	1066	5.7226178E-5
		2)	ât	430	429	2.3030048E-5
		3)	âg	439	353	1.8950133E-5
	36)	k	0	0	0.0
		1)	ki	452	311	1.6695443E-5
