e_	243540	0.03511099378933029	3
i_	184210	0.026557428619251592	2
o_	168555	0.02430045806914908	2
a_	167217	0.024107559532193654	2
_d	129890	0.018726151692929748	2
on	103973	0.014989715682261798	2
_c	93174	0.01343283130215595	2
re	91574	0.013202160405946177	2
_p	85936	0.012389333835426983	2
_a	81393	0.011734372659501356	2
_s	81000	0.01167771412061983	2
er	77614	0.011189556836515895	2
di	70897	0.010221171580365236	2
_i	70252	0.01012818237533067	2
en	67815	0.009776841766541158	2
de	66661	0.009610470382649857	2
nt	65898	0.009500469199019822	2
co	65193	0.00939882983537739	2
la	64605	0.009314058281020297	2
ri	63417	0.009142785140584541	2
ti	63236	0.009116690495450809	2
to	62426	0.008999913354244611	2
io	61766	0.00890476160955808	2
in	61522	0.008869584297886089	2
ne	59626	0.008596239285877506	2
ta	58325	0.008408675013396934	2
te	58237	0.008395988114105395	2
_l	56999	0.008217506508163082	2
al	56684	0.008172093175471783	2
no	55525	0.008005000945029829	2
_e	54429	0.007846991381126132	2
el	53542	0.007719113203039839	2
ll	52208	0.007526791343324939	2
l_	52164	0.00752044789367917	2
le	50228	0.007241336109265343	2
ra	49760	0.007173864872123984	2
es	49531	0.0071408501001039605	2
si	49414	0.007123982290818621	2
or	49308	0.007108700343944723	2
at	49165	0.007088084132595975	2
ar	49032	0.007068909614348537	2
st	48152	0.006942040621433161	2
li	48017	0.006922577764565461	2
n_	47751	0.0068842287280705865	2
an	46545	0.006710360540052469	2
ro	43620	0.006288665307918975	2
tt	41657	0.006005660952131608	2
ch	41326	0.005957940910478211	2
me	40764	0.005876917758184528	2
zi	39740	0.005729288384610272	2
pe	39535	0.005699733676033394	2
ia	38130	0.005497175795299187	2
_n	37552	0.005413845934043406	2
_r	36835	0.0053104765386794	2
it	36667	0.005286256094577374	2
pr	35578	0.005129255715844596	2
un	35046	0.005052557642854847	2
ol	33238	0.004791899530137801	2
ic	32991	0.004756289710535417	2
po	32867	0.0047384127160791595	2
_m	32781	0.004726014155407884	2
he	32386	0.004669067277906096	2
ni	31528	0.004545370009813605	2
se	31468	0.0045367198512057385	2
il	30781	0.004437675535145667	2
tr	29967	0.0043203217166989435	2
is	28840	0.004157842904181184	2
so	28826	0.004155824533839348	2
ss	28124	0.0040546176781273095	2
am	27913	0.004024197953689646	2
na	27721	0.003996517446144473	2
ci	26415	0.0038082323271132444	2
_u	25923	0.003737301026528739	2
qu	25092	0.0036174963298097875	2
os	25066	0.0036137479277463785	2
ca	24889	0.0035882299598531723	2
_t	23996	0.003459486765906092	2
mo	23144	0.003336654513674387	2
ma	22710	0.0032740850330774856	2
az	22342	0.0032210307269492375	2
_q	22060	0.0031803749814922648	2
da	21338	0.003076284739577604	2
nd	21214	0.0030584077451213465	2
ve	20945	0.0030196262006960783	2
_f	20351	0.0029339896304781997	2
et	20236	0.002917410159813122	2
do	19971	0.0028792052926283783	2
mi	19719	0.0028428746264753386	2
om	19135	0.0027586797493587708	2
r_	18537	0.0026724665019003677	2
ur	18496	0.0026665555601849923	2
im	18149	0.0026165288095694973	2
vo	17934	0.002585532407891309	2
pa	17925	0.002584234884100129	2
lo	17725	0.002555401022073907	2
_v	17628	0.00254141659899119	2
ut	17579	0.0025343523027947655	2
_o	17320	0.002497012451470808	2
_g	17179	0.0024766845787423217	2
vi	17023	0.0024541941663618685	2
ce	16963	0.0024455440077540023	2
op	16937	0.0024417956056905932	2
gi	16657	0.0024014281988538827	2
ue	16566	0.002388308791631952	2
bi	16360	0.0023586099137449437	2
tu	16346	0.002356591543403108	2
em	16221	0.002338570379636719	2
iv	15908	0.002293445385565682	2
eg	15797	0.0022774425921411293	2
ua	15671	0.0022592772590646092	2
sa	15508	0.0022357776615132387	2
su	15430	0.002224532455323012	2
ie	15325	0.002209394677759246	2
à_	15150	0.0021841650484863014	2
nc	14676	0.0021158287954841557	2
rt	14341	0.0020675320765902346	2
va	13817	0.0019919873580815334	2
lt	13581	0.0019579634008905916	2
nz	13579	0.0019576750622703294	2
mp	13251	0.0019103875285473254	2
as	12785	0.0018432046300262286	2
pi	12654	0.0018243184503990535	2
fi	12537	0.0018074506411137137	2
ir	12410	0.0017891411387270628	2
ec	12261	0.0017676599115175277	2
sp	11997	0.0017295992136429148	2
za	11786	0.0016991794892052508	2
ei	11767	0.0016964402723127598	2
gl	11660	0.001681014156128731	2
sc	11644	0.0016787074471666334	2
oc	11191	0.001613398749677241	2
ev	11100	0.00160027934245531	2
cu	10787	0.0015551543483842728	2
è_	10712	0.0015443416501244398	2
cc	10684	0.0015403049094407687	2
ot	10443	0.0015055601056991714	2
tà	10357	0.001493161545027896	2
_è	10254	0.0014783121060843918	2
ov	10222	0.0014736986881601964	2
pp	10073	0.0014522174609506611	2
lu	9944	0.001433619619943748	2
og	9912	0.0014290062020195526	2
av	9617	0.0013864762555308753	2
ns	9468	0.0013649950283213402	2
iz	9388	0.0013534614835108514	2
ig	9304	0.0013413512614598383	2
ad	9090	0.001310499029091781	2
ed	9054	0.001305308933927061	2
ui	8866	0.0012782051036224124	2
bb	8778	0.001265518204330875	2
gr	8503	0.00122587164404482	2
ul	8428	0.0012150589457849868	2
fa	8352	0.0012041020782150224	2
ac	8301	0.0011967494433983358	2
fo	8245	0.0011886759620309939	2
ag	8146	0.001174403200328014	2
rm	8051	0.0011607071158655587	2
id	7955	0.0011468668620929722	2
nn	7779	0.001121493063509897	2
ap	7763	0.0011191863545477992	2
hi	7551	0.001088622460800004	2
gn	7547	0.0010880457835594796	2
rr	7432	0.001071466312894402	2
go	7404	0.0010674295722107312	2
ea	7187	0.0010361448319122805	2
rs	7068	0.0010189886840066785	2
uo	6999	0.001009041001607632	2
eu	6942	0.0010008233509301587	2
if	6906	9.956332557654389E-4	1
_b	6876	9.913081764615056E-4	1
ge	6784	9.780445999294435E-4	1
us	6778	9.771795840686568E-4	1
ab	6643	9.577167272009572E-4	1
rc	6497	9.366680079218152E-4	1
_h	6436	9.278736800038176E-4	1
ib	6412	9.24413616560671E-4	1
mb	6390	9.212418917377866E-4	1
ff	6305	9.089875003766423E-4	1
gg	6230	8.981748021168091E-4	1
ga	6143	8.856320721354027E-4	1
iu	6093	8.784236066288472E-4	1
od	6061	8.738101887046518E-4	1
be	6044	8.713593104324229E-4	1
du	5970	8.606907814827208E-4	1
zz	5866	8.456971732290854E-4	1
rn	5839	8.418046018555455E-4	1
ng	5814	8.382003691022678E-4	1
rd	5694	8.209000518865347E-4	1
nu	5649	8.144124329306348E-4	1
pu	5640	8.131149091394548E-4	1
cr	5521	7.959587612338529E-4	1
ha	5497	7.924986977907063E-4	1
fe	5316	7.664040526569755E-4	1
mm	5207	7.506895978526846E-4	1
ob	5152	7.427602857954736E-4	1
up	5060	7.294967092634116E-4	1
gu	4964	7.156564554908251E-4	1
ru	4816	6.94319397591421E-4	1
d_	4806	6.9287770449011E-4	1
ba	4799	6.918685193191921E-4	1
ai	4379	6.313174090641264E-4	1
fr	4199	6.053669332405267E-4	1
eb	4197	6.050785946202645E-4	1
ip	4068	5.864807536133514E-4	1
br	4012	5.784072722460093E-4	1
um	3962	5.711988067394539E-4	1
nf	3874	5.585119074479163E-4	1
mu	3843	5.54042658833852E-4	1
ù_	3767	5.430857912638876E-4	1
iù	3688	5.316964157635301E-4	1
af	3606	5.198745323327791E-4	1
ò_	3558	5.129544054464859E-4	1
é_	3425	4.937798871990483E-4	1
au	3417	4.926265327179995E-4	1
rà	3393	4.891664692748529E-4	1
pl	3362	4.846972206607885E-4	1
uz	3214	4.6336016276138435E-4	1
ez	3177	4.5802589828653335E-4	1
bl	3055	4.40437242450538E-4	1
rv	3036	4.37698025558047E-4	1
rg	2888	4.1636096765864283E-4	1
hé	2885	4.159284597282495E-4	1
oi	2812	4.0540410008867855E-4	1
ef	2793	4.0266488319618747E-4	1
ae	2751	3.966097721706809E-4	1
eo	2672	3.852203966703233E-4	1
nv	2592	3.7368685185983454E-4	1
rl	2576	3.713801428977368E-4	1
lc	2445	3.524939632705615E-4	1
sv	2436	3.5119643947938156E-4	1
vr	2305	3.3231025985220626E-4	1
lm	2236	3.2236257745315975E-4	1
vv	2167	3.1241489505411324E-4	1
fu	2107	3.037647364462467E-4	1
bu	2015	2.905011599141847E-4	1
ep	1939	2.795442923442204E-4	1
ze	1888	2.721916575275338E-4	1
cl	1852	2.6700156236281387E-4	1
ud	1734	2.4998958376734305E-4	1
of	1727	2.489803985964253E-4	1
rz	1724	2.485478906660319E-4	1
sf	1674	2.4133942515947647E-4	1
u_	1640	2.3643766861501878E-4	1
ub	1580	2.2778751000715225E-4	1
gh	1518	2.188490127790235E-4	1
uc	1484	2.1394725623456577E-4	1
iò	1481	2.1351474830417244E-4	1
sm	1477	2.1293807106364802E-4	1
bo	1475	2.1264973244338579E-4	1
ì_	1447	2.0861299175971475E-4	1
nq	1422	2.05008759006437E-4	1
dd	1339	1.9304270626555498E-4	1
zo	1310	1.8886179627175282E-4	1
sì	1294	1.8655508730965506E-4	1
ug	1246	1.7963496042336182E-4	1
ià	1214	1.7502154249916633E-4	1
uò	1196	1.7242649491680637E-4	1
vu	1053	1.518102835680578E-4	1
dr	1034	1.4907106667556673E-4	1
ho	1031	1.486385587451734E-4	1
lg	1017	1.4662018840333785E-4	1
fl	1012	1.4589934185268232E-4	1
ee	966	1.392675535866513E-4	1
oz	886	1.2773400877616258E-4	1
oo	862	1.2427394533301596E-4	1
rò	859	1.2384143740262264E-4	1
eq	722	1.0409024191466071E-4	1
sl	716	1.0322522605387405E-4	1
t_	697	1.0048600916138298E-4	1
cq	640	9.226835848390977E-5	1
uf	619	8.924080297115648E-5	1
oe	604	8.707826331918984E-5	1
cn	599	8.63574167685343E-5	1
lv	574	8.275318401525658E-5	1
ls	475	6.848042231227678E-5	1
rb	459	6.617371335017903E-5	1
s_	443	6.386700438808129E-5	1
rp	441	6.357866576781907E-5	1
_z	420	6.055111025506578E-5	1
né	415	5.983026370441024E-5	1
lp	330	4.757587234326597E-5	1
rf	265	3.820486718474389E-5	1
tn	248	3.5753988912515036E-5	1
c_	235	3.387978788081062E-5	1
ao	231	3.330311064028618E-5	1
m_	221	3.1861417538975094E-5	1
oè	215	3.099640167818844E-5	1
ld	176	2.5373798583075186E-5	1
xe	161	2.321125893110855E-5	1
ex	161	2.321125893110855E-5	1
x_	160	2.3067089620977443E-5	1
cè	158	2.2778751000715223E-5	1
_x	157	2.2634581690584115E-5	1
sb	154	2.2202073760190788E-5	1
g_	152	2.191373513992857E-5	1
dì	130	1.8742010317044173E-5	1
b_	126	1.8165333076519734E-5	1
oa	126	1.8165333076519734E-5	1
là	120	1.7300317215733082E-5	1
h_	98	1.4128592392848684E-5	1
tm	97	1.3984423082717574E-5	1
y_	93	1.3407745842193138E-5	1
sé	92	1.3263576532062029E-5	1
lb	84	1.2110222051013157E-5	1
sr	84	1.2110222051013157E-5	1
p_	76	1.0956867569964286E-5	1
tù	68	9.803513088915413E-6	1
oq	66	9.515174468653195E-6	1
sh	65	9.371005158522087E-6	1
lq	64	9.226835848390977E-6	1
sn	64	9.226835848390977E-6	1
_k	62	8.938497228128759E-6	1
f_	59	8.505989297735431E-6	1
dà	58	8.361819987604323E-6	1
ou	58	8.361819987604323E-6	1
sg	57	8.217650677473213E-6	1
iq	55	7.929312057210996E-6	1
lh	55	7.929312057210996E-6	1
sq	54	7.785142747079887E-6	1
gm	53	7.640973436948778E-6	1
k_	50	7.208465506555451E-6	1
ki	48	6.920126886293233E-6	1
sd	48	6.920126886293233E-6	1
mè	47	6.775957576162123E-6	1
ct	45	6.487618955899905E-6	1
lz	45	6.487618955899905E-6	1
zu	43	6.1992803356376875E-6	1
ka	42	6.0551110255065786E-6	1
tl	42	6.0551110255065786E-6	1
v_	41	5.91094171537547E-6	1
ln	38	5.478433784982143E-6	1
th	38	5.478433784982143E-6	1
ik	37	5.334264474851033E-6	1
lf	37	5.334264474851033E-6	1
z_	37	5.334264474851033E-6	1
_j	36	5.190095164719924E-6	1
nl	35	5.045925854588815E-6	1
_w	33	4.757587234326597E-6	1
ck	33	4.757587234326597E-6	1
hm	32	4.613417924195488E-6	1
ah	31	4.4692486140643795E-6	1
pz	31	4.4692486140643795E-6	1
rk	31	4.4692486140643795E-6	1
xt	31	4.4692486140643795E-6	1
by	30	4.3250793039332705E-6	1
ju	29	4.180909993802162E-6	1
ps	28	4.036740683671053E-6	1
pt	28	4.036740683671053E-6	1
ax	27	3.892571373539944E-6	1
bs	27	3.892571373539944E-6	1
ds	26	3.7484020634088344E-6	1
ow	26	3.7484020634088344E-6	1
ts	26	3.7484020634088344E-6	1
lì	25	3.6042327532777254E-6	1
sk	23	3.315894133015507E-6	1
té	23	3.315894133015507E-6	1
ke	21	3.0275555127532893E-6	1
ty	21	3.0275555127532893E-6	1
ko	20	2.8833862026221803E-6	1
ay	19	2.7392168924910714E-6	1
ft	19	2.7392168924910714E-6	1
ii	19	2.7392168924910714E-6	1
eh	17	2.450878272228853E-6	1
uv	17	2.450878272228853E-6	1
w_	17	2.450878272228853E-6	1
hu	16	2.306708962097744E-6	1
wh	16	2.306708962097744E-6	1
ak	15	2.1625396519666353E-6	1
aq	15	2.1625396519666353E-6	1
cy	15	2.1625396519666353E-6	1
we	15	2.1625396519666353E-6	1
_y	14	2.0183703418355263E-6	1
mc	14	2.0183703418355263E-6	1
mg	14	2.0183703418355263E-6	1
q_	14	2.0183703418355263E-6	1
ew	13	1.8742010317044172E-6	1
hk	12	1.7300317215733083E-6	1
ix	12	1.7300317215733083E-6	1
kh	12	1.7300317215733083E-6	1
wa	12	1.7300317215733083E-6	1
wi	12	1.7300317215733083E-6	1
wu	12	1.7300317215733083E-6	1
aa	11	1.5858624114421991E-6	1
aw	11	1.5858624114421991E-6	1
_é	10	1.4416931013110902E-6	1
sè	10	1.4416931013110902E-6	1
bù	9	1.297523791179981E-6	1
nm	9	1.297523791179981E-6	1
tò	9	1.297523791179981E-6	1
vè	9	1.297523791179981E-6	1
dm	8	1.153354481048872E-6	1
hè	8	1.153354481048872E-6	1
ky	8	1.153354481048872E-6	1
tc	8	1.153354481048872E-6	1
xi	8	1.153354481048872E-6	1
él	8	1.153354481048872E-6	1
jo	7	1.0091851709177632E-6	1
my	7	1.0091851709177632E-6	1
rq	7	1.0091851709177632E-6	1
tè	7	1.0091851709177632E-6	1
ye	7	1.0091851709177632E-6	1
dg	6	8.650158607866541E-7	1
hn	6	8.650158607866541E-7	1
ph	6	8.650158607866541E-7	1
yb	6	8.650158607866541E-7	1
yi	6	8.650158607866541E-7	1
cs	5	7.208465506555451E-7	1
dé	5	7.208465506555451E-7	1
ja	5	7.208465506555451E-7	1
je	5	7.208465506555451E-7	1
kg	5	7.208465506555451E-7	1
kn	5	7.208465506555451E-7	1
ly	5	7.208465506555451E-7	1
mn	5	7.208465506555451E-7	1
ré	5	7.208465506555451E-7	1
sà	5	7.208465506555451E-7	1
ux	5	7.208465506555451E-7	1
bd	4	5.76677240524436E-7	1
cé	4	5.76677240524436E-7	1
fp	4	5.76677240524436E-7	1
ms	4	5.76677240524436E-7	1
oj	4	5.76677240524436E-7	1
ry	4	5.76677240524436E-7	1
tw	4	5.76677240524436E-7	1
wo	4	5.76677240524436E-7	1
ym	4	5.76677240524436E-7	1
ys	4	5.76677240524436E-7	1
éf	4	5.76677240524436E-7	1
ér	4	5.76677240524436E-7	1
db	3	4.3250793039332706E-7	1
ey	3	4.3250793039332706E-7	1
nk	3	4.3250793039332706E-7	1
pn	3	4.3250793039332706E-7	1
rx	3	4.3250793039332706E-7	1
tz	3	4.3250793039332706E-7	1
xp	3	4.3250793039332706E-7	1
ya	3	4.3250793039332706E-7	1
yo	3	4.3250793039332706E-7	1
ón	3	4.3250793039332706E-7	1
_à	2	2.88338620262218E-7	1
_ì	2	2.88338620262218E-7	1
aj	2	2.88338620262218E-7	1
bn	2	2.88338620262218E-7	1
bì	2	2.88338620262218E-7	1
cf	2	2.88338620262218E-7	1
cv	2	2.88338620262218E-7	1
cì	2	2.88338620262218E-7	1
cò	2	2.88338620262218E-7	1
dl	2	2.88338620262218E-7	1
dò	2	2.88338620262218E-7	1
fg	2	2.88338620262218E-7	1
fm	2	2.88338620262218E-7	1
fà	2	2.88338620262218E-7	1
fé	2	2.88338620262218E-7	1
ht	2	2.88338620262218E-7	1
ih	2	2.88338620262218E-7	1
km	2	2.88338620262218E-7	1
ks	2	2.88338620262218E-7	1
kt	2	2.88338620262218E-7	1
ku	2	2.88338620262218E-7	1
lò	2	2.88338620262218E-7	1
mé	2	2.88338620262218E-7	1
mò	2	2.88338620262218E-7	1
mü	2	2.88338620262218E-7	1
nb	2	2.88338620262218E-7	1
nh	2	2.88338620262218E-7	1
np	2	2.88338620262218E-7	1
nr	2	2.88338620262218E-7	1
ny	2	2.88338620262218E-7	1
nè	2	2.88338620262218E-7	1
nò	2	2.88338620262218E-7	1
ok	2	2.88338620262218E-7	1
pm	2	2.88338620262218E-7	1
rw	2	2.88338620262218E-7	1
sy	2	2.88338620262218E-7	1
uw	2	2.88338620262218E-7	1
ué	2	2.88338620262218E-7	1
vm	2	2.88338620262218E-7	1
ví	2	2.88338620262218E-7	1
ws	2	2.88338620262218E-7	1
xa	2	2.88338620262218E-7	1
yf	2	2.88338620262218E-7	1
yp	2	2.88338620262218E-7	1
zb	2	2.88338620262218E-7	1
zk	2	2.88338620262218E-7	1
éj	2	2.88338620262218E-7	1
ìd	2	2.88338620262218E-7	1
ìg	2	2.88338620262218E-7	1
ìp	2	2.88338620262218E-7	1
ìt	2	2.88338620262218E-7	1
ío	2	2.88338620262218E-7	1
üs	2	2.88338620262218E-7	1
_á	1	1.44169310131109E-7	1
bj	1	1.44169310131109E-7	1
bí	1	1.44169310131109E-7	1
cm	1	1.44169310131109E-7	1
cp	1	1.44169310131109E-7	1
dn	1	1.44169310131109E-7	1
dt	1	1.44169310131109E-7	1
dw	1	1.44169310131109E-7	1
dy	1	1.44169310131109E-7	1
dè	1	1.44169310131109E-7	1
ej	1	1.44169310131109E-7	1
ek	1	1.44169310131109E-7	1
eò	1	1.44169310131109E-7	1
fb	1	1.44169310131109E-7	1
fc	1	1.44169310131109E-7	1
fs	1	1.44169310131109E-7	1
fè	1	1.44169310131109E-7	1
fü	1	1.44169310131109E-7	1
gs	1	1.44169310131109E-7	1
gt	1	1.44169310131109E-7	1
gy	1	1.44169310131109E-7	1
gé	1	1.44169310131109E-7	1
gò	1	1.44169310131109E-7	1
hf	1	1.44169310131109E-7	1
hl	1	1.44169310131109E-7	1
hr	1	1.44169310131109E-7	1
ió	1	1.44169310131109E-7	1
kf	1	1.44169310131109E-7	1
kl	1	1.44169310131109E-7	1
kr	1	1.44169310131109E-7	1
lk	1	1.44169310131109E-7	1
lr	1	1.44169310131109E-7	1
lé	1	1.44169310131109E-7	1
lî	1	1.44169310131109E-7	1
lø	1	1.44169310131109E-7	1
nù	1	1.44169310131109E-7	1
oh	1	1.44169310131109E-7	1
ox	1	1.44169310131109E-7	1
oy	1	1.44169310131109E-7	1
py	1	1.44169310131109E-7	1
pé	1	1.44169310131109E-7	1
pö	1	1.44169310131109E-7	1
rh	1	1.44169310131109E-7	1
rì	1	1.44169310131109E-7	1
sw	1	1.44169310131109E-7	1
sí	1	1.44169310131109E-7	1
sù	1	1.44169310131109E-7	1
tf	1	1.44169310131109E-7	1
tp	1	1.44169310131109E-7	1
tv	1	1.44169310131109E-7	1
tó	1	1.44169310131109E-7	1
tø	1	1.44169310131109E-7	1
uì	1	1.44169310131109E-7	1
vì	1	1.44169310131109E-7	1
vò	1	1.44169310131109E-7	1
wb	1	1.44169310131109E-7	1
wl	1	1.44169310131109E-7	1
wü	1	1.44169310131109E-7	1
xc	1	1.44169310131109E-7	1
xo	1	1.44169310131109E-7	1
yc	1	1.44169310131109E-7	1
yl	1	1.44169310131109E-7	1
yr	1	1.44169310131109E-7	1
yx	1	1.44169310131109E-7	1
zó	1	1.44169310131109E-7	1
às	1	1.44169310131109E-7	1
ál	1	1.44169310131109E-7	1
ée	1	1.44169310131109E-7	1
ég	1	1.44169310131109E-7	1
ém	1	1.44169310131109E-7	1
ép	1	1.44169310131109E-7	1
éq	1	1.44169310131109E-7	1
ìa	1	1.44169310131109E-7	1
ìc	1	1.44169310131109E-7	1
ìo	1	1.44169310131109E-7	1
í_	1	1.44169310131109E-7	1
ít	1	1.44169310131109E-7	1
î_	1	1.44169310131109E-7	1
ö_	1	1.44169310131109E-7	1
øm	1	1.44169310131109E-7	1
øn	1	1.44169310131109E-7	1
üh	1	1.44169310131109E-7	1
ür	1	1.44169310131109E-7	1
