French	3	868877	1016
	1)	e	0	0	0.0
		1)	en	0	0	0.0
			1)	ent	1	13352	0.0106152585
			2)	enc	85	1917	0.0015240752
			3)	end	103	1763	0.0014016404
			4)	ens	108	1720	0.001367454
			5)	enn	170	1206	9.588078E-4
			6)	en_	218	1027	8.164972E-4
			7)	eni	469	539	4.2852192E-4
			8)	env	571	427	3.394784E-4
			9)	enu	697	342	2.7190073E-4
			10)	ena	698	342	2.7190073E-4
			11)	enf	786	290	2.305591E-4
			12)	eng	1003	203	1.6139136E-4
		2)	es	0	0	0.0
			1)	es_	2	12593	0.01001183
			2)	est	51	2483	0.001974063
			3)	ess	147	1378	0.0010955533
			4)	esp	274	835	6.638512E-4
			5)	esu	692	344	2.734908E-4
		3)	er	0	0	0.0
			1)	er_	14	6000	0.004770188
			2)	ern	150	1362	0.0010828327
			3)	era	200	1057	8.4034813E-4
			4)	ers	228	971	7.7197544E-4
			5)	erm	394	636	5.0563994E-4
			6)	ert	448	566	4.4998777E-4
			7)	erv	467	541	4.3011198E-4
			8)	erc	510	492	3.9115542E-4
			9)	ero	689	346	2.7508085E-4
			10)	err	716	332	2.639504E-4
			11)	erg	806	282	2.2419884E-4
		4)	em	0	0	0.0
			1)	eme	15	5570	0.0044283248
			2)	emb	240	927	7.369941E-4
			3)	emp	290	816	6.487456E-4
			4)	ema	411	615	4.889443E-4
			5)	emi	891	241	1.9160256E-4
		5)	eu	0	0	0.0
			1)	eur	21	4144	0.00329461
			2)	eux	350	705	5.604971E-4
			3)	eut	486	517	4.1103121E-4
			4)	eus	659	366	2.909815E-4
			5)	eul	670	356	2.8303117E-4
			6)	eu_	718	331	2.6315538E-4
		6)	ec	0	0	0.0
			1)	ect	102	1774	0.0014103857
			2)	eco	773	298	2.3691935E-4
		7)	el	0	0	0.0
			1)	ell	112	1634	0.0012990813
			2)	elo	477	530	4.2136663E-4
			3)	el_	632	385	3.0608708E-4
			4)	els	864	253	2.0114293E-4
			5)	ela	902	238	1.8921746E-4
		8)	ea	0	0	0.0
			1)	eau	285	823	6.543108E-4
		9)	et	0	0	0.0
			1)	et_	319	768	6.105841E-4
			2)	ett	393	636	5.0563994E-4
			3)	ets	696	342	2.7190073E-4
		10)	ef	0	0	0.0
			1)	eff	378	657	5.223356E-4
		11)	ep	0	0	0.0
			1)	epr	452	561	4.460126E-4
			2)	ept	744	317	2.5202494E-4
		12)	ei	0	0	0.0
			1)	ein	531	472	3.752548E-4
			2)	eil	734	324	2.5759017E-4
		13)	ex	0	0	0.0
			1)	exp	542	458	3.6412437E-4
			2)	exi	560	438	3.4822375E-4
			3)	ext	695	342	2.7190073E-4
			4)	exe	725	329	2.6156532E-4
			5)	exc	990	207	1.645715E-4
			6)	exa	1009	202	1.6059633E-4
		14)	ev	0	0	0.0
			1)	evo	577	420	3.3391317E-4
			2)	evr	681	350	2.7826097E-4
		15)	ez	0	0	0.0
			1)	ez_	588	413	3.2834796E-4
	2)	n	0	0	0.0
		1)	nt	0	0	0.0
			1)	nt_	3	12274	0.009758215
			2)	nte	49	2504	0.0019907586
			3)	ntr	98	1816	0.001443777
			4)	nts	131	1484	0.0011798266
			5)	nti	143	1391	0.0011058886
			6)	nta	149	1375	0.0010931682
			7)	nté	305	791	6.288698E-4
		2)	ns	0	0	0.0
			1)	ns_	12	6286	0.0049975673
			2)	nsi	211	1041	8.2762766E-4
			3)	nst	216	1029	8.1808725E-4
			4)	nse	336	742	5.899133E-4
			5)	nsa	554	449	3.5696907E-4
			6)	nsp	741	318	2.5281997E-4
			7)	nsé	982	209	1.6616155E-4
		3)	nc	0	0	0.0
			1)	nce	33	3082	0.0024502866
			2)	nci	293	811	6.4477045E-4
			3)	nco	499	503	3.9990077E-4
			4)	ncu	795	287	2.28174E-4
			5)	nct	844	261	2.075032E-4
		4)	ne	0	0	0.0
			1)	ne_	38	2773	0.002204622
			2)	nes	161	1278	0.0010160501
			3)	nem	280	831	6.606711E-4
			4)	ner	370	667	5.3028594E-4
			5)	nel	818	274	2.1783859E-4
			6)	nen	846	259	2.0591312E-4
		5)	nn	0	0	0.0
			1)	nne	58	2269	0.0018039262
			2)	nné	558	440	3.498138E-4
			3)	nna	642	380	3.0211193E-4
		6)	nd	0	0	0.0
			1)	nde	181	1162	9.238265E-4
			2)	ndr	298	803	6.384102E-4
			3)	nda	356	697	5.541369E-4
			4)	ndi	399	630	5.0086976E-4
			5)	nd_	726	328	2.607703E-4
			6)	ndu	762	305	2.4248457E-4
			7)	nds	812	279	2.2181375E-4
			8)	ndé	1014	201	1.598013E-4
		7)	no	0	0	0.0
			1)	nom	251	900	7.155282E-4
			2)	nou	404	626	4.9768965E-4
			3)	non	707	340	2.7031067E-4
			4)	nor	883	245	1.9478268E-4
			5)	not	953	217	1.725218E-4
		8)	na	0	0	0.0
			1)	nan	283	829	6.59081E-4
			2)	nal	297	805	6.400003E-4
			3)	nat	322	763	6.066089E-4
			4)	nau	507	494	3.927455E-4
			5)	nai	645	379	3.013169E-4
		9)	ni	0	0	0.0
			1)	nir	416	607	4.8258403E-4
			2)	nis	481	524	4.1659645E-4
			3)	nit	539	462	3.6730448E-4
			4)	niè	559	440	3.498138E-4
			5)	nie	837	264	2.0988828E-4
			6)	niv	870	251	1.9955287E-4
			7)	niq	885	243	1.9319262E-4
			8)	nif	980	210	1.6695658E-4
		10)	nv	0	0	0.0
			1)	nvi	515	486	3.8638525E-4
			2)	nve	976	211	1.6775163E-4
		11)	né	0	0	0.0
			1)	née	525	475	3.776399E-4
			2)	néc	803	284	2.2578891E-4
			3)	né_	869	251	1.9955287E-4
			4)	nér	995	205	1.6298144E-4
		12)	ng	0	0	0.0
			1)	nge	673	355	2.8223614E-4
		13)	nf	0	0	0.0
			1)	nfo	688	346	2.7508085E-4
			2)	nfi	772	298	2.3691935E-4
		14)	nu	0	0	0.0
			1)	nue	860	255	2.02733E-4
			2)	nu_	987	208	1.6536652E-4
		15)	nq	0	0	0.0
			1)	nqu	861	255	2.02733E-4
	3)	i	0	0	0.0
		1)	io	0	0	0.0
			1)	ion	4	11444	0.009098339
			2)	ior	863	254	2.0193798E-4
		2)	ir	0	0	0.0
			1)	ire	24	3653	0.0029042496
			2)	ir_	76	2046	0.0016266342
			3)	iro	842	263	2.0909325E-4
		3)	iq	0	0	0.0
			1)	iqu	32	3086	0.0024534669
		4)	it	0	0	0.0
			1)	it_	37	2883	0.0022920754
			2)	iti	42	2676	0.002127504
			3)	ité	45	2604	0.0020702616
			4)	ite	164	1252	9.953793E-4
			5)	itu	269	852	6.7736674E-4
			6)	ita	505	498	3.9592563E-4
			7)	ito	565	436	3.4663366E-4
			8)	its	680	350	2.7826097E-4
		5)	is	0	0	0.0
			1)	is_	50	2498	0.0019859883
			2)	iss	119	1593	0.001266485
			3)	ise	138	1418	0.0011273545
			4)	ist	217	1027	8.164972E-4
			5)	isa	250	903	7.179133E-4
			6)	isi	436	578	4.5952812E-4
			7)	isp	631	385	3.0608708E-4
			8)	iso	709	339	2.6951564E-4
			9)	isc	730	326	2.5918023E-4
			10)	isé	733	324	2.5759017E-4
			11)	isl	988	208	1.6536652E-4
			12)	ism	996	205	1.6298144E-4
		6)	in	0	0	0.0
			1)	int	77	2028	0.0016123236
			2)	ins	186	1127	8.9600036E-4
			3)	ine	195	1085	8.62609E-4
			4)	in_	259	873	6.940624E-4
			5)	ini	309	783	6.225096E-4
			6)	ina	325	760	6.0422387E-4
			7)	inc	381	651	5.175654E-4
			8)	ind	501	500	3.975157E-4
			9)	inf	822	271	2.154535E-4
		7)	ie	0	0	0.0
			1)	ien	78	2017	0.0016035783
			2)	ie_	152	1348	0.0010717023
			3)	ier	168	1221	9.707333E-4
			4)	ieu	189	1111	8.8327983E-4
			5)	iel	768	299	2.3771438E-4
			6)	ies	779	295	2.3453425E-4
		8)	iv	0	0	0.0
			1)	ive	93	1853	0.0014731932
			2)	ivi	740	319	2.53615E-4
		9)	iè	0	0	0.0
			1)	ièr	134	1456	0.0011575656
			2)	ièm	888	242	1.923976E-4
		10)	id	0	0	0.0
			1)	ide	194	1086	8.634041E-4
			2)	idé	580	418	3.323231E-4
			3)	idi	754	312	2.480498E-4
		11)	il	0	0	0.0
			1)	il_	196	1084	8.61814E-4
			2)	ili	219	1026	8.157022E-4
			3)	ill	247	906	7.2029844E-4
			4)	ile	694	342	2.7190073E-4
		12)	im	0	0	0.0
			1)	imp	197	1076	8.554538E-4
			2)	ime	291	813	6.463605E-4
			3)	imi	594	409	3.2516784E-4
			4)	ima	1000	204	1.621864E-4
		13)	ic	0	0	0.0
			1)	ica	281	831	6.606711E-4
			2)	ici	304	793	6.3045986E-4
			3)	icu	445	567	4.507828E-4
			4)	ice	483	522	4.150064E-4
			5)	ict	1002	203	1.6139136E-4
		14)	if	0	0	0.0
			1)	ifi	351	704	5.597021E-4
			2)	iff	605	402	3.196026E-4
			3)	if_	640	382	3.03702E-4
			4)	ifs	759	308	2.4486968E-4
		15)	ia	0	0	0.0
			1)	ial	410	617	4.9053435E-4
			2)	iat	426	589	4.6827347E-4
		16)	ig	0	0	0.0
			1)	ign	443	572	4.5475794E-4
			2)	ige	958	216	1.7172677E-4
		17)	ib	0	0	0.0
			1)	ibl	544	457	3.6332934E-4
			2)	ibu	838	264	2.0988828E-4
			3)	ibi	942	223	1.77292E-4
		18)	ip	0	0	0.0
			1)	ipe	727	328	2.607703E-4
	4)	t	0	0	0.0
		1)	ti	0	0	0.0
			1)	tio	5	8712	0.0069263135
			2)	tiq	145	1390	0.0011050936
			3)	tiv	158	1290	0.0010255905
			4)	tie	198	1075	8.546587E-4
			5)	tif	260	871	6.924723E-4
			6)	tic	294	809	6.431804E-4
			7)	tit	300	800	6.360251E-4
			8)	tiè	564	436	3.4663366E-4
			9)	til	582	416	3.3073305E-4
			10)	tim	732	324	2.5759017E-4
			11)	tia	748	314	2.4963985E-4
			12)	tis	774	297	2.3612432E-4
			13)	tir	775	297	2.3612432E-4
			14)	tin	784	291	2.3135413E-4
		2)	té	0	0	0.0
			1)	té_	25	3591	0.0028549577
			2)	tés	307	789	6.2727975E-4
			3)	tér	494	508	4.0387595E-4
			4)	tég	706	340	2.7031067E-4
			5)	tée	808	280	2.2260878E-4
		3)	te	0	0	0.0
			1)	te_	31	3223	0.0025623862
			2)	ter	55	2357	0.0018738889
			3)	ten	94	1838	0.0014612677
			4)	tes	191	1094	8.697643E-4
			5)	teu	232	952	7.5686985E-4
			6)	tem	385	645	5.1279523E-4
			7)	tec	905	237	1.8842243E-4
		4)	ts	0	0	0.0
			1)	ts_	34	2987	0.0023747587
		5)	tr	0	0	0.0
			1)	tre	41	2683	0.002133069
			2)	tra	67	2156	0.0017140877
			3)	tro	327	757	6.0183875E-4
			4)	tri	369	667	5.3028594E-4
			5)	tru	449	563	4.4760265E-4
			6)	trè	598	405	3.219877E-4
			7)	trô	809	280	2.2260878E-4
		6)	ta	0	0	0.0
			1)	tan	127	1513	0.0012028825
			2)	tai	183	1150	9.1428607E-4
			3)	tat	236	937	7.449444E-4
			4)	tal	439	573	4.5555297E-4
			5)	tab	488	515	4.0944116E-4
			6)	tag	909	236	1.876274E-4
		7)	tu	0	0	0.0
			1)	tur	249	905	7.195034E-4
			2)	tue	520	478	3.8002498E-4
			3)	tut	805	282	2.2419884E-4
			4)	tua	896	239	1.9001249E-4
		8)	tt	0	0	0.0
			1)	tte	344	717	5.700375E-4
			2)	ttr	573	426	3.3868337E-4
		9)	to	0	0	0.0
			1)	tou	396	633	5.032549E-4
			2)	tor	665	362	2.8780135E-4
			3)	toy	770	298	2.3691935E-4
			4)	ton	919	233	1.8524232E-4
	5)	r	0	0	0.0
		1)	re	0	0	0.0
			1)	re_	6	8672	0.006894512
			2)	res	26	3589	0.0028533675
			3)	ren	99	1802	0.0014326465
			4)	rem	208	1043	8.292177E-4
			5)	rec	243	914	7.266587E-4
			6)	rer	357	696	5.533418E-4
			7)	rep	412	614	4.8814926E-4
			8)	rel	462	548	4.3567718E-4
			9)	reu	532	468	3.720747E-4
			10)	ret	736	322	2.5600012E-4
		2)	ro	0	0	0.0
			1)	rop	47	2548	0.00202574
			2)	ron	174	1190	9.4608736E-4
			3)	rou	323	762	6.058139E-4
			4)	roi	343	719	5.716276E-4
			5)	rog	360	686	5.453915E-4
			6)	roc	375	659	5.239257E-4
			7)	rob	606	401	3.1880758E-4
			8)	rod	742	317	2.5202494E-4
			9)	roj	794	287	2.28174E-4
			10)	rom	960	215	1.7093174E-4
		3)	ra	0	0	0.0
			1)	rai	52	2480	0.0019716779
			2)	rat	125	1520	0.0012084477
			3)	ran	140	1411	0.0011217892
			4)	rap	173	1199	9.532426E-4
			5)	ra_	258	873	6.940624E-4
			6)	rav	415	610	4.8496915E-4
			7)	ram	427	588	4.6747844E-4
			8)	ral	447	566	4.4998777E-4
			9)	rag	986	208	1.6536652E-4
			10)	rab	999	204	1.621864E-4
		4)	rs	0	0	0.0
			1)	rs_	68	2149	0.0017085224
		5)	ré	0	0	0.0
			1)	rés	117	1595	0.0012680751
			2)	rég	296	805	6.400003E-4
			3)	rée	518	480	3.8161507E-4
			4)	réc	538	462	3.6730448E-4
			5)	réf	574	424	3.370933E-4
			6)	réa	662	364	2.893914E-4
			7)	rép	663	363	2.8859638E-4
			8)	rév	827	268	2.130684E-4
			9)	ré_	829	267	2.1227337E-4
			10)	réd	1016	200	1.5900627E-4
		6)	ri	0	0	0.0
			1)	rit	146	1387	0.0011027085
			2)	ris	207	1044	8.300128E-4
			3)	rie	233	946	7.520997E-4
			4)	rio	607	401	3.1880758E-4
			5)	ric	621	392	3.116523E-4
			6)	rin	628	389	3.092672E-4
			7)	rim	677	354	2.814411E-4
			8)	rib	815	276	2.1942866E-4
			9)	rid	979	210	1.6695658E-4
		7)	rt	0	0	0.0
			1)	rti	172	1199	9.532426E-4
			2)	rt_	179	1176	9.349569E-4
			3)	rte	254	886	7.043978E-4
			4)	rta	277	832	6.614661E-4
			5)	rts	782	294	2.3373922E-4
			6)	rté	922	232	1.8444727E-4
			7)	rtu	1013	201	1.598013E-4
		8)	rm	0	0	0.0
			1)	rme	210	1042	8.2842266E-4
			2)	rma	752	312	2.480498E-4
		9)	rn	0	0	0.0
			1)	rne	314	774	6.153543E-4
			2)	rni	668	357	2.838262E-4
			3)	rna	761	306	2.432796E-4
		10)	rè	0	0	0.0
			1)	rès	373	660	5.247207E-4
			2)	règ	906	237	1.8842243E-4
		11)	rd	0	0	0.0
			1)	rd_	472	538	4.277269E-4
			2)	rde	957	216	1.7172677E-4
		12)	rc	0	0	0.0
			1)	rce	522	477	3.7922995E-4
			2)	rch	555	448	3.5617405E-4
			3)	rci	777	297	2.3612432E-4
		13)	rr	0	0	0.0
			1)	rre	536	464	3.6889454E-4
			2)	rra	826	269	2.1386344E-4
			3)	rri	881	246	1.9557771E-4
		14)	ru	0	0	0.0
			1)	ruc	547	453	3.6014922E-4
		15)	rô	0	0	0.0
			1)	rôl	591	411	3.267579E-4
		16)	rg	0	0	0.0
			1)	rge	648	376	2.989318E-4
			2)	rgi	708	339	2.6951564E-4
		17)	rv	0	0	0.0
			1)	rve	671	355	2.8223614E-4
			2)	rvi	867	251	1.9955287E-4
		18)	rq	0	0	0.0
			1)	rqu	749	314	2.4963985E-4
		19)	rê	0	0	0.0
			1)	rêt	873	250	1.9875784E-4
		20)	rh	0	0	0.0
			1)	rhu	956	216	1.7172677E-4
	6)	_	0	0	0.0
		1)	_c	0	0	0.0
			1)	_co	7	8662	0.006886562
			2)	_ce	178	1178	9.3654695E-4
			3)	_ca	182	1155	9.1826124E-4
			4)	_ch	202	1053	8.37168E-4
			5)	_cr	284	825	6.5590086E-4
			6)	_ci	517	483	3.8400016E-4
			7)	_cl	613	397	3.1562746E-4
			8)	_cu	971	213	1.6934169E-4
		2)	_p	0	0	0.0
			1)	_pr	11	6720	0.0053426106
			2)	_pa	18	4840	0.0038479518
			3)	_po	28	3504	0.00278579
			4)	_pe	71	2082	0.0016552553
			5)	_pl	95	1829	0.0014541124
			6)	_pu	479	527	4.1898154E-4
			7)	_pé	908	237	1.8842243E-4
		3)	_à	0	0	0.0
			1)	_à_	16	5504	0.0043758526
		4)	_i	0	0	0.0
			1)	_in	27	3525	0.0028024856
			2)	_im	201	1057	8.4034813E-4
		5)	_d	0	0	0.0
			1)	_dé	29	3452	0.0027444484
			2)	_di	62	2202	0.0017506591
			3)	_de	73	2065	0.0016417397
			4)	_do	83	1952	0.0015519012
			5)	_dr	596	409	3.2516784E-4
			6)	_da	813	279	2.2181375E-4
		6)	_r	0	0	0.0
			1)	_re	30	3312	0.002633144
			2)	_ré	35	2951	0.0023461375
			3)	_ra	128	1498	0.001190957
			4)	_ri	763	305	2.4248457E-4
			5)	_rè	916	235	1.8683237E-4
		7)	_q	0	0	0.0
			1)	_qu	40	2732	0.0021720256
		8)	_s	0	0	0.0
			1)	_so	56	2331	0.0018532182
			2)	_se	66	2158	0.0017156777
			3)	_su	162	1257	9.993544E-4
			4)	_si	312	779	6.1932945E-4
			5)	_sa	337	742	5.899133E-4
			6)	_st	487	517	4.1103121E-4
			7)	_sé	516	486	3.8638525E-4
			8)	_sy	816	276	2.1942866E-4
		9)	_m	0	0	0.0
			1)	_ma	63	2199	0.001748274
			2)	_mo	75	2048	0.0016282243
			3)	_me	133	1464	0.001163926
			4)	_mi	308	784	6.233046E-4
			5)	_mê	533	465	3.696896E-4
			6)	_mé	981	210	1.6695658E-4
		10)	_t	0	0	0.0
			1)	_tr	65	2164	0.0017204479
			2)	_te	213	1035	8.228575E-4
			3)	_to	417	607	4.8258403E-4
			4)	_ta	699	342	2.7190073E-4
			5)	_ti	802	285	2.2658394E-4
		11)	_e	0	0	0.0
			1)	_en	69	2109	0.0016767211
			2)	_ex	110	1686	0.0013404229
			3)	_eu	126	1519	0.0012076526
			4)	_es	358	691	5.493667E-4
			5)	_ef	391	639	5.0802506E-4
			6)	_em	700	342	2.7190073E-4
		12)	_a	0	0	0.0
			1)	_au	80	1990	0.0015821124
			2)	_ac	130	1488	0.0011830067
			3)	_ap	192	1093	8.689693E-4
			4)	_av	268	855	6.797518E-4
			5)	_an	330	756	6.010437E-4
			6)	_am	424	592	4.7065856E-4
			7)	_ad	438	575	4.5714303E-4
			8)	_ai	455	557	4.4283248E-4
			9)	_at	456	556	4.4203745E-4
			10)	_as	484	522	4.150064E-4
			11)	_ag	519	480	3.8161507E-4
			12)	_ar	540	460	3.6571443E-4
			13)	_al	589	413	3.2834796E-4
			14)	_ab	599	405	3.219877E-4
			15)	_af	848	259	2.0591312E-4
		13)	_f	0	0	0.0
			1)	_fa	105	1748	0.0013897149
			2)	_fo	142	1395	0.0011090687
			3)	_fi	409	619	4.921244E-4
			4)	_fr	719	331	2.6315538E-4
			5)	_fe	898	239	1.9001249E-4
		14)	_v	0	0	0.0
			1)	_vo	132	1477	0.0011742613
			2)	_vi	299	803	6.384102E-4
			3)	_ve	551	451	3.5855916E-4
			4)	_vu	787	290	2.305591E-4
			5)	_va	938	226	1.796771E-4
			6)	_vé	1004	203	1.6139136E-4
		15)	_n	0	0	0.0
			1)	_no	139	1412	0.0011225843
			2)	_na	310	783	6.225096E-4
			3)	_né	433	582	4.6270827E-4
			4)	_ne	633	385	3.0608708E-4
			5)	_ni	811	280	2.2260878E-4
		16)	_é	0	0	0.0
			1)	_ét	159	1289	0.0010247955
			2)	_éc	341	725	5.7639775E-4
			3)	_ég	363	681	5.4141635E-4
			4)	_él	419	605	4.8099397E-4
			5)	_év	526	475	3.776399E-4
		17)	_g	0	0	0.0
			1)	_gr	253	891	7.08373E-4
			2)	_ga	817	275	2.1863362E-4
			3)	_go	843	262	2.0829822E-4
			4)	_gé	874	250	1.9875784E-4
		18)	_l	0	0	0.0
			1)	_li	256	878	6.9803756E-4
			2)	_lo	332	749	5.954785E-4
			3)	_la	737	321	2.5520506E-4
			4)	_lé	750	314	2.4963985E-4
			5)	_lu	992	207	1.645715E-4
		19)	_j	0	0	0.0
			1)	_ju	306	791	6.288698E-4
			2)	_ja	634	385	3.0608708E-4
			3)	_jo	661	365	2.9018646E-4
			4)	_je	912	236	1.876274E-4
		20)	_ê	0	0	0.0
			1)	_êt	311	781	6.209195E-4
		21)	_u	0	0	0.0
			1)	_un	349	706	5.6129217E-4
			2)	_ut	945	221	1.7570193E-4
		22)	_o	0	0	0.0
			1)	_ob	401	628	4.992797E-4
			2)	_or	435	580	4.611182E-4
			3)	_op	836	265	2.1068331E-4
			4)	_ou	904	238	1.8921746E-4
			5)	_oc	917	235	1.8683237E-4
			6)	_où	936	227	1.8047213E-4
		23)	_b	0	0	0.0
			1)	_be	703	341	2.711057E-4
			2)	_ba	704	341	2.711057E-4
			3)	_bo	711	338	2.687206E-4
		24)	_h	0	0	0.0
			1)	_ho	889	242	1.923976E-4
			2)	_ha	921	233	1.8524232E-4
	7)	o	0	0	0.0
		1)	on	0	0	0.0
			1)	on_	8	8193	0.006513692
			2)	ons	10	7222	0.0057417164
			3)	ont	44	2626	0.0020877523
			4)	onn	106	1737	0.0013809695
			5)	onc	123	1569	0.0012474043
			6)	ond	185	1129	8.975904E-4
			7)	ona	406	624	4.960996E-4
			8)	ono	478	528	4.1977657E-4
			9)	onf	664	363	2.8859638E-4
			10)	onv	920	233	1.8524232E-4
		2)	or	0	0	0.0
			1)	ort	46	2570	0.0020432307
			2)	orm	242	923	7.3381397E-4
			3)	ori	261	869	6.9088227E-4
			4)	ord	279	832	6.614661E-4
			5)	ore	512	489	3.8877034E-4
			6)	ors	656	367	2.9177652E-4
			7)	ora	738	320	2.5441003E-4
			8)	orc	1006	202	1.6059633E-4
		3)	ou	0	0	0.0
			1)	our	60	2226	0.0017697398
			2)	ouv	86	1916	0.00152328
			3)	out	234	944	7.505096E-4
			4)	oup	453	558	4.436275E-4
			5)	oul	557	441	3.5060884E-4
			6)	oud	567	433	3.4424858E-4
			7)	ous	886	242	1.923976E-4
		4)	om	0	0	0.0
			1)	omm	104	1758	0.0013976651
			2)	omp	204	1048	8.331929E-4
			3)	omi	423	598	4.7542877E-4
			4)	omb	583	416	3.3073305E-4
			5)	oma	789	289	2.2976406E-4
		5)	op	0	0	0.0
			1)	opé	115	1618	0.0012863608
			2)	opo	338	734	5.8355305E-4
			3)	opp	504	498	3.9592563E-4
			4)	opt	900	238	1.8921746E-4
		6)	oi	0	0	0.0
			1)	oit	157	1309	0.001040696
			2)	oir	188	1118	8.8884507E-4
			3)	ois	222	1008	8.013916E-4
			4)	oin	239	929	7.3858415E-4
			5)	oi_	550	451	3.5855916E-4
			6)	oie	790	288	2.2896903E-4
			7)	oiv	914	235	1.8683237E-4
		7)	ol	0	0	0.0
			1)	oli	206	1047	8.3239784E-4
			2)	oll	524	477	3.7922995E-4
			3)	olu	587	413	3.2834796E-4
			4)	ole	830	267	2.1227337E-4
			5)	olo	923	232	1.8444727E-4
		8)	os	0	0	0.0
			1)	osi	262	868	6.900872E-4
			2)	ose	466	541	4.3011198E-4
			3)	oss	622	392	3.116523E-4
			4)	osé	868	251	1.9955287E-4
		9)	og	0	0	0.0
			1)	ogr	376	659	5.239257E-4
		10)	oc	0	0	0.0
			1)	oci	407	623	4.953045E-4
			2)	och	887	242	1.923976E-4
			3)	occ	946	220	1.749069E-4
			4)	ocr	948	218	1.7331683E-4
		11)	oy	0	0	0.0
			1)	oye	489	513	4.078511E-4
		12)	ob	0	0	0.0
			1)	obl	570	427	3.394784E-4
			2)	obj	623	392	3.116523E-4
		13)	ot	0	0	0.0
			1)	ote	575	423	3.3629828E-4
			2)	ota	866	252	2.003479E-4
		14)	od	0	0	0.0
			1)	odu	756	309	2.456647E-4
			2)	ode	893	240	1.9080754E-4
		15)	oj	0	0	0.0
			1)	oje	797	286	2.2737897E-4
		16)	où	0	0	0.0
			1)	où_	932	229	1.8206218E-4
	8)	m	0	0	0.0
		1)	me	0	0	0.0
			1)	men	9	7825	0.0062211207
			2)	me_	48	2516	0.0020002988
			3)	mes	144	1391	0.0011058886
			4)	mem	397	633	5.032549E-4
			5)	met	420	603	4.794039E-4
			6)	mer	442	572	4.5475794E-4
		2)	mm	0	0	0.0
			1)	mme	153	1340	0.001065342
			2)	mmu	367	671	5.3346605E-4
			3)	mmi	492	510	4.05466E-4
			4)	mma	894	240	1.9080754E-4
		3)	mo	0	0	0.0
			1)	mon	193	1088	8.6499413E-4
			2)	moi	506	498	3.9592563E-4
			3)	mod	791	288	2.2896903E-4
			4)	moc	1007	202	1.6059633E-4
		4)	ma	0	0	0.0
			1)	man	209	1043	8.292177E-4
			2)	mat	264	862	6.8531703E-4
			3)	mai	324	760	6.0422387E-4
			4)	mar	421	603	4.794039E-4
			5)	mal	910	236	1.876274E-4
		5)	mi	0	0	0.0
			1)	mis	223	1003	7.974165E-4
			2)	min	328	756	6.010437E-4
			3)	miq	713	336	2.6713053E-4
			4)	mit	833	265	2.1068331E-4
			5)	mil	834	265	2.1068331E-4
			6)	mie	918	234	1.8603734E-4
		6)	mp	0	0	0.0
			1)	mpl	255	883	7.020127E-4
			2)	mpo	303	795	6.320499E-4
			3)	mpr	746	315	2.5043488E-4
			4)	mpt	767	301	2.3930444E-4
			5)	mps	935	227	1.8047213E-4
		7)	mb	0	0	0.0
			1)	mbr	271	848	6.741866E-4
			2)	mbl	653	371	2.9495664E-4
		8)	mu	0	0	0.0
			1)	mun	354	699	5.5572693E-4
		9)	mê	0	0	0.0
			1)	mêm	437	576	4.5793806E-4
	9)	a	0	0	0.0
		1)	at	0	0	0.0
			1)	ati	13	6041	0.0048027844
			2)	att	377	658	5.2313064E-4
			3)	ate	476	532	4.2295668E-4
			4)	at_	528	474	3.7684487E-4
			5)	até	903	238	1.8921746E-4
			6)	atu	977	211	1.6775163E-4
		2)	an	0	0	0.0
			1)	ant	23	3761	0.002990113
			2)	anc	124	1523	0.0012108327
			3)	and	190	1100	8.745345E-4
			4)	ani	346	713	5.6685734E-4
			5)	ans	418	606	4.81789E-4
			6)	ang	611	400	3.1801255E-4
			7)	ann	630	386	3.068821E-4
		3)	ai	0	0	0.0
			1)	air	53	2434	0.0019351064
			2)	ait	92	1861	0.0014795534
			3)	ais	116	1615	0.0012839757
			4)	ain	171	1202	9.556277E-4
			5)	ail	441	573	4.5555297E-4
			6)	ai_	521	478	3.8002498E-4
			7)	aie	595	409	3.2516784E-4
			8)	aid	657	367	2.9177652E-4
		4)	al	0	0	0.0
			1)	ale	59	2253	0.0017912057
			2)	ali	177	1183	9.405221E-4
			3)	al_	321	768	6.105841E-4
			4)	all	856	257	2.0432306E-4
		5)	as	0	0	0.0
			1)	as_	61	2223	0.0017673548
			2)	ass	317	772	6.137642E-4
		6)	ap	0	0	0.0
			1)	app	81	1983	0.0015765472
			2)	api	961	215	1.7093174E-4
		7)	ar	0	0	0.0
			1)	art	113	1627	0.001293516
			2)	ara	429	585	4.6509336E-4
			3)	arg	446	567	4.507828E-4
			4)	arc	548	452	3.593542E-4
			5)	ard	629	387	3.0767714E-4
			6)	ari	723	330	2.6236035E-4
			7)	arl	879	248	1.9716778E-4
			8)	are	911	236	1.876274E-4
		8)	au	0	0	0.0
			1)	aut	114	1619	0.0012871558
			2)	aux	272	848	6.741866E-4
			3)	aus	374	660	5.247207E-4
			4)	au_	513	488	3.879753E-4
			5)	aur	778	297	2.3612432E-4
			6)	auj	835	265	2.1068331E-4
			7)	aud	871	251	1.9955287E-4
			8)	auc	872	251	1.9955287E-4
		9)	ab	0	0	0.0
			1)	abl	184	1130	8.983855E-4
			2)	abi	651	372	2.9575167E-4
			3)	abo	658	367	2.9177652E-4
		10)	ac	0	0	0.0
			1)	act	227	973	7.7356555E-4
			2)	acc	286	822	6.535158E-4
			3)	ace	471	539	4.2852192E-4
			4)	aci	884	244	1.9398765E-4
		11)	ag	0	0	0.0
			1)	age	229	965	7.6720526E-4
			2)	agi	644	380	3.0211193E-4
		12)	av	0	0	0.0
			1)	ava	292	812	6.4556545E-4
			2)	avo	388	643	5.112052E-4
			3)	ave	530	473	3.7604984E-4
			4)	avi	764	304	2.4168954E-4
		13)	am	0	0	0.0
			1)	ame	315	774	6.153543E-4
			2)	amm	335	744	5.9150334E-4
		14)	ay	0	0	0.0
			1)	ays	561	437	3.4742872E-4
		15)	ad	0	0	0.0
			1)	adr	780	295	2.3453425E-4
			2)	ada	895	240	1.9080754E-4
			3)	ado	991	207	1.645715E-4
		16)	af	0	0	0.0
			1)	aff	832	267	2.1227337E-4
	10)	c	0	0	0.0
		1)	co	0	0	0.0
			1)	con	17	5490	0.0043647224
			2)	com	43	2656	0.0021116033
			3)	cor	320	768	6.105841E-4
			4)	cou	329	756	6.010437E-4
			5)	col	460	550	4.3726724E-4
			6)	coo	973	212	1.6854666E-4
		2)	ce	0	0	0.0
			1)	ce_	39	2755	0.0021903114
			2)	ces	84	1931	0.0015352056
			3)	cer	244	913	7.258636E-4
			4)	cep	566	435	3.4583863E-4
			5)	cen	618	395	3.140374E-4
		3)	ct	0	0	0.0
			1)	cti	72	2070	0.001645715
			2)	cte	379	657	5.223356E-4
			3)	ctu	432	583	4.635033E-4
		4)	ch	0	0	0.0
			1)	che	231	955	7.5925497E-4
			2)	cha	289	818	6.503357E-4
			3)	ché	666	362	2.8780135E-4
			4)	cho	820	273	2.1704356E-4
		5)	cu	0	0	0.0
			1)	cul	267	855	6.797518E-4
			2)	cur	398	632	5.024598E-4
		6)	ca	0	0	0.0
			1)	cat	345	715	5.6844746E-4
			2)	cas	728	328	2.607703E-4
			3)	cad	855	257	2.0432306E-4
			4)	cal	1015	201	1.598013E-4
		7)	ci	0	0	0.0
			1)	cit	348	709	5.636772E-4
			2)	cie	362	684	5.4380146E-4
			3)	cia	368	671	5.3346605E-4
			4)	cip	474	534	4.2454674E-4
			5)	cis	543	458	3.6412437E-4
			6)	ci_	702	341	2.711057E-4
			7)	cil	970	213	1.6934169E-4
		8)	cl	0	0	0.0
			1)	cla	428	588	4.6747844E-4
			2)	clu	814	278	2.2101872E-4
			3)	cle	831	267	2.1227337E-4
		9)	cr	0	0	0.0
			1)	cri	584	416	3.3073305E-4
			2)	cré	691	345	2.7428582E-4
			3)	cra	796	287	2.28174E-4
			4)	cro	799	286	2.2737897E-4
		10)	cc	0	0	0.0
			1)	cco	602	404	3.2119267E-4
			2)	cce	950	218	1.7331683E-4
		11)	cé	0	0	0.0
			1)	céd	798	286	2.2737897E-4
	11)	q	0	0	0.0
		1)	qu	0	0	0.0
			1)	que	19	4638	0.0036873554
			2)	qui	220	1020	8.10932E-4
			3)	qua	495	508	4.0387595E-4
			4)	qu_	586	413	3.2834796E-4
			5)	quo	724	329	2.6156532E-4
			6)	qué	967	213	1.6934169E-4
	12)	l	0	0	0.0
		1)	le	0	0	0.0
			1)	le_	20	4265	0.0033908088
			2)	les	90	1878	0.0014930689
			3)	lem	109	1690	0.001343603
			4)	ler	482	522	4.150064E-4
			5)	leu	624	392	3.116523E-4
			6)	len	862	255	2.02733E-4
			7)	lec	983	209	1.6616155E-4
		2)	ll	0	0	0.0
			1)	lle	57	2309	0.0018357275
			2)	llè	753	312	2.480498E-4
			3)	lli	964	214	1.7013671E-4
		3)	li	0	0	0.0
			1)	lit	88	1913	0.001520895
			2)	lis	270	850	6.757767E-4
			3)	lie	389	642	5.104101E-4
			4)	lic	508	494	3.927455E-4
			5)	lim	625	391	3.1085726E-4
			6)	lig	650	372	2.9575167E-4
			7)	liq	674	355	2.8223614E-4
			8)	lib	743	317	2.5202494E-4
			9)	lio	882	246	1.9557771E-4
			10)	liè	901	238	1.8921746E-4
		4)	lu	0	0	0.0
			1)	lus	135	1450	0.0011527955
			2)	lut	502	499	3.9672066E-4
		5)	la	0	0	0.0
			1)	lat	384	646	5.135903E-4
			2)	lai	451	562	4.4680762E-4
			3)	lar	473	535	4.2534177E-4
			4)	lan	490	513	4.078511E-4
			5)	lab	915	235	1.8683237E-4
			6)	lac	944	222	1.7649696E-4
		6)	lo	0	0	0.0
			1)	lon	458	554	4.404474E-4
			2)	lop	600	404	3.2119267E-4
			3)	loi	636	384	3.0529205E-4
			4)	lor	639	382	3.03702E-4
			5)	log	941	224	1.7808702E-4
		7)	ls	0	0	0.0
			1)	ls_	556	442	3.5140387E-4
		8)	lé	0	0	0.0
			1)	lég	667	361	2.8700632E-4
		9)	lè	0	0	0.0
			1)	lèm	684	347	2.7587588E-4
			2)	lèg	757	309	2.456647E-4
		10)	lt	0	0	0.0
			1)	ltu	940	225	1.7888205E-4
		11)	là	0	0	0.0
			1)	là_	963	214	1.7013671E-4
	13)	p	0	0	0.0
		1)	pr	0	0	0.0
			1)	pro	22	3948	0.0031387839
			2)	pré	97	1816	0.001443777
			3)	pri	129	1494	0.0011877769
			4)	pre	214	1034	8.2206243E-4
			5)	prè	968	213	1.6934169E-4
		2)	pa	0	0	0.0
			1)	par	54	2381	0.0018929697
			2)	pas	64	2167	0.001722833
			3)	pay	514	487	3.8718028E-4
		3)	po	0	0	0.0
			1)	por	70	2105	0.001673541
			2)	pos	82	1974	0.0015693919
			3)	pou	221	1019	8.1013696E-4
			4)	pol	230	961	7.6402514E-4
			5)	pon	459	551	4.380623E-4
			6)	poi	541	458	3.6412437E-4
		4)	pé	0	0	0.0
			1)	pée	136	1445	0.0011488204
			2)	pér	457	555	4.4124242E-4
			3)	pét	930	229	1.8206218E-4
		5)	pl	0	0	0.0
			1)	plu	148	1375	0.0010931682
			2)	pli	440	573	4.5555297E-4
			3)	pla	523	477	3.7922995E-4
			4)	ple	552	450	3.577641E-4
			5)	plo	660	365	2.9018646E-4
		6)	pp	0	0	0.0
			1)	ppo	203	1049	8.339879E-4
			2)	ppe	383	647	5.143853E-4
			3)	ppr	608	401	3.1880758E-4
			4)	ppl	672	355	2.8223614E-4
		7)	pe	0	0	0.0
			1)	per	237	934	7.425593E-4
			2)	peu	273	844	6.710065E-4
			3)	pen	278	832	6.614661E-4
			4)	pe_	444	570	4.531679E-4
			5)	pem	745	316	2.512299E-4
			6)	pec	755	310	2.4645973E-4
			7)	pel	821	271	2.154535E-4
		8)	pt	0	0	0.0
			1)	pte	576	421	3.347082E-4
			2)	pti	913	235	1.8683237E-4
		9)	pu	0	0	0.0
			1)	pui	687	346	2.7508085E-4
			2)	pub	931	229	1.8206218E-4
		10)	ps	0	0	0.0
			1)	ps_	892	240	1.9080754E-4
	14)	u	0	0	0.0
		1)	ue	0	0	0.0
			1)	ue_	36	2898	0.002304001
			2)	ues	87	1915	0.001522485
			3)	uel	430	584	4.6429833E-4
			4)	uer	464	543	4.3170204E-4
			5)	uen	617	395	3.140374E-4
		2)	ur	0	0	0.0
			1)	ure	74	2057	0.0016353795
			2)	ur_	100	1800	0.0014310564
			3)	uro	122	1574	0.0012513794
			4)	urs	155	1311	0.0010422862
			5)	ura	395	633	5.032549E-4
			6)	uri	414	611	4.8576418E-4
			7)	urr	434	581	4.6191324E-4
			8)	urh	955	216	1.7172677E-4
			9)	urt	1011	201	1.598013E-4
		3)	us	0	0	0.0
			1)	us_	96	1826	0.0014517272
			2)	uss	352	703	5.5890705E-4
			3)	use	498	504	4.006958E-4
			4)	ust	534	464	3.6889454E-4
		4)	uv	0	0	0.0
			1)	uve	118	1594	0.00126728
			2)	uvo	683	348	2.766709E-4
			3)	uvr	804	283	2.2499388E-4
		5)	ux	0	0	0.0
			1)	ux_	141	1404	0.0011162241
		6)	ut	0	0	0.0
			1)	uti	169	1208	9.603979E-4
			2)	ut_	205	1047	8.3239784E-4
			3)	ute	405	625	4.968946E-4
			4)	utr	569	430	3.418635E-4
			5)	uto	590	411	3.267579E-4
			6)	uta	676	354	2.814411E-4
			7)	uté	852	257	2.0432306E-4
		7)	un	0	0	0.0
			1)	une	282	830	6.5987604E-4
			2)	uni	563	436	3.4663366E-4
			3)	una	647	376	2.989318E-4
			4)	un_	974	211	1.6775163E-4
		8)	ui	0	0	0.0
			1)	uil	301	795	6.320499E-4
			2)	uis	496	507	4.030809E-4
			3)	uit	535	464	3.6889454E-4
			4)	ui_	800	285	2.2658394E-4
			5)	uiv	972	212	1.6854666E-4
		9)	ul	0	0	0.0
			1)	ult	413	612	4.865592E-4
			2)	ule	468	540	4.2931695E-4
			3)	uli	500	500	3.975157E-4
			4)	ula	760	307	2.4407463E-4
		10)	uc	0	0	0.0
			1)	uct	425	590	4.690685E-4
		11)	ud	0	0	0.0
			1)	udr	485	521	4.1421133E-4
			2)	ude	845	260	2.0670815E-4
			3)	udi	962	214	1.7013671E-4
		12)	uj	0	0	0.0
			1)	ujo	578	419	3.3311814E-4
			2)	uje	925	230	1.8285721E-4
		13)	up	0	0	0.0
			1)	upe	581	416	3.3073305E-4
		14)	um	0	0	0.0
			1)	ume	604	402	3.196026E-4
		15)	ua	0	0	0.0
			1)	uat	729	326	2.5918023E-4
		16)	ub	0	0	0.0
			1)	ubl	739	319	2.53615E-4
		17)	ué	0	0	0.0
			1)	ué_	978	210	1.6695658E-4
	15)	s	0	0	0.0
		1)	se	0	0	0.0
			1)	se_	79	2014	0.0016011932
			2)	ser	121	1584	0.0012593297
			3)	sen	151	1353	0.0010756775
			4)	ses	263	867	6.892922E-4
			5)	sem	288	818	6.503357E-4
			6)	seu	652	371	2.9495664E-4
			7)	sei	765	303	2.408945E-4
			8)	sec	875	249	1.9796281E-4
		2)	ss	0	0	0.0
			1)	ssi	89	1886	0.0014994291
			2)	sse	160	1281	0.0010184352
			3)	ssa	316	773	6.145593E-4
			4)	ssu	619	393	3.1244732E-4
			5)	sso	771	298	2.3691935E-4
		3)	st	0	0	0.0
			1)	sti	101	1787	0.0014207211
			2)	str	167	1227	9.7550347E-4
			3)	st_	225	989	7.86286E-4
			4)	ste	252	893	7.0996303E-4
			5)	sta	339	730	5.8037293E-4
		4)	si	0	0	0.0
			1)	sio	120	1587	0.0012617147
			2)	sit	163	1253	9.961743E-4
			3)	sid	387	644	5.1200023E-4
			4)	si_	450	563	4.4760265E-4
			5)	sie	480	525	4.1739148E-4
			6)	sib	603	403	3.2039764E-4
			7)	sis	859	255	2.02733E-4
			8)	sig	952	217	1.725218E-4
		5)	so	0	0	0.0
			1)	sou	176	1187	9.4370224E-4
			2)	soi	365	672	5.3426105E-4
			3)	son	372	665	5.286959E-4
			4)	soc	491	511	4.0626104E-4
			5)	sol	546	456	3.625343E-4
			6)	sor	929	229	1.8206218E-4
		6)	sp	0	0	0.0
			1)	spo	302	795	6.320499E-4
			2)	spe	637	383	3.0449702E-4
			3)	spa	828	267	2.1227337E-4
			4)	spé	934	227	1.8047213E-4
		7)	sa	0	0	0.0
			1)	san	331	753	5.9865863E-4
			2)	sat	463	545	4.332921E-4
			3)	sai	465	543	4.3170204E-4
			4)	sab	638	383	3.0449702E-4
			5)	sav	781	294	2.3373922E-4
			6)	sag	937	226	1.796771E-4
		8)	su	0	0	0.0
			1)	sur	359	689	5.4777664E-4
			2)	sui	655	367	2.9177652E-4
			3)	sus	865	252	2.003479E-4
			4)	suj	926	230	1.8285721E-4
			5)	sul	975	211	1.6775163E-4
		9)	sq	0	0	0.0
			1)	squ	635	384	3.0529205E-4
		10)	sé	0	0	0.0
			1)	sé_	649	372	2.9575167E-4
			2)	séc	776	297	2.3612432E-4
			3)	sée	810	280	2.2260878E-4
		11)	sc	0	0	0.0
			1)	sci	878	248	1.9716778E-4
		12)	sm	0	0	0.0
			1)	sme	951	217	1.725218E-4
		13)	sl	0	0	0.0
			1)	sla	989	207	1.645715E-4
		14)	sy	0	0	0.0
			1)	sys	1012	201	1.598013E-4
	16)	è	0	0	0.0
		1)	èr	0	0	0.0
			1)	ère	91	1872	0.0014882988
		2)	ès	0	0	0.0
			1)	ès_	257	876	6.964475E-4
		3)	èm	0	0	0.0
			1)	ème	287	818	6.503357E-4
		4)	èg	0	0	0.0
			1)	ègu	769	298	2.3691935E-4
			2)	ègl	927	229	1.8206218E-4
	17)	b	0	0	0.0
		1)	bl	0	0	0.0
			1)	ble	107	1732	0.0013769943
			2)	bli	454	557	4.4283248E-4
			3)	blè	686	347	2.7587588E-4
		2)	br	0	0	0.0
			1)	bre	224	1001	7.9582643E-4
		3)	bi	0	0	0.0
			1)	bil	400	630	5.0086976E-4
		4)	ba	0	0	0.0
			1)	bat	610	400	3.1801255E-4
			2)	bas	993	206	1.6377647E-4
		5)	bj	0	0	0.0
			1)	bje	620	393	3.1244732E-4
		6)	bo	0	0	0.0
			1)	bor	690	346	2.7508085E-4
			2)	bon	849	258	2.0511809E-4
	18)	é	0	0	0.0
		1)	és	0	0	0.0
			1)	és_	111	1684	0.0013388328
			2)	ése	318	770	6.1217416E-4
			3)	ési	475	533	4.237517E-4
			4)	éso	819	273	2.1704356E-4
		2)	ée	0	0	0.0
			1)	éen	137	1432	0.0011384849
			2)	ée_	154	1315	0.0010454663
			3)	ées	226	974	7.7436055E-4
		3)	ég	0	0	0.0
			1)	égi	215	1030	8.188823E-4
			2)	éga	275	833	6.6226115E-4
		4)	ér	0	0	0.0
			1)	éri	245	909	7.226835E-4
			2)	éra	333	747	5.9388846E-4
			3)	ére	408	619	4.921244E-4
		5)	ét	0	0	0.0
			1)	éta	295	806	6.407953E-4
			2)	été	326	758	6.026338E-4
			3)	éte	788	289	2.2976406E-4
		6)	éc	0	0	0.0
			1)	éci	386	644	5.1200023E-4
			2)	éco	402	626	4.9768965E-4
			3)	éce	572	426	3.3868337E-4
			4)	écu	597	407	3.2357775E-4
			5)	éch	858	255	2.02733E-4
			6)	écl	1005	202	1.6059633E-4
		7)	év	0	0	0.0
			1)	éve	511	489	3.8877034E-4
			2)	évi	840	263	2.0909325E-4
			3)	évo	939	225	1.7888205E-4
		8)	él	0	0	0.0
			1)	éli	641	381	3.0290696E-4
			2)	éla	701	341	2.711057E-4
		9)	ém	0	0	0.0
			1)	éme	678	353	2.8064608E-4
			2)	émo	785	290	2.305591E-4
		10)	éq	0	0	0.0
			1)	équ	720	330	2.6236035E-4
		11)	éb	0	0	0.0
			1)	éba	758	308	2.4486968E-4
		12)	én	0	0	0.0
			1)	éné	766	302	2.4009947E-4
		13)	éf	0	0	0.0
			1)	éfi	823	270	2.1465847E-4
			2)	éfo	966	213	1.6934169E-4
		14)	ép	0	0	0.0
			1)	épo	850	257	2.0432306E-4
			2)	épa	1010	201	1.598013E-4
		15)	éj	0	0	0.0
			1)	éjà	851	257	2.0432306E-4
		16)	éd	0	0	0.0
			1)	édu	857	255	2.02733E-4
			2)	édi	997	204	1.621864E-4
		17)	éa	0	0	0.0
			1)	éal	998	204	1.621864E-4
	19)	v	0	0	0.0
		1)	ve	0	0	0.0
			1)	ven	156	1310	0.001041491
			2)	ve_	199	1064	8.4591337E-4
			3)	ver	212	1038	8.2524255E-4
			4)	vel	342	720	5.724226E-4
			5)	vea	529	473	3.7604984E-4
			6)	ves	562	436	3.4663366E-4
			7)	veu	793	287	2.28174E-4
			8)	vem	924	230	1.8285721E-4
		2)	vo	0	0	0.0
			1)	voi	175	1187	9.4370224E-4
			2)	von	364	680	5.4062135E-4
			3)	vou	380	655	5.207455E-4
			4)	vol	899	238	1.8921746E-4
			5)	vot	928	229	1.8206218E-4
		3)	va	0	0	0.0
			1)	vai	355	698	5.549319E-4
			2)	van	585	413	3.2834796E-4
			3)	val	841	263	2.0909325E-4
		4)	vi	0	0	0.0
			1)	vis	403	626	4.9768965E-4
			2)	vie	545	456	3.625343E-4
			3)	vit	705	340	2.7031067E-4
			4)	vir	751	313	2.4884482E-4
			5)	vic	877	248	1.9716778E-4
		5)	vr	0	0	0.0
			1)	vra	614	396	3.1483243E-4
			2)	vre	679	352	2.7985105E-4
		6)	vu	0	0	0.0
			1)	vue	824	270	2.1465847E-4
	20)	g	0	0	0.0
		1)	gr	0	0	0.0
			1)	gra	165	1245	9.89814E-4
			2)	gro	654	368	2.9257155E-4
		2)	ge	0	0	0.0
			1)	ge_	266	856	6.8054686E-4
			2)	gen	592	411	3.267579E-4
			3)	ger	675	355	2.8223614E-4
			4)	ges	792	288	2.2896903E-4
			5)	gem	907	237	1.8842243E-4
		3)	ga	0	0	0.0
			1)	gal	392	636	5.0563994E-4
			2)	gar	646	379	3.013169E-4
			3)	gan	969	213	1.6934169E-4
			4)	gag	985	209	1.6616155E-4
		4)	gi	0	0	0.0
			1)	gio	431	583	4.635033E-4
			2)	gis	553	450	3.577641E-4
			3)	gie	807	281	2.2340381E-4
			4)	git	876	249	1.9796281E-4
		5)	gu	0	0	0.0
			1)	gue	493	509	4.0467098E-4
		6)	go	0	0	0.0
			1)	gou	626	390	3.1006223E-4
		7)	gn	0	0	0.0
			1)	gne	710	339	2.6951564E-4
		8)	gl	0	0	0.0
			1)	gle	721	330	2.6236035E-4
		9)	gé	0	0	0.0
			1)	gén	943	223	1.77292E-4
	21)	f	0	0	0.0
		1)	fo	0	0	0.0
			1)	for	166	1235	9.818637E-4
			2)	fon	353	703	5.5890705E-4
			3)	foi	685	347	2.7587588E-4
		2)	fa	0	0	0.0
			1)	fai	248	906	7.2029844E-4
			2)	fau	527	474	3.7684487E-4
			3)	fav	933	228	1.8126715E-4
			4)	fac	954	217	1.725218E-4
		3)	fi	0	0	0.0
			1)	fin	340	727	5.779878E-4
			2)	fic	371	666	5.294909E-4
			3)	fie	949	218	1.7331683E-4
		4)	ff	0	0	0.0
			1)	ffi	461	549	4.364722E-4
			2)	ffe	627	390	3.1006223E-4
			3)	ffé	965	214	1.7013671E-4
		5)	fé	0	0	0.0
			1)	fér	615	396	3.1483243E-4
		6)	fs	0	0	0.0
			1)	fs_	717	331	2.6315538E-4
		7)	fr	0	0	0.0
			1)	fra	880	247	1.9637276E-4
	22)	d	0	0	0.0
		1)	de	0	0	0.0
			1)	de_	180	1166	9.270066E-4
			2)	dev	235	939	7.4653444E-4
			3)	dem	241	924	7.3460897E-4
			4)	den	361	684	5.4380146E-4
			5)	der	382	650	5.167704E-4
			6)	des	497	507	4.030809E-4
		2)	dr	0	0	0.0
			1)	dre	187	1124	8.9361524E-4
			2)	dra	422	602	4.7860888E-4
			3)	dro	537	463	3.680995E-4
		3)	di	0	0	0.0
			1)	dis	238	931	7.401742E-4
			2)	dir	276	833	6.6226115E-4
			3)	dif	470	539	4.2852192E-4
			4)	dit	714	334	2.6554047E-4
			5)	dic	747	315	2.5043488E-4
			6)	dia	801	285	2.2658394E-4
			7)	diq	847	259	2.0591312E-4
		4)	do	0	0	0.0
			1)	don	313	775	6.1614934E-4
			2)	doi	347	711	5.652673E-4
			3)	dom	783	293	2.3294419E-4
		5)	dé	0	0	0.0
			1)	déc	334	746	5.930934E-4
			2)	dép	503	499	3.9672066E-4
			3)	dév	593	410	3.2596287E-4
			4)	déb	609	401	3.1880758E-4
			5)	déf	693	343	2.7269576E-4
			6)	dér	712	337	2.6792558E-4
			7)	dém	715	333	2.6474544E-4
			8)	déj	854	257	2.0432306E-4
		6)	da	0	0	0.0
			1)	dan	509	494	3.927455E-4
			2)	dam	643	380	3.0211193E-4
		7)	ds	0	0	0.0
			1)	ds_	616	396	3.1483243E-4
		8)	du	0	0	0.0
			1)	dui	722	330	2.6236035E-4
			2)	dur	839	264	2.0988828E-4
	23)	j	0	0	0.0
		1)	jo	0	0	0.0
			1)	jou	246	907	7.2109344E-4
		2)	je	0	0	0.0
			1)	jet	390	639	5.0802506E-4
			2)	jec	735	323	2.5679515E-4
		3)	ju	0	0	0.0
			1)	jus	579	419	3.3311814E-4
			2)	jur	947	220	1.749069E-4
		4)	jà	0	0	0.0
			1)	jà_	853	257	2.0432306E-4
		5)	ja	0	0	0.0
			1)	jai	1008	202	1.6059633E-4
	24)	ê	0	0	0.0
		1)	êt	0	0	0.0
			1)	êtr	265	860	6.83727E-4
		2)	êm	0	0	0.0
			1)	ême	366	671	5.3346605E-4
	25)	y	0	0	0.0
		1)	ye	0	0	0.0
			1)	yen	549	451	3.5855916E-4
		2)	ys	0	0	0.0
			1)	ys_	568	432	3.4345355E-4
			2)	yst	994	205	1.6298144E-4
	26)	h	0	0	0.0
		1)	he	0	0	0.0
			1)	he_	601	404	3.2119267E-4
			2)	her	682	349	2.7746594E-4
			3)	heu	959	216	1.7172677E-4
		2)	ha	0	0	0.0
			1)	han	669	357	2.838262E-4
			2)	hai	731	325	2.583852E-4
			3)	har	890	241	1.9160256E-4
		3)	hu	0	0	0.0
			1)	hui	825	270	2.1465847E-4
		4)	hé	0	0	0.0
			1)	hé_	897	239	1.9001249E-4
			2)	hés	984	209	1.6616155E-4
	27)	ô	0	0	0.0
		1)	ôl	0	0	0.0
			1)	ôle	612	398	3.164225E-4
	28)	x	0	0	0.0
		1)	xi	0	0	0.0
			1)	xis	1001	203	1.6139136E-4
