e_	9390289	0.028121612894906185	2
s_	9088129	0.027216717789726265	2
a_	8868111	0.026557817831917567	2
o_	6348005	0.019010718335178922	2
_e	6222970	0.018636269170907768	2
de	6202377	0.01857459818566495	2
_d	6097523	0.01826058616766609	2
es	5528626	0.016556879155978435	2
n_	5435057	0.016276662945703815	2
en	5304044	0.015884311137340904	2
_l	5062934	0.015162245811652757	2
os	4322647	0.012945267777735865	2
_p	4254376	0.012740812873957275	2
la	4101463	0.012282875935850387	2
_a	3641189	0.010904468172938081	2
_c	3343364	0.010012555329741728	2
ci	3298911	0.009879429495380584	2
ue	3289014	0.009849790407294915	2
re	3130706	0.00937569676713466	2
_s	3127815	0.009367038931057498	2
er	3098421	0.009279011108970992	2
nt	3016981	0.009035118279457315	2
ar	2983932	0.008936144628639566	2
l_	2893246	0.008664562296403841	2
as	2841161	0.008508580493540141	2
te	2835700	0.008492226137671106	2
ra	2823697	0.008456280096012797	2
r_	2695864	0.008073451607859286	2
ta	2660019	0.007966104622668743	2
on	2642478	0.007913573629023122	2
co	2613123	0.007825662602373147	2
el	2500969	0.007489788874459628	2
qu	2436794	0.007297600486271511	2
st	2432296	0.007284130079258342	2
or	2379100	0.007124821103830915	2
_q	2122702	0.006356971967022862	2
an	2049629	0.006138136250777124	2
ad	2018200	0.006044014102707559	2
do	2013320	0.006029399699367348	2
se	1981634	0.0059345078993185965	2
ro	1916614	0.005739788943338988	2
to	1900830	0.0056925197338467985	2
lo	1882736	0.005638332640806272	2
_m	1874312	0.0056131048265157125	2
al	1854057	0.00555244606838949	2
ac	1763714	0.005281890937044277	2
da	1734167	0.005193404917475998	2
po	1726373	0.005170063798698621	2
un	1683749	0.005042415370835274	2
in	1683139	0.005040588570417747	2
ti	1674133	0.00501361780884358	2
me	1604372	0.0048047007204385745	2
y_	1570572	0.00470347800877892	2
_t	1555939	0.004659655762041769	2
ec	1518126	0.004546415099438616	2
na	1482354	0.00443928673134722	2
pr	1480505	0.004433749429753768	2
ic	1477344	0.004424283009885242	2
_y	1446276	0.004331241968292279	2
ón	1435267	0.004298272712888103	2
ió	1420869	0.004255154233524917	2
si	1414647	0.004236520869266148	2
ca	1398986	0.004189620014612247	2
_n	1358552	0.004068530099723298	2
tr	1338801	0.004009380698007622	2
io	1323968	0.0039649595003139046	2
ie	1305416	0.003909400809582841	2
no	1298427	0.0038884704684056426	2
pa	1287063	0.0038544380750535623	2
mo	1278929	0.003830078739650023	2
ne	1276304	0.003822217508345094	2
le	1270907	0.0038060548167821603	2
_r	1259676	0.003772420725816196	2
ri	1221842	0.003659117173362605	2
id	1213874	0.003635254967253015	2
_i	1195308	0.003579654349954993	2
_u	1187819	0.003557226631386379	2
em	1164620	0.003487751315179505	2
ia	1145587	0.003430752147397901	2
_h	1131610	0.003388894459798286	2
so	1114597	0.003337944696677999	2
pe	1109080	0.0033214226345411255	2
di	1064942	0.003189240147936574	2
am	1059948	0.0031742843425511206	2
mi	1048394	0.0031396829457903024	2
ma	1017683	0.0030477110316548097	2
nc	942203	0.002821666940646799	2
is	934452	0.0027984545963250836	2
nd	905554	0.0027119121726108617	2
li	895315	0.002681248878389465	2
ha	884150	0.002647812441239168	2
om	882381	0.0026425147200283415	2
ce	865864	0.0025930503552803377	2
cu	818719	0.002451862641043816	2
_f	750234	0.0022467668597417017	2
mp	736023	0.0022042083995229044	2
sa	734750	0.002200396076684362	2
im	721997	0.0021622039689389305	2
su	707245	0.0021180253463826217	2
ni	691705	0.0020714868570574432	2
it	678402	0.0020316476341814553	2
_o	673093	0.002015748481039411	2
ab	663881	0.001988160799979981	2
ct	639656	0.0019156128653659234	2
ed	625924	0.0018744888926881013	2
ol	620709	0.0018588712464956427	2
rt	615302	0.0018426786073848808	2
br	602870	0.0018054478159247379	2
at	597593	0.0017896444949357438	2
eg	597374	0.0017889886436383041	2
ns	587430	0.0017592088020778422	2
_v	583857	0.0017485085432387907	2
ob	580969	0.0017398596914259775	2
ur	578704	0.0017330765718428676	2
mb	557143	0.0016685066639702693	2
od	555702	0.0016641912223282112	2
bi	549892	0.0016467916970399688	2
pu	546525	0.0016367083576861801	2
ir	542904	0.0016258643506175527	2
rm	539234	0.0016148736005645664	2
fi	514971	0.0015422118652687615	2
iv	510404	0.0015285348201755768	2
sp	510342	0.0015283491453790413	2
va	509652	0.0015262827645788886	2
d_	507418	0.0015195924823940463	2
gu	499450	0.0014957302762844567	2
op	497663	0.0014903786494875394	2
oc	494143	0.0014798371126519777	2
ve	484317	0.00145041065215589	2
tu	484053	0.0014496200368932226	2
ba	481993	0.0014434508420405928	2
uc	469983	0.0014074838370988043	2
ga	458829	0.001374080342251118	2
bl	456813	0.0013680429166089327	2
vi	449124	0.0013450162470837526	2
ía	443657	0.001328643922686021	2
pl	435123	0.0013030866853693496	2
us	412652	0.001235791550644376	2
ua	411620	0.0012327009637084954	2
ho	411544	0.0012324733623450003	2
ch	405895	0.0012155559925767934	2
vo	404493	0.0012113573463712658	2
ui	393907	0.0011796548722402271	2
ea	389589	0.0011667235210879672	2
_g	388323	0.0011629321615329042	2
za	388260	0.001162743491981586	2
ot	381958	0.0011438705473401911	2
eb	381051	0.0011411543047521644	2
et	380330	0.0011389950865537438	2
mu	379212	0.0011356469507065399	2
gr	378216	0.0011326641749428413	2
be	376944	0.0011288548468590814	2
fo	375310	0.001123961417543937	2
il	368371	0.0011031808141058795	2
lu	355580	0.0010648749056787008	2
cr	353177	0.0010576785099355602	2
ap	345646	0.0010351250116660672	2
ig	343985	0.0010301507239717867	2
ex	337788	0.001011592228582589	2
ll	327768	9.81584785658632E-4	1
nu	326364	9.773801499435386E-4	1
ul	318955	9.55192011757551E-4	1
rí	310600	9.301708355470062E-4	1
má	293401	8.786640480371125E-4	1
ib	292123	8.748367514246557E-4	1
ño	291772	8.737855924958824E-4	1
_b	290879	8.711112764748152E-4	1
rá	289727	8.67661318964995E-4	1
ás	283666	8.495101102262622E-4	1
nf	280927	8.413074768760908E-4	1
rc	278138	8.329551057867778E-4	1
rs	277745	8.317781671571256E-4	1
du	277721	8.317062930423378E-4	1
ev	273918	8.203172406032351E-4	1
rr	271633	8.134742259244685E-4	1
go	266896	7.992880725182027E-4	1
ud	256780	7.689931331350941E-4	1
ef	250400	7.498865976206386E-4	1
fe	250141	7.491109561318856E-4	1
iz	244022	7.307860516157487E-4	1
ay	243059	7.279021027598834E-4	1
gi	239327	7.167256779103617E-4	1
um	238689	7.148150243589162E-4	1
eñ	234309	7.016979984101206E-4	1
lt	231098	6.920818408024534E-4	1
cl	230934	6.915907010180693E-4	1
pi	229897	6.884851403082745E-4	1
á_	229138	6.862121214281066E-4	1
fu	229130	6.861881633898439E-4	1
he	228284	6.836546008435697E-4	1
rd	225211	6.744517193959331E-4	1
i_	224899	6.735173559036901E-4	1
eo	222686	6.668899635692872E-4	1
u_	213768	6.401827404160091E-4	1
ut	212540	6.365051815426937E-4	1
je	211110	6.322226822032468E-4	1
rg	204106	6.112474197043054E-4	1
cc	199911	5.986844233903334E-4	1
if	197370	5.910747514871622E-4	1
ej	196118	5.873253184990591E-4	1
én	194053	5.811411498725151E-4	1
ge	190324	5.69973709287342E-4	1
lí	188588	5.64774814984349E-4	1
ié	186647	5.589619959508759E-4	1
oy	184418	5.522866875399477E-4	1
ep	181836	5.445542306906807E-4	1
ít	180384	5.402058467460115E-4	1
ya	177157	5.305417730618189E-4	1
sc	176947	5.299128745574246E-4	1
up	175523	5.256483437466747E-4	1
jo	172010	5.151277701945928E-4	1
eu	170844	5.11635886117813E-4	1
ip	169644	5.08042180378417E-4	1
ru	165450	4.954821788192279E-4	1
aj	163180	4.886840854622037E-4	1
au	160933	4.819548714651846E-4	1
og	154641	4.6311187437161807E-4	1
ís	154174	4.6171332388803644E-4	1
tá	149801	4.4861726122272076E-4	1
av	149639	4.481321109479023E-4	1
fa	148420	4.444815048676325E-4	1
uy	146981	4.401720527351401E-4	1
ag	146769	4.395371647211801E-4	1
xi	144899	4.33936973277288E-4	1
yo	144035	4.3134950514492283E-4	1
sm	143887	4.3090628143706397E-4	1
án	143795	4.306307639970436E-4	1
añ	143611	4.300797291170029E-4	1
fr	143029	4.2833678183339585E-4	1
aí	140411	4.2049651381194684E-4	1
ju	137281	4.111229313416888E-4	1
rn	136293	4.081641136162528E-4	1
ng	130728	3.914983032498037E-4	1
az	128133	3.837269145883598E-4	1
bo	126026	3.7741696626093687E-4	1
í_	124567	3.7304761903278786E-4	1
lm	124241	3.7207132897358527E-4	1
nv	121150	3.6281454193985767E-4	1
ún	116904	3.500988131319614E-4	1
ja	116013	3.4743048662045983E-4	1
_j	115485	3.458492560951256E-4	1
rv	110645	3.313546429462283E-4	1
ez	109863	3.290127447060552E-4	1
bu	109450	3.277759109807464E-4	1
rl	108224	3.2410434161699676E-4	1
lg	105116	3.14796643751961E-4	1
pt	105052	3.1460497944585993E-4	1
z_	103986	3.114125708473631E-4	1
zo	103755	3.107207824925294E-4	1
dr	98391	2.946569178374291E-4	1
és	93255	2.792758572728141E-4	1
é_	92751	2.7776650086226777E-4	1
ug	91521	2.7408295247938685E-4	1
xp	91002	2.7252867474709806E-4	1
ña	90155	2.69992117446041E-4	1
ye	86387	2.587078814243375E-4	1
nm	84578	2.53290370022198E-4	1
ov	83937	2.513707322064039E-4	1
óm	82667	2.475673936322098E-4	1
_ú	80836	2.42083997624848E-4	1
ó_	80647	2.4151798897089312E-4	1
xt	78017	2.3364178389205016E-4	1
nz	76088	2.2786490191597104E-4	1
sí	75649	2.2655020456630867E-4	1
bs	72285	2.1647584947686845E-4	1
ub	71337	2.136368219427456E-4	1
íc	69526	2.082133210310404E-4	1
sf	69439	2.079527773649342E-4	1
hu	68560	2.053203879108266E-4	1
eq	66359	1.987289326338177E-4	1
ah	64909	1.9438653819871417E-4	1
nó	64843	1.941888843830474E-4	1
ué	64337	1.926735384629354E-4	1
bj	63630	1.9055624683147457E-4	1
of	62018	1.8572870212155257E-4	1
iu	61901	1.8537831581196145E-4	1
rq	60908	1.8240452431261123E-4	1
aq	60564	1.8137432866731772E-4	1
af	60471	1.8109581647251453E-4	1
rz	58091	1.7396830008937906E-4	1
té	57499	1.7219540525794367E-4	1
yu	55469	1.6611605304879873E-4	1
sl	55383	1.6585850413747535E-4	1
_é	55162	1.6519666333046992E-4	1
ré	53772	1.6103395418233616E-4	1
hi	53343	1.597492043805021E-4	1
fl	52747	1.579643305299354E-4	1
ól	51834	1.552301194132116E-4	1
tí	50393	1.509146777711535E-4	1
oo	49539	1.4835715718661667E-4	1
gn	49391	1.4791393347875784E-4	1
ác	48825	1.4621890227167604E-4	1
_á	48762	1.4603023272035775E-4	1
mí	48504	1.452575859863876E-4	1
sd	48357	1.4481735703331157E-4	1
át	48198	1.443411910228416E-4	1
gl	47402	1.4195736621570892E-4	1
úl	47022	1.4081935939823349E-4	1
ám	46634	1.3965739454249544E-4	1
só	45654	1.3672253485532202E-4	1
lv	45598	1.3655482858748353E-4	1
dí	45572	1.3647696496312995E-4	1
ró	42898	1.2846899067384246E-4	1
gí	41526	1.2436018711179967E-4	1
ví	41176	1.2331202293780916E-4	1
ér	41003	1.2279393036037956E-4	1
xc	40499	1.2128457394983323E-4	1
uí	38717	1.1594792092683012E-4	1
úb	37750	1.1305199305183349E-4	1
uj	36700	1.0990750052986196E-4	1
pú	36376	1.0893719998022504E-4	1
cí	35435	1.0611913572958198E-4	1
ee	34252	1.0257634082149406E-4	1
ét	33982	1.0176775703012995E-4	1
ál	33794	1.0120474313095791E-4	1
nq	33455	1.0018952125957852E-4	1
lc	32737	9.803928732550657E-5	1
gú	32360	9.691026477237965E-5	1
nj	31860	9.541288738096464E-5	1
pc	31663	9.482292068874712E-5	1
 _	31296	9.37238456834485E-5	1
uf	31130	9.322671638949871E-5	1
  	30845	9.237321127639217E-5	1
_ 	30823	9.23073266711699E-5	1
oh	30801	9.224144206594764E-5	1
íd	30568	9.154366420154824E-5	1
có	30131	9.023495636145152E-5	1
mú	29797	8.92347082639863E-5	1
ld	29771	8.915684463963272E-5	1
ín	28939	8.666520866031813E-5	1
fí	27812	8.32901200200687E-5	1
sg	27612	8.269116906350268E-5	1
íf	26917	8.060981448943582E-5	1
cn	26154	7.832481659013651E-5	1
iq	25092	7.514438701077102E-5	1
zc	24826	7.434778223853824E-5	1
zó	24749	7.411718612026033E-5	1
ío	24494	7.335352365063867E-5	1
ló	24184	7.242514966796136E-5	1
tó	24092	7.2149632227941E-5	1
uo	24015	7.191903610966308E-5	1
óx	23337	6.988859236690433E-5	1
vé	23237	6.958911688862131E-5	1
rp	22996	6.886738098595928E-5	1
ní	22839	6.839720448505498E-5	1
nú	22801	6.828340380330743E-5	1
ij	22330	6.687287430059448E-5	1
_z	22270	6.669318901362469E-5	1
lq	22090	6.615413315271528E-5	1
ae	21769	6.519281686742685E-5	1
xa	21101	6.319232067249638E-5	1
dm	20820	6.235079457852114E-5	1
aú	20719	6.204832434545532E-5	1
lá	20717	6.204233483588966E-5	1
ei	20069	6.01017337366158E-5	1
óg	19622	5.8763078348690775E-5	1
oq	19032	5.699617302682106E-5	1
bí	18795	5.628641614329034E-5	1
dé	18614	5.5744365527598105E-5	1
ím	18534	5.5504785144971705E-5	1
éc	17924	5.367798472744539E-5	1
uv	17896	5.359413159352615E-5	1
mé	17057	5.1081532330731756E-5	1
gé	17039	5.1027626744640816E-5	1
oa	16893	5.0590392546347636E-5	1
rb	16785	5.026695902980199E-5	1
ls	16763	5.020107442457973E-5	1
úm	16715	5.005732619500389E-5	1
iá	16576	4.9641055280190515E-5	1
ár	16520	4.947334901235203E-5	1
vu	15827	4.739798394785082E-5	1
ór	15679	4.695476023999198E-5	1
ég	15430	4.620906629906731E-5	1
dh	15113	4.525972903291019E-5	1
uz	15045	4.505608570767775E-5	1
bt	14119	4.228294277877714E-5	1
uá	13944	4.1758860691781886E-5	1
iñ	13919	4.168399182221113E-5	1
hí	13591	4.0701712253442886E-5	1
nn	13534	4.053101123082157E-5	1
sq	13502	4.043517907777101E-5	1
éx	13429	4.0216561978624425E-5	1
áp	13399	4.0126719335139524E-5	1
óv	13165	3.942594671595729E-5	1
oz	13003	3.894079644113883E-5	1
él	12910	3.866228424633564E-5	1
oj	12580	3.767401516800173E-5	1
ey	12357	3.7006184851430635E-5	1
mó	12248	3.667975658010216E-5	1
áf	12040	3.6056847585273514E-5	1
ná	11852	3.549383368610147E-5	1
zá	11657	3.490985650344961E-5	1
rf	11514	3.448160656950492E-5	1
dó	11381	3.408330418338853E-5	1
t_	11333	3.3939555953812685E-5	1
jó	10685	3.199895485453883E-5	1
éd	10634	3.18462223606145E-5	1
bv	10559	3.162161575190225E-5	1
bá	10381	3.1088549400558506E-5	1
ai	10047	3.0088301303093275E-5	1
cá	9717	2.9100032224759366E-5	1
rj	9207	2.757270728551605E-5	1
áx	8706	2.6072335139318207E-5	1
né	8408	2.5179898214034862E-5	1
cé	8406	2.51739087044692E-5	1
ír	8349	2.500320768184789E-5	1
fá	8219	2.4613889560079985E-5	1
pí	8172	2.4473136085286975E-5	1
oe	7964	2.385022709045833E-5	1
lp	7906	2.3676531313054186E-5	1
sé	7719	2.3116512168664972E-5	1
eh	7674	2.298174820343762E-5	1
_ó	7649	2.290687933386687E-5	1
oi	7626	2.283799997386178E-5	1
út	7566	2.2658314686891978E-5	1
ós	7542	2.2586440572104058E-5	1
aé	7470	2.2370818227740297E-5	1
tú	7058	2.1136979257214325E-5	1
–_	6916	2.0711724078052462E-5	1
úa	6577	1.9696502206673084E-5	1
eí	6553	1.9624628091885163E-5	1
lé	6550	1.961564382753667E-5	1
nl	6461	1.93491106518648E-5	1
ox	6417	1.921734144142028E-5	1
ág	6006	1.798649722567714E-5	1
pó	6003	1.7977512961328647E-5	1
ao	6001	1.7971523451762988E-5	1
pé	5835	1.7474394157813202E-5	1
dq	5794	1.7351609211717172E-5	1
íe	5695	1.7055128488217E-5	1
oí	5623	1.683950614385324E-5	1
ñe	5493	1.6450188022085335E-5	1
bó	5383	1.6120764995974033E-5	1
sv	5364	1.606386465510026E-5	1
áb	5325	1.594706921856989E-5	1
ód	5236	1.5680536042898016E-5	1
ñí	5001	1.4976768668932962E-5	1
xe	4822	1.4440707562806386E-5	1
pá	4769	1.4281985559316396E-5	1
g_	4715	1.4120268801043573E-5	1
éf	4656	1.3943578268856602E-5	1
zg	4645	1.3910635966245472E-5	1
ou	4632	1.3871704154068682E-5	1
xu	4622	1.3841756606240381E-5	1
sr	4612	1.3811809058412082E-5	1
gü	4608	1.3799830039280762E-5	1
c_	4534	1.3578218185351338E-5	1
m_	4498	1.3470407013169458E-5	1
áu	4470	1.3386553879250218E-5	1
tc	4373	1.3096062665315706E-5	1
_k	4275	1.2802576696598362E-5	1
úe	4274	1.2799581941815532E-5	1
dv	4077	1.2209615249598018E-5	1
íb	4030	1.2068861774805005E-5	1
óc	4010	1.2008966679148405E-5	1
gm	3882	1.1625638066946162E-5	1
uq	3832	1.147590032780466E-5	1
mn	3793	1.135910489127429E-5	1
ép	3777	1.131118881474901E-5	1
ln	3767	1.1281241266920709E-5	1
fé	3723	1.1149472056476188E-5	1
xh	3688	1.1044655639077138E-5	1
tn	3649	1.0927860202546765E-5	1
éa	3585	1.0736195896445645E-5	1
xo	3574	1.0703253593834514E-5	1
_í	3466	1.0379820077288871E-5	1
ús	3406	1.0200134790319069E-5	1
gó	3401	1.018516101640492E-5	1
ji	3370	1.0092323618137189E-5	1
bú	3343	1.0011465239000778E-5	1
tm	3223	9.652094665061175E-6	1
ém	3113	9.322671638949872E-6	1
íz	3109	9.310692619818552E-6	1
vá	3049	9.13100733284875E-6	1
b_	3005	8.999238122404229E-6	1
fó	2879	8.621899019767645E-6	1
nr	2765	8.280496974525023E-6	1
nh	2757	8.256538936262383E-6	1
éb	2739	8.202633350171442E-6	1
eó	2732	8.181670066691632E-6	1
hú	2696	8.073858894509751E-6	1
úc	2685	8.04091659189862E-6	1
sá	2655	7.95107394841372E-6	1
tl	2521	7.549776807514496E-6	1
zu	2467	7.3880600492416744E-6	1
lb	2467	7.3880600492416744E-6	1
sb	2447	7.328164953585074E-6	1
üe	2395	7.172437704877913E-6	1
ps	2269	6.795098602241329E-6	1
jé	2256	6.7561667900645395E-6	1
íg	2227	6.669318901362469E-6	1
yó	2193	6.567497238746248E-6	1
ki	2170	6.498617878741157E-6	1
ív	2106	6.3069535726400355E-6	1
zq	2091	6.262032250897585E-6	1
lr	2059	6.166200097847024E-6	1
ts	2035	6.094325983059104E-6	1
óp	1984	5.941593489134772E-6	1
íp	1973	5.908651186523642E-6	1
s–	1954	5.8517508456498715E-6	1
sh	1913	5.72896589955384E-6	1
gá	1878	5.624149482154789E-6	1
sn	1834	5.492380271710268E-6	1
rú	1823	5.459437969099138E-6	1
ót	1815	5.435479930836497E-6	1
óf	1804	5.402537628225368E-6	1
zm	1794	5.3725900803970675E-6	1
o–	1771	5.303710720391977E-6	1
üí	1707	5.1120464142908545E-6	1
by	1694	5.073114602114065E-6	1
dá	1675	5.016214261240294E-6	1
_w	1672	5.007229996891804E-6	1
éu	1663	4.980277203846333E-6	1
há	1640	4.9113978438412435E-6	1
th	1631	4.884445050795773E-6	1
lz	1597	4.782623388179552E-6	1
zú	1571	4.7047597638259716E-6	1
ku	1548	4.635880403820881E-6	1
lf	1546	4.629890894255221E-6	1
x_	1532	4.5879643272956E-6	1
oñ	1462	4.378331492497498E-6	1
_x	1447	4.333410170755048E-6	1
ft	1410	4.222604243790337E-6	1
eú	1319	3.950081558552805E-6	1
k_	1282	3.839275631588093E-6	1
lú	1241	3.7164906854920625E-6	1
ux	1228	3.6775588733152724E-6	1
dj	1193	3.572742455916221E-6	1
we	1171	3.5068578506939606E-6	1
tb	1151	3.4469627550373604E-6	1
vó	1147	3.43498373590604E-6	1
ka	1126	3.3720938854666097E-6	1
ss	1121	3.3571201115524593E-6	1
sk	1116	3.342146337638309E-6	1
fú	1042	3.1205344837088872E-6	1
ax	1017	3.0456656141381366E-6	1
v_	1008	3.0187128210926665E-6	1
a–	972	2.9109016489107857E-6	1
h_	962	2.880954101082485E-6	1
ñi	960	2.874964591516825E-6	1
ix	930	2.7851219480319245E-6	1
wa	924	2.7671534193349444E-6	1
fg	924	2.7671534193349444E-6	1
zi	886	2.6533527375874032E-6	1
ny	883	2.644368473238913E-6	1
f_	874	2.617415680193443E-6	1
hó	869	2.6024419062792926E-6	1
ms	854	2.5575205845368425E-6	1
bé	854	2.5575205845368425E-6	1
eá	808	2.419761864526661E-6	1
bc	742	2.2221080488598793E-6	1
r 	740	2.2161185392942193E-6	1
úp	734	2.1981500105972392E-6	1
ke	708	2.1202863862436586E-6	1
cú	698	2.0903388384153585E-6	1
ko	674	2.018464723627438E-6	1
bd	671	2.009480459278948E-6	1
ik	658	1.9705486471021572E-6	1
e–	655	1.9615643827536672E-6	1
íq	644	1.928622080142537E-6	1
hé	607	1.817816153177826E-6	1
cs	606	1.814821398394996E-6	1
dú	595	1.7818790957838656E-6	1
uó	591	1.7699000766525456E-6	1
áq	587	1.7579210575212255E-6	1
uñ	575	1.7219840001272652E-6	1
áv	574	1.7189892453444352E-6	1
ój	566	1.6950312070817949E-6	1
éi	548	1.6411256209908543E-6	1
n–	546	1.6351361114251943E-6	1
rk	544	1.6291466018595343E-6	1
üi	493	1.476414107935203E-6	1
ak	487	1.4584455792382229E-6	1
p_	485	1.4524560696725626E-6	1
ú_	472	1.4135242574957723E-6	1
tw	469	1.4045399931472823E-6	1
km	444	1.3296711235765316E-6	1
ck	423	1.2667812731371012E-6	1
ñó	410	1.2278494609603109E-6	1
bg	396	1.1859228940006903E-6	1
tt	392	1.1739438748693703E-6	1
úr	388	1.1619648557380502E-6	1
éj	383	1.1469910818239E-6	1
já	380	1.13800681747541E-6	1
yé	376	1.12602779834409E-6	1
bp	358	1.0721222122531493E-6	1
íl	344	1.030195645293529E-6	1
sú	338	1.012227116596549E-6	1
mm	305	9.13400208763158E-7	1
ow	303	9.07410699197498E-7	1
ty	301	9.014211896318379E-7	1
l–	297	8.894421705005178E-7	1
ii	297	8.894421705005178E-7	1
a 	297	8.894421705005178E-7	1
r–	295	8.834526609348578E-7	1
bb	293	8.774631513691976E-7	1
yá	277	8.295470748439173E-7	1
wi	276	8.265523200610873E-7	1
—_	274	8.205628104954271E-7	1
w_	274	8.205628104954271E-7	1
ht	271	8.115785461469371E-7	1
_–	265	7.93610017449957E-7	1
ys	262	7.846257531014669E-7	1
ds	258	7.726467339701468E-7	1
pp	252	7.546782052731666E-7	1
wh	243	7.277254122276964E-7	1
ze	242	7.247306574448663E-7	1
e 	237	7.097568835307163E-7	1
aa	229	6.85798845268076E-7	1
hm	225	6.738198261367559E-7	1
eé	222	6.648355617882658E-7	1
dk	221	6.618408070054358E-7	1
xá	218	6.528565426569458E-7	1
gh	213	6.378827687427956E-7	1
n°	210	6.288985043943055E-7	1
ok	206	6.169194852629854E-7	1
°_	204	6.109299756973253E-7	1
gs	201	6.019457113488353E-7	1
dy	201	6.019457113488353E-7	1
aó	201	6.019457113488353E-7	1
ek	195	5.839771826518551E-7	1
j_	192	5.74992918303365E-7	1
bm	191	5.71998163520535E-7	1
ry	181	5.420506156922348E-7	1
ky	180	5.390558609094048E-7	1
ih	180	5.390558609094048E-7	1
ff	178	5.330663513437447E-7	1
nk	174	5.210873322124246E-7	1
ái	173	5.180925774295945E-7	1
– 	166	4.971292939497843E-7	1
ád	164	4.911397843841243E-7	1
o 	162	4.851502748184643E-7	1
mg	159	4.7616601046997415E-7	1
ew	158	4.7317125568714414E-7	1
 b	151	4.5220797220733397E-7	1
yi	151	4.5220797220733397E-7	1
zb	150	4.4921321742450396E-7	1
ly	149	4.462184626416739E-7	1
cy	147	4.402289530760139E-7	1
…_	145	4.342394435103538E-7	1
d–	145	4.342394435103538E-7	1
íj	143	4.2824993394469374E-7	1
­_	143	4.2824993394469374E-7	1
sy	142	4.2525517916186373E-7	1
zn	139	4.1627091481337365E-7	1
ph	139	4.1627091481337365E-7	1
cq	139	4.1627091481337365E-7	1
iw	138	4.1327616003054364E-7	1
oé	135	4.0429189568205356E-7	1
jí	135	4.0429189568205356E-7	1
 p	134	4.012971408992235E-7	1
mt	130	3.893181217679034E-7	1
wo	128	3.833286122022434E-7	1
mh	123	3.6835483828809323E-7	1
xó	123	3.6835483828809323E-7	1
 –	122	3.653600835052632E-7	1
úo	122	3.653600835052632E-7	1
ks	119	3.5637581915677314E-7	1
 s	119	3.5637581915677314E-7	1
áñ	118	3.533810643739431E-7	1
kg	114	3.41402045242623E-7	1
pm	110	3.294230261113029E-7	1
xí	109	3.264282713284729E-7	1
zz	107	3.204387617628128E-7	1
cm	105	3.1444925219715274E-7	1
n 	105	3.1444925219715274E-7	1
”_	104	3.1145449741432273E-7	1
s 	102	3.0546498784866266E-7	1
aw	100	2.9947547828300264E-7	1
cd	100	2.9947547828300264E-7	1
ww	98	2.9348596871734257E-7	1
úd	98	2.9348596871734257E-7	1
hr	97	2.9049121393451256E-7	1
np	97	2.9049121393451256E-7	1
rw	97	2.9049121393451256E-7	1
áj	97	2.9049121393451256E-7	1
ób	97	2.9049121393451256E-7	1
à_	95	2.845017043688525E-7	1
iy	93	2.785121948031924E-7	1
dt	92	2.755174400203624E-7	1
ñá	92	2.755174400203624E-7	1
ym	90	2.695279304547024E-7	1
gt	87	2.605436661062123E-7	1
py	87	2.605436661062123E-7	1
hn	85	2.5455415654055223E-7	1
év	84	2.515594017577222E-7	1
o—	83	2.4856464697489216E-7	1
q_	82	2.4556989219206215E-7	1
rx	82	2.4556989219206215E-7	1
 d	81	2.4257513740923214E-7	1
ií	77	2.3059611827791203E-7	1
yn	77	2.3059611827791203E-7	1
gk	74	2.2161185392942195E-7	1
bh	73	2.186170991465919E-7	1
dl	73	2.186170991465919E-7	1
bn	70	2.0963283479810183E-7	1
my	70	2.0963283479810183E-7	1
ñé	70	2.0963283479810183E-7	1
 c	69	2.0663808001527182E-7	1
ñu	68	2.0364332523244178E-7	1
í–	67	2.0064857044961175E-7	1
dd	66	1.9765381566678174E-7	1
tg	66	1.9765381566678174E-7	1
yú	65	1.946590608839517E-7	1
iú	63	1.8866955131829166E-7	1
xx	63	1.8866955131829166E-7	1
 m	63	1.8866955131829166E-7	1
 r	63	1.8866955131829166E-7	1
dg	62	1.8567479653546162E-7	1
lh	62	1.8567479653546162E-7	1
lk	62	1.8567479653546162E-7	1
kl	61	1.826800417526316E-7	1
 f	61	1.826800417526316E-7	1
s—	60	1.7968528696980157E-7	1
xq	60	1.7968528696980157E-7	1
hl	59	1.7669053218697154E-7	1
tp	59	1.7669053218697154E-7	1
 e	59	1.7669053218697154E-7	1
 v	59	1.7669053218697154E-7	1
dw	58	1.7369577740414153E-7	1
fs	57	1.707010226213115E-7	1
kn	57	1.707010226213115E-7	1
rh	57	1.707010226213115E-7	1
jú	56	1.6770626783848148E-7	1
yl	55	1.6471151305565145E-7	1
zl	55	1.6471151305565145E-7	1
d´	54	1.617167582728214E-7	1
 k	54	1.617167582728214E-7	1
 g	53	1.587220034899914E-7	1
yr	50	1.4973773914150132E-7	1
hk	49	1.4674298435867128E-7	1
 l	49	1.4674298435867128E-7	1
a—	48	1.4374822957584125E-7	1
b­	48	1.4374822957584125E-7	1
gg	48	1.4374822957584125E-7	1
wá	47	1.4075347479301124E-7	1
sz	46	1.377587200101812E-7	1
xy	46	1.377587200101812E-7	1
 a	46	1.377587200101812E-7	1
_•	45	1.347639652273512E-7	1
db	45	1.347639652273512E-7	1
sw	45	1.347639652273512E-7	1
uk	45	1.347639652273512E-7	1
•_	45	1.347639652273512E-7	1
gy	44	1.3176921044452116E-7	1
ml	43	1.2877445566169112E-7	1
dp	42	1.257797008788611E-7	1
xf	42	1.257797008788611E-7	1
yf	41	1.2278494609603108E-7	1
uu	40	1.1979019131320104E-7	1
kr	39	1.1679543653037102E-7	1
kt	39	1.1679543653037102E-7	1
sj	39	1.1679543653037102E-7	1
wn	39	1.1679543653037102E-7	1
nb	38	1.13800681747541E-7	1
·_	38	1.13800681747541E-7	1
tz	37	1.1080592696471097E-7	1
ws	37	1.1080592696471097E-7	1
yp	36	1.0781117218188095E-7	1
yt	36	1.0781117218188095E-7	1
−_	36	1.0781117218188095E-7	1
_·	35	1.0481641739905091E-7	1
tv	35	1.0481641739905091E-7	1
dn	34	1.0182166261622089E-7	1
s…	34	1.0182166261622089E-7	1
 w	34	1.0182166261622089E-7	1
bw	33	9.882690783339087E-8	1
kh	33	9.882690783339087E-8	1
hy	32	9.583215305056085E-8	1
td	32	9.583215305056085E-8	1
 n	32	9.583215305056085E-8	1
éq	32	9.583215305056085E-8	1
_à	31	9.283739826773081E-8	1
kf	31	9.283739826773081E-8	1
gb	30	8.984264348490079E-8	1
y–	30	8.984264348490079E-8	1
´e	30	8.984264348490079E-8	1
ée	30	8.984264348490079E-8	1
―_	30	8.984264348490079E-8	1
dz	29	8.684788870207076E-8	1
o”	29	8.684788870207076E-8	1
cf	28	8.385313391924074E-8	1
cz	28	8.385313391924074E-8	1
d’	28	8.385313391924074E-8	1
nx	28	8.385313391924074E-8	1
pw	28	8.385313391924074E-8	1
tk	28	8.385313391924074E-8	1
js	27	8.08583791364107E-8	1
o­	27	8.08583791364107E-8	1
uw	27	8.08583791364107E-8	1
 y	27	8.08583791364107E-8	1
úg	27	8.08583791364107E-8	1
eń	26	7.786362435358068E-8	1
oá	26	7.786362435358068E-8	1
oó	25	7.486886957075066E-8	1
s”	25	7.486886957075066E-8	1
ńo	25	7.486886957075066E-8	1
e—	24	7.187411478792062E-8	1
hs	24	7.187411478792062E-8	1
mr	24	7.187411478792062E-8	1
zf	24	7.187411478792062E-8	1
´a	24	7.187411478792062E-8	1
gp	23	6.88793600050906E-8	1
nw	23	6.88793600050906E-8	1
 j	23	6.88793600050906E-8	1
èr	23	6.88793600050906E-8	1
ło	23	6.88793600050906E-8	1
fk	22	6.588460522226058E-8	1
mà	22	6.588460522226058E-8	1
o…	22	6.588460522226058E-8	1
á–	22	6.588460522226058E-8	1
än	22	6.588460522226058E-8	1
új	22	6.588460522226058E-8	1
_…	21	6.288985043943056E-8	1
bö	21	6.288985043943056E-8	1
c–	21	6.288985043943056E-8	1
hw	21	6.288985043943056E-8	1
z–	21	6.288985043943056E-8	1
 h	21	6.288985043943056E-8	1
 q	21	6.288985043943056E-8	1
êt	21	6.288985043943056E-8	1
a­	20	5.989509565660052E-8	1
gł	20	5.989509565660052E-8	1
s­	20	5.989509565660052E-8	1
yb	20	5.989509565660052E-8	1
yc	20	5.989509565660052E-8	1
y 	20	5.989509565660052E-8	1
ög	20	5.989509565660052E-8	1
–e	20	5.989509565660052E-8	1
a…	19	5.69003408737705E-8	1
dc	19	5.69003408737705E-8	1
hf	19	5.69003408737705E-8	1
iè	19	5.69003408737705E-8	1
jà	19	5.69003408737705E-8	1
mc	19	5.69003408737705E-8	1
n—	19	5.69003408737705E-8	1
vs	19	5.69003408737705E-8	1
wr	19	5.69003408737705E-8	1
xm	19	5.69003408737705E-8	1
úy	19	5.69003408737705E-8	1
–c	19	5.69003408737705E-8	1
a”	18	5.3905586090940475E-8	1
lä	18	5.3905586090940475E-8	1
rè	18	5.3905586090940475E-8	1
rö	18	5.3905586090940475E-8	1
ók	18	5.3905586090940475E-8	1
úi	18	5.3905586090940475E-8	1
mä	17	5.0910831308110446E-8	1
r—	17	5.0910831308110446E-8	1
tà	17	5.0910831308110446E-8	1
wb	17	5.0910831308110446E-8	1
wy	17	5.0910831308110446E-8	1
yd	17	5.0910831308110446E-8	1
ès	17	5.0910831308110446E-8	1
––	17	5.0910831308110446E-8	1
pn	16	4.791607652528042E-8	1
vr	16	4.791607652528042E-8	1
–y	16	4.791607652528042E-8	1
_µ	15	4.4921321742450394E-8	1
cp	15	4.4921321742450394E-8	1
df	15	4.4921321742450394E-8	1
kí	15	4.4921321742450394E-8	1
l 	15	4.4921321742450394E-8	1
 t	15	4.4921321742450394E-8	1
µg	15	4.4921321742450394E-8	1
ß_	15	4.4921321742450394E-8	1
ör	15	4.4921321742450394E-8	1
e…	14	4.192656695962037E-8	1
qa	14	4.192656695962037E-8	1
qv	14	4.192656695962037E-8	1
 i	14	4.192656695962037E-8	1
äk	14	4.192656695962037E-8	1
ói	14	4.192656695962037E-8	1
’i	14	4.192656695962037E-8	1
_ì	13	3.893181217679034E-8	1
fü	13	3.893181217679034E-8	1
tf	13	3.893181217679034E-8	1
zp	13	3.893181217679034E-8	1
 z	13	3.893181217679034E-8	1
° 	13	3.893181217679034E-8	1
ał	12	3.593705739396031E-8	1
hd	12	3.593705739396031E-8	1
lj	12	3.593705739396031E-8	1
n…	12	3.593705739396031E-8	1
vl	12	3.593705739396031E-8	1
zy	12	3.593705739396031E-8	1
ìg	12	3.593705739396031E-8	1
óq	12	3.593705739396031E-8	1
öm	12	3.593705739396031E-8	1
ön	12	3.593705739396031E-8	1
ła	12	3.593705739396031E-8	1
ς_	12	3.593705739396031E-8	1
bf	11	3.294230261113029E-8	1
fh	11	3.294230261113029E-8	1
nç	11	3.294230261113029E-8	1
uh	11	3.294230261113029E-8	1
üs	11	3.294230261113029E-8	1
–l	11	3.294230261113029E-8	1
_μ	10	2.994754782830026E-8	1
gd	10	2.994754782830026E-8	1
kw	10	2.994754782830026E-8	1
pd	10	2.994754782830026E-8	1
xé	10	2.994754782830026E-8	1
yy	10	2.994754782830026E-8	1
zw	10	2.994754782830026E-8	1
 o	10	2.994754782830026E-8	1
é–	10	2.994754782830026E-8	1
ös	10	2.994754782830026E-8	1
ür	10	2.994754782830026E-8	1
η_	10	2.994754782830026E-8	1
’e	10	2.994754782830026E-8	1
_ñ	9	2.6952793045470237E-8	1
_σ	9	2.6952793045470237E-8	1
ań	9	2.6952793045470237E-8	1
dê	9	2.6952793045470237E-8	1
e­	9	2.6952793045470237E-8	1
gc	9	2.6952793045470237E-8	1
hö	9	2.6952793045470237E-8	1
ká	9	2.6952793045470237E-8	1
n”	9	2.6952793045470237E-8	1
o―	9	2.6952793045470237E-8	1
pg	9	2.6952793045470237E-8	1
qi	9	2.6952793045470237E-8	1
rü	9	2.6952793045470237E-8	1
s―	9	2.6952793045470237E-8	1
s−	9	2.6952793045470237E-8	1
vd	9	2.6952793045470237E-8	1
wz	9	2.6952793045470237E-8	1
xd	9	2.6952793045470237E-8	1
är	9	2.6952793045470237E-8	1
éñ	9	2.6952793045470237E-8	1
ôt	9	2.6952793045470237E-8	1
_ß	8	2.395803826264021E-8	1
aß	8	2.395803826264021E-8	1
aï	8	2.395803826264021E-8	1
cv	8	2.395803826264021E-8	1
cô	8	2.395803826264021E-8	1
fy	8	2.395803826264021E-8	1
jö	8	2.395803826264021E-8	1
kb	8	2.395803826264021E-8	1
lw	8	2.395803826264021E-8	1
l´	8	2.395803826264021E-8	1
n­	8	2.395803826264021E-8	1
wl	8	2.395803826264021E-8	1
xb	8	2.395803826264021E-8	1
zí	8	2.395803826264021E-8	1
 u	8	2.395803826264021E-8	1
ça	8	2.395803826264021E-8	1
è_	8	2.395803826264021E-8	1
èm	8	2.395803826264021E-8	1
óz	8	2.395803826264021E-8	1
ół	8	2.395803826264021E-8	1
_°	7	2.0963283479810185E-8	1
_è	7	2.0963283479810185E-8	1
_τ	7	2.0963283479810185E-8	1
_−	7	2.0963283479810185E-8	1
a−	7	2.0963283479810185E-8	1
d…	7	2.0963283479810185E-8	1
fn	7	2.0963283479810185E-8	1
g 	7	2.0963283479810185E-8	1
hb	7	2.0963283479810185E-8	1
iσ	7	2.0963283479810185E-8	1
là	7	2.0963283479810185E-8	1
l”	7	2.0963283479810185E-8	1
l…	7	2.0963283479810185E-8	1
md	7	2.0963283479810185E-8	1
vy	7	2.0963283479810185E-8	1
wc	7	2.0963283479810185E-8	1
wu	7	2.0963283479810185E-8	1
xs	7	2.0963283479810185E-8	1
yg	7	2.0963283479810185E-8	1
zt	7	2.0963283479810185E-8	1
áy	7	2.0963283479810185E-8	1
í—	7	2.0963283479810185E-8	1
óy	7	2.0963283479810185E-8	1
ńa	7	2.0963283479810185E-8	1
ασ	7	2.0963283479810185E-8	1
σn	7	2.0963283479810185E-8	1
ση	7	2.0963283479810185E-8	1
τη	7	2.0963283479810185E-8	1
–a	7	2.0963283479810185E-8	1
–s	7	2.0963283479810185E-8	1
–u	7	2.0963283479810185E-8	1
bz	6	1.7968528696980156E-8	1
d—	6	1.7968528696980156E-8	1
fc	6	1.7968528696980156E-8	1
hc	6	1.7968528696980156E-8	1
hg	6	1.7968528696980156E-8	1
hh	6	1.7968528696980156E-8	1
jn	6	1.7968528696980156E-8	1
kk	6	1.7968528696980156E-8	1
kó	6	1.7968528696980156E-8	1
lx	6	1.7968528696980156E-8	1
lü	6	1.7968528696980156E-8	1
l—	6	1.7968528696980156E-8	1
mf	6	1.7968528696980156E-8	1
mü	6	1.7968528696980156E-8	1
oú	6	1.7968528696980156E-8	1
pä	6	1.7968528696980156E-8	1
pì	6	1.7968528696980156E-8	1
rê	6	1.7968528696980156E-8	1
r…	6	1.7968528696980156E-8	1
xl	6	1.7968528696980156E-8	1
yw	6	1.7968528696980156E-8	1
zh	6	1.7968528696980156E-8	1
´i	6	1.7968528696980156E-8	1
ço	6	1.7968528696980156E-8	1
éz	6	1.7968528696980156E-8	1
ó–	6	1.7968528696980156E-8	1
öd	6	1.7968528696980156E-8	1
üb	6	1.7968528696980156E-8	1
üh	6	1.7968528696980156E-8	1
το	6	1.7968528696980156E-8	1
–k	6	1.7968528696980156E-8	1
–p	6	1.7968528696980156E-8	1
–t	6	1.7968528696980156E-8	1
_­	5	1.497377391415013E-8	1
_â	5	1.497377391415013E-8	1
_π	5	1.497377391415013E-8	1
_ψ	5	1.497377391415013E-8	1
_д	5	1.497377391415013E-8	1
e−	5	1.497377391415013E-8	1
gz	5	1.497377391415013E-8	1
gö	5	1.497377391415013E-8	1
hü	5	1.497377391415013E-8	1
jä	5	1.497377391415013E-8	1
jø	5	1.497377391415013E-8	1
kc	5	1.497377391415013E-8	1
kö	5	1.497377391415013E-8	1
pf	5	1.497377391415013E-8	1
qe	5	1.497377391415013E-8	1
wd	5	1.497377391415013E-8	1
wk	5	1.497377391415013E-8	1
zk	5	1.497377391415013E-8	1
zv	5	1.497377391415013E-8	1
zé	5	1.497377391415013E-8	1
zą	5	1.497377391415013E-8	1
ât	5	1.497377391415013E-8	1
äl	5	1.497377391415013E-8	1
ät	5	1.497377391415013E-8	1
å_	5	1.497377391415013E-8	1
éo	5	1.497377391415013E-8	1
íñ	5	1.497377391415013E-8	1
ï_	5	1.497377391415013E-8	1
ò_	5	1.497377391415013E-8	1
ør	5	1.497377391415013E-8	1
üa	5	1.497377391415013E-8	1
ý_	5	1.497377391415013E-8	1
ć_	5	1.497377391415013E-8	1
śn	5	1.497377391415013E-8	1
ηφ	5	1.497377391415013E-8	1
μi	5	1.497377391415013E-8	1
μα	5	1.497377391415013E-8	1
ος	5	1.497377391415013E-8	1
πρ	5	1.497377391415013E-8	1
ψη	5	1.497377391415013E-8	1
и_	5	1.497377391415013E-8	1
–n	5	1.497377391415013E-8	1
_ý	4	1.1979019131320106E-8	1
_κ	4	1.1979019131320106E-8	1
dö	4	1.1979019131320106E-8	1
e”	4	1.1979019131320106E-8	1
fä	4	1.1979019131320106E-8	1
gw	4	1.1979019131320106E-8	1
g–	4	1.1979019131320106E-8	1
hè	4	1.1979019131320106E-8	1
jd	4	1.1979019131320106E-8	1
jr	4	1.1979019131320106E-8	1
kp	4	1.1979019131320106E-8	1
lè	4	1.1979019131320106E-8	1
o´	4	1.1979019131320106E-8	1
o−	4	1.1979019131320106E-8	1
rà	4	1.1979019131320106E-8	1
rα	4	1.1979019131320106E-8	1
sx	4	1.1979019131320106E-8	1
t 	4	1.1979019131320106E-8	1
vn	4	1.1979019131320106E-8	1
wä	4	1.1979019131320106E-8	1
xg	4	1.1979019131320106E-8	1
zs	4	1.1979019131320106E-8	1
 ő	4	1.1979019131320106E-8	1
 š	4	1.1979019131320106E-8	1
àc	4	1.1979019131320106E-8	1
áe	4	1.1979019131320106E-8	1
áz	4	1.1979019131320106E-8	1
ão	4	1.1979019131320106E-8	1
äc	4	1.1979019131320106E-8	1
èn	4	1.1979019131320106E-8	1
úf	4	1.1979019131320106E-8	1
üc	4	1.1979019131320106E-8	1
üé	4	1.1979019131320106E-8	1
ąd	4	1.1979019131320106E-8	1
če	4	1.1979019131320106E-8	1
ł_	4	1.1979019131320106E-8	1
ły	4	1.1979019131320106E-8	1
őr	4	1.1979019131320106E-8	1
šp	4	1.1979019131320106E-8	1
ία	4	1.1979019131320106E-8	1
ίσ	4	1.1979019131320106E-8	1
α_	4	1.1979019131320106E-8	1
ατ	4	1.1979019131320106E-8	1
ι_	4	1.1979019131320106E-8	1
ν_	4	1.1979019131320106E-8	1
ρί	4	1.1979019131320106E-8	1
ρό	4	1.1979019131320106E-8	1
σμ	4	1.1979019131320106E-8	1
στ	4	1.1979019131320106E-8	1
συ	4	1.1979019131320106E-8	1
τα	4	1.1979019131320106E-8	1
υν	4	1.1979019131320106E-8	1
φί	4	1.1979019131320106E-8	1
ότ	4	1.1979019131320106E-8	1
а_	4	1.1979019131320106E-8	1
на	4	1.1979019131320106E-8	1
–i	4	1.1979019131320106E-8	1
–o	4	1.1979019131320106E-8	1
–q	4	1.1979019131320106E-8	1
_		3	8.984264348490078E-9	1
_å	3	8.984264348490078E-9	1
_ç	3	8.984264348490078E-9	1
_ê	3	8.984264348490078E-9	1
_β	3	8.984264348490078E-9	1
_δ	3	8.984264348490078E-9	1
_н	3	8.984264348490078E-9	1
cà	3	8.984264348490078E-9	1
cè	3	8.984264348490078E-9	1
eś	3	8.984264348490078E-9	1
e―	3	8.984264348490078E-9	1
fm	3	8.984264348490078E-9	1
iś	3	8.984264348490078E-9	1
jk	3	8.984264348490078E-9	1
kä	3	8.984264348490078E-9	1
ké	3	8.984264348490078E-9	1
mw	3	8.984264348490078E-9	1
m 	3	8.984264348490078E-9	1
mè	3	8.984264348490078E-9	1
m–	3	8.984264348490078E-9	1
nö	3	8.984264348490078E-9	1
n―	3	8.984264348490078E-9	1
n’	3	8.984264348490078E-9	1
oß	3	8.984264348490078E-9	1
pk	3	8.984264348490078E-9	1
pv	3	8.984264348490078E-9	1
r”	3	8.984264348490078E-9	1
sò	3	8.984264348490078E-9	1
tj	3	8.984264348490078E-9	1
tè	3	8.984264348490078E-9	1
u 	3	8.984264348490078E-9	1
vc	3	8.984264348490078E-9	1
wf	3	8.984264348490078E-9	1
xr	3	8.984264348490078E-9	1
yk	3	8.984264348490078E-9	1
yv	3	8.984264348490078E-9	1
zî	3	8.984264348490078E-9	1
´_	3	8.984264348490078E-9	1
´h	3	8.984264348490078E-9	1
ßa	3	8.984264348490078E-9	1
àv	3	8.984264348490078E-9	1
áh	3	8.984264348490078E-9	1
äh	3	8.984264348490078E-9	1
äm	3	8.984264348490078E-9	1
ää	3	8.984264348490078E-9	1
êm	3	8.984264348490078E-9	1
íu	3	8.984264348490078E-9	1
í­	3	8.984264348490078E-9	1
íó	3	8.984264348490078E-9	1
í”	3	8.984264348490078E-9	1
îl	3	8.984264348490078E-9	1
òl	3	8.984264348490078E-9	1
ôl	3	8.984264348490078E-9	1
öl	3	8.984264348490078E-9	1
ü_	3	8.984264348490078E-9	1
üg	3	8.984264348490078E-9	1
ń_	3	8.984264348490078E-9	1
śl	3	8.984264348490078E-9	1
δρ	3	8.984264348490078E-9	1
εδ	3	8.984264348490078E-9	1
ει	3	8.984264348490078E-9	1
ηρ	3	8.984264348490078E-9	1
ης	3	8.984264348490078E-9	1
ις	3	8.984264348490078E-9	1
νε	3	8.984264348490078E-9	1
τι	3	8.984264348490078E-9	1
до	3	8.984264348490078E-9	1
е_	3	8.984264348490078E-9	1
та	3	8.984264348490078E-9	1
–d	3	8.984264348490078E-9	1
–m	3	8.984264348490078E-9	1
’_	3	8.984264348490078E-9	1
’h	3	8.984264348490078E-9	1
	c	2	5.989509565660053E-9	1
_ø	2	5.989509565660053E-9	1
_ü	2	5.989509565660053E-9	1
_ş	2	5.989509565660053E-9	1
_ε	2	5.989509565660053E-9	1
_λ	2	5.989509565660053E-9	1
_в	2	5.989509565660053E-9	1
_г	2	5.989509565660053E-9	1
_з	2	5.989509565660053E-9	1
_о	2	5.989509565660053E-9	1
_т	2	5.989509565660053E-9	1
aá	2	5.989509565660053E-9	1
aã	2	5.989509565660053E-9	1
aî	2	5.989509565660053E-9	1
aķ	2	5.989509565660053E-9	1
aź	2	5.989509565660053E-9	1
a―	2	5.989509565660053E-9	1
d 	2	5.989509565660053E-9	1
d­	2	5.989509565660053E-9	1
d”	2	5.989509565660053E-9	1
fd	2	5.989509565660053E-9	1
fp	2	5.989509565660053E-9	1
fö	2	5.989509565660053E-9	1
hp	2	5.989509565660053E-9	1
hâ	2	5.989509565660053E-9	1
hä	2	5.989509565660053E-9	1
hì	2	5.989509565660053E-9	1
i 	2	5.989509565660053E-9	1
iç	2	5.989509565660053E-9	1
iò	2	5.989509565660053E-9	1
ić	2	5.989509565660053E-9	1
iš	2	5.989509565660053E-9	1
i–	2	5.989509565660053E-9	1
jm	2	5.989509565660053E-9	1
jt	2	5.989509565660053E-9	1
kõ	2	5.989509565660053E-9	1
k–	2	5.989509565660053E-9	1
l·	2	5.989509565660053E-9	1
lß	2	5.989509565660053E-9	1
lö	2	5.989509565660053E-9	1
mê	2	5.989509565660053E-9	1
mα	2	5.989509565660053E-9	1
n·	2	5.989509565660053E-9	1
nč	2	5.989509565660053E-9	1
où	2	5.989509565660053E-9	1
oń	2	5.989509565660053E-9	1
oś	2	5.989509565660053E-9	1
pb	2	5.989509565660053E-9	1
pè	2	5.989509565660053E-9	1
pô	2	5.989509565660053E-9	1
př	2	5.989509565660053E-9	1
qr	2	5.989509565660053E-9	1
r­	2	5.989509565660053E-9	1
rç	2	5.989509565660053E-9	1
rò	2	5.989509565660053E-9	1
rô	2	5.989509565660053E-9	1
r−	2	5.989509565660053E-9	1
sì	2	5.989509565660053E-9	1
sñ	2	5.989509565660053E-9	1
sö	2	5.989509565660053E-9	1
sł	2	5.989509565660053E-9	1
t´	2	5.989509565660053E-9	1
tä	2	5.989509565660053E-9	1
tê	2	5.989509565660053E-9	1
të	2	5.989509565660053E-9	1
t–	2	5.989509565660053E-9	1
uš	2	5.989509565660053E-9	1
vm	2	5.989509565660053E-9	1
vä	2	5.989509565660053E-9	1
wm	2	5.989509565660053E-9	1
wt	2	5.989509565660053E-9	1
xv	2	5.989509565660053E-9	1
x­	2	5.989509565660053E-9	1
yń	2	5.989509565660053E-9	1
y…	2	5.989509565660053E-9	1
zd	2	5.989509565660053E-9	1
zö	2	5.989509565660053E-9	1
z—	2	5.989509565660053E-9	1
z”	2	5.989509565660053E-9	1
­p	2	5.989509565660053E-9	1
°°	2	5.989509565660053E-9	1
·c	2	5.989509565660053E-9	1
ße	2	5.989509565660053E-9	1
àn	2	5.989509565660053E-9	1
áa	2	5.989509565660053E-9	1
áo	2	5.989509565660053E-9	1
áí	2	5.989509565660053E-9	1
á—	2	5.989509565660053E-9	1
âe	2	5.989509565660053E-9	1
ãn	2	5.989509565660053E-9	1
åt	2	5.989509565660053E-9	1
æ_	2	5.989509565660053E-9	1
ær	2	5.989509565660053E-9	1
ç_	2	5.989509565660053E-9	1
èv	2	5.989509565660053E-9	1
ék	2	5.989509565660053E-9	1
ë_	2	5.989509565660053E-9	1
ël	2	5.989509565660053E-9	1
ì_	2	5.989509565660053E-9	1
ìa	2	5.989509565660053E-9	1
ìc	2	5.989509565660053E-9	1
ìe	2	5.989509565660053E-9	1
ìl	2	5.989509565660053E-9	1
ík	2	5.989509565660053E-9	1
íy	2	5.989509565660053E-9	1
íč	2	5.989509565660053E-9	1
ît	2	5.989509565660053E-9	1
ïf	2	5.989509565660053E-9	1
õi	2	5.989509565660053E-9	1
öh	2	5.989509565660053E-9	1
ök	2	5.989509565660053E-9	1
öt	2	5.989509565660053E-9	1
ù_	2	5.989509565660053E-9	1
úñ	2	5.989509565660053E-9	1
ût	2	5.989509565660053E-9	1
ün	2	5.989509565660053E-9	1
üo	2	5.989509565660053E-9	1
ąc	2	5.989509565660053E-9	1
či	2	5.989509565660053E-9	1
ķs	2	5.989509565660053E-9	1
ńc	2	5.989509565660053E-9	1
ńs	2	5.989509565660053E-9	1
ře	2	5.989509565660053E-9	1
ść	2	5.989509565660053E-9	1
ş_	2	5.989509565660053E-9	1
šu	2	5.989509565660053E-9	1
źd	2	5.989509565660053E-9	1
ή_	2	5.989509565660053E-9	1
αn	2	5.989509565660053E-9	1
αs	2	5.989509565660053E-9	1
βa	2	5.989509565660053E-9	1
εί	2	5.989509565660053E-9	1
ην	2	5.989509565660053E-9	1
κη	2	5.989509565660053E-9	1
κο	2	5.989509565660053E-9	1
λή	2	5.989509565660053E-9	1
λο	2	5.989509565660053E-9	1
μ_	2	5.989509565660053E-9	1
μμ	2	5.989509565660053E-9	1
νό	2	5.989509565660053E-9	1
ου	2	5.989509565660053E-9	1
ρύ	2	5.989509565660053E-9	1
ρώ	2	5.989509565660053E-9	1
σσ	2	5.989509565660053E-9	1
υ_	2	5.989509565660053E-9	1
φο	2	5.989509565660053E-9	1
ύσ	2	5.989509565660053E-9	1
ан	2	5.989509565660053E-9	1
в_	2	5.989509565660053E-9	1
де	2	5.989509565660053E-9	1
ем	2	5.989509565660053E-9	1
ен	2	5.989509565660053E-9	1
зе	2	5.989509565660053E-9	1
й_	2	5.989509565660053E-9	1
ло	2	5.989509565660053E-9	1
об	2	5.989509565660053E-9	1
ой	2	5.989509565660053E-9	1
ос	2	5.989509565660053E-9	1
па	2	5.989509565660053E-9	1
ра	2	5.989509565660053E-9	1
ст	2	5.989509565660053E-9	1
тв	2	5.989509565660053E-9	1
	_	1	2.9947547828300264E-9	1
	a	1	2.9947547828300264E-9	1
_ä	1	2.9947547828300264E-9	1
_æ	1	2.9947547828300264E-9	1
_ë	1	2.9947547828300264E-9	1
_ò	1	2.9947547828300264E-9	1
_ô	1	2.9947547828300264E-9	1
_č	1	2.9947547828300264E-9	1
_ł	1	2.9947547828300264E-9	1
_ś	1	2.9947547828300264E-9	1
_ź	1	2.9947547828300264E-9	1
_ż	1	2.9947547828300264E-9	1
_α	1	2.9947547828300264E-9	1
_ν	1	2.9947547828300264E-9	1
_χ	1	2.9947547828300264E-9	1
_и	1	2.9947547828300264E-9	1
_п	1	2.9947547828300264E-9	1
_с	1	2.9947547828300264E-9	1
_ч	1	2.9947547828300264E-9	1
_ш	1	2.9947547828300264E-9	1
a·	1	2.9947547828300264E-9	1
a¸	1	2.9947547828300264E-9	1
aë	1	2.9947547828300264E-9	1
ać	1	2.9947547828300264E-9	1
aś	1	2.9947547828300264E-9	1
aš	1	2.9947547828300264E-9	1
aţ	1	2.9947547828300264E-9	1
aż	1	2.9947547828300264E-9	1
aϊ	1	2.9947547828300264E-9	1
a’	1	2.9947547828300264E-9	1
bk	1	2.9947547828300264E-9	1
bq	1	2.9947547828300264E-9	1
bâ	1	2.9947547828300264E-9	1
bæ	1	2.9947547828300264E-9	1
bê	1	2.9947547828300264E-9	1
bł	1	2.9947547828300264E-9	1
b–	1	2.9947547828300264E-9	1
cb	1	2.9947547828300264E-9	1
cg	1	2.9947547828300264E-9	1
cj	1	2.9947547828300264E-9	1
cò	1	2.9947547828300264E-9	1
cł	1	2.9947547828300264E-9	1
c”	1	2.9947547828300264E-9	1
dx	1	2.9947547828300264E-9	1
dà	1	2.9947547828300264E-9	1
dâ	1	2.9947547828300264E-9	1
dè	1	2.9947547828300264E-9	1
dñ	1	2.9947547828300264E-9	1
dē	1	2.9947547828300264E-9	1
dķ	1	2.9947547828300264E-9	1
dł	1	2.9947547828300264E-9	1
dž	1	2.9947547828300264E-9	1
e		1	2.9947547828300264E-9	1
eß	1	2.9947547828300264E-9	1
eã	1	2.9947547828300264E-9	1
eç	1	2.9947547828300264E-9	1
eë	1	2.9947547828300264E-9	1
eï	1	2.9947547828300264E-9	1
eľ	1	2.9947547828300264E-9	1
eł	1	2.9947547828300264E-9	1
eρ	1	2.9947547828300264E-9	1
fj	1	2.9947547828300264E-9	1
fv	1	2.9947547828300264E-9	1
fà	1	2.9947547828300264E-9	1
få	1	2.9947547828300264E-9	1
fæ	1	2.9947547828300264E-9	1
fķ	1	2.9947547828300264E-9	1
f–	1	2.9947547828300264E-9	1
gf	1	2.9947547828300264E-9	1
gv	1	2.9947547828300264E-9	1
gâ	1	2.9947547828300264E-9	1
gä	1	2.9947547828300264E-9	1
gå	1	2.9947547828300264E-9	1
gì	1	2.9947547828300264E-9	1
hj	1	2.9947547828300264E-9	1
hã	1	2.9947547828300264E-9	1
h’	1	2.9947547828300264E-9	1
i­	1	2.9947547828300264E-9	1
iö	1	2.9947547828300264E-9	1
iû	1	2.9947547828300264E-9	1
iř	1	2.9947547828300264E-9	1
jc	1	2.9947547828300264E-9	1
jj	1	2.9947547828300264E-9	1
jv	1	2.9947547828300264E-9	1
jw	1	2.9947547828300264E-9	1
jz	1	2.9947547828300264E-9	1
j´	1	2.9947547828300264E-9	1
jσ	1	2.9947547828300264E-9	1
kd	1	2.9947547828300264E-9	1
kj	1	2.9947547828300264E-9	1
kv	1	2.9947547828300264E-9	1
k 	1	2.9947547828300264E-9	1
kú	1	2.9947547828300264E-9	1
kü	1	2.9947547828300264E-9	1
ký	1	2.9947547828300264E-9	1
lâ	1	2.9947547828300264E-9	1
lã	1	2.9947547828300264E-9	1
lç	1	2.9947547828300264E-9	1
lò	1	2.9947547828300264E-9	1
lķ	1	2.9947547828300264E-9	1
lν	1	2.9947547828300264E-9	1
l―	1	2.9947547828300264E-9	1
mx	1	2.9947547828300264E-9	1
mz	1	2.9947547828300264E-9	1
m´	1	2.9947547828300264E-9	1
m·	1	2.9947547828300264E-9	1
må	1	2.9947547828300264E-9	1
mæ	1	2.9947547828300264E-9	1
mì	1	2.9947547828300264E-9	1
mò	1	2.9947547828300264E-9	1
mö	1	2.9947547828300264E-9	1
mį	1	2.9947547828300264E-9	1
nä	1	2.9947547828300264E-9	1
nè	1	2.9947547828300264E-9	1
nî	1	2.9947547828300264E-9	1
nñ	1	2.9947547828300264E-9	1
nă	1	2.9947547828300264E-9	1
n−	1	2.9947547828300264E-9	1
o·	1	2.9947547828300264E-9	1
oï	1	2.9947547828300264E-9	1
oû	1	2.9947547828300264E-9	1
oč	1	2.9947547828300264E-9	1
oš	1	2.9947547828300264E-9	1
ož	1	2.9947547828300264E-9	1
pj	1	2.9947547828300264E-9	1
pâ	1	2.9947547828300264E-9	1
på	1	2.9947547828300264E-9	1
pü	1	2.9947547828300264E-9	1
pę	1	2.9947547828300264E-9	1
pū	1	2.9947547828300264E-9	1
p–	1	2.9947547828300264E-9	1
qb	1	2.9947547828300264E-9	1
qt	1	2.9947547828300264E-9	1
qy	1	2.9947547828300264E-9	1
rã	1	2.9947547828300264E-9	1
rñ	1	2.9947547828300264E-9	1
rč	1	2.9947547828300264E-9	1
rů	1	2.9947547828300264E-9	1
rι	1	2.9947547828300264E-9	1
rσ	1	2.9947547828300264E-9	1
r―	1	2.9947547828300264E-9	1
s·	1	2.9947547828300264E-9	1
sà	1	2.9947547828300264E-9	1
sä	1	2.9947547828300264E-9	1
sè	1	2.9947547828300264E-9	1
sû	1	2.9947547828300264E-9	1
sü	1	2.9947547828300264E-9	1
sν	1	2.9947547828300264E-9	1
sσ	1	2.9947547828300264E-9	1
t­	1	2.9947547828300264E-9	1
tæ	1	2.9947547828300264E-9	1
tö	1	2.9947547828300264E-9	1
tý	1	2.9947547828300264E-9	1
tė	1	2.9947547828300264E-9	1
tě	1	2.9947547828300264E-9	1
tį	1	2.9947547828300264E-9	1
tα	1	2.9947547828300264E-9	1
t―	1	2.9947547828300264E-9	1
t’	1	2.9947547828300264E-9	1
uè	1	2.9947547828300264E-9	1
uê	1	2.9947547828300264E-9	1
uï	1	2.9947547828300264E-9	1
uǎ	1	2.9947547828300264E-9	1
vb	1	2.9947547828300264E-9	1
vf	1	2.9947547828300264E-9	1
vk	1	2.9947547828300264E-9	1
vp	1	2.9947547828300264E-9	1
væ	1	2.9947547828300264E-9	1
vè	1	2.9947547828300264E-9	1
vì	1	2.9947547828300264E-9	1
vò	1	2.9947547828300264E-9	1
vö	1	2.9947547828300264E-9	1
vý	1	2.9947547828300264E-9	1
vķ	1	2.9947547828300264E-9	1
wp	1	2.9947547828300264E-9	1
wx	1	2.9947547828300264E-9	1
wà	1	2.9947547828300264E-9	1
wë	1	2.9947547828300264E-9	1
xj	1	2.9947547828300264E-9	1
xn	1	2.9947547828300264E-9	1
yh	1	2.9947547828300264E-9	1
yj	1	2.9947547828300264E-9	1
yq	1	2.9947547828300264E-9	1
yx	1	2.9947547828300264E-9	1
yz	1	2.9947547828300264E-9	1
yè	1	2.9947547828300264E-9	1
yí	1	2.9947547828300264E-9	1
yö	1	2.9947547828300264E-9	1
y—	1	2.9947547828300264E-9	1
zx	1	2.9947547828300264E-9	1
z 	1	2.9947547828300264E-9	1
zè	1	2.9947547828300264E-9	1
zì	1	2.9947547828300264E-9	1
zü	1	2.9947547828300264E-9	1
zł	1	2.9947547828300264E-9	1
z…	1	2.9947547828300264E-9	1
 ž	1	2.9947547828300264E-9	1
­e	1	2.9947547828300264E-9	1
­m	1	2.9947547828300264E-9	1
­n	1	2.9947547828300264E-9	1
´n	1	2.9947547828300264E-9	1
´o	1	2.9947547828300264E-9	1
´s	1	2.9947547828300264E-9	1
´´	1	2.9947547828300264E-9	1
´é	1	2.9947547828300264E-9	1
·e	1	2.9947547828300264E-9	1
·l	1	2.9947547828300264E-9	1
·t	1	2.9947547828300264E-9	1
¸_	1	2.9947547828300264E-9	1
ßt	1	2.9947547828300264E-9	1
ßu	1	2.9947547828300264E-9	1
ài	1	2.9947547828300264E-9	1
àl	1	2.9947547828300264E-9	1
àp	1	2.9947547828300264E-9	1
àr	1	2.9947547828300264E-9	1
á 	1	2.9947547828300264E-9	1
áä	1	2.9947547828300264E-9	1
áé	1	2.9947547828300264E-9	1
á−	1	2.9947547828300264E-9	1
â_	1	2.9947547828300264E-9	1
âa	1	2.9947547828300264E-9	1
âg	1	2.9947547828300264E-9	1
ân	1	2.9947547828300264E-9	1
âñ	1	2.9947547828300264E-9	1
ãa	1	2.9947547828300264E-9	1
äf	1	2.9947547828300264E-9	1
äi	1	2.9947547828300264E-9	1
äå	1	2.9947547828300264E-9	1
äý	1	2.9947547828300264E-9	1
ål	1	2.9947547828300264E-9	1
åý	1	2.9947547828300264E-9	1
æk	1	2.9947547828300264E-9	1
æn	1	2.9947547828300264E-9	1
çe	1	2.9947547828300264E-9	1
çà	1	2.9947547828300264E-9	1
çã	1	2.9947547828300264E-9	1
çó	1	2.9947547828300264E-9	1
èb	1	2.9947547828300264E-9	1
èc	1	2.9947547828300264E-9	1
èd	1	2.9947547828300264E-9	1
èe	1	2.9947547828300264E-9	1
èg	1	2.9947547828300264E-9	1
èi	1	2.9947547828300264E-9	1
èl	1	2.9947547828300264E-9	1
èt	1	2.9947547828300264E-9	1
éh	1	2.9947547828300264E-9	1
é 	1	2.9947547828300264E-9	1
éí	1	2.9947547828300264E-9	1
éú	1	2.9947547828300264E-9	1
é”	1	2.9947547828300264E-9	1
é…	1	2.9947547828300264E-9	1
ëe	1	2.9947547828300264E-9	1
ën	1	2.9947547828300264E-9	1
ëá	1	2.9947547828300264E-9	1
ìd	1	2.9947547828300264E-9	1
ìn	1	2.9947547828300264E-9	1
ìr	1	2.9947547828300264E-9	1
ìt	1	2.9947547828300264E-9	1
ìñ	1	2.9947547828300264E-9	1
íh	1	2.9947547828300264E-9	1
í 	1	2.9947547828300264E-9	1
íá	1	2.9947547828300264E-9	1
í―	1	2.9947547828300264E-9	1
îm	1	2.9947547828300264E-9	1
ïk	1	2.9947547828300264E-9	1
ïm	1	2.9947547828300264E-9	1
ïn	1	2.9947547828300264E-9	1
ïs	1	2.9947547828300264E-9	1
ðå	1	2.9947547828300264E-9	1
ñ_	1	2.9947547828300264E-9	1
ñl	1	2.9947547828300264E-9	1
ñn	1	2.9947547828300264E-9	1
ñp	1	2.9947547828300264E-9	1
ñs	1	2.9947547828300264E-9	1
òa	1	2.9947547828300264E-9	1
òn	1	2.9947547828300264E-9	1
òp	1	2.9947547828300264E-9	1
òr	1	2.9947547828300264E-9	1
òx	1	2.9947547828300264E-9	1
óa	1	2.9947547828300264E-9	1
óh	1	2.9947547828300264E-9	1
óo	1	2.9947547828300264E-9	1
óð	1	2.9947547828300264E-9	1
ó…	1	2.9947547828300264E-9	1
ôü	1	2.9947547828300264E-9	1
öb	1	2.9947547828300264E-9	1
öv	1	2.9947547828300264E-9	1
ø_	1	2.9947547828300264E-9	1
øn	1	2.9947547828300264E-9	1
ùò	1	2.9947547828300264E-9	1
ûr	1	2.9947547828300264E-9	1
ük	1	2.9947547828300264E-9	1
ül	1	2.9947547828300264E-9	1
üë	1	2.9947547828300264E-9	1
ýs	1	2.9947547828300264E-9	1
ýz	1	2.9947547828300264E-9	1
ýä	1	2.9947547828300264E-9	1
ýù	1	2.9947547828300264E-9	1
ă_	1	2.9947547828300264E-9	1
čm	1	2.9947547828300264E-9	1
čn	1	2.9947547828300264E-9	1
ēs	1	2.9947547828300264E-9	1
ė_	1	2.9947547828300264E-9	1
ęk	1	2.9947547828300264E-9	1
ęs	1	2.9947547828300264E-9	1
ě_	1	2.9947547828300264E-9	1
į_	1	2.9947547828300264E-9	1
įs	1	2.9947547828300264E-9	1
ķa	1	2.9947547828300264E-9	1
ķc	1	2.9947547828300264E-9	1
ķo	1	2.9947547828300264E-9	1
ķt	1	2.9947547828300264E-9	1
ľm	1	2.9947547828300264E-9	1
łb	1	2.9947547828300264E-9	1
łg	1	2.9947547828300264E-9	1
łk	1	2.9947547828300264E-9	1
łą	1	2.9947547828300264E-9	1
łę	1	2.9947547828300264E-9	1
ří	1	2.9947547828300264E-9	1
š_	1	2.9947547828300264E-9	1
št	1	2.9947547828300264E-9	1
ší	1	2.9947547828300264E-9	1
šč	1	2.9947547828300264E-9	1
ţi	1	2.9947547828300264E-9	1
ūc	1	2.9947547828300264E-9	1
ůž	1	2.9947547828300264E-9	1
źq	1	2.9947547828300264E-9	1
ża	1	2.9947547828300264E-9	1
żv	1	2.9947547828300264E-9	1
žd	1	2.9947547828300264E-9	1
ži	1	2.9947547828300264E-9	1
žk	1	2.9947547828300264E-9	1
ží	1	2.9947547828300264E-9	1
ǎ_	1	2.9947547828300264E-9	1
ά_	1	2.9947547828300264E-9	1
άτ	1	2.9947547828300264E-9	1
έλ	1	2.9947547828300264E-9	1
έφ	1	2.9947547828300264E-9	1
ήγ	1	2.9947547828300264E-9	1
ήξ	1	2.9947547828300264E-9	1
ί_	1	2.9947547828300264E-9	1
ίζ	1	2.9947547828300264E-9	1
ίν	1	2.9947547828300264E-9	1
αι	1	2.9947547828300264E-9	1
ακ	1	2.9947547828300264E-9	1
αλ	1	2.9947547828300264E-9	1
αρ	1	2.9947547828300264E-9	1
ας	1	2.9947547828300264E-9	1
β_	1	2.9947547828300264E-9	1
γε	1	2.9947547828300264E-9	1
δή	1	2.9947547828300264E-9	1
δε	1	2.9947547828300264E-9	1
δη	1	2.9947547828300264E-9	1
δι	1	2.9947547828300264E-9	1
δο	1	2.9947547828300264E-9	1
ε_	1	2.9947547828300264E-9	1
ετ	1	2.9947547828300264E-9	1
ευ	1	2.9947547828300264E-9	1
ζε	1	2.9947547828300264E-9	1
ημ	1	2.9947547828300264E-9	1
ιd	1	2.9947547828300264E-9	1
ια	1	2.9947547828300264E-9	1
ιδ	1	2.9947547828300264E-9	1
ιε	1	2.9947547828300264E-9	1
ιν	1	2.9947547828300264E-9	1
κέ	1	2.9947547828300264E-9	1
κύ	1	2.9947547828300264E-9	1
λλ	1	2.9947547828300264E-9	1
μά	1	2.9947547828300264E-9	1
μέ	1	2.9947547828300264E-9	1
με	1	2.9947547828300264E-9	1
νa	1	2.9947547828300264E-9	1
νn	1	2.9947547828300264E-9	1
νt	1	2.9947547828300264E-9	1
να	1	2.9947547828300264E-9	1
ξη	1	2.9947547828300264E-9	1
ο_	1	2.9947547828300264E-9	1
οι	1	2.9947547828300264E-9	1
οκ	1	2.9947547828300264E-9	1
ον	1	2.9947547828300264E-9	1
οπ	1	2.9947547828300264E-9	1
ορ	1	2.9947547828300264E-9	1
οφ	1	2.9947547828300264E-9	1
πή	1	2.9947547828300264E-9	1
ρa	1	2.9947547828300264E-9	1
ρη	1	2.9947547828300264E-9	1
ρι	1	2.9947547828300264E-9	1
ρο	1	2.9947547828300264E-9	1
ρχ	1	2.9947547828300264E-9	1
σl	1	2.9947547828300264E-9	1
σv	1	2.9947547828300264E-9	1
σx	1	2.9947547828300264E-9	1
σε	1	2.9947547828300264E-9	1
σι	1	2.9947547828300264E-9	1
σω	1	2.9947547828300264E-9	1
τά	1	2.9947547828300264E-9	1
τω	1	2.9947547828300264E-9	1
υρ	1	2.9947547828300264E-9	1
φα	1	2.9947547828300264E-9	1
χί	1	2.9947547828300264E-9	1
χρ	1	2.9947547828300264E-9	1
ω_	1	2.9947547828300264E-9	1
ων	1	2.9947547828300264E-9	1
ϊn	1	2.9947547828300264E-9	1
ό_	1	2.9947547828300264E-9	1
όδ	1	2.9947547828300264E-9	1
ύρ	1	2.9947547828300264E-9	1
ώ_	1	2.9947547828300264E-9	1
ώτ	1	2.9947547828300264E-9	1
ае	1	2.9947547828300264E-9	1
аз	1	2.9947547828300264E-9	1
ам	1	2.9947547828300264E-9	1
ар	1	2.9947547828300264E-9	1
ас	1	2.9947547828300264E-9	1
ат	1	2.9947547828300264E-9	1
аш	1	2.9947547828300264E-9	1
ая	1	2.9947547828300264E-9	1
ає	1	2.9947547828300264E-9	1
бр	1	2.9947547828300264E-9	1
бъ	1	2.9947547828300264E-9	1
ве	1	2.9947547828300264E-9	1
вь	1	2.9947547828300264E-9	1
ві	1	2.9947547828300264E-9	1
га	1	2.9947547828300264E-9	1
го	1	2.9947547828300264E-9	1
да	1	2.9947547828300264E-9	1
ет	1	2.9947547828300264E-9	1
еч	1	2.9947547828300264E-9	1
еш	1	2.9947547828300264E-9	1
жо	1	2.9947547828300264E-9	1
зл	1	2.9947547828300264E-9	1
ки	1	2.9947547828300264E-9	1
ко	1	2.9947547828300264E-9	1
кр	1	2.9947547828300264E-9	1
ла	1	2.9947547828300264E-9	1
ле	1	2.9947547828300264E-9	1
ли	1	2.9947547828300264E-9	1
ме	1	2.9947547828300264E-9	1
мл	1	2.9947547828300264E-9	1
мо	1	2.9947547828300264E-9	1
н_	1	2.9947547828300264E-9	1
нк	1	2.9947547828300264E-9	1
но	1	2.9947547828300264E-9	1
нт	1	2.9947547828300264E-9	1
ов	1	2.9947547828300264E-9	1
ок	1	2.9947547828300264E-9	1
оп	1	2.9947547828300264E-9	1
ор	1	2.9947547828300264E-9	1
от	1	2.9947547828300264E-9	1
ош	1	2.9947547828300264E-9	1
р_	1	2.9947547828300264E-9	1
рд	1	2.9947547828300264E-9	1
ре	1	2.9947547828300264E-9	1
рл	1	2.9947547828300264E-9	1
сл	1	2.9947547828300264E-9	1
сн	1	2.9947547828300264E-9	1
ти	1	2.9947547828300264E-9	1
тк	1	2.9947547828300264E-9	1
тр	1	2.9947547828300264E-9	1
ты	1	2.9947547828300264E-9	1
ті	1	2.9947547828300264E-9	1
уж	1	2.9947547828300264E-9	1
ут	1	2.9947547828300264E-9	1
ча	1	2.9947547828300264E-9	1
чу	1	2.9947547828300264E-9	1
ши	1	2.9947547828300264E-9	1
шл	1	2.9947547828300264E-9	1
шу	1	2.9947547828300264E-9	1
шь	1	2.9947547828300264E-9	1
ър	1	2.9947547828300264E-9	1
ы_	1	2.9947547828300264E-9	1
ь_	1	2.9947547828300264E-9	1
ье	1	2.9947547828300264E-9	1
ю_	1	2.9947547828300264E-9	1
я_	1	2.9947547828300264E-9	1
є_	1	2.9947547828300264E-9	1
іт	1	2.9947547828300264E-9	1
ію	1	2.9947547828300264E-9	1
–b	1	2.9947547828300264E-9	1
–f	1	2.9947547828300264E-9	1
–h	1	2.9947547828300264E-9	1
–j	1	2.9947547828300264E-9	1
–v	1	2.9947547828300264E-9	1
—a	1	2.9947547828300264E-9	1
’a	1	2.9947547828300264E-9	1
’m	1	2.9947547828300264E-9	1
’s	1	2.9947547828300264E-9	1
’t	1	2.9947547828300264E-9	1
…e	1	2.9947547828300264E-9	1
…p	1	2.9947547828300264E-9	1
