e_	10097	0.032261465808661426	3
_t	8804	0.028130132215455596	2
th	7124	0.022762274182519953	2
s_	6229	0.01990261171854531	2
_a	5537	0.01769156543355039	2
he	5222	0.016685092052374957	2
t_	4714	0.015061954028130133	2
in	4503	0.014387776620422144	2
n_	4246	0.013566622147526632	2
_i	4072	0.01301066542268687	2
d_	3973	0.01269434521717459	2
re	3853	0.012310926786250615	2
on	3818	0.012199096410564455	2
_o	3537	0.01130125825148415	2
ti	3056	0.009764389374197218	2
an	2944	0.009406532172001509	2
at	2814	0.008991162205167203	2
_w	2805	0.008962405822847904	2
er	2760	0.008818623911251414	2
y_	2739	0.008751525685839718	2
_s	2630	0.008403253944417108	2
en	2616	0.008358521794142645	2
is	2593	0.008285033261548882	2
or	2521	0.008054982202994498	2
es	2428	0.007757832919028418	2
o_	2377	0.007594880085885728	2
_c	2246	0.00717631496546039	2
nd	2236	0.007144363429550059	2
r_	2232	0.007131582815185926	2
it	2208	0.007054899129001131	2
al	2135	0.006821652916855713	2
to	2131	0.006808872302491581	2
nt	2129	0.0068024819953095145	2
f_	2102	0.00671621284835162	2
io	2053	0.006559650322390997	2
te	2028	0.00647977148261517	2
_p	2014	0.006435039332340705	2
of	2012	0.00642864902515864	2
ha	1855	0.005927009911366439	2
l_	1837	0.005869497146727843	2
_b	1828	0.005840740764408545	2
ar	1814	0.005796008614134081	2
_r	1768	0.005649031548946558	2
co	1754	0.0056042993986720946	2
st	1705	0.0054477368727114716	2
ve	1664	0.0053167355754791135	2
_f	1650	0.005272003425204649	2
_m	1619	0.005172953663882623	2
ed	1572	0.005022781445104066	2
ou	1564	0.004997220216375801	2
ng	1527	0.004878999533507576	2
se	1516	0.004843852844006211	2
hi	1492	0.0047671691578214164	2
me	1460	0.004664924242908357	2
ic	1403	0.004482800488219469	2
as	1350	0.004313457347894714	2
le	1300	0.004153699668343057	2
g_	1285	0.004105772364477561	2
po	1256	0.0040131129103376	2
de	1234	0.003942819531334871	2
_d	1202	0.0038405746164218114	2
_e	1193	0.0038118182341025132	2
ro	1192	0.00380862308051148	2
li	1151	0.0036776217832791224	2
ra	1136	0.0036296944794136253	2
pr	1130	0.0036105235578674268	2
h_	1129	0.0036073284042763935	2
ec	1126	0.0035977429435032943	2
_h	1111	0.0035498156396377976	2
be	1081	0.0034539610319068038	2
ns	1071	0.0034220094959964724	2
si	1065	0.003402838574450274	2
ri	1063	0.0033964482672682074	2
ce	1061	0.0033900579600861414	2
ne	1055	0.0033708870385399424	2
om	1051	0.00335810642417581	2
ta	1032	0.0032973985059461808	2
rt	1032	0.0032973985059461808	2
fo	1022	0.00326544697003585	2
ll	1006	0.00321432451257932	2
ur	974	0.00311207959766626	2
ea	968	0.003092908676120061	2
_n	931	0.0029746879932518355	2
a_	916	0.002926760689386339	2
pe	911	0.002910784921431173	2
_l	895	0.0028596624639746432	2
ly	880	0.0028117351601091465	2
we	865	0.00276380785624365	2
ct	859	0.002744636934697451	2
ul	858	0.0027414417811064177	2
us	855	0.0027318563203333184	2
et	840	0.0026839290164678217	2
el	833	0.0026615629413305896	2
wh	812	0.0025944647159188944	2
no	803	0.002565708333599596	2
la	791	0.0025273664905071987	2
ch	779	0.0024890246474148013	2
mp	776	0.002479439186641702	2
nc	760	0.002428316729185172	2
na	757	0.0024187312684120724	2
di	743	0.002373999118137609	2
ee	736	0.0023516330430003772	2
ma	724	0.0023132911999079794	2
wi	706	0.0022557784352693834	2
tr	706	0.0022557784352693834	2
ca	702	0.002242997820905251	2
ss	698	0.0022302172065411185	2
ot	697	0.0022270220529500852	2
ie	691	0.0022078511314038867	2
em	658	0.0021024110628997937	2
so	649	0.0020736546805804955	2
ut	643	0.002054483759034297	2
ho	624	0.0019937758408046674	2
su	610	0.001949043690530204	2
ac	606	0.0019362630761660712	2
eg	603	0.001926677615392972	2
ai	603	0.001926677615392972	2
id	588	0.001878750311527475	2
op	587	0.001875555157936442	2
im	586	0.0018723600043454088	2
ke	584	0.0018659696971633426	2
ci	578	0.0018467987756171438	2
ts	571	0.001824432700479912	2
_g	569	0.0018180423932978459	2
il	568	0.0018148472397068126	2
un	566	0.0018084569325247464	2
pl	557	0.0017797005502054484	2
iv	554	0.001770115089432349	2
fi	536	0.0017126023247937528	2
ev	522	0.0016678701745192891	2
m_	519	0.0016582847137461899	2
ol	499	0.0015943816419255275	2
mi	498	0.0015911864883344942	2
ad	498	0.0015911864883344942	2
mo	497	0.0015879913347434612	2
ni	496	0.001584796181152428	2
rs	492	0.0015720155667882955	2
_u	489	0.0015624301060151963	2
ge	485	0.0015496494916510636	2
ld	480	0.001533673723695898	2
lo	475	0.0015176979557407324	2
wo	456	0.0014569900375111032	2
os	456	0.0014569900375111032	2
am	454	0.001450599730329037	2
sa	452	0.0014442094231469707	2
bl	446	0.001425038501600772	2
ow	445	0.0014218433480097388	2
sp	433	0.0013835015049173413	2
pa	429	0.0013707208905532088	2
ep	422	0.001348354815415977	2
sh	419	0.0013387693546428776	2
ia	418	0.0013355742010518446	2
av	411	0.0013132081259146127	2
gi	410	0.0013100129723235797	2
vi	408	0.0013036226651415134	2
w_	399	0.0012748662828222152	2
ir	399	0.0012748662828222152	2
ex	397	0.001268475975640149	2
ef	391	0.0012493050540939503	2
ab	386	0.0012333292861387848	2
rd	379	0.0012109632110015528	2
tu	375	0.0011981825966374204	2
gr	375	0.0011981825966374204	2
pp	366	0.0011694262143181224	2
ty	355	0.001134279524816758	2
wa	340	0.001086352220951261	2
fe	333	0.0010639861458140293	2
_v	333	0.0010639861458140293	2
ay	323	0.001032034609903698	2
if	320	0.0010224491491305986	2
ry	317	0.0010128636883574994	2
ak	316	0.0010096685347664662	2
uc	314	0.0010032782275844	2
cu	311	9.936927668113007E-4	1
bu	307	9.809121524471682E-4	1
od	305	9.74521845265102E-4	1
ap	303	9.681315380830356E-4	1
do	299	9.553509237189031E-4	1
k_	295	9.425703093547706E-4	1
ga	290	9.26594541399605E-4	1
by	287	9.170090806265057E-4	1
da	284	9.074236198534063E-4	1
_y	283	9.042284662623732E-4	1
ag	278	8.882526983072076E-4	1
rm	275	8.786672375341082E-4	1
qu	271	8.658866231699758E-4	1
oc	268	8.563011623968764E-4	1
gh	265	8.46715701623777E-4	1
ls	263	8.403253944417108E-4	1
ue	262	8.371302408506777E-4	1
ff	262	8.371302408506777E-4	1
ba	250	7.987883977582802E-4	1
up	249	7.955932441672471E-4	1
ru	247	7.892029369851809E-4	1
ov	245	7.828126298031146E-4	1
cr	241	7.700320154389822E-4	1
oo	239	7.636417082569159E-4	1
ig	239	7.636417082569159E-4	1
mm	238	7.604465546658828E-4	1
fa	232	7.412756331196841E-4	1
mu	231	7.38080479528651E-4	1
c_	230	7.348853259376178E-4	1
du	229	7.316901723465847E-4	1
rk	227	7.252998651645185E-4	1
tt	225	7.189095579824522E-4	1
ds	224	7.157144043914191E-4	1
cl	224	7.157144043914191E-4	1
rn	222	7.093240972093529E-4	1
ua	221	7.061289436183198E-4	1
ui	220	7.029337900272866E-4	1
gu	213	6.805677148900548E-4	1
i_	212	6.773725612990217E-4	1
yo	210	6.709822541169554E-4	1
au	210	6.709822541169554E-4	1
fu	208	6.645919469348892E-4	1
fr	207	6.613967933438561E-4	1
cy	202	6.454210253886905E-4	1
ob	199	6.358355646155911E-4	1
ei	189	6.038840287052599E-4	1
vo	184	5.879082607500943E-4	1
p_	179	5.719324927949286E-4	1
pt	172	5.495664176576968E-4	1
go	170	5.431761104756305E-4	1
cc	170	5.431761104756305E-4	1
pu	169	5.399809568845974E-4	1
ub	168	5.367858032935643E-4	1
bo	166	5.30395496111498E-4	1
lu	165	5.272003425204649E-4	1
ik	165	5.272003425204649E-4	1
ib	162	5.176148817473656E-4	1
my	161	5.144197281563324E-4	1
um	160	5.112245745652993E-4	1
ew	160	5.112245745652993E-4	1
_j	159	5.080294209742662E-4	1
ms	158	5.048342673832331E-4	1
oi	157	5.016391137922E-4	1
tl	155	4.952488066101337E-4	1
lt	149	4.76077885063935E-4	1
ys	148	4.728827314729019E-4	1
af	148	4.728827314729019E-4	1
rr	144	4.601021171087694E-4	1
nl	144	4.601021171087694E-4	1
aw	143	4.569069635177363E-4	1
u_	142	4.5371180992670316E-4	1
va	141	4.5051665633567004E-4	1
eq	141	4.5051665633567004E-4	1
og	140	4.473215027446369E-4	1
ht	138	4.409311955625707E-4	1
rg	137	4.3773604197153756E-4	1
ug	136	4.3454088838050444E-4	1
ey	136	4.3454088838050444E-4	1
ud	132	4.2176027401637196E-4	1
rl	130	4.153699668343057E-4	1
tw	127	4.0578450606120636E-4	1
ki	124	3.96199045288107E-4	1
je	122	3.8980873810604076E-4	1
rc	122	3.8980873810604076E-4	1
ye	122	3.8980873810604076E-4	1
mr	120	3.834184309239745E-4	1
_q	118	3.770281237419083E-4	1
ju	117	3.7383297015087516E-4	1
pi	115	3.674426629688089E-4	1
nf	114	3.642475093777758E-4	1
xt	113	3.610523557867427E-4	1
nv	112	3.5785720219570956E-4	1
nk	111	3.5466204860467644E-4	1
ny	111	3.5466204860467644E-4	1
sc	111	3.5466204860467644E-4	1
nn	110	3.514668950136433E-4	1
ip	109	3.482717414226102E-4	1
xp	109	3.482717414226102E-4	1
bs	108	3.450765878315771E-4	1
dm	98	3.131250519212459E-4	1
rv	98	3.131250519212459E-4	1
sl	97	3.0992989833021276E-4	1
nu	96	3.0673474473917964E-4	1
bi	94	3.003444375571134E-4	1
dr	93	2.971492839660803E-4	1
_k	91	2.90758976784014E-4	1
eb	89	2.8436866960194774E-4	1
pm	89	2.8436866960194774E-4	1
wn	88	2.811735160109146E-4	1
bj	85	2.7158805523781526E-4	1
ft	83	2.65197748055749E-4	1
oy	83	2.65197748055749E-4	1
jo	82	2.620025944647159E-4	1
ck	81	2.588074408736828E-4	1
sk	80	2.5561228728264966E-4	1
eo	78	2.492219801005834E-4	1
xa	78	2.492219801005834E-4	1
lf	76	2.428316729185172E-4	1
oa	75	2.3963651932748406E-4	1
lv	73	2.3324621214541782E-4	1
sm	73	2.3324621214541782E-4	1
mb	71	2.2685590496335158E-4	1
eu	69	2.2046559778128534E-4	1
dy	67	2.140752905992191E-4	1
dl	66	2.1088013700818598E-4	1
ym	66	2.1088013700818598E-4	1
sy	63	2.0129467623508662E-4	1
hr	60	1.9170921546198726E-4	1
br	57	1.821237546888879E-4	1
ks	56	1.7892860109785478E-4	1
ph	56	1.7892860109785478E-4	1
rp	55	1.7573344750682166E-4	1
kn	54	1.7253829391578854E-4	1
oe	53	1.6934314032475542E-4	1
xi	51	1.6295283314268918E-4	1
gn	50	1.5975767955165606E-4	1
eh	48	1.5336737236958982E-4	1
xc	48	1.5336737236958982E-4	1
gl	46	1.4697706518752358E-4	1
ze	46	1.4697706518752358E-4	1
iz	45	1.4378191159649043E-4	1
fl	44	1.405867580054573E-4	1
gs	42	1.3419645082339107E-4	1
dv	41	1.3100129723235795E-4	1
hy	41	1.3100129723235795E-4	1
dd	40	1.2780614364132483E-4	1
nm	39	1.246109900502917E-4	1
oh	39	1.246109900502917E-4	1
ok	39	1.246109900502917E-4	1
yi	38	1.214158364592586E-4	1
dg	37	1.1822068286822547E-4	1
lr	36	1.1502552927719235E-4	1
ps	36	1.1502552927719235E-4	1
aj	35	1.1183037568615923E-4	1
rw	35	1.1183037568615923E-4	1
hu	33	1.0544006850409299E-4	1
ws	32	1.0224491491305987E-4	1
uf	31	9.904976132202675E-5	1
xe	31	9.904976132202675E-5	1
ax	30	9.585460773099363E-5	1
hl	30	9.585460773099363E-5	1
tm	30	9.585460773099363E-5	1
lw	27	8.626914695789427E-5	1
x_	27	8.626914695789427E-5	1
gy	25	7.987883977582803E-5	1
iu	25	7.987883977582803E-5	1
bt	24	7.668368618479491E-5	1
gg	23	7.348853259376179E-5	1
ix	23	7.348853259376179E-5	1
lp	23	7.348853259376179E-5	1
oj	23	7.348853259376179E-5	1
rb	23	7.348853259376179E-5	1
fy	22	7.029337900272866E-5	1
sf	22	7.029337900272866E-5	1
tn	21	6.709822541169554E-5	1
ek	20	6.390307182066241E-5	1
yp	17	5.4317611047563055E-5	1
hn	16	5.1122457456529935E-5	1
hs	16	5.1122457456529935E-5	1
lc	16	5.1122457456529935E-5	1
wt	16	5.1122457456529935E-5	1
b_	15	4.7927303865496815E-5	1
tc	15	4.7927303865496815E-5	1
wr	15	4.7927303865496815E-5	1
cs	14	4.4732150274463695E-5	1
gt	14	4.4732150274463695E-5	1
rf	13	4.1536996683430574E-5	1
wl	13	4.1536996683430574E-5	1
hm	12	3.8341843092397454E-5	1
kl	12	3.8341843092397454E-5	1
_z	11	3.514668950136433E-5	1
yt	11	3.514668950136433E-5	1
zo	11	3.514668950136433E-5	1
nh	10	3.195153591033121E-5	1
nj	10	3.195153591033121E-5	1
bm	9	2.8756382319298087E-5	1
bv	9	2.8756382319298087E-5	1
ej	8	2.5561228728264967E-5	1
lk	8	2.5561228728264967E-5	1
ox	8	2.5561228728264967E-5	1
uo	8	2.5561228728264967E-5	1
wy	8	2.5561228728264967E-5	1
lm	7	2.2366075137231847E-5	1
rh	7	2.2366075137231847E-5	1
df	6	1.9170921546198727E-5	1
ka	6	1.9170921546198727E-5	1
ml	6	1.9170921546198727E-5	1
sw	6	1.9170921546198727E-5	1
yn	6	1.9170921546198727E-5	1
cq	5	1.5975767955165604E-5	1
dt	5	1.5975767955165604E-5	1
fs	5	1.5975767955165604E-5	1
hd	5	1.5975767955165604E-5	1
np	5	1.5975767955165604E-5	1
nq	5	1.5975767955165604E-5	1
py	5	1.5975767955165604E-5	1
sd	5	1.5975767955165604E-5	1
hc	4	1.2780614364132484E-5	1
mf	4	1.2780614364132484E-5	1
nr	4	1.2780614364132484E-5	1
sb	4	1.2780614364132484E-5	1
sr	4	1.2780614364132484E-5	1
tb	4	1.2780614364132484E-5	1
tf	4	1.2780614364132484E-5	1
tp	4	1.2780614364132484E-5	1
wu	4	1.2780614364132484E-5	1
ah	3	9.585460773099364E-6	1
dh	3	9.585460773099364E-6	1
dj	3	9.585460773099364E-6	1
fw	3	9.585460773099364E-6	1
hw	3	9.585460773099364E-6	1
ja	3	9.585460773099364E-6	1
ln	3	9.585460773099364E-6	1
pb	3	9.585460773099364E-6	1
uv	3	9.585460773099364E-6	1
vr	3	9.585460773099364E-6	1
wf	3	9.585460773099364E-6	1
yd	3	9.585460773099364E-6	1
bn	2	6.390307182066242E-6	1
bé	2	6.390307182066242E-6	1
dw	2	6.390307182066242E-6	1
gf	2	6.390307182066242E-6	1
kg	2	6.390307182066242E-6	1
ko	2	6.390307182066242E-6	1
kw	2	6.390307182066242E-6	1
mn	2	6.390307182066242E-6	1
sg	2	6.390307182066242E-6	1
sn	2	6.390307182066242E-6	1
uu	2	6.390307182066242E-6	1
vy	2	6.390307182066242E-6	1
wp	2	6.390307182066242E-6	1
yb	2	6.390307182066242E-6	1
yc	2	6.390307182066242E-6	1
yf	2	6.390307182066242E-6	1
yl	2	6.390307182066242E-6	1
yw	2	6.390307182066242E-6	1
ao	1	3.195153591033121E-6	1
aï	1	3.195153591033121E-6	1
bb	1	3.195153591033121E-6	1
ez	1	3.195153591033121E-6	1
fg	1	3.195153591033121E-6	1
gd	1	3.195153591033121E-6	1
ih	1	3.195153591033121E-6	1
ii	1	3.195153591033121E-6	1
kh	1	3.195153591033121E-6	1
lh	1	3.195153591033121E-6	1
nb	1	3.195153591033121E-6	1
nw	1	3.195153591033121E-6	1
nx	1	3.195153591033121E-6	1
pg	1	3.195153591033121E-6	1
sq	1	3.195153591033121E-6	1
td	1	3.195153591033121E-6	1
tg	1	3.195153591033121E-6	1
tj	1	3.195153591033121E-6	1
tq	1	3.195153591033121E-6	1
uz	1	3.195153591033121E-6	1
wb	1	3.195153591033121E-6	1
wm	1	3.195153591033121E-6	1
xh	1	3.195153591033121E-6	1
xo	1	3.195153591033121E-6	1
ya	1	3.195153591033121E-6	1
zl	1	3.195153591033121E-6	1
zz	1	3.195153591033121E-6	1
é_	1	3.195153591033121E-6	1
éb	1	3.195153591033121E-6	1
ïv	1	3.195153591033121E-6	1
