_th	6208	0.019835513493133616	2
the	4738	0.015138637714314927	2
he_	3886	0.012416366854754708	2
_of	1987	0.006348770185382812	2
_in	1986	0.006345575031791778	2
of_	1924	0.006147475509147724	2
ion	1880	0.0060068887511422675	2
_to	1880	0.0060068887511422675	2
on_	1800	0.005751276463859618	2
to_	1790	0.0057193249279492864	2
_an	1682	0.005374248340117709	2
nd_	1604	0.005125026360017126	2
is_	1589	0.005077099056151629	2
and	1538	0.00491414622300894	2
tio	1426	0.00455628902081323	2
in_	1392	0.004447653798718104	2
ed_	1384	0.004422092569989839	2
_co	1376	0.004396531341261574	2
_re	1361	0.004348604037396077	2
ing	1305	0.004169675436298223	2
ng_	1281	0.004092991750113428	2
es_	1237	0.003952404992107971	2
ent	1189	0.0037990376197383807	2
re_	1136	0.0036296944794136253	2
at_	1054	0.0033676918849489096	2
al_	1040	0.0033229597346744457	2
_be	1029	0.0032878130451730815	2
for	946	0.0030226152971173322	2
_is	927	0.002961907378887703	2
ati	915	0.0029235655357953056	2
nt_	884	0.002824515774473279	2
_pr	876	0.002798954545745014	2
hat	855	0.0027318563203333184	2
tha	846	0.0027030999380140202	2
ly_	840	0.0026839290164678217	2
thi	828	0.0026455871733754243	2
_a_	813	0.002597659869509927	2
or_	804	0.0025689034871906294	2
_wh	801	0.0025593180264175297	2
as_	779	0.0024890246474148013	2
_fo	776	0.002479439186641702	2
men	766	0.0024474876507313706	2
er_	759	0.002425121575594139	2
_on	733	0.0023420475822272776	2
ve_	729	0.002329266967863145	2
_we	708	0.0022621687424514494	2
con	701	0.0022398026673142177	2
_ha	697	0.0022270220529500852	2
his	695	0.002220631745768019	2
pro	685	0.002188680209857688	2
_wi	673	0.0021503383667652903	2
ort	646	0.002064069219807396	2
ons	628	0.0020065564551688	2
ll_	625	0.0019969709943957006	2
com	621	0.001984190380031568	2
her	614	0.0019618243048943364	2
ate	607	0.0019394582297571044	2
iti	587	0.001875555157936442	2
ch_	581	0.0018563842363902433	2
en_	575	0.0018372133148440446	2
por	565	0.0018052617789337134	2
ere	559	0.0017860908573875147	2
_it	555	0.0017733102430233822	2
_ma	553	0.001766919935841316	2
we_	548	0.0017509441678861502	2
are	546	0.001744553860704084	2
se_	544	0.0017381635535220178	2
ts_	537	0.001715797478384786	2
st_	533	0.0017030168640206535	2
all	522	0.0016678701745192891	2
ns_	521	0.001664675020928256	2
_no	508	0.0016231380242448254	2
_as	499	0.0015943816419255275	2
res	494	0.0015784058739703617	2
te_	492	0.0015720155667882955	2
it_	486	0.0015528446452420968	2
_de	484	0.0015464543380600305	2
le_	475	0.0015176979557407324	2
_ar	475	0.0015176979557407324	2
ect	474	0.0015145028021496993	2
be_	465	0.0014857464198304012	2
_al	464	0.0014825512662393681	2
ter	463	0.001479356112648335	2
ld_	460	0.0014697706518752357	2
ive	460	0.0014697706518752357	2
_st	451	0.0014410142695559375	2
nce	442	0.0014122578872366395	2
eve	440	0.0014058675800545733	2
whi	428	0.0013675257369621758	2
_po	427	0.0013643305833711426	2
hic	420	0.0013419645082339109	2
rea	419	0.0013387693546428776	2
int	419	0.0013387693546428776	2
th_	417	0.0013323790474608114	2
ich	417	0.0013323790474608114	2
ess	416	0.0013291838938697784	2
ith	411	0.0013132081259146127	2
uld	409	0.0013068178187325464	2
oul	409	0.0013068178187325464	2
wit	399	0.0012748662828222152	2
not	393	0.0012556953612760165	2
ce_	389	0.001242914746911884	2
_wo	379	0.0012109632110015528	2
rt_	378	0.0012077680574105198	2
nal	374	0.0011949874430463873	2
ver	373	0.0011917922894553541	2
ut_	361	0.0011534504463629567	2
ot_	359	0.0011470601391808904	2
_su	358	0.0011438649855898572	2
reg	356	0.001137474678407791	2
our	355	0.001134279524816758	2
ies	355	0.001134279524816758	2
cti	354	0.0011310843712257247	2
an_	346	0.0011055231424974598	2
_so	345	0.0011023279889064267	2
ted	344	0.0010991328353153935	2
omp	343	0.0010959376817243605	2
ty_	338	0.0010799619137691948	2
ave	336	0.0010735716065871286	2
hav	333	0.0010639861458140293	2
_se	330	0.0010544006850409298	2
_mo	325	0.0010384249170857643	2
sta	324	0.0010352297634947311	2
me_	324	0.0010352297634947311	2
_ca	324	0.0010352297634947311	2
tiv	321	0.0010256443027216319	2
ill	320	0.0010224491491305986	2
nte	319	0.0010192539955395656	2
ke_	314	0.0010032782275844	2
_ex	313	0.001000083073993367	2
_di	305	9.74521845265102E-4	1
ble	294	9.393751557637375E-4	1
ry_	293	9.361800021727044E-4	1
str	292	9.329848485816713E-4	1
est	292	9.329848485816713E-4	1
tra	291	9.297896949906382E-4	1
ide	289	9.233993878085719E-4	1
by_	287	9.170090806265057E-4	1
rat	286	9.138139270354726E-4	1
ust	285	9.106187734444394E-4	1
par	285	9.106187734444394E-4	1
_ne	285	9.106187734444394E-4	1
_le	285	9.106187734444394E-4	1
rep	283	9.042284662623732E-4	1
_sh	281	8.97838159080307E-4	1
_by	279	8.914478518982407E-4	1
ur_	274	8.754720839430751E-4	1
lic	274	8.754720839430751E-4	1
egi	273	8.72276930352042E-4	1
tit	272	8.690817767610089E-4	1
der	270	8.626914695789426E-4	1
tin	265	8.46715701623777E-4	1
imp	265	8.46715701623777E-4	1
_li	265	8.46715701623777E-4	1
ain	264	8.435205480327439E-4	1
has	262	8.371302408506777E-4	1
_bu	262	8.371302408506777E-4	1
so_	260	8.307399336686114E-4	1
ore	258	8.243496264865452E-4	1
_fi	258	8.243496264865452E-4	1
ial	256	8.17959319304479E-4	1
_pa	253	8.083738585313796E-4	1
ure	250	7.987883977582802E-4	1
mpe	249	7.955932441672471E-4	1
_im	249	7.955932441672471E-4	1
rs_	248	7.92398090576214E-4	1
pre	248	7.92398090576214E-4	1
een	248	7.92398090576214E-4	1
abl	248	7.92398090576214E-4	1
per	247	7.892029369851809E-4	1
_ac	247	7.892029369851809E-4	1
pet	246	7.860077833941478E-4	1
ake	246	7.860077833941478E-4	1
ant	245	7.828126298031146E-4	1
ay_	244	7.796174762120815E-4	1
pos	243	7.764223226210484E-4	1
eti	242	7.732271690300153E-4	1
_en	242	7.732271690300153E-4	1
ine	240	7.66836861847949E-4	1
eme	240	7.66836861847949E-4	1
tic	239	7.636417082569159E-4	1
wil	238	7.604465546658828E-4	1
hou	238	7.604465546658828E-4	1
ona	237	7.572514010748497E-4	1
nti	237	7.572514010748497E-4	1
ity	234	7.476659403017503E-4	1
_me	233	7.444707867107172E-4	1
ese	232	7.412756331196841E-4	1
ers	231	7.38080479528651E-4	1
_un	230	7.348853259376178E-4	1
one	229	7.316901723465847E-4	1
eas	229	7.316901723465847E-4	1
_wa	229	7.316901723465847E-4	1
wou	228	7.284950187555516E-4	1
us_	228	7.284950187555516E-4	1
sio	228	7.284950187555516E-4	1
lat	227	7.252998651645185E-4	1
ple	226	7.221047115734854E-4	1
mpl	226	7.221047115734854E-4	1
_ou	226	7.221047115734854E-4	1
ica	225	7.189095579824522E-4	1
eco	224	7.157144043914191E-4	1
ds_	224	7.157144043914191E-4	1
app	224	7.157144043914191E-4	1
oli	223	7.12519250800386E-4	1
ic_	222	7.093240972093529E-4	1
epo	222	7.093240972093529E-4	1
act	221	7.061289436183198E-4	1
_ta	220	7.029337900272866E-4	1
ss_	219	6.997386364362535E-4	1
min	219	6.997386364362535E-4	1
sin	218	6.965434828452204E-4	1
pol	217	6.933483292541873E-4	1
end	217	6.933483292541873E-4	1
ces	216	6.901531756631542E-4	1
_la	216	6.901531756631542E-4	1
_do	216	6.901531756631542E-4	1
ct_	215	6.86958022072121E-4	1
tan	214	6.837628684810879E-4	1
sti	214	6.837628684810879E-4	1
_sa	214	6.837628684810879E-4	1
ome	213	6.805677148900548E-4	1
ina	213	6.805677148900548E-4	1
id_	212	6.773725612990217E-4	1
spe	210	6.709822541169554E-4	1
_i_	210	6.709822541169554E-4	1
tat	209	6.677871005259223E-4	1
art	209	6.677871005259223E-4	1
ard	208	6.645919469348892E-4	1
sed	207	6.613967933438561E-4	1
et_	207	6.613967933438561E-4	1
ral	206	6.58201639752823E-4	1
nat	206	6.58201639752823E-4	1
rit	204	6.518113325707567E-4	1
ne_	204	6.518113325707567E-4	1
als	203	6.486161789797236E-4	1
sho	202	6.454210253886905E-4	1
nes	202	6.454210253886905E-4	1
ear	202	6.454210253886905E-4	1
cy_	202	6.454210253886905E-4	1
_at	202	6.454210253886905E-4	1
rta	201	6.422258717976574E-4	1
ind	201	6.422258717976574E-4	1
hin	201	6.422258717976574E-4	1
but	201	6.422258717976574E-4	1
you	200	6.390307182066242E-4	1
_yo	200	6.390307182066242E-4	1
ula	199	6.358355646155911E-4	1
_fa	199	6.358355646155911E-4	1
ow_	196	6.262501038424918E-4	1
cia	196	6.262501038424918E-4	1
nts	195	6.230549502514586E-4	1
lly	195	6.230549502514586E-4	1
_si	194	6.198597966604255E-4	1
cou	193	6.166646430693924E-4	1
din	192	6.134694894783593E-4	1
ste	191	6.102743358873262E-4	1
_tr	190	6.07079182296293E-4	1
_or	190	6.07079182296293E-4	1
inc	189	6.038840287052599E-4	1
ern	189	6.038840287052599E-4	1
ega	188	6.006888751142268E-4	1
ran	187	5.974937215231937E-4	1
era	187	5.974937215231937E-4	1
hes	186	5.942985679321605E-4	1
tho	185	5.911034143411274E-4	1
onc	185	5.911034143411274E-4	1
gio	185	5.911034143411274E-4	1
ar_	185	5.911034143411274E-4	1
nde	184	5.879082607500943E-4	1
enc	184	5.879082607500943E-4	1
cal	184	5.879082607500943E-4	1
ise	183	5.847131071590612E-4	1
ame	183	5.847131071590612E-4	1
aid	183	5.847131071590612E-4	1
_fr	182	5.81517953568028E-4	1
eed	181	5.783227999769948E-4	1
_mu	180	5.751276463859617E-4	1
out	178	5.687373392038955E-4	1
_pe	178	5.687373392038955E-4	1
tur	177	5.655421856128624E-4	1
ntr	177	5.655421856128624E-4	1
han	177	5.655421856128624E-4	1
anc	176	5.623470320218292E-4	1
und	175	5.591518784307961E-4	1
ref	174	5.55956724839763E-4	1
_ad	174	5.55956724839763E-4	1
nsi	173	5.527615712487299E-4	1
_ai	173	5.527615712487299E-4	1
ssi	172	5.495664176576968E-4	1
lar	172	5.495664176576968E-4	1
ppo	171	5.463712640666636E-4	1
whe	170	5.431761104756305E-4	1
fic	170	5.431761104756305E-4	1
rec	169	5.399809568845974E-4	1
cer	169	5.399809568845974E-4	1
eci	168	5.367858032935643E-4	1
_am	168	5.367858032935643E-4	1
ove	167	5.335906497025312E-4	1
ven	166	5.30395496111498E-4	1
rop	166	5.30395496111498E-4	1
_s_	166	5.30395496111498E-4	1
lso	165	5.272003425204649E-4	1
ike	165	5.272003425204649E-4	1
bee	165	5.272003425204649E-4	1
tte	164	5.240051889294318E-4	1
lik	164	5.240051889294318E-4	1
eri	164	5.240051889294318E-4	1
pri	163	5.208100353383987E-4	1
ose	163	5.208100353383987E-4	1
_cr	163	5.208100353383987E-4	1
ten	162	5.176148817473656E-4	1
dis	162	5.176148817473656E-4	1
vel	161	5.144197281563324E-4	1
_ap	161	5.144197281563324E-4	1
omm	160	5.112245745652993E-4	1
wor	159	5.080294209742662E-4	1
_ag	159	5.080294209742662E-4	1
rin	158	5.048342673832331E-4	1
tak	157	5.016391137922E-4	1
oun	157	5.016391137922E-4	1
mon	156	4.984439602011668E-4	1
use	155	4.952488066101337E-4	1
ono	155	4.952488066101337E-4	1
my_	155	4.952488066101337E-4	1
gra	155	4.952488066101337E-4	1
ous	154	4.920536530191006E-4	1
cul	154	4.920536530191006E-4	1
ren	153	4.888584994280675E-4	1
lin	152	4.856633458370344E-4	1
ist	152	4.856633458370344E-4	1
_he	151	4.8246819224600124E-4	1
_ab	151	4.8246819224600124E-4	1
mor	150	4.792730386549681E-4	1
ans	150	4.792730386549681E-4	1
_gr	150	4.792730386549681E-4	1
tor	149	4.76077885063935E-4	1
rti	149	4.76077885063935E-4	1
eli	149	4.76077885063935E-4	1
ote	148	4.728827314729019E-4	1
ori	148	4.728827314729019E-4	1
leg	148	4.728827314729019E-4	1
ini	148	4.728827314729019E-4	1
igh	148	4.728827314729019E-4	1
tai	146	4.6649242429083564E-4	1
lit	146	4.6649242429083564E-4	1
_fu	146	4.6649242429083564E-4	1
ord	145	4.632972706998025E-4	1
de_	144	4.601021171087694E-4	1
tie	143	4.569069635177363E-4	1
rou	143	4.569069635177363E-4	1
pec	142	4.5371180992670316E-4	1
ery	142	4.5371180992670316E-4	1
can	142	4.5371180992670316E-4	1
equ	141	4.5051665633567004E-4	1
acc	141	4.5051665633567004E-4	1
_sp	141	4.5051665633567004E-4	1
_pu	141	4.5051665633567004E-4	1
rio	140	4.473215027446369E-4	1
icy	140	4.473215027446369E-4	1
hen	140	4.473215027446369E-4	1
ase	140	4.473215027446369E-4	1
ont	139	4.441263491536038E-4	1
oin	139	4.441263491536038E-4	1
efo	139	4.441263491536038E-4	1
ses	138	4.409311955625707E-4	1
ou_	138	4.409311955625707E-4	1
_ra	138	4.409311955625707E-4	1
lea	137	4.3773604197153756E-4	1
gre	137	4.3773604197153756E-4	1
ght	137	4.3773604197153756E-4	1
eat	137	4.3773604197153756E-4	1
rov	136	4.3454088838050444E-4	1
rom	135	4.313457347894713E-4	1
mus	135	4.313457347894713E-4	1
unt	134	4.281505811984382E-4	1
sen	134	4.281505811984382E-4	1
red	134	4.281505811984382E-4	1
isi	134	4.281505811984382E-4	1
ins	134	4.281505811984382E-4	1
icu	134	4.281505811984382E-4	1
_ho	134	4.281505811984382E-4	1
sit	133	4.249554276074051E-4	1
ire	132	4.2176027401637196E-4	1
fin	132	4.2176027401637196E-4	1
ue_	131	4.1856512042533884E-4	1
opo	131	4.1856512042533884E-4	1
tri	130	4.153699668343057E-4	1
ms_	130	4.153699668343057E-4	1
les	130	4.153699668343057E-4	1
spo	129	4.121748132432726E-4	1
_op	129	4.121748132432726E-4	1
_lo	129	4.121748132432726E-4	1
oth	128	4.089796596522395E-4	1
orm	128	4.089796596522395E-4	1
ope	128	4.089796596522395E-4	1
ndi	128	4.089796596522395E-4	1
ime	128	4.089796596522395E-4	1
ens	128	4.089796596522395E-4	1
_te	128	4.089796596522395E-4	1
ali	127	4.0578450606120636E-4	1
ffe	127	4.0578450606120636E-4	1
nom	127	4.0578450606120636E-4	1
_go	126	4.0258935247017324E-4	1
ely	126	4.0258935247017324E-4	1
ene	126	4.0258935247017324E-4	1
ey_	126	4.0258935247017324E-4	1
ned	126	4.0258935247017324E-4	1
nst	126	4.0258935247017324E-4	1
tim	126	4.0258935247017324E-4	1
ves	126	4.0258935247017324E-4	1
ici	125	3.993941988791401E-4	1
its	125	3.993941988791401E-4	1
mar	125	3.993941988791401E-4	1
mpo	125	3.993941988791401E-4	1
om_	125	3.993941988791401E-4	1
_ve	124	3.96199045288107E-4	1
emp	124	3.96199045288107E-4	1
ge_	124	3.96199045288107E-4	1
lis	124	3.96199045288107E-4	1
sid	124	3.96199045288107E-4	1
_us	123	3.930038916970739E-4	1
cat	123	3.930038916970739E-4	1
ee_	123	3.930038916970739E-4	1
em_	123	3.930038916970739E-4	1
nta	123	3.930038916970739E-4	1
sse	123	3.930038916970739E-4	1
_ec	122	3.8980873810604076E-4	1
ew_	122	3.8980873810604076E-4	1
nge	122	3.8980873810604076E-4	1
rke	122	3.8980873810604076E-4	1
bli	121	3.8661358451500764E-4	1
_mr	120	3.834184309239745E-4	1
ert	120	3.834184309239745E-4	1
man	120	3.834184309239745E-4	1
now	120	3.834184309239745E-4	1
esp	119	3.802232773329414E-4	1
sec	119	3.802232773329414E-4	1
_my	118	3.770281237419083E-4	1
_qu	118	3.770281237419083E-4	1
fro	118	3.770281237419083E-4	1
jec	118	3.770281237419083E-4	1
kin	118	3.770281237419083E-4	1
lem	118	3.770281237419083E-4	1
pla	117	3.7383297015087516E-4	1
ark	116	3.7063781655984204E-4	1
omi	116	3.7063781655984204E-4	1
uct	116	3.7063781655984204E-4	1
ugh	116	3.7063781655984204E-4	1
nis	115	3.674426629688089E-4	1
tly	115	3.674426629688089E-4	1
nin	114	3.642475093777758E-4	1
oug	114	3.642475093777758E-4	1
sur	114	3.642475093777758E-4	1
tru	114	3.642475093777758E-4	1
how	113	3.610523557867427E-4	1
mr_	113	3.610523557867427E-4	1
nee	113	3.610523557867427E-4	1
rie	113	3.610523557867427E-4	1
ura	113	3.610523557867427E-4	1
_ju	112	3.5785720219570956E-4	1
ari	112	3.5785720219570956E-4	1
ast	112	3.5785720219570956E-4	1
cre	112	3.5785720219570956E-4	1
ual	112	3.5785720219570956E-4	1
_pl	111	3.5466204860467644E-4	1
ork	111	3.5466204860467644E-4	1
rem	111	3.5466204860467644E-4	1
_cl	110	3.514668950136433E-4	1
ifi	110	3.514668950136433E-4	1
ser	110	3.514668950136433E-4	1
_ba	109	3.482717414226102E-4	1
_gu	109	3.482717414226102E-4	1
eff	109	3.482717414226102E-4	1
nit	109	3.482717414226102E-4	1
sup	109	3.482717414226102E-4	1
uch	109	3.482717414226102E-4	1
_hi	108	3.450765878315771E-4	1
any	108	3.450765878315771E-4	1
ket	108	3.450765878315771E-4	1
_ef	107	3.4188143424054396E-4	1
elo	107	3.4188143424054396E-4	1
gen	107	3.4188143424054396E-4	1
mat	107	3.4188143424054396E-4	1
_ev	106	3.3868628064951084E-4	1
_na	106	3.3868628064951084E-4	1
mak	106	3.3868628064951084E-4	1
way	106	3.3868628064951084E-4	1
_ru	105	3.354911270584777E-4	1
arl	105	3.354911270584777E-4	1
nly	105	3.354911270584777E-4	1
usi	105	3.354911270584777E-4	1
iss	104	3.322959734674446E-4	1
ond	104	3.322959734674446E-4	1
poi	104	3.322959734674446E-4	1
ad_	103	3.291008198764115E-4	1
dev	103	3.291008198764115E-4	1
lie	103	3.291008198764115E-4	1
soc	103	3.291008198764115E-4	1
exp	102	3.2590566628537836E-4	1
mme	102	3.2590566628537836E-4	1
nsp	102	3.2590566628537836E-4	1
age	101	3.2271051269434524E-4	1
ite	101	3.2271051269434524E-4	1
oci	101	3.2271051269434524E-4	1
qui	101	3.2271051269434524E-4	1
rd_	101	3.2271051269434524E-4	1
_ob	100	3.195153591033121E-4	1
att	100	3.195153591033121E-4	1
mit	100	3.195153591033121E-4	1
uti	100	3.195153591033121E-4	1
del	99	3.16320205512279E-4	1
fac	99	3.16320205512279E-4	1
lop	99	3.16320205512279E-4	1
rst	99	3.16320205512279E-4	1
was	99	3.16320205512279E-4	1
ext	98	3.131250519212459E-4	1
fir	98	3.131250519212459E-4	1
ner	98	3.131250519212459E-4	1
ny_	98	3.131250519212459E-4	1
som	98	3.131250519212459E-4	1
up_	98	3.131250519212459E-4	1
eth	97	3.0992989833021276E-4	1
gar	97	3.0992989833021276E-4	1
isa	97	3.0992989833021276E-4	1
sis	97	3.0992989833021276E-4	1
ues	97	3.0992989833021276E-4	1
_ti	96	3.0673474473917964E-4	1
bat	96	3.0673474473917964E-4	1
ece	96	3.0673474473917964E-4	1
ht_	96	3.0673474473917964E-4	1
rel	96	3.0673474473917964E-4	1
_up	95	3.035395911481465E-4	1
ead	95	3.035395911481465E-4	1
ir_	95	3.035395911481465E-4	1
ish	95	3.035395911481465E-4	1
nci	95	3.035395911481465E-4	1
tab	95	3.035395911481465E-4	1
tee	95	3.035395911481465E-4	1
tem	95	3.035395911481465E-4	1
ult	95	3.035395911481465E-4	1
wha	95	3.035395911481465E-4	1
asi	94	3.003444375571134E-4	1
ost	94	3.003444375571134E-4	1
rm_	94	3.003444375571134E-4	1
_if	93	2.971492839660803E-4	1
ang	93	2.971492839660803E-4	1
bec	93	2.971492839660803E-4	1
if_	93	2.971492839660803E-4	1
_ch	92	2.9395413037504715E-4	1
aus	92	2.9395413037504715E-4	1
dec	92	2.9395413037504715E-4	1
do_	92	2.9395413037504715E-4	1
hey	92	2.9395413037504715E-4	1
suc	92	2.9395413037504715E-4	1
cie	91	2.90758976784014E-4	1
hal	91	2.90758976784014E-4	1
ong	91	2.90758976784014E-4	1
que	91	2.90758976784014E-4	1
sib	91	2.90758976784014E-4	1
_ce	90	2.8756382319298086E-4	1
_mi	90	2.8756382319298086E-4	1
cis	90	2.8756382319298086E-4	1
fer	90	2.8756382319298086E-4	1
am_	89	2.8436866960194774E-4	1
cha	89	2.8436866960194774E-4	1
erv	89	2.8436866960194774E-4	1
gh_	89	2.8436866960194774E-4	1
rly	89	2.8436866960194774E-4	1
_da	88	2.811735160109146E-4	1
_es	88	2.811735160109146E-4	1
_ri	88	2.811735160109146E-4	1
_vo	88	2.811735160109146E-4	1
cri	88	2.811735160109146E-4	1
rdi	88	2.811735160109146E-4	1
ctu	87	2.779783624198815E-4	1
eal	87	2.779783624198815E-4	1
ell	87	2.779783624198815E-4	1
erm	87	2.779783624198815E-4	1
iev	87	2.779783624198815E-4	1
law	87	2.779783624198815E-4	1
ls_	87	2.779783624198815E-4	1
nda	87	2.779783624198815E-4	1
ree	87	2.779783624198815E-4	1
ssu	87	2.779783624198815E-4	1
cau	86	2.747832088288484E-4	1
clu	86	2.747832088288484E-4	1
rge	86	2.747832088288484E-4	1
upp	86	2.747832088288484E-4	1
_ge	85	2.7158805523781526E-4	1
abo	85	2.7158805523781526E-4	1
ary	85	2.7158805523781526E-4	1
bje	85	2.7158805523781526E-4	1
ced	85	2.7158805523781526E-4	1
el_	85	2.7158805523781526E-4	1
ruc	85	2.7158805523781526E-4	1
sat	85	2.7158805523781526E-4	1
sub	85	2.7158805523781526E-4	1
uni	85	2.7158805523781526E-4	1
who	85	2.7158805523781526E-4	1
ded	84	2.6839290164678214E-4	1
gal	84	2.6839290164678214E-4	1
hor	84	2.6839290164678214E-4	1
ogr	84	2.6839290164678214E-4	1
plo	84	2.6839290164678214E-4	1
duc	83	2.65197748055749E-4	1
jus	83	2.65197748055749E-4	1
lan	83	2.65197748055749E-4	1
onl	83	2.65197748055749E-4	1
pen	83	2.65197748055749E-4	1
pli	83	2.65197748055749E-4	1
_ye	82	2.620025944647159E-4	1
bet	82	2.620025944647159E-4	1
fec	82	2.620025944647159E-4	1
itu	82	2.620025944647159E-4	1
pme	82	2.620025944647159E-4	1
ram	82	2.620025944647159E-4	1
ris	82	2.620025944647159E-4	1
tes	82	2.620025944647159E-4	1
vis	82	2.620025944647159E-4	1
aw_	81	2.588074408736828E-4	1
gui	81	2.588074408736828E-4	1
opm	81	2.588074408736828E-4	1
owe	81	2.588074408736828E-4	1
ppl	81	2.588074408736828E-4	1
sue	81	2.588074408736828E-4	1
vin	81	2.588074408736828E-4	1
ach	80	2.5561228728264966E-4	1
eir	80	2.5561228728264966E-4	1
ffi	80	2.5561228728264966E-4	1
hei	80	2.5561228728264966E-4	1
irs	80	2.5561228728264966E-4	1
mmi	80	2.5561228728264966E-4	1
req	80	2.5561228728264966E-4	1
rog	80	2.5561228728264966E-4	1
wer	80	2.5561228728264966E-4	1
wn_	80	2.5561228728264966E-4	1
iat	79	2.5241713369161654E-4	1
uid	79	2.5241713369161654E-4	1
_em	78	2.492219801005834E-4	1
cen	78	2.492219801005834E-4	1
cor	78	2.492219801005834E-4	1
imi	78	2.492219801005834E-4	1
see	78	2.492219801005834E-4	1
ved	78	2.492219801005834E-4	1
wee	78	2.492219801005834E-4	1
_gi	77	2.460268265095503E-4	1
cas	77	2.460268265095503E-4	1
eca	77	2.460268265095503E-4	1
giv	77	2.460268265095503E-4	1
mes	77	2.460268265095503E-4	1
ncl	77	2.460268265095503E-4	1
nsu	77	2.460268265095503E-4	1
rde	77	2.460268265095503E-4	1
rds	77	2.460268265095503E-4	1
rte	77	2.460268265095503E-4	1
urs	77	2.460268265095503E-4	1
eba	76	2.428316729185172E-4	1
ili	76	2.428316729185172E-4	1
iou	76	2.428316729185172E-4	1
itt	76	2.428316729185172E-4	1
roc	76	2.428316729185172E-4	1
_ro	75	2.3963651932748406E-4	1
agr	75	2.3963651932748406E-4	1
cco	75	2.3963651932748406E-4	1
deb	75	2.3963651932748406E-4	1
ful	75	2.3963651932748406E-4	1
loy	75	2.3963651932748406E-4	1
oce	75	2.3963651932748406E-4	1
rce	75	2.3963651932748406E-4	1
sel	75	2.3963651932748406E-4	1
cle	74	2.3644136573645094E-4	1
exa	74	2.3644136573645094E-4	1
ger	74	2.3644136573645094E-4	1
ice	74	2.3644136573645094E-4	1
oni	74	2.3644136573645094E-4	1
ood	74	2.3644136573645094E-4	1
own	74	2.3644136573645094E-4	1
pon	74	2.3644136573645094E-4	1
rai	74	2.3644136573645094E-4	1
sal	74	2.3644136573645094E-4	1
tia	74	2.3644136573645094E-4	1
ibl	73	2.3324621214541782E-4	1
ien	73	2.3324621214541782E-4	1
lle	73	2.3324621214541782E-4	1
mic	73	2.3324621214541782E-4	1
tal	73	2.3324621214541782E-4	1
ade	72	2.300510585543847E-4	1
ass	72	2.300510585543847E-4	1
bou	72	2.300510585543847E-4	1
cce	72	2.300510585543847E-4	1
nto	72	2.300510585543847E-4	1
ovi	72	2.300510585543847E-4	1
ppr	72	2.300510585543847E-4	1
qua	72	2.300510585543847E-4	1
goo	71	2.2685590496335158E-4	1
mad	71	2.2685590496335158E-4	1
new	71	2.2685590496335158E-4	1
rre	71	2.2685590496335158E-4	1
tre	71	2.2685590496335158E-4	1
amm	70	2.2366075137231846E-4	1
egu	70	2.2366075137231846E-4	1
ela	70	2.2366075137231846E-4	1
ept	70	2.2366075137231846E-4	1
etw	70	2.2366075137231846E-4	1
ivi	70	2.2366075137231846E-4	1
low	70	2.2366075137231846E-4	1
od_	70	2.2366075137231846E-4	1
osa	70	2.2366075137231846E-4	1
rse	70	2.2366075137231846E-4	1
_vi	69	2.2046559778128534E-4	1
ann	69	2.2046559778128534E-4	1
nds	69	2.2046559778128534E-4	1
ntl	69	2.2046559778128534E-4	1
rim	69	2.2046559778128534E-4	1
rul	69	2.2046559778128534E-4	1
bil	68	2.1727044419025222E-4	1
den	68	2.1727044419025222E-4	1
fun	68	2.1727044419025222E-4	1
inv	68	2.1727044419025222E-4	1
lac	68	2.1727044419025222E-4	1
mea	68	2.1727044419025222E-4	1
_bo	67	2.140752905992191E-4	1
_dr	67	2.140752905992191E-4	1
_fe	67	2.140752905992191E-4	1
_ot	67	2.140752905992191E-4	1
nk_	67	2.140752905992191E-4	1
rts	67	2.140752905992191E-4	1
day	66	2.1088013700818598E-4	1
no_	66	2.1088013700818598E-4	1
rk_	66	2.1088013700818598E-4	1
tec	66	2.1088013700818598E-4	1
twe	66	2.1088013700818598E-4	1
war	66	2.1088013700818598E-4	1
yme	66	2.1088013700818598E-4	1
ail	65	2.0768498341715286E-4	1
ani	65	2.0768498341715286E-4	1
cto	65	2.0768498341715286E-4	1
cus	65	2.0768498341715286E-4	1
dy_	65	2.0768498341715286E-4	1
ein	65	2.0768498341715286E-4	1
eur	65	2.0768498341715286E-4	1
wel	65	2.0768498341715286E-4	1
_au	64	2.0448982982611974E-4	1
ace	64	2.0448982982611974E-4	1
gro	64	2.0448982982611974E-4	1
mos	64	2.0448982982611974E-4	1
mpr	64	2.0448982982611974E-4	1
rev	64	2.0448982982611974E-4	1
uth	64	2.0448982982611974E-4	1
xam	64	2.0448982982611974E-4	1
afe	63	2.0129467623508662E-4	1
ana	63	2.0129467623508662E-4	1
bel	63	2.0129467623508662E-4	1
cep	63	2.0129467623508662E-4	1
dea	63	2.0129467623508662E-4	1
edu	63	2.0129467623508662E-4	1
ole	63	2.0129467623508662E-4	1
oss	63	2.0129467623508662E-4	1
oym	63	2.0129467623508662E-4	1
rth	63	2.0129467623508662E-4	1
saf	63	2.0129467623508662E-4	1
til	63	2.0129467623508662E-4	1
dir	62	1.980995226440535E-4	1
dit	62	1.980995226440535E-4	1
dme	62	1.980995226440535E-4	1
ety	62	1.980995226440535E-4	1
led	62	1.980995226440535E-4	1
lev	62	1.980995226440535E-4	1
ndm	62	1.980995226440535E-4	1
ria	62	1.980995226440535E-4	1
ule	62	1.980995226440535E-4	1
vot	62	1.980995226440535E-4	1
cts	61	1.9490436905302038E-4	1
ele	61	1.9490436905302038E-4	1
gul	61	1.9490436905302038E-4	1
har	61	1.9490436905302038E-4	1
lve	61	1.9490436905302038E-4	1
opt	61	1.9490436905302038E-4	1
pub	61	1.9490436905302038E-4	1
shi	61	1.9490436905302038E-4	1
ubl	61	1.9490436905302038E-4	1
vid	61	1.9490436905302038E-4	1
_sy	60	1.9170921546198726E-4	1
aut	60	1.9170921546198726E-4	1
bus	60	1.9170921546198726E-4	1
dan	60	1.9170921546198726E-4	1
gai	60	1.9170921546198726E-4	1
llo	60	1.9170921546198726E-4	1
nan	60	1.9170921546198726E-4	1
pea	60	1.9170921546198726E-4	1
say	60	1.9170921546198726E-4	1
fra	59	1.8851406187095414E-4	1
hem	59	1.8851406187095414E-4	1
isc	59	1.8851406187095414E-4	1
isl	59	1.8851406187095414E-4	1
lf_	59	1.8851406187095414E-4	1
rap	59	1.8851406187095414E-4	1
ric	59	1.8851406187095414E-4	1
sla	59	1.8851406187095414E-4	1
son	59	1.8851406187095414E-4	1
ssa	59	1.8851406187095414E-4	1
two	59	1.8851406187095414E-4	1
aga	58	1.8531890827992102E-4	1
arg	58	1.8531890827992102E-4	1
bei	58	1.8531890827992102E-4	1
dic	58	1.8531890827992102E-4	1
nec	58	1.8531890827992102E-4	1
sha	58	1.8531890827992102E-4	1
thr	58	1.8531890827992102E-4	1
ack	57	1.821237546888879E-4	1
dra	57	1.821237546888879E-4	1
ied	57	1.821237546888879E-4	1
ode	57	1.821237546888879E-4	1
pti	57	1.821237546888879E-4	1
rig	57	1.821237546888879E-4	1
roa	57	1.821237546888879E-4	1
tel	57	1.821237546888879E-4	1
tua	57	1.821237546888879E-4	1
uri	57	1.821237546888879E-4	1
yea	57	1.821237546888879E-4	1
ank	56	1.7892860109785478E-4	1
cip	56	1.7892860109785478E-4	1
get	56	1.7892860109785478E-4	1
ks_	56	1.7892860109785478E-4	1
nfo	56	1.7892860109785478E-4	1
rms	56	1.7892860109785478E-4	1
sol	56	1.7892860109785478E-4	1
sys	56	1.7892860109785478E-4	1
tun	56	1.7892860109785478E-4	1
yst	56	1.7892860109785478E-4	1
_af	55	1.7573344750682166E-4	1
_tw	55	1.7573344750682166E-4	1
ea_	55	1.7573344750682166E-4	1
evi	55	1.7573344750682166E-4	1
ken	55	1.7573344750682166E-4	1
obj	55	1.7573344750682166E-4	1
obl	55	1.7573344750682166E-4	1
ors	55	1.7573344750682166E-4	1
rac	55	1.7573344750682166E-4	1
rot	55	1.7573344750682166E-4	1
rtu	55	1.7573344750682166E-4	1
sk_	55	1.7573344750682166E-4	1
xt_	55	1.7573344750682166E-4	1
ys_	55	1.7573344750682166E-4	1
_cu	54	1.7253829391578854E-4	1
ask	54	1.7253829391578854E-4	1
mpa	54	1.7253829391578854E-4	1
olv	54	1.7253829391578854E-4	1
spa	54	1.7253829391578854E-4	1
teg	54	1.7253829391578854E-4	1
uat	54	1.7253829391578854E-4	1
des	53	1.6934314032475542E-4	1
eop	53	1.6934314032475542E-4	1
mis	53	1.6934314032475542E-4	1
sts	53	1.6934314032475542E-4	1
vol	53	1.6934314032475542E-4	1
_va	52	1.661479867337223E-4	1
atu	52	1.661479867337223E-4	1
ays	52	1.661479867337223E-4	1
bas	52	1.661479867337223E-4	1
fte	52	1.661479867337223E-4	1
hos	52	1.661479867337223E-4	1
ink	52	1.661479867337223E-4	1
ita	52	1.661479867337223E-4	1
met	52	1.661479867337223E-4	1
rob	52	1.661479867337223E-4	1
rod	52	1.661479867337223E-4	1
tro	52	1.661479867337223E-4	1
urt	52	1.661479867337223E-4	1
_br	51	1.6295283314268918E-4	1
ado	51	1.6295283314268918E-4	1
eak	51	1.6295283314268918E-4	1
esi	51	1.6295283314268918E-4	1
odu	51	1.6295283314268918E-4	1
opp	51	1.6295283314268918E-4	1
alt	50	1.5975767955165606E-4	1
ara	50	1.5975767955165606E-4	1
dif	50	1.5975767955165606E-4	1
eel	50	1.5975767955165606E-4	1
gis	50	1.5975767955165606E-4	1
ho_	50	1.5975767955165606E-4	1
inf	50	1.5975767955165606E-4	1
kno	50	1.5975767955165606E-4	1
len	50	1.5975767955165606E-4	1
lud	50	1.5975767955165606E-4	1
ncy	50	1.5975767955165606E-4	1
osi	50	1.5975767955165606E-4	1
rna	50	1.5975767955165606E-4	1
ume	50	1.5975767955165606E-4	1
dly	49	1.5656252596062294E-4	1
dur	49	1.5656252596062294E-4	1
edi	49	1.5656252596062294E-4	1
ems	49	1.5656252596062294E-4	1
fet	49	1.5656252596062294E-4	1
ges	49	1.5656252596062294E-4	1
iew	49	1.5656252596062294E-4	1
iod	49	1.5656252596062294E-4	1
opl	49	1.5656252596062294E-4	1
peo	49	1.5656252596062294E-4	1
ron	49	1.5656252596062294E-4	1
sar	49	1.5656252596062294E-4	1
vie	49	1.5656252596062294E-4	1
wev	49	1.5656252596062294E-4	1
wo_	49	1.5656252596062294E-4	1
ck_	48	1.5336737236958982E-4	1
exc	48	1.5336737236958982E-4	1
ibi	48	1.5336737236958982E-4	1
iff	48	1.5336737236958982E-4	1
med	48	1.5336737236958982E-4	1
ndu	48	1.5336737236958982E-4	1
pte	48	1.5336737236958982E-4	1
put	48	1.5336737236958982E-4	1
try	48	1.5336737236958982E-4	1
dam	47	1.501722187785567E-4	1
dop	47	1.501722187785567E-4	1
ero	47	1.501722187785567E-4	1
gin	47	1.501722187785567E-4	1
hel	47	1.501722187785567E-4	1
she	47	1.501722187785567E-4	1
uir	47	1.501722187785567E-4	1
ute	47	1.501722187785567E-4	1
ete	46	1.4697706518752358E-4	1
ipl	46	1.4697706518752358E-4	1
let	46	1.4697706518752358E-4	1
lon	46	1.4697706518752358E-4	1
nne	46	1.4697706518752358E-4	1
oad	46	1.4697706518752358E-4	1
obs	46	1.4697706518752358E-4	1
rn_	46	1.4697706518752358E-4	1
rol	46	1.4697706518752358E-4	1
teu	46	1.4697706518752358E-4	1
tif	46	1.4697706518752358E-4	1
too	46	1.4697706518752358E-4	1
_ow	45	1.4378191159649043E-4	1
chi	45	1.4378191159649043E-4	1
far	45	1.4378191159649043E-4	1
ile	45	1.4378191159649043E-4	1
mer	45	1.4378191159649043E-4	1
oca	45	1.4378191159649043E-4	1
orr	45	1.4378191159649043E-4	1
pan	45	1.4378191159649043E-4	1
ply	45	1.4378191159649043E-4	1
rne	45	1.4378191159649043E-4	1
adi	44	1.405867580054573E-4	1
aki	44	1.405867580054573E-4	1
ber	44	1.405867580054573E-4	1
cif	44	1.405867580054573E-4	1
off	44	1.405867580054573E-4	1
oll	44	1.405867580054573E-4	1
orc	44	1.405867580054573E-4	1
pe_	44	1.405867580054573E-4	1
una	44	1.405867580054573E-4	1
ady	43	1.373916044144242E-4	1
aft	43	1.373916044144242E-4	1
cur	43	1.373916044144242E-4	1
dat	43	1.373916044144242E-4	1
ize	43	1.373916044144242E-4	1
ncr	43	1.373916044144242E-4	1
nvo	43	1.373916044144242E-4	1
oes	43	1.373916044144242E-4	1
rni	43	1.373916044144242E-4	1
rvi	43	1.373916044144242E-4	1
uss	43	1.373916044144242E-4	1
_jo	42	1.3419645082339107E-4	1
_kn	42	1.3419645082339107E-4	1
ars	42	1.3419645082339107E-4	1
avo	42	1.3419645082339107E-4	1
cit	42	1.3419645082339107E-4	1
efe	42	1.3419645082339107E-4	1
efi	42	1.3419645082339107E-4	1
ema	42	1.3419645082339107E-4	1
fie	42	1.3419645082339107E-4	1
lig	42	1.3419645082339107E-4	1
ngs	42	1.3419645082339107E-4	1
oda	42	1.3419645082339107E-4	1
pin	42	1.3419645082339107E-4	1
scu	42	1.3419645082339107E-4	1
uar	42	1.3419645082339107E-4	1
ubs	42	1.3419645082339107E-4	1
_sc	41	1.3100129723235795E-4	1
adv	41	1.3100129723235795E-4	1
eso	41	1.3100129723235795E-4	1
gem	41	1.3100129723235795E-4	1
ior	41	1.3100129723235795E-4	1
las	41	1.3100129723235795E-4	1
loc	41	1.3100129723235795E-4	1
mal	41	1.3100129723235795E-4	1
ods	41	1.3100129723235795E-4	1
omy	41	1.3100129723235795E-4	1
tut	41	1.3100129723235795E-4	1
_du	40	1.2780614364132483E-4	1
_ov	40	1.2780614364132483E-4	1
car	40	1.2780614364132483E-4	1
had	40	1.2780614364132483E-4	1
may	40	1.2780614364132483E-4	1
mbe	40	1.2780614364132483E-4	1
nse	40	1.2780614364132483E-4	1
olu	40	1.2780614364132483E-4	1
row	40	1.2780614364132483E-4	1
tod	40	1.2780614364132483E-4	1
amp	39	1.246109900502917E-4	1
arm	39	1.246109900502917E-4	1
coo	39	1.246109900502917E-4	1
cte	39	1.246109900502917E-4	1
dus	39	1.246109900502917E-4	1
egr	39	1.246109900502917E-4	1
hea	39	1.246109900502917E-4	1
hy_	39	1.246109900502917E-4	1
mai	39	1.246109900502917E-4	1
mot	39	1.246109900502917E-4	1
rib	39	1.246109900502917E-4	1
sh_	39	1.246109900502917E-4	1
aff	38	1.214158364592586E-4	1
cla	38	1.214158364592586E-4	1
ean	38	1.214158364592586E-4	1
ena	38	1.214158364592586E-4	1
gua	38	1.214158364592586E-4	1
il_	38	1.214158364592586E-4	1
lus	38	1.214158364592586E-4	1
nie	38	1.214158364592586E-4	1
oti	38	1.214158364592586E-4	1
rmo	38	1.214158364592586E-4	1
rve	38	1.214158364592586E-4	1
sam	38	1.214158364592586E-4	1
ude	38	1.214158364592586E-4	1
vat	38	1.214158364592586E-4	1
wan	38	1.214158364592586E-4	1
_el	37	1.1822068286822547E-4	1
add	37	1.1822068286822547E-4	1
che	37	1.1822068286822547E-4	1
dar	37	1.1822068286822547E-4	1
die	37	1.1822068286822547E-4	1
doe	37	1.1822068286822547E-4	1
eem	37	1.1822068286822547E-4	1
erg	37	1.1822068286822547E-4	1
hie	37	1.1822068286822547E-4	1
hro	37	1.1822068286822547E-4	1
inu	37	1.1822068286822547E-4	1
lia	37	1.1822068286822547E-4	1
los	37	1.1822068286822547E-4	1
mod	37	1.1822068286822547E-4	1
rri	37	1.1822068286822547E-4	1
sma	37	1.1822068286822547E-4	1
tti	37	1.1822068286822547E-4	1
uit	37	1.1822068286822547E-4	1
vit	37	1.1822068286822547E-4	1
yin	37	1.1822068286822547E-4	1
_ci	36	1.1502552927719235E-4	1
_ea	36	1.1502552927719235E-4	1
adm	36	1.1502552927719235E-4	1
dge	36	1.1502552927719235E-4	1
dmi	36	1.1502552927719235E-4	1
emo	36	1.1502552927719235E-4	1
ett	36	1.1502552927719235E-4	1
exi	36	1.1502552927719235E-4	1
hig	36	1.1502552927719235E-4	1
idi	36	1.1502552927719235E-4	1
loo	36	1.1502552927719235E-4	1
lre	36	1.1502552927719235E-4	1
nab	36	1.1502552927719235E-4	1
set	36	1.1502552927719235E-4	1
sto	36	1.1502552927719235E-4	1
um_	36	1.1502552927719235E-4	1
_sm	35	1.1183037568615923E-4	1
ajo	35	1.1183037568615923E-4	1
alr	35	1.1183037568615923E-4	1
aso	35	1.1183037568615923E-4	1
coh	35	1.1183037568615923E-4	1
dee	35	1.1183037568615923E-4	1
eac	35	1.1183037568615923E-4	1
epr	35	1.1183037568615923E-4	1
ign	35	1.1183037568615923E-4	1
job	35	1.1183037568615923E-4	1
jor	35	1.1183037568615923E-4	1
lth	35	1.1183037568615923E-4	1
lut	35	1.1183037568615923E-4	1
maj	35	1.1183037568615923E-4	1
muc	35	1.1183037568615923E-4	1
nif	35	1.1183037568615923E-4	1
ohe	35	1.1183037568615923E-4	1
rur	35	1.1183037568615923E-4	1
sou	35	1.1183037568615923E-4	1
sul	35	1.1183037568615923E-4	1
tar	35	1.1183037568615923E-4	1
tle	35	1.1183037568615923E-4	1
ud_	35	1.1183037568615923E-4	1
ul_	35	1.1183037568615923E-4	1
alf	34	1.0863522209512611E-4	1
asu	34	1.0863522209512611E-4	1
aud	34	1.0863522209512611E-4	1
beh	34	1.0863522209512611E-4	1
cap	34	1.0863522209512611E-4	1
dem	34	1.0863522209512611E-4	1
dep	34	1.0863522209512611E-4	1
div	34	1.0863522209512611E-4	1
don	34	1.0863522209512611E-4	1
elf	34	1.0863522209512611E-4	1
err	34	1.0863522209512611E-4	1
gs_	34	1.0863522209512611E-4	1
hed	34	1.0863522209512611E-4	1
het	34	1.0863522209512611E-4	1
lay	34	1.0863522209512611E-4	1
nve	34	1.0863522209512611E-4	1
oo_	34	1.0863522209512611E-4	1
ook	34	1.0863522209512611E-4	1
oor	34	1.0863522209512611E-4	1
pra	34	1.0863522209512611E-4	1
val	34	1.0863522209512611E-4	1
why	34	1.0863522209512611E-4	1
_ur	33	1.0544006850409299E-4	1
def	33	1.0544006850409299E-4	1
efu	33	1.0544006850409299E-4	1
hip	33	1.0544006850409299E-4	1
hol	33	1.0544006850409299E-4	1
im_	33	1.0544006850409299E-4	1
lim	33	1.0544006850409299E-4	1
nvi	33	1.0544006850409299E-4	1
ps_	33	1.0544006850409299E-4	1
riv	33	1.0544006850409299E-4	1
ros	33	1.0544006850409299E-4	1
tex	33	1.0544006850409299E-4	1
ull	33	1.0544006850409299E-4	1
vou	33	1.0544006850409299E-4	1
ami	32	1.0224491491305987E-4	1
ban	32	1.0224491491305987E-4	1
ech	32	1.0224491491305987E-4	1
epe	32	1.0224491491305987E-4	1
ibu	32	1.0224491491305987E-4	1
ict	32	1.0224491491305987E-4	1
isp	32	1.0224491491305987E-4	1
ito	32	1.0224491491305987E-4	1
nme	32	1.0224491491305987E-4	1
oup	32	1.0224491491305987E-4	1
rau	32	1.0224491491305987E-4	1
rli	32	1.0224491491305987E-4	1
rwa	32	1.0224491491305987E-4	1
siv	32	1.0224491491305987E-4	1
stl	32	1.0224491491305987E-4	1
uce	32	1.0224491491305987E-4	1
udi	32	1.0224491491305987E-4	1
une	32	1.0224491491305987E-4	1
win	32	1.0224491491305987E-4	1
_ke	31	9.904976132202675E-5	1
ath	31	9.904976132202675E-5	1
dia	31	9.904976132202675E-5	1
ecu	31	9.904976132202675E-5	1
esu	31	9.904976132202675E-5	1
fai	31	9.904976132202675E-5	1
fou	31	9.904976132202675E-5	1
inl	31	9.904976132202675E-5	1
lec	31	9.904976132202675E-5	1
lt_	31	9.904976132202675E-5	1
ltu	31	9.904976132202675E-5	1
mmo	31	9.904976132202675E-5	1
onf	31	9.904976132202675E-5	1
pit	31	9.904976132202675E-5	1
pt_	31	9.904976132202675E-5	1
ret	31	9.904976132202675E-5	1
rmi	31	9.904976132202675E-5	1
sig	31	9.904976132202675E-5	1
urr	31	9.904976132202675E-5	1
utu	31	9.904976132202675E-5	1
xpr	31	9.904976132202675E-5	1
ada	30	9.585460773099363E-5	1
aim	30	9.585460773099363E-5	1
bot	30	9.585460773099363E-5	1
eta	30	9.585460773099363E-5	1
fav	30	9.585460773099363E-5	1
ffo	30	9.585460773099363E-5	1
nno	30	9.585460773099363E-5	1
ppe	30	9.585460773099363E-5	1
raw	30	9.585460773099363E-5	1
rma	30	9.585460773099363E-5	1
tme	30	9.585460773099363E-5	1
ubj	30	9.585460773099363E-5	1
wis	30	9.585460773099363E-5	1
ws_	30	9.585460773099363E-5	1
xpe	30	9.585460773099363E-5	1
_id	29	9.265945413996051E-5	1
_nu	29	9.265945413996051E-5	1
eng	29	9.265945413996051E-5	1
exe	29	9.265945413996051E-5	1
fur	29	9.265945413996051E-5	1
fut	29	9.265945413996051E-5	1
ima	29	9.265945413996051E-5	1
kes	29	9.265945413996051E-5	1
ngl	29	9.265945413996051E-5	1
nue	29	9.265945413996051E-5	1
omo	29	9.265945413996051E-5	1
opi	29	9.265945413996051E-5	1
pur	29	9.265945413996051E-5	1
sly	29	9.265945413996051E-5	1
ums	29	9.265945413996051E-5	1
urc	29	9.265945413996051E-5	1
xce	29	9.265945413996051E-5	1
bal	28	8.946430054892739E-5	1
cut	28	8.946430054892739E-5	1
det	28	8.946430054892739E-5	1
eha	28	8.946430054892739E-5	1
erp	28	8.946430054892739E-5	1
fol	28	8.946430054892739E-5	1
gni	28	8.946430054892739E-5	1
nco	28	8.946430054892739E-5	1
nex	28	8.946430054892739E-5	1
nla	28	8.946430054892739E-5	1
num	28	8.946430054892739E-5	1
odi	28	8.946430054892739E-5	1
sim	28	8.946430054892739E-5	1
spi	28	8.946430054892739E-5	1
van	28	8.946430054892739E-5	1
xpl	28	8.946430054892739E-5	1
aly	27	8.626914695789427E-5	1
arr	27	8.626914695789427E-5	1
ism	27	8.626914695789427E-5	1
log	27	8.626914695789427E-5	1
lys	27	8.626914695789427E-5	1
pha	27	8.626914695789427E-5	1
rad	27	8.626914695789427E-5	1
sai	27	8.626914695789427E-5	1
umb	27	8.626914695789427E-5	1
_eq	26	8.307399336686115E-5	1
ato	26	8.307399336686115E-5	1
bro	26	8.307399336686115E-5	1
bsi	26	8.307399336686115E-5	1
gat	26	8.307399336686115E-5	1
ged	26	8.307399336686115E-5	1
hap	26	8.307399336686115E-5	1
hop	26	8.307399336686115E-5	1
lli	26	8.307399336686115E-5	1
nic	26	8.307399336686115E-5	1
onm	26	8.307399336686115E-5	1
ora	26	8.307399336686115E-5	1
rab	26	8.307399336686115E-5	1
uen	26	8.307399336686115E-5	1
unc	26	8.307399336686115E-5	1
usl	26	8.307399336686115E-5	1
vio	26	8.307399336686115E-5	1
wea	26	8.307399336686115E-5	1
air	25	7.987883977582803E-5	1
ais	25	7.987883977582803E-5	1
bri	25	7.987883977582803E-5	1
bs_	25	7.987883977582803E-5	1
dou	25	7.987883977582803E-5	1
ede	25	7.987883977582803E-5	1
els	25	7.987883977582803E-5	1
env	25	7.987883977582803E-5	1
ep_	25	7.987883977582803E-5	1
go_	25	7.987883977582803E-5	1
gy_	25	7.987883977582803E-5	1
iam	25	7.987883977582803E-5	1
imu	25	7.987883977582803E-5	1
lif	25	7.987883977582803E-5	1
mel	25	7.987883977582803E-5	1
mpt	25	7.987883977582803E-5	1
ndo	25	7.987883977582803E-5	1
nio	25	7.987883977582803E-5	1
nni	25	7.987883977582803E-5	1
nty	25	7.987883977582803E-5	1
opr	25	7.987883977582803E-5	1
rki	25	7.987883977582803E-5	1
tis	25	7.987883977582803E-5	1
tse	25	7.987883977582803E-5	1
var	25	7.987883977582803E-5	1
_av	24	7.668368618479491E-5	1
bse	24	7.668368618479491E-5	1
cod	24	7.668368618479491E-5	1
dre	24	7.668368618479491E-5	1
dua	24	7.668368618479491E-5	1
dvi	24	7.668368618479491E-5	1
ees	24	7.668368618479491E-5	1
eld	24	7.668368618479491E-5	1
erc	24	7.668368618479491E-5	1
gic	24	7.668368618479491E-5	1
gle	24	7.668368618479491E-5	1
ium	24	7.668368618479491E-5	1
nag	24	7.668368618479491E-5	1
nem	24	7.668368618479491E-5	1
nfi	24	7.668368618479491E-5	1
nim	24	7.668368618479491E-5	1
nop	24	7.668368618479491E-5	1
ory	24	7.668368618479491E-5	1
sev	24	7.668368618479491E-5	1
sus	24	7.668368618479491E-5	1
_aw	23	7.348853259376179E-5	1
ano	23	7.348853259376179E-5	1
awa	23	7.348853259376179E-5	1
bly	23	7.348853259376179E-5	1
col	23	7.348853259376179E-5	1
did	23	7.348853259376179E-5	1
elp	23	7.348853259376179E-5	1
mum	23	7.348853259376179E-5	1
mun	23	7.348853259376179E-5	1
nth	23	7.348853259376179E-5	1
ocu	23	7.348853259376179E-5	1
oje	23	7.348853259376179E-5	1
old	23	7.348853259376179E-5	1
owi	23	7.348853259376179E-5	1
pas	23	7.348853259376179E-5	1
rns	23	7.348853259376179E-5	1
roj	23	7.348853259376179E-5	1
rum	23	7.348853259376179E-5	1
suf	23	7.348853259376179E-5	1
tax	23	7.348853259376179E-5	1
tow	23	7.348853259376179E-5	1
udg	23	7.348853259376179E-5	1
uff	23	7.348853259376179E-5	1
vic	23	7.348853259376179E-5	1
vir	23	7.348853259376179E-5	1
xte	23	7.348853259376179E-5	1
_fl	22	7.029337900272866E-5	1
alo	22	7.029337900272866E-5	1
amo	22	7.029337900272866E-5	1
avi	22	7.029337900272866E-5	1
bst	22	7.029337900272866E-5	1
cid	22	7.029337900272866E-5	1
epa	22	7.029337900272866E-5	1
fle	22	7.029337900272866E-5	1
hil	22	7.029337900272866E-5	1
iar	22	7.029337900272866E-5	1
ila	22	7.029337900272866E-5	1
ip_	22	7.029337900272866E-5	1
isk	22	7.029337900272866E-5	1
iva	22	7.029337900272866E-5	1
ked	22	7.029337900272866E-5	1
ker	22	7.029337900272866E-5	1
lai	22	7.029337900272866E-5	1
lwa	22	7.029337900272866E-5	1
mba	22	7.029337900272866E-5	1
mmu	22	7.029337900272866E-5	1
mou	22	7.029337900272866E-5	1
ndl	22	7.029337900272866E-5	1
nev	22	7.029337900272866E-5	1
oft	22	7.029337900272866E-5	1
ok_	22	7.029337900272866E-5	1
org	22	7.029337900272866E-5	1
pta	22	7.029337900272866E-5	1
rpr	22	7.029337900272866E-5	1
sor	22	7.029337900272866E-5	1
tag	22	7.029337900272866E-5	1
ak_	21	6.709822541169554E-5	1
bef	21	6.709822541169554E-5	1
cin	21	6.709822541169554E-5	1
ctl	21	6.709822541169554E-5	1
emi	21	6.709822541169554E-5	1
ets	21	6.709822541169554E-5	1
fee	21	6.709822541169554E-5	1
few	21	6.709822541169554E-5	1
ghl	21	6.709822541169554E-5	1
irm	21	6.709822541169554E-5	1
iro	21	6.709822541169554E-5	1
jud	21	6.709822541169554E-5	1
lti	21	6.709822541169554E-5	1
mph	21	6.709822541169554E-5	1
nou	21	6.709822541169554E-5	1
oop	21	6.709822541169554E-5	1
orw	21	6.709822541169554E-5	1
oub	21	6.709822541169554E-5	1
owa	21	6.709822541169554E-5	1
raf	21	6.709822541169554E-5	1
ras	21	6.709822541169554E-5	1
rda	21	6.709822541169554E-5	1
rpo	21	6.709822541169554E-5	1
rsi	21	6.709822541169554E-5	1
sum	21	6.709822541169554E-5	1
tep	21	6.709822541169554E-5	1
tiz	21	6.709822541169554E-5	1
tne	21	6.709822541169554E-5	1
tom	21	6.709822541169554E-5	1
ubt	21	6.709822541169554E-5	1
ucc	21	6.709822541169554E-5	1
upe	21	6.709822541169554E-5	1
ysi	21	6.709822541169554E-5	1
zen	21	6.709822541169554E-5	1
_bi	20	6.390307182066241E-5	1
abs	20	6.390307182066241E-5	1
alu	20	6.390307182066241E-5	1
api	20	6.390307182066241E-5	1
bod	20	6.390307182066241E-5	1
clo	20	6.390307182066241E-5	1
eek	20	6.390307182066241E-5	1
emb	20	6.390307182066241E-5	1
eva	20	6.390307182066241E-5	1
fit	20	6.390307182066241E-5	1
gue	20	6.390307182066241E-5	1
ify	20	6.390307182066241E-5	1
iga	20	6.390307182066241E-5	1
lex	20	6.390307182066241E-5	1
net	20	6.390307182066241E-5	1
oba	20	6.390307182066241E-5	1
six	20	6.390307182066241E-5	1
unf	20	6.390307182066241E-5	1
urg	20	6.390307182066241E-5	1
_hu	19	6.07079182296293E-5	1
abi	19	6.07079182296293E-5	1
cum	19	6.07079182296293E-5	1
eds	19	6.07079182296293E-5	1
elv	19	6.07079182296293E-5	1
eni	19	6.07079182296293E-5	1
enl	19	6.07079182296293E-5	1
eno	19	6.07079182296293E-5	1
goi	19	6.07079182296293E-5	1
gri	19	6.07079182296293E-5	1
hre	19	6.07079182296293E-5	1
idu	19	6.07079182296293E-5	1
lad	19	6.07079182296293E-5	1
nef	19	6.07079182296293E-5	1
olo	19	6.07079182296293E-5	1
onv	19	6.07079182296293E-5	1
pac	19	6.07079182296293E-5	1
rsh	19	6.07079182296293E-5	1
sic	19	6.07079182296293E-5	1
siz	19	6.07079182296293E-5	1
xis	19	6.07079182296293E-5	1
yer	19	6.07079182296293E-5	1
zed	19	6.07079182296293E-5	1
alw	18	5.7512764638596175E-5	1
bac	18	5.7512764638596175E-5	1
ben	18	5.7512764638596175E-5	1
cee	18	5.7512764638596175E-5	1
ddi	18	5.7512764638596175E-5	1
diu	18	5.7512764638596175E-5	1
eet	18	5.7512764638596175E-5	1
eit	18	5.7512764638596175E-5	1
ff_	18	5.7512764638596175E-5	1
gge	18	5.7512764638596175E-5	1
gov	18	5.7512764638596175E-5	1
lab	18	5.7512764638596175E-5	1
liv	18	5.7512764638596175E-5	1
mag	18	5.7512764638596175E-5	1
mil	18	5.7512764638596175E-5	1
ngr	18	5.7512764638596175E-5	1
nks	18	5.7512764638596175E-5	1
oge	18	5.7512764638596175E-5	1
omb	18	5.7512764638596175E-5	1
pat	18	5.7512764638596175E-5	1
ped	18	5.7512764638596175E-5	1
pir	18	5.7512764638596175E-5	1
pul	18	5.7512764638596175E-5	1
rag	18	5.7512764638596175E-5	1
rba	18	5.7512764638596175E-5	1
sea	18	5.7512764638596175E-5	1
tog	18	5.7512764638596175E-5	1
uil	18	5.7512764638596175E-5	1
urb	18	5.7512764638596175E-5	1
von	18	5.7512764638596175E-5	1
apa	17	5.4317611047563055E-5	1
bur	17	5.4317611047563055E-5	1
da_	17	5.4317611047563055E-5	1
dow	17	5.4317611047563055E-5	1
fen	17	5.4317611047563055E-5	1
fiv	17	5.4317611047563055E-5	1
ft_	17	5.4317611047563055E-5	1
hly	17	5.4317611047563055E-5	1
lp_	17	5.4317611047563055E-5	1
mem	17	5.4317611047563055E-5	1
msi	17	5.4317611047563055E-5	1
nor	17	5.4317611047563055E-5	1
rch	17	5.4317611047563055E-5	1
rtn	17	5.4317611047563055E-5	1
rva	17	5.4317611047563055E-5	1
tul	17	5.4317611047563055E-5	1
ups	17	5.4317611047563055E-5	1
xtr	17	5.4317611047563055E-5	1
_ki	16	5.1122457456529935E-5	1
_ty	16	5.1122457456529935E-5	1
arc	16	5.1122457456529935E-5	1
asp	16	5.1122457456529935E-5	1
cra	16	5.1122457456529935E-5	1
cru	16	5.1122457456529935E-5	1
erl	16	5.1122457456529935E-5	1
fre	16	5.1122457456529935E-5	1
gan	16	5.1122457456529935E-5	1
hs_	16	5.1122457456529935E-5	1
iel	16	5.1122457456529935E-5	1
ier	16	5.1122457456529935E-5	1
ild	16	5.1122457456529935E-5	1
ily	16	5.1122457456529935E-5	1
key	16	5.1122457456529935E-5	1
nac	16	5.1122457456529935E-5	1
nct	16	5.1122457456529935E-5	1
non	16	5.1122457456529935E-5	1
ota	16	5.1122457456529935E-5	1
ows	16	5.1122457456529935E-5	1
owt	16	5.1122457456529935E-5	1
pay	16	5.1122457456529935E-5	1
pow	16	5.1122457456529935E-5	1
rei	16	5.1122457456529935E-5	1
rso	16	5.1122457456529935E-5	1
seq	16	5.1122457456529935E-5	1
tas	16	5.1122457456529935E-5	1
ths	16	5.1122457456529935E-5	1
tig	16	5.1122457456529935E-5	1
uin	16	5.1122457456529935E-5	1
upo	16	5.1122457456529935E-5	1
vem	16	5.1122457456529935E-5	1
wat	16	5.1122457456529935E-5	1
wth	16	5.1122457456529935E-5	1
yet	16	5.1122457456529935E-5	1
_wr	15	4.7927303865496815E-5	1
aci	15	4.7927303865496815E-5	1
adl	15	4.7927303865496815E-5	1
ala	15	4.7927303865496815E-5	1
bor	15	4.7927303865496815E-5	1
bui	15	4.7927303865496815E-5	1
chn	15	4.7927303865496815E-5	1
due	15	4.7927303865496815E-5	1
eep	15	4.7927303865496815E-5	1
efl	15	4.7927303865496815E-5	1
etr	15	4.7927303865496815E-5	1
fid	15	4.7927303865496815E-5	1
hte	15	4.7927303865496815E-5	1
ida	15	4.7927303865496815E-5	1
ift	15	4.7927303865496815E-5	1
itm	15	4.7927303865496815E-5	1
ixt	15	4.7927303865496815E-5	1
lid	15	4.7927303865496815E-5	1
mee	15	4.7927303865496815E-5	1
mig	15	4.7927303865496815E-5	1
nar	15	4.7927303865496815E-5	1
nfr	15	4.7927303865496815E-5	1
nki	15	4.7927303865496815E-5	1
nui	15	4.7927303865496815E-5	1
ogi	15	4.7927303865496815E-5	1
rme	15	4.7927303865496815E-5	1
rro	15	4.7927303865496815E-5	1
typ	15	4.7927303865496815E-5	1
uci	15	4.7927303865496815E-5	1
_ei	14	4.4732150274463695E-5	1
_gl	14	4.4732150274463695E-5	1
ata	14	4.4732150274463695E-5	1
awn	14	4.4732150274463695E-5	1
edl	14	4.4732150274463695E-5	1
erw	14	4.4732150274463695E-5	1
fy_	14	4.4732150274463695E-5	1
hts	14	4.4732150274463695E-5	1
ia_	14	4.4732150274463695E-5	1
ics	14	4.4732150274463695E-5	1
ief	14	4.4732150274463695E-5	1
iet	14	4.4732150274463695E-5	1
ife	14	4.4732150274463695E-5	1
ils	14	4.4732150274463695E-5	1
isf	14	4.4732150274463695E-5	1
mew	14	4.4732150274463695E-5	1
neg	14	4.4732150274463695E-5	1
ney	14	4.4732150274463695E-5	1
ngt	14	4.4732150274463695E-5	1
oac	14	4.4732150274463695E-5	1
ol_	14	4.4732150274463695E-5	1
oye	14	4.4732150274463695E-5	1
pee	14	4.4732150274463695E-5	1
rga	14	4.4732150274463695E-5	1
ril	14	4.4732150274463695E-5	1
rof	14	4.4732150274463695E-5	1
sca	14	4.4732150274463695E-5	1
sch	14	4.4732150274463695E-5	1
sso	14	4.4732150274463695E-5	1
stu	14	4.4732150274463695E-5	1
ta_	14	4.4732150274463695E-5	1
urn	14	4.4732150274463695E-5	1
urp	14	4.4732150274463695E-5	1
xem	14	4.4732150274463695E-5	1
xib	14	4.4732150274463695E-5	1
xth	14	4.4732150274463695E-5	1
yed	14	4.4732150274463695E-5	1
ype	14	4.4732150274463695E-5	1
yse	14	4.4732150274463695E-5	1
ama	13	4.1536996683430574E-5	1
ape	13	4.1536996683430574E-5	1
aye	13	4.1536996683430574E-5	1
bea	13	4.1536996683430574E-5	1
bud	13	4.1536996683430574E-5	1
cel	13	4.1536996683430574E-5	1
cs_	13	4.1536996683430574E-5	1
ddr	13	4.1536996683430574E-5	1
eau	13	4.1536996683430574E-5	1
ego	13	4.1536996683430574E-5	1
eig	13	4.1536996683430574E-5	1
elc	13	4.1536996683430574E-5	1
enf	13	4.1536996683430574E-5	1
enu	13	4.1536996683430574E-5	1
erf	13	4.1536996683430574E-5	1
fe_	13	4.1536996683430574E-5	1
fil	13	4.1536996683430574E-5	1
hir	13	4.1536996683430574E-5	1
hus	13	4.1536996683430574E-5	1
ifo	13	4.1536996683430574E-5	1
ipa	13	4.1536996683430574E-5	1
ird	13	4.1536996683430574E-5	1
lco	13	4.1536996683430574E-5	1
lua	13	4.1536996683430574E-5	1
mom	13	4.1536996683430574E-5	1
ody	13	4.1536996683430574E-5	1
op_	13	4.1536996683430574E-5	1
orp	13	4.1536996683430574E-5	1
phe	13	4.1536996683430574E-5	1
rgi	13	4.1536996683430574E-5	1
rks	13	4.1536996683430574E-5	1
rry	13	4.1536996683430574E-5	1
sco	13	4.1536996683430574E-5	1
sks	13	4.1536996683430574E-5	1
sug	13	4.1536996683430574E-5	1
thu	13	4.1536996683430574E-5	1
ugg	13	4.1536996683430574E-5	1
unn	13	4.1536996683430574E-5	1
acy	12	3.8341843092397454E-5	1
arn	12	3.8341843092397454E-5	1
auc	12	3.8341843092397454E-5	1
bit	12	3.8341843092397454E-5	1
cei	12	3.8341843092397454E-5	1
cos	12	3.8341843092397454E-5	1
dva	12	3.8341843092397454E-5	1
ehe	12	3.8341843092397454E-5	1
eiv	12	3.8341843092397454E-5	1
ek_	12	3.8341843092397454E-5	1
enn	12	3.8341843092397454E-5	1
foc	12	3.8341843092397454E-5	1
git	12	3.8341843092397454E-5	1
glo	12	3.8341843092397454E-5	1
gth	12	3.8341843092397454E-5	1
hli	12	3.8341843092397454E-5	1
hme	12	3.8341843092397454E-5	1
iab	12	3.8341843092397454E-5	1
kee	12	3.8341843092397454E-5	1
lls	12	3.8341843092397454E-5	1
lob	12	3.8341843092397454E-5	1
lue	12	3.8341843092397454E-5	1
lvi	12	3.8341843092397454E-5	1
mie	12	3.8341843092397454E-5	1
neq	12	3.8341843092397454E-5	1
ool	12	3.8341843092397454E-5	1
oro	12	3.8341843092397454E-5	1
rco	12	3.8341843092397454E-5	1
rdl	12	3.8341843092397454E-5	1
reb	12	3.8341843092397454E-5	1
rnm	12	3.8341843092397454E-5	1
rsu	12	3.8341843092397454E-5	1
sas	12	3.8341843092397454E-5	1
scr	12	3.8341843092397454E-5	1
tac	12	3.8341843092397454E-5	1
tot	12	3.8341843092397454E-5	1
xim	12	3.8341843092397454E-5	1
yes	12	3.8341843092397454E-5	1
_pi	11	3.514668950136433E-5	1
_tu	11	3.514668950136433E-5	1
agu	11	3.514668950136433E-5	1
apt	11	3.514668950136433E-5	1
ava	11	3.514668950136433E-5	1
ax_	11	3.514668950136433E-5	1
ayi	11	3.514668950136433E-5	1
beg	11	3.514668950136433E-5	1
bso	11	3.514668950136433E-5	1
doc	11	3.514668950136433E-5	1
dom	11	3.514668950136433E-5	1
eag	11	3.514668950136433E-5	1
ecl	11	3.514668950136433E-5	1
edg	11	3.514668950136433E-5	1
eec	11	3.514668950136433E-5	1
eov	11	3.514668950136433E-5	1
ewo	11	3.514668950136433E-5	1
fal	11	3.514668950136433E-5	1
fea	11	3.514668950136433E-5	1
fig	11	3.514668950136433E-5	1
gor	11	3.514668950136433E-5	1
ims	11	3.514668950136433E-5	1
jur	11	3.514668950136433E-5	1
ldi	11	3.514668950136433E-5	1
mul	11	3.514668950136433E-5	1
nam	11	3.514668950136433E-5	1
nel	11	3.514668950136433E-5	1
owl	11	3.514668950136433E-5	1
pil	11	3.514668950136433E-5	1
poo	11	3.514668950136433E-5	1
rip	11	3.514668950136433E-5	1
sme	11	3.514668950136433E-5	1
ttl	11	3.514668950136433E-5	1
ucr	11	3.514668950136433E-5	1
uis	11	3.514668950136433E-5	1
unl	11	3.514668950136433E-5	1
uro	11	3.514668950136433E-5	1
voi	11	3.514668950136433E-5	1
xcl	11	3.514668950136433E-5	1
yth	11	3.514668950136433E-5	1
zon	11	3.514668950136433E-5	1
_eu	10	3.195153591033121E-5	1
agi	10	3.195153591033121E-5	1
bov	10	3.195153591033121E-5	1
ccu	10	3.195153591033121E-5	1
cem	10	3.195153591033121E-5	1
ckl	10	3.195153591033121E-5	1
dor	10	3.195153591033121E-5	1
egy	10	3.195153591033121E-5	1
ews	10	3.195153591033121E-5	1
feg	10	3.195153591033121E-5	1
gie	10	3.195153591033121E-5	1
gne	10	3.195153591033121E-5	1
hno	10	3.195153591033121E-5	1
hum	10	3.195153591033121E-5	1
ick	10	3.195153591033121E-5	1
igi	10	3.195153591033121E-5	1
iri	10	3.195153591033121E-5	1
iso	10	3.195153591033121E-5	1
kly	10	3.195153591033121E-5	1
lio	10	3.195153591033121E-5	1
lla	10	3.195153591033121E-5	1
mov	10	3.195153591033121E-5	1
mpi	10	3.195153591033121E-5	1
nol	10	3.195153591033121E-5	1
ob_	10	3.195153591033121E-5	1
ofi	10	3.195153591033121E-5	1
phi	10	3.195153591033121E-5	1
reo	10	3.195153591033121E-5	1
rgo	10	3.195153591033121E-5	1
rgy	10	3.195153591033121E-5	1
rty	10	3.195153591033121E-5	1
sag	10	3.195153591033121E-5	1
sce	10	3.195153591033121E-5	1
shm	10	3.195153591033121E-5	1
sm_	10	3.195153591033121E-5	1
sms	10	3.195153591033121E-5	1
tea	10	3.195153591033121E-5	1
tud	10	3.195153591033121E-5	1
vai	10	3.195153591033121E-5	1
vey	10	3.195153591033121E-5	1
via	10	3.195153591033121E-5	1
wle	10	3.195153591033121E-5	1
wro	10	3.195153591033121E-5	1
yon	10	3.195153591033121E-5	1
_ph	9	2.8756382319298087E-5	1
_sl	9	2.8756382319298087E-5	1
_zo	9	2.8756382319298087E-5	1
ads	9	2.8756382319298087E-5	1
ale	9	2.8756382319298087E-5	1
ash	9	2.8756382319298087E-5	1
bab	9	2.8756382319298087E-5	1
bmi	9	2.8756382319298087E-5	1
boo	9	2.8756382319298087E-5	1
cab	9	2.8756382319298087E-5	1
cog	9	2.8756382319298087E-5	1
cro	9	2.8756382319298087E-5	1
deg	9	2.8756382319298087E-5	1
eav	9	2.8756382319298087E-5	1
erd	9	2.8756382319298087E-5	1
fly	9	2.8756382319298087E-5	1
ghe	9	2.8756382319298087E-5	1
got	9	2.8756382319298087E-5	1
him	9	2.8756382319298087E-5	1
imo	9	2.8756382319298087E-5	1
irc	9	2.8756382319298087E-5	1
lau	9	2.8756382319298087E-5	1
lor	9	2.8756382319298087E-5	1
lte	9	2.8756382319298087E-5	1
nua	9	2.8756382319298087E-5	1
ogn	9	2.8756382319298087E-5	1
oki	9	2.8756382319298087E-5	1
onn	9	2.8756382319298087E-5	1
oos	9	2.8756382319298087E-5	1
opu	9	2.8756382319298087E-5	1
reh	9	2.8756382319298087E-5	1
rfe	9	2.8756382319298087E-5	1
rif	9	2.8756382319298087E-5	1
rue	9	2.8756382319298087E-5	1
sav	9	2.8756382319298087E-5	1
tta	9	2.8756382319298087E-5	1
tus	9	2.8756382319298087E-5	1
ubm	9	2.8756382319298087E-5	1
uic	9	2.8756382319298087E-5	1
uma	9	2.8756382319298087E-5	1
ung	9	2.8756382319298087E-5	1
urv	9	2.8756382319298087E-5	1
utt	9	2.8756382319298087E-5	1
wed	9	2.8756382319298087E-5	1
wom	9	2.8756382319298087E-5	1
xpa	9	2.8756382319298087E-5	1
_bl	8	2.5561228728264967E-5	1
_ed	8	2.5561228728264967E-5	1
_il	8	2.5561228728264967E-5	1
_ir	8	2.5561228728264967E-5	1
_oc	8	2.5561228728264967E-5	1
agg	8	2.5561228728264967E-5	1
ago	8	2.5561228728264967E-5	1
ait	8	2.5561228728264967E-5	1
anu	8	2.5561228728264967E-5	1
aph	8	2.5561228728264967E-5	1
awy	8	2.5561228728264967E-5	1
bes	8	2.5561228728264967E-5	1
bvi	8	2.5561228728264967E-5	1
cci	8	2.5561228728264967E-5	1
cir	8	2.5561228728264967E-5	1
cov	8	2.5561228728264967E-5	1
cta	8	2.5561228728264967E-5	1
dle	8	2.5561228728264967E-5	1
eje	8	2.5561228728264967E-5	1
ex_	8	2.5561228728264967E-5	1
fel	8	2.5561228728264967E-5	1
fif	8	2.5561228728264967E-5	1
fri	8	2.5561228728264967E-5	1
fyi	8	2.5561228728264967E-5	1
gur	8	2.5561228728264967E-5	1
ian	8	2.5561228728264967E-5	1
ibe	8	2.5561228728264967E-5	1
ige	8	2.5561228728264967E-5	1
lou	8	2.5561228728264967E-5	1
mac	8	2.5561228728264967E-5	1
neu	8	2.5561228728264967E-5	1
ngi	8	2.5561228728264967E-5	1
nnu	8	2.5561228728264967E-5	1
nuf	8	2.5561228728264967E-5	1
obv	8	2.5561228728264967E-5	1
occ	8	2.5561228728264967E-5	1
ogu	8	2.5561228728264967E-5	1
oid	8	2.5561228728264967E-5	1
oon	8	2.5561228728264967E-5	1
oot	8	2.5561228728264967E-5	1
orl	8	2.5561228728264967E-5	1
pop	8	2.5561228728264967E-5	1
pot	8	2.5561228728264967E-5	1
pts	8	2.5561228728264967E-5	1
rci	8	2.5561228728264967E-5	1
rcu	8	2.5561228728264967E-5	1
rej	8	2.5561228728264967E-5	1
rer	8	2.5561228728264967E-5	1
rld	8	2.5561228728264967E-5	1
roo	8	2.5561228728264967E-5	1
ryi	8	2.5561228728264967E-5	1
sfa	8	2.5561228728264967E-5	1
sir	8	2.5561228728264967E-5	1
ssm	8	2.5561228728264967E-5	1
sua	8	2.5561228728264967E-5	1
thl	8	2.5561228728264967E-5	1
tou	8	2.5561228728264967E-5	1
ufa	8	2.5561228728264967E-5	1
ulf	8	2.5561228728264967E-5	1
uto	8	2.5561228728264967E-5	1
uts	8	2.5561228728264967E-5	1
wye	8	2.5561228728264967E-5	1
_ga	7	2.2366075137231847E-5	1
_pm	7	2.2366075137231847E-5	1
adu	7	2.2366075137231847E-5	1
alk	7	2.2366075137231847E-5	1
axi	7	2.2366075137231847E-5	1
axp	7	2.2366075137231847E-5	1
bar	7	2.2366075137231847E-5	1
boa	7	2.2366075137231847E-5	1
bt_	7	2.2366075137231847E-5	1
bte	7	2.2366075137231847E-5	1
ctr	7	2.2366075137231847E-5	1
deq	7	2.2366075137231847E-5	1
dli	7	2.2366075137231847E-5	1
doi	7	2.2366075137231847E-5	1
dri	7	2.2366075137231847E-5	1
eby	7	2.2366075137231847E-5	1
ege	7	2.2366075137231847E-5	1
ehi	7	2.2366075137231847E-5	1
epl	7	2.2366075137231847E-5	1
etu	7	2.2366075137231847E-5	1
fas	7	2.2366075137231847E-5	1
fes	7	2.2366075137231847E-5	1
fti	7	2.2366075137231847E-5	1
fus	7	2.2366075137231847E-5	1
gho	7	2.2366075137231847E-5	1
hif	7	2.2366075137231847E-5	1
hit	7	2.2366075137231847E-5	1
hom	7	2.2366075137231847E-5	1
ie_	7	2.2366075137231847E-5	1
igo	7	2.2366075137231847E-5	1
igu	7	2.2366075137231847E-5	1
ilu	7	2.2366075137231847E-5	1
inn	7	2.2366075137231847E-5	1
ips	7	2.2366075137231847E-5	1
irr	7	2.2366075137231847E-5	1
ix_	7	2.2366075137231847E-5	1
joi	7	2.2366075137231847E-5	1
ler	7	2.2366075137231847E-5	1
lfi	7	2.2366075137231847E-5	1
lse	7	2.2366075137231847E-5	1
lts	7	2.2366075137231847E-5	1
lur	7	2.2366075137231847E-5	1
max	7	2.2366075137231847E-5	1
mrs	7	2.2366075137231847E-5	1
nad	7	2.2366075137231847E-5	1
nch	7	2.2366075137231847E-5	1
nsh	7	2.2366075137231847E-5	1
nso	7	2.2366075137231847E-5	1
ols	7	2.2366075137231847E-5	1
orn	7	2.2366075137231847E-5	1
osp	7	2.2366075137231847E-5	1
oxi	7	2.2366075137231847E-5	1
pab	7	2.2366075137231847E-5	1
pai	7	2.2366075137231847E-5	1
pm_	7	2.2366075137231847E-5	1
pus	7	2.2366075137231847E-5	1
quo	7	2.2366075137231847E-5	1
rar	7	2.2366075137231847E-5	1
ro_	7	2.2366075137231847E-5	1
run	7	2.2366075137231847E-5	1
san	7	2.2366075137231847E-5	1
sef	7	2.2366075137231847E-5	1
taf	7	2.2366075137231847E-5	1
tol	7	2.2366075137231847E-5	1
ton	7	2.2366075137231847E-5	1
top	7	2.2366075137231847E-5	1
uca	7	2.2366075137231847E-5	1
vil	7	2.2366075137231847E-5	1
voc	7	2.2366075137231847E-5	1
wid	7	2.2366075137231847E-5	1
xac	7	2.2366075137231847E-5	1
aps	6	1.9170921546198727E-5	1
awi	6	1.9170921546198727E-5	1
aws	6	1.9170921546198727E-5	1
bad	6	1.9170921546198727E-5	1
cho	6	1.9170921546198727E-5	1
dap	6	1.9170921546198727E-5	1
eck	6	1.9170921546198727E-5	1
ecr	6	1.9170921546198727E-5	1
ef_	6	1.9170921546198727E-5	1
eks	6	1.9170921546198727E-5	1
erh	6	1.9170921546198727E-5	1
evo	6	1.9170921546198727E-5	1
ewh	6	1.9170921546198727E-5	1
fth	6	1.9170921546198727E-5	1
geo	6	1.9170921546198727E-5	1
gly	6	1.9170921546198727E-5	1
goa	6	1.9170921546198727E-5	1
goe	6	1.9170921546198727E-5	1
gst	6	1.9170921546198727E-5	1
hec	6	1.9170921546198727E-5	1
hod	6	1.9170921546198727E-5	1
htl	6	1.9170921546198727E-5	1
icl	6	1.9170921546198727E-5	1
imm	6	1.9170921546198727E-5	1
inh	6	1.9170921546198727E-5	1
iph	6	1.9170921546198727E-5	1
lel	6	1.9170921546198727E-5	1
lib	6	1.9170921546198727E-5	1
lot	6	1.9170921546198727E-5	1
lta	6	1.9170921546198727E-5	1
lyi	6	1.9170921546198727E-5	1
mst	6	1.9170921546198727E-5	1
mys	6	1.9170921546198727E-5	1
ndr	6	1.9170921546198727E-5	1
nen	6	1.9170921546198727E-5	1
nfl	6	1.9170921546198727E-5	1
nha	6	1.9170921546198727E-5	1
nle	6	1.9170921546198727E-5	1
nma	6	1.9170921546198727E-5	1
nsa	6	1.9170921546198727E-5	1
nsw	6	1.9170921546198727E-5	1
nyt	6	1.9170921546198727E-5	1
oal	6	1.9170921546198727E-5	1
oar	6	1.9170921546198727E-5	1
ock	6	1.9170921546198727E-5	1
ofo	6	1.9170921546198727E-5	1
oke	6	1.9170921546198727E-5	1
ola	6	1.9170921546198727E-5	1
oph	6	1.9170921546198727E-5	1
ova	6	1.9170921546198727E-5	1
pes	6	1.9170921546198727E-5	1
pov	6	1.9170921546198727E-5	1
rha	6	1.9170921546198727E-5	1
rpu	6	1.9170921546198727E-5	1
rra	6	1.9170921546198727E-5	1
rut	6	1.9170921546198727E-5	1
sad	6	1.9170921546198727E-5	1
sfu	6	1.9170921546198727E-5	1
sie	6	1.9170921546198727E-5	1
ske	6	1.9170921546198727E-5	1
ski	6	1.9170921546198727E-5	1
sli	6	1.9170921546198727E-5	1
soo	6	1.9170921546198727E-5	1
ssf	6	1.9170921546198727E-5	1
stm	6	1.9170921546198727E-5	1
swe	6	1.9170921546198727E-5	1
tip	6	1.9170921546198727E-5	1
uan	6	1.9170921546198727E-5	1
ued	6	1.9170921546198727E-5	1
vig	6	1.9170921546198727E-5	1
wai	6	1.9170921546198727E-5	1
won	6	1.9170921546198727E-5	1
xec	6	1.9170921546198727E-5	1
xer	6	1.9170921546198727E-5	1
xpi	6	1.9170921546198727E-5	1
_ie	5	1.5975767955165604E-5	1
_ol	5	1.5975767955165604E-5	1
_ut	5	1.5975767955165604E-5	1
abu	5	1.5975767955165604E-5	1
acq	5	1.5975767955165604E-5	1
agn	5	1.5975767955165604E-5	1
aun	5	1.5975767955165604E-5	1
cad	5	1.5975767955165604E-5	1
cca	5	1.5975767955165604E-5	1
cef	5	1.5975767955165604E-5	1
ckn	5	1.5975767955165604E-5	1
cli	5	1.5975767955165604E-5	1
cop	5	1.5975767955165604E-5	1
cqu	5	1.5975767955165604E-5	1
dim	5	1.5975767955165604E-5	1
dro	5	1.5975767955165604E-5	1
dte	5	1.5975767955165604E-5	1
dul	5	1.5975767955165604E-5	1
dum	5	1.5975767955165604E-5	1
ebo	5	1.5975767955165604E-5	1
elw	5	1.5975767955165604E-5	1
eps	5	1.5975767955165604E-5	1
erb	5	1.5975767955165604E-5	1
esc	5	1.5975767955165604E-5	1
fis	5	1.5975767955165604E-5	1
flo	5	1.5975767955165604E-5	1
flu	5	1.5975767955165604E-5	1
hdr	5	1.5975767955165604E-5	1
hni	5	1.5975767955165604E-5	1
hoo	5	1.5975767955165604E-5	1
ilo	5	1.5975767955165604E-5	1
ipp	5	1.5975767955165604E-5	1
irt	5	1.5975767955165604E-5	1
isd	5	1.5975767955165604E-5	1
lds	5	1.5975767955165604E-5	1
lun	5	1.5975767955165604E-5	1
lwo	5	1.5975767955165604E-5	1
mas	5	1.5975767955165604E-5	1
mec	5	1.5975767955165604E-5	1
mid	5	1.5975767955165604E-5	1
mly	5	1.5975767955165604E-5	1
mse	5	1.5975767955165604E-5	1
nfa	5	1.5975767955165604E-5	1
ngo	5	1.5975767955165604E-5	1
niu	5	1.5975767955165604E-5	1
nke	5	1.5975767955165604E-5	1
nqu	5	1.5975767955165604E-5	1
nut	5	1.5975767955165604E-5	1
oly	5	1.5975767955165604E-5	1
rid	5	1.5975767955165604E-5	1
riz	5	1.5975767955165604E-5	1
rml	5	1.5975767955165604E-5	1
rox	5	1.5975767955165604E-5	1
rui	5	1.5975767955165604E-5	1
rus	5	1.5975767955165604E-5	1
ryo	5	1.5975767955165604E-5	1
ryt	5	1.5975767955165604E-5	1
sab	5	1.5975767955165604E-5	1
sci	5	1.5975767955165604E-5	1
sil	5	1.5975767955165604E-5	1
tap	5	1.5975767955165604E-5	1
tch	5	1.5975767955165604E-5	1
tco	5	1.5975767955165604E-5	1
tef	5	1.5975767955165604E-5	1
thd	5	1.5975767955165604E-5	1
tir	5	1.5975767955165604E-5	1
tli	5	1.5975767955165604E-5	1
tsi	5	1.5975767955165604E-5	1
tue	5	1.5975767955165604E-5	1
uli	5	1.5975767955165604E-5	1
uly	5	1.5975767955165604E-5	1
ump	5	1.5975767955165604E-5	1
uot	5	1.5975767955165604E-5	1
utl	5	1.5975767955165604E-5	1
wei	5	1.5975767955165604E-5	1
xpo	5	1.5975767955165604E-5	1
_je	4	1.2780614364132484E-5	1
acl	4	1.2780614364132484E-5	1
adf	4	1.2780614364132484E-5	1
akn	4	1.2780614364132484E-5	1
alm	4	1.2780614364132484E-5	1
amb	4	1.2780614364132484E-5	1
ap_	4	1.2780614364132484E-5	1
aro	4	1.2780614364132484E-5	1
atc	4	1.2780614364132484E-5	1
atm	4	1.2780614364132484E-5	1
ats	4	1.2780614364132484E-5	1
aug	4	1.2780614364132484E-5	1
axa	4	1.2780614364132484E-5	1
bin	4	1.2780614364132484E-5	1
bla	4	1.2780614364132484E-5	1
blo	4	1.2780614364132484E-5	1
btl	4	1.2780614364132484E-5	1
cil	4	1.2780614364132484E-5	1
cki	4	1.2780614364132484E-5	1
dal	4	1.2780614364132484E-5	1
dd_	4	1.2780614364132484E-5	1
dfu	4	1.2780614364132484E-5	1
dib	4	1.2780614364132484E-5	1
dut	4	1.2780614364132484E-5	1
edo	4	1.2780614364132484E-5	1
elu	4	1.2780614364132484E-5	1
enj	4	1.2780614364132484E-5	1
eog	4	1.2780614364132484E-5	1
eor	4	1.2780614364132484E-5	1
etc	4	1.2780614364132484E-5	1
ewa	4	1.2780614364132484E-5	1
fam	4	1.2780614364132484E-5	1
fed	4	1.2780614364132484E-5	1
ffa	4	1.2780614364132484E-5	1
fia	4	1.2780614364132484E-5	1
fru	4	1.2780614364132484E-5	1
gon	4	1.2780614364132484E-5	1
hai	4	1.2780614364132484E-5	1
hib	4	1.2780614364132484E-5	1
hid	4	1.2780614364132484E-5	1
hio	4	1.2780614364132484E-5	1
hon	4	1.2780614364132484E-5	1
hug	4	1.2780614364132484E-5	1
hun	4	1.2780614364132484E-5	1
idt	4	1.2780614364132484E-5	1
idy	4	1.2780614364132484E-5	1
ifr	4	1.2780614364132484E-5	1
ilw	4	1.2780614364132484E-5	1
inq	4	1.2780614364132484E-5	1
ipu	4	1.2780614364132484E-5	1
itn	4	1.2780614364132484E-5	1
joy	4	1.2780614364132484E-5	1
kil	4	1.2780614364132484E-5	1
kne	4	1.2780614364132484E-5	1
lag	4	1.2780614364132484E-5	1
lam	4	1.2780614364132484E-5	1
leh	4	1.2780614364132484E-5	1
lk_	4	1.2780614364132484E-5	1
lmo	4	1.2780614364132484E-5	1
lpi	4	1.2780614364132484E-5	1
lty	4	1.2780614364132484E-5	1
luc	4	1.2780614364132484E-5	1
mbi	4	1.2780614364132484E-5	1
nfe	4	1.2780614364132484E-5	1
nfu	4	1.2780614364132484E-5	1
njo	4	1.2780614364132484E-5	1
nju	4	1.2780614364132484E-5	1
nli	4	1.2780614364132484E-5	1
ofe	4	1.2780614364132484E-5	1
ogy	4	1.2780614364132484E-5	1
ohi	4	1.2780614364132484E-5	1
oic	4	1.2780614364132484E-5	1
oom	4	1.2780614364132484E-5	1
oru	4	1.2780614364132484E-5	1
osu	4	1.2780614364132484E-5	1
owu	4	1.2780614364132484E-5	1
oy_	4	1.2780614364132484E-5	1
pid	4	1.2780614364132484E-5	1
ppa	4	1.2780614364132484E-5	1
ppi	4	1.2780614364132484E-5	1
ppy	4	1.2780614364132484E-5	1
pth	4	1.2780614364132484E-5	1
pun	4	1.2780614364132484E-5	1
py_	4	1.2780614364132484E-5	1
rgu	4	1.2780614364132484E-5	1
roh	4	1.2780614364132484E-5	1
roy	4	1.2780614364132484E-5	1
rpe	4	1.2780614364132484E-5	1
rsp	4	1.2780614364132484E-5	1
rtl	4	1.2780614364132484E-5	1
rto	4	1.2780614364132484E-5	1
sap	4	1.2780614364132484E-5	1
sdi	4	1.2780614364132484E-5	1
sem	4	1.2780614364132484E-5	1
sfi	4	1.2780614364132484E-5	1
spl	4	1.2780614364132484E-5	1
ssp	4	1.2780614364132484E-5	1
syn	4	1.2780614364132484E-5	1
tfu	4	1.2780614364132484E-5	1
thc	4	1.2780614364132484E-5	1
thy	4	1.2780614364132484E-5	1
tib	4	1.2780614364132484E-5	1
uab	4	1.2780614364132484E-5	1
uge	4	1.2780614364132484E-5	1
un_	4	1.2780614364132484E-5	1
urd	4	1.2780614364132484E-5	1
usa	4	1.2780614364132484E-5	1
usp	4	1.2780614364132484E-5	1
uta	4	1.2780614364132484E-5	1
wne	4	1.2780614364132484E-5	1
wof	4	1.2780614364132484E-5	1
wri	4	1.2780614364132484E-5	1
wup	4	1.2780614364132484E-5	1
xch	4	1.2780614364132484E-5	1
yne	4	1.2780614364132484E-5	1
ze_	4	1.2780614364132484E-5	1
_ah	3	9.585460773099364E-6	1
_et	3	9.585460773099364E-6	1
_ni	3	9.585460773099364E-6	1
_om	3	9.585460773099364E-6	1
_sk	3	9.585460773099364E-6	1
_ul	3	9.585460773099364E-6	1
aba	3	9.585460773099364E-6	1
abr	3	9.585460773099364E-6	1
acr	3	9.585460773099364E-6	1
acu	3	9.585460773099364E-6	1
adh	3	9.585460773099364E-6	1
adj	3	9.585460773099364E-6	1
ahe	3	9.585460773099364E-6	1
aig	3	9.585460773099364E-6	1
ane	3	9.585460773099364E-6	1
awf	3	9.585460773099364E-6	1
aym	3	9.585460773099364E-6	1
bed	3	9.585460773099364E-6	1
bey	3	9.585460773099364E-6	1
big	3	9.585460773099364E-6	1
bio	3	9.585460773099364E-6	1
bre	3	9.585460773099364E-6	1
bta	3	9.585460773099364E-6	1
cea	3	9.585460773099364E-6	1
cka	3	9.585460773099364E-6	1
cke	3	9.585460773099364E-6	1
cks	3	9.585460773099364E-6	1
dde	3	9.585460773099364E-6	1
dhe	3	9.585460773099364E-6	1
dos	3	9.585460773099364E-6	1
dox	3	9.585460773099364E-6	1
dvo	3	9.585460773099364E-6	1
eam	3	9.585460773099364E-6	1
eft	3	9.585460773099364E-6	1
egl	3	9.585460773099364E-6	1
enh	3	9.585460773099364E-6	1
esh	3	9.585460773099364E-6	1
euv	3	9.585460773099364E-6	1
ewe	3	9.585460773099364E-6	1
eye	3	9.585460773099364E-6	1
eyo	3	9.585460773099364E-6	1
ffs	3	9.585460773099364E-6	1
foo	3	9.585460773099364E-6	1
fse	3	9.585460773099364E-6	1
fwa	3	9.585460773099364E-6	1
ggr	3	9.585460773099364E-6	1
gil	3	9.585460773099364E-6	1
gn_	3	9.585460773099364E-6	1
gna	3	9.585460773099364E-6	1
gnt	3	9.585460773099364E-6	1
gum	3	9.585460773099364E-6	1
ham	3	9.585460773099364E-6	1
hco	3	9.585460773099364E-6	1
heo	3	9.585460773099364E-6	1
hot	3	9.585460773099364E-6	1
ico	3	9.585460773099364E-6	1
ids	3	9.585460773099364E-6	1
iec	3	9.585460773099364E-6	1
ilt	3	9.585460773099364E-6	1
iol	3	9.585460773099364E-6	1
ipb	3	9.585460773099364E-6	1
iry	3	9.585460773099364E-6	1
isr	3	9.585460773099364E-6	1
isu	3	9.585460773099364E-6	1
jac	3	9.585460773099364E-6	1
jeo	3	9.585460773099364E-6	1
kab	3	9.585460773099364E-6	1
kag	3	9.585460773099364E-6	1
kep	3	9.585460773099364E-6	1
lef	3	9.585460773099364E-6	1
lfa	3	9.585460773099364E-6	1
lfw	3	9.585460773099364E-6	1
lki	3	9.585460773099364E-6	1
lne	3	9.585460773099364E-6	1
loa	3	9.585460773099364E-6	1
lst	3	9.585460773099364E-6	1
ltr	3	9.585460773099364E-6	1
mfu	3	9.585460773099364E-6	1
mma	3	9.585460773099364E-6	1
moo	3	9.585460773099364E-6	1
nhe	3	9.585460773099364E-6	1
noe	3	9.585460773099364E-6	1
nre	3	9.585460773099364E-6	1
nsc	3	9.585460773099364E-6	1
ntu	3	9.585460773099364E-6	1
obt	3	9.585460773099364E-6	1
oc_	3	9.585460773099364E-6	1
oeu	3	9.585460773099364E-6	1
oev	3	9.585460773099364E-6	1
oil	3	9.585460773099364E-6	1
onr	3	9.585460773099364E-6	1
opa	3	9.585460773099364E-6	1
ouc	3	9.585460773099364E-6	1
oud	3	9.585460773099364E-6	1
pal	3	9.585460773099364E-6	1
pap	3	9.585460773099364E-6	1
pbu	3	9.585460773099364E-6	1
ph_	3	9.585460773099364E-6	1
pic	3	9.585460773099364E-6	1
pie	3	9.585460773099364E-6	1
rmf	3	9.585460773099364E-6	1
rno	3	9.585460773099364E-6	1
roe	3	9.585460773099364E-6	1
rtm	3	9.585460773099364E-6	1
rup	3	9.585460773099364E-6	1
rys	3	9.585460773099364E-6	1
sep	3	9.585460773099364E-6	1
sew	3	9.585460773099364E-6	1
sia	3	9.585460773099364E-6	1
sif	3	9.585460773099364E-6	1
slo	3	9.585460773099364E-6	1
smo	3	9.585460773099364E-6	1
soe	3	9.585460773099364E-6	1
sov	3	9.585460773099364E-6	1
sph	3	9.585460773099364E-6	1
spu	3	9.585460773099364E-6	1
sre	3	9.585460773099364E-6	1
ssl	3	9.585460773099364E-6	1
stb	3	9.585460773099364E-6	1
sui	3	9.585460773099364E-6	1
sy_	3	9.585460773099364E-6	1
tbe	3	9.585460773099364E-6	1
tc_	3	9.585460773099364E-6	1
toc	3	9.585460773099364E-6	1
tso	3	9.585460773099364E-6	1
ubo	3	9.585460773099364E-6	1
udy	3	9.585460773099364E-6	1
uln	3	9.585460773099364E-6	1
unj	3	9.585460773099364E-6	1
unk	3	9.585460773099364E-6	1
uns	3	9.585460773099364E-6	1
uph	3	9.585460773099364E-6	1
upt	3	9.585460773099364E-6	1
usu	3	9.585460773099364E-6	1
utc	3	9.585460773099364E-6	1
uvr	3	9.585460773099364E-6	1
vas	3	9.585460773099364E-6	1
vea	3	9.585460773099364E-6	1
viv	3	9.585460773099364E-6	1
vre	3	9.585460773099364E-6	1
wab	3	9.585460773099364E-6	1
wal	3	9.585460773099364E-6	1
wes	3	9.585460773099364E-6	1
wfu	3	9.585460773099364E-6	1
wly	3	9.585460773099364E-6	1
wns	3	9.585460773099364E-6	1
xag	3	9.585460773099364E-6	1
xat	3	9.585460773099364E-6	1
xes	3	9.585460773099364E-6	1
xts	3	9.585460773099364E-6	1
ypo	3	9.585460773099364E-6	1
_b_	2	6.390307182066242E-6	1
_hy	2	6.390307182066242E-6	1
_ko	2	6.390307182066242E-6	1
_oi	2	6.390307182066242E-6	1
_ze	2	6.390307182066242E-6	1
abn	2	6.390307182066242E-6	1
af_	2	6.390307182066242E-6	1
afr	2	6.390307182066242E-6	1
ag_	2	6.390307182066242E-6	1
alc	2	6.390307182066242E-6	1
asc	2	6.390307182066242E-6	1
aty	2	6.390307182066242E-6	1
au_	2	6.390307182066242E-6	1
bai	2	6.390307182066242E-6	1
bid	2	6.390307182066242E-6	1
bno	2	6.390307182066242E-6	1
bol	2	6.390307182066242E-6	1
bra	2	6.390307182066242E-6	1
bts	2	6.390307182066242E-6	1
cam	2	6.390307182066242E-6	1
chm	2	6.390307182066242E-6	1
cio	2	6.390307182066242E-6	1
civ	2	6.390307182066242E-6	1
ckg	2	6.390307182066242E-6	1
ckw	2	6.390307182066242E-6	1
cof	2	6.390307182066242E-6	1
coi	2	6.390307182066242E-6	1
cuu	2	6.390307182066242E-6	1
daw	2	6.390307182066242E-6	1
deo	2	6.390307182066242E-6	1
dfa	2	6.390307182066242E-6	1
dil	2	6.390307182066242E-6	1
dlo	2	6.390307182066242E-6	1
dol	2	6.390307182066242E-6	1
du_	2	6.390307182066242E-6	1
dun	2	6.390307182066242E-6	1
dve	2	6.390307182066242E-6	1
eab	2	6.390307182066242E-6	1
eei	2	6.390307182066242E-6	1
eer	2	6.390307182066242E-6	1
efr	2	6.390307182066242E-6	1
eki	2	6.390307182066242E-6	1
emn	2	6.390307182066242E-6	1
eol	2	6.390307182066242E-6	1
eon	2	6.390307182066242E-6	1
epi	2	6.390307182066242E-6	1
epu	2	6.390307182066242E-6	1
etp	2	6.390307182066242E-6	1
ewp	2	6.390307182066242E-6	1
eyl	2	6.390307182066242E-6	1
eys	2	6.390307182066242E-6	1
fat	2	6.390307182066242E-6	1
fla	2	6.390307182066242E-6	1
fr_	2	6.390307182066242E-6	1
gag	2	6.390307182066242E-6	1
gap	2	6.390307182066242E-6	1
gea	2	6.390307182066242E-6	1
gig	2	6.390307182066242E-6	1
gla	2	6.390307182066242E-6	1
gli	2	6.390307182066242E-6	1
gns	2	6.390307182066242E-6	1
gsi	2	6.390307182066242E-6	1
gte	2	6.390307182066242E-6	1
hab	2	6.390307182066242E-6	1
hoc	2	6.390307182066242E-6	1
hri	2	6.390307182066242E-6	1
hru	2	6.390307182066242E-6	1
htf	2	6.390307182066242E-6	1
hwh	2	6.390307182066242E-6	1
hyp	2	6.390307182066242E-6	1
ias	2	6.390307182066242E-6	1
idg	2	6.390307182066242E-6	1
idl	2	6.390307182066242E-6	1
ifu	2	6.390307182066242E-6	1
igr	2	6.390307182066242E-6	1
ilm	2	6.390307182066242E-6	1
imb	2	6.390307182066242E-6	1
inj	2	6.390307182066242E-6	1
inp	2	6.390307182066242E-6	1
iny	2	6.390307182066242E-6	1
io_	2	6.390307182066242E-6	1
ira	2	6.390307182066242E-6	1
isb	2	6.390307182066242E-6	1
isg	2	6.390307182066242E-6	1
itl	2	6.390307182066242E-6	1
ivo	2	6.390307182066242E-6	1
izo	2	6.390307182066242E-6	1
jun	2	6.390307182066242E-6	1
kgr	2	6.390307182066242E-6	1
koc	2	6.390307182066242E-6	1
kwa	2	6.390307182066242E-6	1
laf	2	6.390307182066242E-6	1
lcu	2	6.390307182066242E-6	1
lfs	2	6.390307182066242E-6	1
lm_	2	6.390307182066242E-6	1
loi	2	6.390307182066242E-6	1
lpe	2	6.390307182066242E-6	1
lto	2	6.390307182066242E-6	1
lyc	2	6.390307182066242E-6	1
lyd	2	6.390307182066242E-6	1
mbr	2	6.390307182066242E-6	1
meo	2	6.390307182066242E-6	1
mix	2	6.390307182066242E-6	1
mne	2	6.390307182066242E-6	1
mpu	2	6.390307182066242E-6	1
mut	2	6.390307182066242E-6	1
nau	2	6.390307182066242E-6	1
nea	2	6.390307182066242E-6	1
nei	2	6.390307182066242E-6	1
nga	2	6.390307182066242E-6	1
ngf	2	6.390307182066242E-6	1
ngu	2	6.390307182066242E-6	1
nig	2	6.390307182066242E-6	1
niv	2	6.390307182066242E-6	1
nje	2	6.390307182066242E-6	1
nka	2	6.390307182066242E-6	1
nkl	2	6.390307182066242E-6	1
nkn	2	6.390307182066242E-6	1
noo	2	6.390307182066242E-6	1
nov	2	6.390307182066242E-6	1
npo	2	6.390307182066242E-6	1
nsf	2	6.390307182066242E-6	1
nyi	2	6.390307182066242E-6	1
nyo	2	6.390307182066242E-6	1
oat	2	6.390307182066242E-6	1
och	2	6.390307182066242E-6	1
oco	2	6.390307182066242E-6	1
ocr	2	6.390307182066242E-6	1
oec	2	6.390307182066242E-6	1
ofa	2	6.390307182066242E-6	1
oit	2	6.390307182066242E-6	1
oks	2	6.390307182066242E-6	1
oma	2	6.390307182066242E-6	1
oms	2	6.390307182066242E-6	1
os_	2	6.390307182066242E-6	1
oso	2	6.390307182066242E-6	1
oto	2	6.390307182066242E-6	1
ots	2	6.390307182066242E-6	1
ott	2	6.390307182066242E-6	1
owh	2	6.390307182066242E-6	1
oys	2	6.390307182066242E-6	1
pag	2	6.390307182066242E-6	1
pho	2	6.390307182066242E-6	1
pio	2	6.390307182066242E-6	1
plu	2	6.390307182066242E-6	1
pok	2	6.390307182066242E-6	1
psh	2	6.390307182066242E-6	1
ptu	2	6.390307182066242E-6	1
rav	2	6.390307182066242E-6	1
rb_	2	6.390307182066242E-6	1
rdy	2	6.390307182066242E-6	1
rew	2	6.390307182066242E-6	1
rfu	2	6.390307182066242E-6	1
rmy	2	6.390307182066242E-6	1
rok	2	6.390307182066242E-6	1
rpl	2	6.390307182066242E-6	1
rru	2	6.390307182066242E-6	1
rtc	2	6.390307182066242E-6	1
rtt	2	6.390307182066242E-6	1
rwi	2	6.390307182066242E-6	1
sbo	2	6.390307182066242E-6	1
sbu	2	6.390307182066242E-6	1
sfe	2	6.390307182066242E-6	1
sfy	2	6.390307182066242E-6	1
sof	2	6.390307182066242E-6	1
sop	2	6.390307182066242E-6	1
spr	2	6.390307182066242E-6	1
ssb	2	6.390307182066242E-6	1
stc	2	6.390307182066242E-6	1
stp	2	6.390307182066242E-6	1
sun	2	6.390307182066242E-6	1
tau	2	6.390307182066242E-6	1
tcl	2	6.390307182066242E-6	1
tev	2	6.390307182066242E-6	1
thw	2	6.390307182066242E-6	1
tid	2	6.390307182066242E-6	1
tpo	2	6.390307182066242E-6	1
tto	2	6.390307182066242E-6	1
ttr	2	6.390307182066242E-6	1
uac	2	6.390307182066242E-6	1
uck	2	6.390307182066242E-6	1
ugu	2	6.390307182066242E-6	1
uiv	2	6.390307182066242E-6	1
ulo	2	6.390307182066242E-6	1
uls	2	6.390307182066242E-6	1
umi	2	6.390307182066242E-6	1
unp	2	6.390307182066242E-6	1
uo_	2	6.390307182066242E-6	1
upr	2	6.390307182066242E-6	1
ush	2	6.390307182066242E-6	1
uty	2	6.390307182066242E-6	1
uum	2	6.390307182066242E-6	1
vac	2	6.390307182066242E-6	1
vy_	2	6.390307182066242E-6	1
wen	2	6.390307182066242E-6	1
wpo	2	6.390307182066242E-6	1
wsp	2	6.390307182066242E-6	1
xci	2	6.390307182066242E-6	1
xcu	2	6.390307182066242E-6	1
xed	2	6.390307182066242E-6	1
xic	2	6.390307182066242E-6	1
xit	2	6.390307182066242E-6	1
ybo	2	6.390307182066242E-6	1
yce	2	6.390307182066242E-6	1
yde	2	6.390307182066242E-6	1
yee	2	6.390307182066242E-6	1
yel	2	6.390307182066242E-6	1
yla	2	6.390307182066242E-6	1
ysp	2	6.390307182066242E-6	1
zer	2	6.390307182066242E-6	1
_b	1	3.195153591033121E-6	1
_c_	1	3.195153591033121E-6	1
_dw	1	3.195153591033121E-6	1
_dy	1	3.195153591033121E-6	1
_e_	1	3.195153591033121E-6	1
_er	1	3.195153591033121E-6	1
_ey	1	3.195153591033121E-6	1
_gh	1	3.195153591033121E-6	1
_ig	1	3.195153591033121E-6	1
_iu	1	3.195153591033121E-6	1
_ja	1	3.195153591033121E-6	1
_oa	1	3.195153591033121E-6	1
_od	1	3.195153591033121E-6	1
_pt	1	3.195153591033121E-6	1
_rh	1	3.195153591033121E-6	1
_sn	1	3.195153591033121E-6	1
_sq	1	3.195153591033121E-6	1
_yi	1	3.195153591033121E-6	1
aby	1	3.195153591033121E-6	1
aca	1	3.195153591033121E-6	1
aks	1	3.195153591033121E-6	1
aml	1	3.195153591033121E-6	1
ams	1	3.195153591033121E-6	1
anx	1	3.195153591033121E-6	1
aor	1	3.195153591033121E-6	1
asa	1	3.195153591033121E-6	1
asm	1	3.195153591033121E-6	1
asy	1	3.195153591033121E-6	1
atl	1	3.195153591033121E-6	1
aul	1	3.195153591033121E-6	1
awl	1	3.195153591033121E-6	1
awm	1	3.195153591033121E-6	1
axe	1	3.195153591033121E-6	1
av	1	3.195153591033121E-6	1
bbo	1	3.195153591033121E-6	1
bia	1	3.195153591033121E-6	1
bir	1	3.195153591033121E-6	1
bom	1	3.195153591033121E-6	1
bry	1	3.195153591033121E-6	1
btf	1	3.195153591033121E-6	1
bug	1	3.195153591033121E-6	1
bve	1	3.195153591033121E-6	1
b_	1	3.195153591033121E-6	1
bb	1	3.195153591033121E-6	1
chl	1	3.195153591033121E-6	1
chr	1	3.195153591033121E-6	1
cht	1	3.195153591033121E-6	1
chw	1	3.195153591033121E-6	1
ckh	1	3.195153591033121E-6	1
cly	1	3.195153591033121E-6	1
coa	1	3.195153591033121E-6	1
cow	1	3.195153591033121E-6	1
cse	1	3.195153591033121E-6	1
ctf	1	3.195153591033121E-6	1
ctm	1	3.195153591033121E-6	1
dab	1	3.195153591033121E-6	1
dai	1	3.195153591033121E-6	1
ddl	1	3.195153591033121E-6	1
dds	1	3.195153591033121E-6	1
dex	1	3.195153591033121E-6	1
dgi	1	3.195153591033121E-6	1
dig	1	3.195153591033121E-6	1
dio	1	3.195153591033121E-6	1
dip	1	3.195153591033121E-6	1
dja	1	3.195153591033121E-6	1
djo	1	3.195153591033121E-6	1
dju	1	3.195153591033121E-6	1
dup	1	3.195153591033121E-6	1
dwa	1	3.195153591033121E-6	1
dwe	1	3.195153591033121E-6	1
dyi	1	3.195153591033121E-6	1
dyn	1	3.195153591033121E-6	1
eap	1	3.195153591033121E-6	1
ebu	1	3.195153591033121E-6	1
ec_	1	3.195153591033121E-6	1
edr	1	3.195153591033121E-6	1
edt	1	3.195153591033121E-6	1
edy	1	3.195153591033121E-6	1
eea	1	3.195153591033121E-6	1
eef	1	3.195153591033121E-6	1
eeu	1	3.195153591033121E-6	1
eex	1	3.195153591033121E-6	1
eez	1	3.195153591033121E-6	1
eho	1	3.195153591033121E-6	1
eim	1	3.195153591033121E-6	1
elm	1	3.195153591033121E-6	1
emm	1	3.195153591033121E-6	1
enm	1	3.195153591033121E-6	1
enr	1	3.195153591033121E-6	1
eny	1	3.195153591033121E-6	1
eof	1	3.195153591033121E-6	1
eou	1	3.195153591033121E-6	1
esk	1	3.195153591033121E-6	1
eto	1	3.195153591033121E-6	1
eup	1	3.195153591033121E-6	1
evy	1	3.195153591033121E-6	1
ewi	1	3.195153591033121E-6	1
ewl	1	3.195153591033121E-6	1
exh	1	3.195153591033121E-6	1
exo	1	3.195153591033121E-6	1
eze	1	3.195153591033121E-6	1
fab	1	3.195153591033121E-6	1
fan	1	3.195153591033121E-6	1
fau	1	3.195153591033121E-6	1
fgo	1	3.195153591033121E-6	1
fix	1	3.195153591033121E-6	1
fli	1	3.195153591033121E-6	1
fog	1	3.195153591033121E-6	1
foi	1	3.195153591033121E-6	1
fsh	1	3.195153591033121E-6	1
fsu	1	3.195153591033121E-6	1
fts	1	3.195153591033121E-6	1
gab	1	3.195153591033121E-6	1
gam	1	3.195153591033121E-6	1
gav	1	3.195153591033121E-6	1
gdo	1	3.195153591033121E-6	1
gfe	1	3.195153591033121E-6	1
gfu	1	3.195153591033121E-6	1
ggi	1	3.195153591033121E-6	1
ggy	1	3.195153591033121E-6	1
ghi	1	3.195153591033121E-6	1
ghn	1	3.195153591033121E-6	1
gno	1	3.195153591033121E-6	1
gou	1	3.195153591033121E-6	1
guo	1	3.195153591033121E-6	1
gup	1	3.195153591033121E-6	1
hau	1	3.195153591033121E-6	1
hca	1	3.195153591033121E-6	1
heb	1	3.195153591033121E-6	1
hee	1	3.195153591033121E-6	1
hle	1	3.195153591033121E-6	1
hne	1	3.195153591033121E-6	1
hoi	1	3.195153591033121E-6	1
hth	1	3.195153591033121E-6	1
hti	1	3.195153591033121E-6	1
hto	1	3.195153591033121E-6	1
htr	1	3.195153591033121E-6	1
htw	1	3.195153591033121E-6	1
hur	1	3.195153591033121E-6	1
hut	1	3.195153591033121E-6	1
hwo	1	3.195153591033121E-6	1
ibr	1	3.195153591033121E-6	1
icr	1	3.195153591033121E-6	1
idd	1	3.195153591033121E-6	1
idw	1	3.195153591033121E-6	1
ifl	1	3.195153591033121E-6	1
ig_	1	3.195153591033121E-6	1
igg	1	3.195153591033121E-6	1
iho	1	3.195153591033121E-6	1
iir	1	3.195153591033121E-6	1
ino	1	3.195153591033121E-6	1
ioe	1	3.195153591033121E-6	1
ios	1	3.195153591033121E-6	1
ipm	1	3.195153591033121E-6	1
ipt	1	3.195153591033121E-6	1
ipy	1	3.195153591033121E-6	1
irl	1	3.195153591033121E-6	1
isy	1	3.195153591033121E-6	1
itj	1	3.195153591033121E-6	1
iur	1	3.195153591033121E-6	1
ixe	1	3.195153591033121E-6	1
jet	1	3.195153591033121E-6	1
jou	1	3.195153591033121E-6	1
kel	1	3.195153591033121E-6	1
keo	1	3.195153591033121E-6	1
keu	1	3.195153591033121E-6	1
kha	1	3.195153591033121E-6	1
kie	1	3.195153591033121E-6	1
kir	1	3.195153591033121E-6	1
kle	1	3.195153591033121E-6	1
kli	1	3.195153591033121E-6	1
lap	1	3.195153591033121E-6	1
lca	1	3.195153591033121E-6	1
lde	1	3.195153591033121E-6	1
ldf	1	3.195153591033121E-6	1
ldo	1	3.195153591033121E-6	1
ldr	1	3.195153591033121E-6	1
lee	1	3.195153591033121E-6	1
lfg	1	3.195153591033121E-6	1
lfr	1	3.195153591033121E-6	1
lha	1	3.195153591033121E-6	1
lih	1	3.195153591033121E-6	1
lip	1	3.195153591033121E-6	1
lkn	1	3.195153591033121E-6	1
llc	1	3.195153591033121E-6	1
llk	1	3.195153591033121E-6	1
llr	1	3.195153591033121E-6	1
llt	1	3.195153591033121E-6	1
llu	1	3.195153591033121E-6	1
lme	1	3.195153591033121E-6	1
lod	1	3.195153591033121E-6	1
lof	1	3.195153591033121E-6	1
lom	1	3.195153591033121E-6	1
lov	1	3.195153591033121E-6	1
lsc	1	3.195153591033121E-6	1
lum	1	3.195153591033121E-6	1
lye	1	3.195153591033121E-6	1
lyf	1	3.195153591033121E-6	1
lyn	1	3.195153591033121E-6	1
ma_	1	3.195153591033121E-6	1
mam	1	3.195153591033121E-6	1
mb_	1	3.195153591033121E-6	1
mbl	1	3.195153591033121E-6	1
mbu	1	3.195153591033121E-6	1
mef	1	3.195153591033121E-6	1
meg	1	3.195153591033121E-6	1
mfo	1	3.195153591033121E-6	1
mir	1	3.195153591033121E-6	1
mli	1	3.195153591033121E-6	1
moc	1	3.195153591033121E-6	1
mog	1	3.195153591033121E-6	1
mok	1	3.195153591033121E-6	1
mud	1	3.195153591033121E-6	1
mup	1	3.195153591033121E-6	1
na_	1	3.195153591033121E-6	1
nai	1	3.195153591033121E-6	1
nap	1	3.195153591033121E-6	1
nas	1	3.195153591033121E-6	1
nav	1	3.195153591033121E-6	1
na	1	3.195153591033121E-6	1
nbi	1	3.195153591033121E-6	1
nca	1	3.195153591033121E-6	1
ncu	1	3.195153591033121E-6	1
ndf	1	3.195153591033121E-6	1
neo	1	3.195153591033121E-6	1
ngd	1	3.195153591033121E-6	1
ngn	1	3.195153591033121E-6	1
nho	1	3.195153591033121E-6	1
nil	1	3.195153591033121E-6	1
nlo	1	3.195153591033121E-6	1
nmi	1	3.195153591033121E-6	1
nna	1	3.195153591033121E-6	1
noc	1	3.195153591033121E-6	1
nos	1	3.195153591033121E-6	1
npl	1	3.195153591033121E-6	1
npr	1	3.195153591033121E-6	1
npu	1	3.195153591033121E-6	1
nri	1	3.195153591033121E-6	1
nsn	1	3.195153591033121E-6	1
ntg	1	3.195153591033121E-6	1
ntm	1	3.195153591033121E-6	1
nun	1	3.195153591033121E-6	1
nus	1	3.195153591033121E-6	1
nva	1	3.195153591033121E-6	1
nvy	1	3.195153591033121E-6	1
nwa	1	3.195153591033121E-6	1
nxi	1	3.195153591033121E-6	1
nyb	1	3.195153591033121E-6	1
nye	1	3.195153591033121E-6	1
nyw	1	3.195153591033121E-6	1
oas	1	3.195153591033121E-6	1
obi	1	3.195153591033121E-6	1
obo	1	3.195153591033121E-6	1
ocl	1	3.195153591033121E-6	1
odd	1	3.195153591033121E-6	1
odg	1	3.195153591033121E-6	1
odo	1	3.195153591033121E-6	1
oed	1	3.195153591033121E-6	1
oen	1	3.195153591033121E-6	1
oga	1	3.195153591033121E-6	1
ogg	1	3.195153591033121E-6	1
ois	1	3.195153591033121E-6	1
olh	1	3.195153591033121E-6	1
omf	1	3.195153591033121E-6	1
omu	1	3.195153591033121E-6	1
onh	1	3.195153591033121E-6	1
onj	1	3.195153591033121E-6	1
onp	1	3.195153591033121E-6	1
onu	1	3.195153591033121E-6	1
onw	1	3.195153591033121E-6	1
oof	1	3.195153591033121E-6	1
ops	1	3.195153591033121E-6	1
osm	1	3.195153591033121E-6	1
otb	1	3.195153591033121E-6	1
otr	1	3.195153591033121E-6	1
owb	1	3.195153591033121E-6	1
ox_	1	3.195153591033121E-6	1
pav	1	3.195153591033121E-6	1
pef	1	3.195153591033121E-6	1
pel	1	3.195153591033121E-6	1
pgr	1	3.195153591033121E-6	1
phy	1	3.195153591033121E-6	1
piv	1	3.195153591033121E-6	1
poc	1	3.195153591033121E-6	1
pou	1	3.195153591033121E-6	1
pse	1	3.195153591033121E-6	1
pup	1	3.195153591033121E-6	1
puz	1	3.195153591033121E-6	1
pya	1	3.195153591033121E-6	1
ra_	1	3.195153591033121E-6	1
rak	1	3.195153591033121E-6	1
rao	1	3.195153591033121E-6	1
rbe	1	3.195153591033121E-6	1
rbi	1	3.195153591033121E-6	1
rbu	1	3.195153591033121E-6	1
rca	1	3.195153591033121E-6	1
rcl	1	3.195153591033121E-6	1
rdu	1	3.195153591033121E-6	1
rex	1	3.195153591033121E-6	1
rfa	1	3.195153591033121E-6	1
rfo	1	3.195153591033121E-6	1
rhe	1	3.195153591033121E-6	1
ri_	1	3.195153591033121E-6	1
rik	1	3.195153591033121E-6	1
riu	1	3.195153591033121E-6	1
rka	1	3.195153591033121E-6	1
rla	1	3.195153591033121E-6	1
rmu	1	3.195153591033121E-6	1
roi	1	3.195153591033121E-6	1
ror	1	3.195153591033121E-6	1
rsa	1	3.195153591033121E-6	1
rsm	1	3.195153591033121E-6	1
rsy	1	3.195153591033121E-6	1
rwo	1	3.195153591033121E-6	1
ryb	1	3.195153591033121E-6	1
ryd	1	3.195153591033121E-6	1
ryw	1	3.195153591033121E-6	1
sac	1	3.195153591033121E-6	1
sak	1	3.195153591033121E-6	1
saw	1	3.195153591033121E-6	1
scl	1	3.195153591033121E-6	1
sde	1	3.195153591033121E-6	1
sgi	1	3.195153591033121E-6	1
sgr	1	3.195153591033121E-6	1
shr	1	3.195153591033121E-6	1
shu	1	3.195153591033121E-6	1
smi	1	3.195153591033121E-6	1
smu	1	3.195153591033121E-6	1
sna	1	3.195153591033121E-6	1
sno	1	3.195153591033121E-6	1
squ	1	3.195153591033121E-6	1
sro	1	3.195153591033121E-6	1
ssr	1	3.195153591033121E-6	1
std	1	3.195153591033121E-6	1
stq	1	3.195153591033121E-6	1
stw	1	3.195153591033121E-6	1
tam	1	3.195153591033121E-6	1
tay	1	3.195153591033121E-6	1
tba	1	3.195153591033121E-6	1
tde	1	3.195153591033121E-6	1
teo	1	3.195153591033121E-6	1
tgi	1	3.195153591033121E-6	1
ti_	1	3.195153591033121E-6	1
tii	1	3.195153591033121E-6	1
tja	1	3.195153591033121E-6	1
tpi	1	3.195153591033121E-6	1
tpl	1	3.195153591033121E-6	1
tqu	1	3.195153591033121E-6	1
tst	1	3.195153591033121E-6	1
tub	1	3.195153591033121E-6	1
tum	1	3.195153591033121E-6	1
tup	1	3.195153591033121E-6	1
twa	1	3.195153591033121E-6	1
twi	1	3.195153591033121E-6	1
tyf	1	3.195153591033121E-6	1
tyi	1	3.195153591033121E-6	1
uad	1	3.195153591033121E-6	1
ubb	1	3.195153591033121E-6	1
ubv	1	3.195153591033121E-6	1
ucu	1	3.195153591033121E-6	1
udd	1	3.195153591033121E-6	1
ueb	1	3.195153591033121E-6	1
uee	1	3.195153591033121E-6	1
ug_	1	3.195153591033121E-6	1
uip	1	3.195153591033121E-6	1
umm	1	3.195153591033121E-6	1
umu	1	3.195153591033121E-6	1
unb	1	3.195153591033121E-6	1
unq	1	3.195153591033121E-6	1
uou	1	3.195153591033121E-6	1
upg	1	3.195153591033121E-6	1
upl	1	3.195153591033121E-6	1
upu	1	3.195153591033121E-6	1
ury	1	3.195153591033121E-6	1
utr	1	3.195153591033121E-6	1
uzz	1	3.195153591033121E-6	1
vag	1	3.195153591033121E-6	1
vec	1	3.195153591033121E-6	1
veh	1	3.195153591033121E-6	1
wad	1	3.195153591033121E-6	1
wag	1	3.195153591033121E-6	1
wav	1	3.195153591033121E-6	1
wba	1	3.195153591033121E-6	1
wmi	1	3.195153591033121E-6	1
wni	1	3.195153591033121E-6	1
wos	1	3.195153591033121E-6	1
wre	1	3.195153591033121E-6	1
xab	1	3.195153591033121E-6	1
xha	1	3.195153591033121E-6	1
xil	1	3.195153591033121E-6	1
xio	1	3.195153591033121E-6	1
xod	1	3.195153591033121E-6	1
xti	1	3.195153591033121E-6	1
yar	1	3.195153591033121E-6	1
yda	1	3.195153591033121E-6	1
yfi	1	3.195153591033121E-6	1
yfr	1	3.195153591033121E-6	1
yie	1	3.195153591033121E-6	1
yna	1	3.195153591033121E-6	1
ynd	1	3.195153591033121E-6	1
ywa	1	3.195153591033121E-6	1
ywh	1	3.195153591033121E-6	1
zle	1	3.195153591033121E-6	1
zzl	1	3.195153591033121E-6	1
b	1	3.195153591033121E-6	1
ve	1	3.195153591033121E-6	1
