Portuguese	4	1599545	2077
	1)	_	0	0	0.0
		1)	_d	0	0	0.0
			1)	_de	0	0	0.0
				1)	_de_	1	24129	0.0070789093
				2)	_des	33	4800	0.0014082127
				3)	_dev	110	2186	6.413235E-4
				4)	_dep	182	1606	4.711645E-4
				5)	_dec	299	1095	3.2124852E-4
				6)	_dem	544	742	2.1768622E-4
				7)	_def	576	711	2.085915E-4
				8)	_deb	583	701	2.0565774E-4
				9)	_det	1227	364	1.0678946E-4
				10)	_dei	1406	320	9.3880844E-5
				11)	_del	1586	273	8.00921E-5
				12)	_den	1863	226	6.630335E-5
			2)	_da	0	0	0.0
				1)	_da_	10	9082	0.0026644557
				2)	_das	79	2756	8.0854876E-4
				3)	_dar	1145	395	1.1588417E-4
				4)	_dad	1253	355	1.0414906E-4
			3)	_do	0	0	0.0
				1)	_do_	14	7431	0.0021800892
				2)	_dos	41	4208	0.0012345331
				3)	_dom	1166	386	1.1324377E-4
				4)	_doi	1820	232	6.8063615E-5
				5)	_doc	2034	204	5.984904E-5
			4)	_di	0	0	0.0
				1)	_dir	168	1692	4.96395E-4
				2)	_dis	171	1683	4.937546E-4
				3)	_diz	495	790	2.3176834E-4
				4)	_dif	627	671	1.968564E-4
				5)	_dia	964	460	1.3495372E-4
				6)	_div	1474	303	8.889343E-5
			5)	_du	0	0	0.0
				1)	_dur	1600	271	7.950534E-5
				2)	_dua	1947	215	6.307619E-5
		2)	_q	0	0	0.0
			1)	_qu	0	0	0.0
				1)	_que	2	20268	0.005946178
				2)	_qua	70	2898	8.502084E-4
				3)	_qui	1982	210	6.16093E-5
		3)	_c	0	0	0.0
			1)	_co	0	0	0.0
				1)	_con	8	10206	0.0029942123
				2)	_com	9	9972	0.002925562
				3)	_col	339	1006	2.951379E-4
				4)	_cor	754	583	1.7103917E-4
				5)	_coo	934	471	1.3818087E-4
				6)	_coe	1527	288	8.449276E-5
				7)	_coi	1788	239	7.0117254E-5
			2)	_cr	0	0	0.0
				1)	_cri	385	944	2.769485E-4
				2)	_cre	1091	411	1.2057821E-4
			3)	_ca	0	0	0.0
				1)	_car	597	688	2.0184382E-4
				2)	_cas	604	683	2.0037693E-4
				3)	_cap	1130	399	1.1705768E-4
				4)	_cad	1285	348	1.0209542E-4
				5)	_cau	1548	283	8.302587E-5
				6)	_cam	1844	230	6.747686E-5
				7)	_cat	1906	221	6.483646E-5
			4)	_cl	0	0	0.0
				1)	_cla	741	593	1.7397295E-4
			5)	_ci	0	0	0.0
				1)	_cid	793	553	1.6223783E-4
			6)	_ce	0	0	0.0
				1)	_cer	804	546	1.601842E-4
				2)	_cen	1655	262	7.686494E-5
			7)	_ch	0	0	0.0
				1)	_che	1344	333	9.7694756E-5
				2)	_cha	1836	231	6.7770234E-5
			8)	_cu	0	0	0.0
				1)	_cul	1710	253	7.422455E-5
				2)	_cus	1905	221	6.483646E-5
		4)	_p	0	0	0.0
			1)	_pa	0	0	0.0
				1)	_par	13	7759	0.0022763172
				2)	_paí	270	1170	3.4325186E-4
				3)	_pas	611	678	1.9891004E-4
				4)	_pal	1532	287	8.419938E-5
				5)	_pap	1610	270	7.921196E-5
			2)	_pr	0	0	0.0
				1)	_pro	18	6509	0.0019095951
				2)	_pre	59	3213	9.4262237E-4
				3)	_pri	160	1743	5.113572E-4
				4)	_pró	467	819	2.4027629E-4
				5)	_pra	1378	326	9.564111E-5
				6)	_prá	1967	212	6.2196064E-5
			3)	_po	0	0	0.0
				1)	_por	37	4537	0.0013310544
				2)	_pos	98	2381	6.9853215E-4
				3)	_pol	113	2115	6.204937E-4
				4)	_pod	125	2019	5.923295E-4
				5)	_pon	589	696	2.0419084E-4
				6)	_poi	1165	386	1.1324377E-4
				7)	_pou	1204	372	1.0913648E-4
				8)	_pop	1924	219	6.42497E-5
			4)	_pe	0	0	0.0
				1)	_pel	88	2517	7.384315E-4
				2)	_per	94	2439	7.1554806E-4
				3)	_pes	417	882	2.5875907E-4
				4)	_pen	424	877	2.5729218E-4
				5)	_ped	1595	272	7.9798716E-5
			5)	_pú	0	0	0.0
				1)	_púb	1071	416	1.220451E-4
			6)	_pl	0	0	0.0
				1)	_pla	1609	270	7.921196E-5
		5)	_e	0	0	0.0
			1)	_es	0	0	0.0
				1)	_est	15	7188	0.0021087986
				2)	_ess	185	1589	4.6617707E-4
				3)	_esp	195	1491	4.3742606E-4
				4)	_esc	1060	418	1.2263186E-4
				5)	_esf	1617	268	7.8625206E-5
			2)	_em	0	0	0.0
				1)	_em_	16	6665	0.001955362
				2)	_emp	328	1024	3.004187E-4
				3)	_emb	1796	237	6.95305E-5
			3)	_en	0	0	0.0
				1)	_ent	149	1837	5.389347E-4
				2)	_enc	594	691	2.0272395E-4
				3)	_env	1510	292	8.5666274E-5
				4)	_enq	1850	229	6.718348E-5
			4)	_eu	0	0	0.0
				1)	_eur	277	1147	3.3650416E-4
				2)	_eu_	1305	340	9.97484E-5
			5)	_ex	0	0	0.0
				1)	_exi	375	956	2.8046902E-4
				2)	_exe	513	761	2.2326039E-4
				3)	_exp	554	729	2.138723E-4
				4)	_exc	989	450	1.3201994E-4
				5)	_ext	1036	430	1.2615239E-4
			6)	_ec	0	0	0.0
				1)	_eco	413	888	2.6051936E-4
			7)	_el	0	0	0.0
				1)	_ele	483	800	2.3470212E-4
				2)	_ela	1103	407	1.194047E-4
			8)	_ef	0	0	0.0
				1)	_efe	746	589	1.7279944E-4
				2)	_efi	1409	319	9.358747E-5
			9)	_ev	0	0	0.0
				1)	_evi	1138	397	1.16470925E-4
			10)	_eq	0	0	0.0
				1)	_equ	1787	239	7.0117254E-5
		6)	_o	0	0	0.0
			1)	_os	0	0	0.0
				1)	_os_	25	5574	0.001635287
			2)	_ou	0	0	0.0
				1)	_ou_	261	1208	3.544002E-4
				2)	_out	323	1035	3.0364585E-4
			3)	_ob	0	0	0.0
				1)	_obj	564	722	2.1181865E-4
				2)	_obr	1297	343	1.0062853E-4
				3)	_obs	1500	294	8.625303E-5
			4)	_or	0	0	0.0
				1)	_ori	1116	402	1.17937816E-4
				2)	_ord	1472	303	8.889343E-5
				3)	_org	1494	296	8.6839784E-5
				4)	_orç	1946	215	6.307619E-5
			5)	_op	0	0	0.0
				1)	_opo	1388	324	9.5054354E-5
				2)	_opi	1452	307	9.006694E-5
			6)	_on	0	0	0.0
				1)	_ond	1751	246	7.21709E-5
		7)	_u	0	0	0.0
			1)	_um	0	0	0.0
				1)	_uma	29	5353	0.0015704505
				2)	_um_	32	5011	0.0014701154
			2)	_ut	0	0	0.0
				1)	_uti	1122	401	1.17644435E-4
			3)	_un	0	0	0.0
				1)	_uni	1860	227	6.659672E-5
		8)	_n	0	0	0.0
			1)	_nã	0	0	0.0
				1)	_não	31	5040	0.0014786234
			2)	_no	0	0	0.0
				1)	_no_	38	4372	0.001282647
				2)	_nos	63	3030	8.8893424E-4
				3)	_nov	364	969	2.8428293E-4
				4)	_nom	838	526	1.5431664E-4
				5)	_nor	1752	246	7.21709E-5
			3)	_na	0	0	0.0
				1)	_na_	58	3312	9.7166677E-4
				2)	_nas	603	683	2.0037693E-4
				3)	_nac	1117	402	1.17937816E-4
				4)	_nat	1269	351	1.0297555E-4
			4)	_ne	0	0	0.0
				1)	_nes	204	1458	4.277446E-4
				2)	_nec	326	1028	3.0159223E-4
				3)	_neg	1058	420	1.232186E-4
				4)	_nem	1579	276	8.097223E-5
			5)	_nu	0	0	0.0
				1)	_num	614	677	1.9861666E-4
			6)	_ní	0	0	0.0
				1)	_nív	707	611	1.7925374E-4
			7)	_nó	0	0	0.0
				1)	_nós	1001	446	1.3084643E-4
			8)	_nú	0	0	0.0
				1)	_núm	1784	240	7.0410635E-5
		9)	_a	0	0	0.0
			1)	_as	0	0	0.0
				1)	_as_	39	4347	0.0012753126
				2)	_ass	146	1857	5.448023E-4
				3)	_asp	1186	379	1.1119013E-4
			2)	_ao	0	0	0.0
				1)	_ao_	77	2775	8.1412296E-4
				2)	_aos	284	1134	3.3269025E-4
			3)	_ap	0	0	0.0
				1)	_apr	205	1455	4.2686448E-4
				2)	_ape	477	807	2.3675576E-4
				3)	_apo	628	671	1.968564E-4
				4)	_apl	687	620	1.8189414E-4
			4)	_al	0	0	0.0
				1)	_alg	310	1067	3.1303396E-4
				2)	_alt	341	1001	2.9367104E-4
				3)	_ali	1087	413	1.21164965E-4
				4)	_ala	1401	321	9.4174226E-5
				5)	_alé	1549	283	8.302587E-5
			5)	_ac	0	0	0.0
				1)	_aco	311	1065	3.124472E-4
				2)	_act	380	952	2.7929552E-4
				3)	_ace	727	600	1.7602659E-4
				4)	_acç	1187	379	1.1119013E-4
				5)	_aca	2077	200	5.867553E-5
			6)	_aq	0	0	0.0
				1)	_aqu	391	933	2.7372135E-4
			7)	_an	0	0	0.0
				1)	_ano	520	759	2.2267364E-4
				2)	_ant	601	684	2.0067031E-4
			8)	_ai	0	0	0.0
				1)	_ain	534	748	2.1944648E-4
			9)	_am	0	0	0.0
				1)	_amb	649	653	1.915756E-4
			10)	_au	0	0	0.0
				1)	_aut	734	596	1.7485308E-4
				2)	_aum	1611	270	7.921196E-5
			11)	_at	0	0	0.0
				1)	_atr	820	540	1.5842392E-4
				2)	_até	1183	381	1.11776884E-4
				3)	_ate	1242	358	1.050292E-4
				4)	_ati	1941	217	6.366295E-5
			12)	_ag	0	0	0.0
				1)	_agr	842	525	1.5402326E-4
				2)	_ago	1105	406	1.19111326E-4
			13)	_aj	0	0	0.0
				1)	_aju	1281	349	1.02388796E-4
			14)	_ad	0	0	0.0
				1)	_ade	1318	338	9.916165E-5
				2)	_ado	1665	259	7.598481E-5
				3)	_adm	1837	231	6.7770234E-5
			15)	_ar	0	0	0.0
				1)	_art	1362	329	9.6521246E-5
			16)	_af	0	0	0.0
				1)	_afi	1398	322	9.44676E-5
			17)	_av	0	0	0.0
				1)	_ava	1412	318	9.329409E-5
			18)	_ab	0	0	0.0
				1)	_abo	1480	301	8.830667E-5
		10)	_s	0	0	0.0
			1)	_se	0	0	0.0
				1)	_se_	43	4029	0.0011820185
				2)	_sen	52	3587	0.0010523456
				3)	_ser	55	3401	9.977773E-4
				4)	_seg	222	1367	4.0104723E-4
				5)	_seu	266	1197	3.5117305E-4
				6)	_sem	349	991	2.9073725E-4
				7)	_sej	398	906	2.6580013E-4
				8)	_sec	996	447	1.3113981E-4
				9)	_sei	1912	220	6.4543085E-5
			2)	_so	0	0	0.0
				1)	_sob	120	2058	6.037712E-4
				2)	_soc	340	1002	2.939644E-4
				3)	_sol	862	514	1.5079611E-4
			3)	_su	0	0	0.0
				1)	_sua	192	1509	4.4270686E-4
				2)	_sub	679	627	1.8394778E-4
				3)	_sus	1567	279	8.185236E-5
				4)	_sup	1628	267	7.833183E-5
			4)	_sã	0	0	0.0
				1)	_são	286	1131	3.3181012E-4
			5)	_si	0	0	0.0
				1)	_sit	695	616	1.8072063E-4
				2)	_sis	966	459	1.3466034E-4
				3)	_sim	979	455	1.3348683E-4
				4)	_sid	1556	281	8.243912E-5
				5)	_sig	1679	257	7.539806E-5
				6)	_sin	1835	231	6.7770234E-5
			6)	_só	0	0	0.0
				1)	_só_	898	489	1.4346167E-4
			7)	_sa	0	0	0.0
				1)	_sab	961	462	1.3554047E-4
				2)	_sal	1490	298	8.742654E-5
		11)	_r	0	0	0.0
			1)	_re	0	0	0.0
				1)	_res	64	3026	8.877608E-4
				2)	_rel	74	2814	8.2556467E-4
				3)	_reg	162	1738	5.098903E-4
				4)	_ref	166	1727	5.066632E-4
				5)	_rec	172	1678	4.922877E-4
				6)	_rea	440	848	2.4878426E-4
				7)	_rep	600	685	2.0096368E-4
				8)	_red	1150	393	1.15297415E-4
				9)	_rev	1405	320	9.3880844E-5
				10)	_ren	2033	204	5.984904E-5
				11)	_ret	2041	203	5.9555663E-5
			2)	_ra	0	0	0.0
				1)	_raz	1361	329	9.6521246E-5
		12)	_m	0	0	0.0
			1)	_ma	0	0	0.0
				1)	_mai	71	2877	8.4404746E-4
				2)	_mas	165	1734	5.0871685E-4
				3)	_man	542	744	2.1827297E-4
				4)	_mat	674	636	1.8658818E-4
				5)	_mar	1195	376	1.1030999E-4
			2)	_mu	0	0	0.0
				1)	_mui	163	1738	5.098903E-4
				2)	_mul	1073	415	1.2175172E-4
				3)	_mun	1249	356	1.0444244E-4
			3)	_me	0	0	0.0
				1)	_mes	358	981	2.8780347E-4
				2)	_med	565	721	2.1152529E-4
				3)	_mer	643	660	1.9362924E-4
				4)	_mel	788	555	1.628246E-4
				5)	_meu	863	512	1.5020935E-4
				6)	_men	869	506	1.484491E-4
				7)	_me_	1310	339	9.945502E-5
				8)	_mei	1348	332	9.7401375E-5
			4)	_mo	0	0	0.0
				1)	_mod	556	728	2.1357893E-4
				2)	_mom	1379	326	9.564111E-5
				3)	_mot	1753	246	7.21709E-5
				4)	_mon	2076	200	5.867553E-5
			5)	_mi	0	0	0.0
				1)	_min	689	618	1.8130739E-4
				2)	_mil	894	491	1.4404842E-4
		13)	_t	0	0	0.0
			1)	_tr	0	0	0.0
				1)	_tra	72	2840	8.331925E-4
			2)	_te	0	0	0.0
				1)	_ter	106	2253	6.6097983E-4
				2)	_tem	123	2039	5.9819705E-4
				3)	_ten	382	950	2.7870876E-4
			3)	_to	0	0	0.0
				1)	_tod	136	1942	5.697394E-4
				2)	_tom	893	491	1.4404842E-4
				3)	_tor	1123	401	1.17644435E-4
				4)	_tot	2000	207	6.0729173E-5
			4)	_ta	0	0	0.0
				1)	_tam	150	1831	5.3717446E-4
				2)	_tal	816	541	1.587173E-4
				3)	_tan	1347	332	9.7401375E-5
				4)	_tar	1994	208	6.102255E-5
			5)	_tê	0	0	0.0
				1)	_têm	1236	362	1.0620271E-4
			6)	_ti	0	0	0.0
				1)	_tip	1566	279	8.185236E-5
				2)	_tiv	2019	205	6.0142418E-5
			7)	_tu	0	0	0.0
				1)	_tur	1657	261	7.657157E-5
				2)	_tud	1750	246	7.21709E-5
			8)	_tã	0	0	0.0
				1)	_tão	1849	229	6.718348E-5
		14)	_i	0	0	0.0
			1)	_in	0	0	0.0
				1)	_int	91	2480	7.2757655E-4
				2)	_ins	298	1095	3.2124852E-4
				3)	_inf	524	754	2.2120675E-4
				4)	_inc	529	751	2.203266E-4
				5)	_ind	560	725	2.126988E-4
				6)	_ini	732	597	1.7514646E-4
				7)	_inv	1009	444	1.3025968E-4
			2)	_im	0	0	0.0
				1)	_imp	117	2097	6.1521295E-4
			3)	_is	0	0	0.0
				1)	_iss	489	793	2.3264847E-4
				2)	_ist	1129	399	1.1705768E-4
			4)	_ig	0	0	0.0
				1)	_igu	1137	397	1.16470925E-4
			5)	_id	0	0	0.0
				1)	_ide	1537	286	8.390601E-5
		15)	_f	0	0	0.0
			1)	_fo	0	0	0.0
				1)	_for	105	2265	6.6450035E-4
				2)	_foi	415	886	2.599326E-4
			2)	_fa	0	0	0.0
				1)	_fac	334	1020	2.992452E-4
				2)	_faz	346	997	2.924975E-4
				3)	_fal	768	570	1.6722525E-4
				4)	_fav	1349	332	9.7401375E-5
			3)	_fi	0	0	0.0
				1)	_fin	369	960	2.8164254E-4
				2)	_fim	1501	294	8.625303E-5
				3)	_fic	1884	223	6.542321E-5
			4)	_fu	0	0	0.0
				1)	_fun	393	929	2.7254783E-4
				2)	_fut	1389	324	9.5054354E-5
			5)	_fr	0	0	0.0
				1)	_fra	1482	300	8.8013294E-5
			6)	_fe	0	0	0.0
				1)	_fei	1925	219	6.42497E-5
		16)	_v	0	0	0.0
			1)	_ve	0	0	0.0
				1)	_ver	303	1077	3.159677E-4
				2)	_vez	516	760	2.22967E-4
			2)	_vi	0	0	0.0
				1)	_vis	485	796	2.3352861E-4
				2)	_vid	1930	218	6.395633E-5
			3)	_vo	0	0	0.0
				1)	_vot	973	457	1.3407359E-4
				2)	_vol	1859	227	6.659672E-5
			4)	_va	0	0	0.0
				1)	_val	1449	308	9.0360314E-5
				2)	_vai	1807	234	6.865037E-5
			5)	_vá	0	0	0.0
				1)	_vár	1719	252	7.3931165E-5
		17)	_g	0	0	0.0
			1)	_gr	0	0	0.0
				1)	_gra	351	987	2.8956373E-4
				2)	_gru	986	451	1.3231332E-4
			2)	_go	0	0	0.0
				1)	_gos	410	889	2.6081273E-4
				2)	_gov	1473	303	8.889343E-5
			3)	_ge	0	0	0.0
				1)	_ger	1217	367	1.076696E-4
				2)	_ges	1931	218	6.395633E-5
			4)	_ga	0	0	0.0
				1)	_gar	1267	352	1.0326893E-4
		18)	_j	0	0	0.0
			1)	_já	0	0	0.0
				1)	_já_	360	977	2.8662995E-4
			2)	_ju	0	0	0.0
				1)	_jus	1275	350	1.0268218E-4
				2)	_jur	1357	330	9.681462E-5
		19)	_à	0	0	0.0
			1)	_às	0	0	0.0
				1)	_às_	435	859	2.520114E-4
		20)	_h	0	0	0.0
			1)	_há	0	0	0.0
				1)	_há_	500	782	2.2942132E-4
			2)	_ho	0	0	0.0
				1)	_hoj	897	490	1.4375505E-4
			3)	_hu	0	0	0.0
				1)	_hum	1250	356	1.0444244E-4
			4)	_ha	0	0	0.0
				1)	_hav	1819	232	6.8063615E-5
		21)	_b	0	0	0.0
			1)	_ba	0	0	0.0
				1)	_bas	640	662	1.94216E-4
			2)	_be	0	0	0.0
				1)	_bem	696	616	1.8072063E-4
		22)	_l	0	0	0.0
			1)	_lu	0	0	0.0
				1)	_lug	730	598	1.7543983E-4
			2)	_le	0	0	0.0
				1)	_leg	879	499	1.4639544E-4
				2)	_lev	1180	383	1.1236364E-4
			3)	_li	0	0	0.0
				1)	_lib	1365	328	9.6227865E-5
				2)	_lim	1397	322	9.44676E-5
			4)	_lh	0	0	0.0
				1)	_lhe	1491	298	8.742654E-5
			5)	_lo	0	0	0.0
				1)	_loc	1599	271	7.950534E-5
				2)	_lon	1646	265	7.774508E-5
			6)	_la	0	0	0.0
				1)	_lad	1700	254	7.451792E-5
		23)	_ú	0	0	0.0
			1)	_úl	0	0	0.0
				1)	_últ	1000	446	1.3084643E-4
			2)	_ún	0	0	0.0
				1)	_úni	1773	242	7.099739E-5
		24)	_á	0	0	0.0
			1)	_ág	0	0	0.0
				1)	_águ	1068	417	1.2233848E-4
			2)	_ár	0	0	0.0
				1)	_áre	1843	230	6.747686E-5
		25)	_â	0	0	0.0
			1)	_âm	0	0	0.0
				1)	_âmb	1280	349	1.02388796E-4
		26)	_z	0	0	0.0
			1)	_zo	0	0	0.0
				1)	_zon	1585	274	8.038548E-5
	2)	q	0	0	0.0
		1)	qu	0	0	0.0
			1)	que	0	0	0.0
				1)	que_	3	18610	0.005459758
				2)	quer	227	1345	3.9459293E-4
				3)	ques	237	1279	3.7523E-4
				4)	quen	1335	334	9.798814E-5
				5)	quel	1569	278	8.155899E-5
				6)	quem	1829	231	6.7770234E-5
			2)	qua	0	0	0.0
				1)	quan	263	1201	3.5234654E-4
				2)	qual	276	1147	3.3650416E-4
				3)	quad	958	462	1.3554047E-4
				4)	quai	1188	378	1.1089675E-4
			3)	qui	0	0	0.0
				1)	qui_	805	545	1.5989081E-4
				2)	quil	1015	442	1.2967292E-4
			4)	quê	0	0	0.0
				1)	quên	1813	233	6.835699E-5
	3)	m	0	0	0.0
		1)	me	0	0	0.0
			1)	men	0	0	0.0
				1)	ment	4	12457	0.0036546052
				2)	meno	1013	443	1.299663E-4
				3)	mens	1403	320	9.3880844E-5
			2)	mes	0	0	0.0
				1)	mesm	472	814	2.388094E-4
			3)	med	0	0	0.0
				1)	medi	487	793	2.3264847E-4
			4)	mei	0	0	0.0
				1)	meir	577	706	2.0712461E-4
				2)	meio	1404	320	9.3880844E-5
			5)	mer	0	0	0.0
				1)	merc	650	652	1.9128222E-4
				2)	mero	1447	308	9.0360314E-5
			6)	mel	0	0	0.0
				1)	melh	676	633	1.8570805E-4
			7)	meu	0	0	0.0
				1)	meu_	1070	416	1.220451E-4
			8)	mea	0	0	0.0
				1)	mead	1641	265	7.774508E-5
		2)	mo	0	0	0.0
			1)	mos	0	0	0.0
				1)	mos_	17	6515	0.0019113554
			2)	mod	0	0	0.0
				1)	modo	1233	362	1.0620271E-4
				2)	mode	2044	203	5.9555663E-5
			3)	moc	0	0	0.0
				1)	mocr	1292	345	1.01215286E-4
			4)	mom	0	0	0.0
				1)	mome	1377	326	9.564111E-5
			5)	mot	0	0	0.0
				1)	moti	1800	235	6.8943744E-5
		3)	ma	0	0	0.0
			1)	mas	0	0	0.0
				1)	mas_	56	3396	9.963105E-4
			2)	mai	0	0	0.0
				1)	mais	95	2409	7.0674677E-4
				2)	maio	791	553	1.6223783E-4
			3)	mat	0	0	0.0
				1)	maté	830	533	1.5637028E-4
			4)	maç	0	0	0.0
				1)	maçã	885	494	1.4492856E-4
			5)	mar	0	0	0.0
				1)	mar_	939	469	1.3759412E-4
			6)	mad	0	0	0.0
				1)	mada	1497	294	8.625303E-5
			7)	man	0	0	0.0
				1)	mant	1607	270	7.921196E-5
				2)	mani	1625	267	7.833183E-5
				3)	mano	1694	255	7.48113E-5
				4)	mane	1963	212	6.2196064E-5
		4)	mb	0	0	0.0
			1)	mbé	0	0	0.0
				1)	mbém	152	1822	5.3453405E-4
			2)	mbi	0	0	0.0
				1)	mbie	932	472	1.3847425E-4
				2)	mbit	1277	349	1.02388796E-4
			3)	mbl	0	0	0.0
				1)	mble	2021	205	6.0142418E-5
		5)	mu	0	0	0.0
			1)	mui	0	0	0.0
				1)	muit	161	1738	5.098903E-4
			2)	mun	0	0	0.0
				1)	muni	421	879	2.5787894E-4
				2)	mund	1324	337	9.8868266E-5
			3)	mul	0	0	0.0
				1)	mulh	1336	334	9.798814E-5
			4)	mum	0	0	0.0
				1)	mum_	1435	312	9.1533824E-5
		6)	mp	0	0	0.0
			1)	mpr	0	0	0.0
				1)	mpre	183	1597	4.685241E-4
				2)	mpro	1634	266	7.803845E-5
			2)	mpo	0	0	0.0
				1)	mpor	243	1249	3.664287E-4
				2)	mpo_	1125	400	1.1735106E-4
				3)	mpos	1624	267	7.833183E-5
			3)	mpl	0	0	0.0
				1)	mple	823	537	1.575438E-4
				2)	mplo	1148	393	1.15297415E-4
			4)	mpe	0	0	0.0
				1)	mpet	1419	315	9.241396E-5
				2)	mpen	1545	283	8.302587E-5
		7)	mi	0	0	0.0
			1)	min	0	0	0.0
				1)	mina	657	645	1.8922858E-4
				2)	minh	868	506	1.484491E-4
				3)	mini	1792	237	6.95305E-5
			2)	mis	0	0	0.0
				1)	miss	761	575	1.6869215E-4
			3)	mit	0	0	0.0
				1)	miti	1154	391	1.1471066E-4
				2)	mita	1255	354	1.0385569E-4
			4)	mic	0	0	0.0
				1)	mica	1163	386	1.1324377E-4
				2)	mico	1464	305	8.9480185E-5
			5)	mil	0	0	0.0
				1)	milh	1514	290	8.507952E-5
			6)	mia	0	0	0.0
				1)	mia_	1936	218	6.395633E-5
		8)	mí	0	0	0.0
			1)	mín	0	0	0.0
				1)	míni	1012	443	1.299663E-4
	4)	ç	0	0	0.0
		1)	çã	0	0	0.0
			1)	ção	0	0	0.0
				1)	ção_	5	12351	0.0036235072
		2)	çõ	0	0	0.0
			1)	çõe	0	0	0.0
				1)	ções	46	3857	0.0011315576
		3)	ço	0	0	0.0
			1)	ços	0	0	0.0
				1)	ços_	728	599	1.757332E-4
		4)	ça	0	0	0.0
			1)	çar	0	0	0.0
				1)	çar_	1291	345	1.01215286E-4
			2)	ças	0	0	0.0
				1)	ças_	1413	316	9.2707334E-5
			3)	çam	0	0	0.0
				1)	çame	1743	246	7.21709E-5
	5)	n	0	0	0.0
		1)	nt	0	0	0.0
			1)	nte	0	0	0.0
				1)	nte_	6	10582	0.0031045221
				2)	ntes	111	2173	6.375096E-4
				3)	nter	137	1940	5.6915265E-4
				4)	ntem	646	658	1.9304249E-4
				5)	nten	975	456	1.3378021E-4
				6)	nteg	1382	325	9.5347736E-5
				7)	ntec	1442	311	9.124045E-5
				8)	ntei	1560	280	8.214574E-5
			2)	nto	0	0	0.0
				1)	nto_	20	6072	0.0017813891
				2)	ntos	259	1212	3.5557372E-4
			3)	ntr	0	0	0.0
				1)	ntra	220	1368	4.0134063E-4
				2)	ntre	338	1007	2.954313E-4
				3)	ntro	426	876	2.569988E-4
				4)	ntri	1118	401	1.17644435E-4
			4)	nta	0	0	0.0
				1)	ntar	249	1240	3.6378828E-4
				2)	nta_	422	878	2.5758558E-4
				3)	ntad	648	657	1.9274911E-4
				4)	ntan	736	595	1.745597E-4
				5)	ntaç	839	525	1.5402326E-4
				6)	ntal	1083	413	1.21164965E-4
				7)	ntam	1538	285	8.361263E-5
				8)	ntai	1582	274	8.038548E-5
				9)	ntas	1769	242	7.099739E-5
			5)	nti	0	0	0.0
				1)	ntid	659	644	1.889352E-4
				2)	ntin	915	483	1.417014E-4
				3)	ntir	1815	233	6.835699E-5
		2)	nã	0	0	0.0
			1)	não	0	0	0.0
				1)	não_	30	5051	0.0014818505
		3)	nc	0	0	0.0
			1)	nci	0	0	0.0
				1)	ncia	50	3732	0.0010948854
				2)	ncio	855	516	1.5138286E-4
				3)	ncip	2008	207	6.0729173E-5
			2)	ncl	0	0	0.0
				1)	nclu	715	605	1.7749348E-4
			3)	nco	0	0	0.0
				1)	ncor	756	580	1.7015904E-4
				2)	ncon	1049	423	1.2409875E-4
			4)	ncí	0	0	0.0
				1)	ncíp	936	470	1.3788749E-4
			5)	nce	0	0	0.0
				1)	ncei	945	467	1.3700736E-4
				2)	ncer	1777	241	7.070401E-5
			6)	ncr	0	0	0.0
				1)	ncre	1402	320	9.3880844E-5
		4)	no	0	0	0.0
			1)	nos	0	0	0.0
				1)	nos_	57	3325	9.7548065E-4
				2)	noss	187	1558	4.5708238E-4
			2)	nov	0	0	0.0
				1)	nova	714	605	1.7749348E-4
				2)	novo	1017	442	1.2967292E-4
			3)	nom	0	0	0.0
				1)	nome	848	519	1.52263E-4
				2)	nomi	1523	288	8.449276E-5
			4)	nor	0	0	0.0
				1)	norm	1418	315	9.241396E-5
		5)	nh	0	0	0.0
			1)	nho	0	0	0.0
				1)	nhor	76	2781	8.158832E-4
				2)	nho_	1175	383	1.1236364E-4
			2)	nha	0	0	0.0
				1)	nha_	420	879	2.5787894E-4
				2)	nham	1396	322	9.44676E-5
				3)	nhar	2072	200	5.867553E-5
			3)	nhe	0	0	0.0
				1)	nhec	888	492	1.443418E-4
		6)	nd	0	0	0.0
			1)	ndo	0	0	0.0
				1)	ndo_	84	2686	7.8801234E-4
				2)	ndos	2026	204	5.984904E-5
			2)	nda	0	0	0.0
				1)	nda_	301	1082	3.174346E-4
				2)	ndam	1025	437	1.2820603E-4
			3)	nde	0	0	0.0
				1)	nde_	396	915	2.6844055E-4
				2)	nder	861	514	1.5079611E-4
				3)	nden	1434	312	9.1533824E-5
				4)	ndes	1496	295	8.65464E-5
				5)	ndem	1770	242	7.099739E-5
			4)	ndi	0	0	0.0
				1)	ndiç	1654	262	7.686494E-5
				2)	ndid	1870	225	6.600997E-5
				3)	ndic	1894	222	6.512984E-5
		7)	na	0	0	0.0
			1)	nas	0	0	0.0
				1)	nas_	157	1795	5.2661286E-4
			2)	nal	0	0	0.0
				1)	nal_	319	1048	3.0745976E-4
				2)	nali	1208	370	1.0854973E-4
			3)	nac	0	0	0.0
				1)	naci	545	740	2.1709946E-4
			4)	nai	0	0	0.0
				1)	nais	573	715	2.0976501E-4
			5)	nan	0	0	0.0
				1)	nanc	723	601	1.7631997E-4
			6)	nad	0	0	0.0
				1)	nada	822	537	1.575438E-4
				2)	nado	1301	342	1.0033516E-4
			7)	nar	0	0	0.0
				1)	nar_	938	469	1.3759412E-4
			8)	nat	0	0	0.0
				1)	natu	1239	359	1.0532257E-4
			9)	naç	0	0	0.0
				1)	naçã	1332	335	9.828151E-5
			10)	nam	0	0	0.0
				1)	name	1399	321	9.4174226E-5
		8)	nv	0	0	0.0
			1)	nvo	0	0	0.0
				1)	nvol	282	1137	3.3357038E-4
			2)	nve	0	0	0.0
				1)	nves	1288	347	1.0180204E-4
				2)	nven	1988	209	6.131593E-5
		9)	ne	0	0	0.0
			1)	nec	0	0	0.0
				1)	nece	287	1123	3.294631E-4
			2)	nes	0	0	0.0
				1)	nest	293	1117	3.2770282E-4
				2)	ness	1222	365	1.07082844E-4
			3)	nem	0	0	0.0
				1)	nem_	1463	305	8.9480185E-5
			4)	neg	0	0	0.0
				1)	nego	1727	250	7.334441E-5
		10)	nç	0	0	0.0
			1)	nça	0	0	0.0
				1)	nça_	423	877	2.5729218E-4
			2)	nçã	0	0	0.0
				1)	nção	536	747	2.191531E-4
			3)	nçõ	0	0	0.0
				1)	nçõe	1746	246	7.21709E-5
		11)	ns	0	0	0.0
			1)	nst	0	0	0.0
				1)	nsti	465	820	2.4056967E-4
				2)	nstr	638	665	1.9509613E-4
				3)	nsta	1619	268	7.8625206E-5
			2)	nsi	0	0	0.0
				1)	nsid	496	789	2.3147496E-4
			3)	nse	0	0	0.0
				1)	nseg	925	476	1.3964776E-4
				2)	nseq	2025	204	5.984904E-5
			4)	nso	0	0	0.0
				1)	nso_	985	451	1.3231332E-4
			5)	nsa	0	0	0.0
				1)	nsab	1254	354	1.0385569E-4
			6)	nsá	0	0	0.0
				1)	nsáv	1853	228	6.6890105E-5
		12)	ní	0	0	0.0
			1)	nív	0	0	0.0
				1)	níve	624	672	1.9714978E-4
		13)	ni	0	0	0.0
			1)	nic	0	0	0.0
				1)	nici	699	614	1.8013388E-4
				2)	nica	789	554	1.6253121E-4
				3)	nico	1590	273	8.00921E-5
			2)	nid	0	0	0.0
				1)	nida	836	526	1.5431664E-4
			3)	nit	0	0	0.0
				1)	nitá	867	506	1.484491E-4
			4)	niz	0	0	0.0
				1)	niza	1032	431	1.2644577E-4
			5)	niã	0	0	0.0
				1)	nião	1232	362	1.0620271E-4
			6)	nio	0	0	0.0
				1)	nio_	1300	342	1.0033516E-4
			7)	nis	0	0	0.0
				1)	nist	1659	261	7.657157E-5
			8)	nif	0	0	0.0
				1)	nifi	1672	258	7.569143E-5
				2)	nife	2071	200	5.867553E-5
		14)	nó	0	0	0.0
			1)	nóm	0	0	0.0
				1)	nómi	744	590	1.730928E-4
			2)	nós	0	0	0.0
				1)	nós_	998	446	1.3084643E-4
		15)	nf	0	0	0.0
			1)	nfo	0	0	0.0
				1)	nfor	918	480	1.4082127E-4
		16)	nu	0	0	0.0
			1)	num	0	0	0.0
				1)	num_	1364	328	9.6227865E-5
				2)	numa	1477	301	8.830667E-5
			2)	nun	0	0	0.0
				1)	nunc	1690	256	7.5104675E-5
		17)	nj	0	0	0.0
			1)	nju	0	0	0.0
				1)	njun	1524	288	8.449276E-5
		18)	nú	0	0	0.0
			1)	núm	0	0	0.0
				1)	núme	1689	256	7.5104675E-5
		19)	nq	0	0	0.0
			1)	nqu	0	0	0.0
				1)	nqua	1827	232	6.8063615E-5
		20)	ná	0	0	0.0
			1)	nár	0	0	0.0
				1)	nári	1948	215	6.307619E-5
	6)	e	0	0	0.0
		1)	en	0	0	0.0
			1)	ent	0	0	0.0
				1)	ente	7	10391	0.003048487
				2)	ento	35	4673	0.0013709537
				3)	enta	49	3733	0.0010951788
				4)	entr	180	1615	4.738049E-4
				5)	enti	457	828	2.4291669E-4
				6)	entá	1926	218	6.395633E-5
			2)	enh	0	0	0.0
				1)	enho	67	2991	8.7749254E-4
				2)	enha	764	572	1.6781202E-4
			3)	env	0	0	0.0
				1)	envo	283	1137	3.3357038E-4
			4)	end	0	0	0.0
				1)	ende	353	984	2.886836E-4
				2)	endo	647	658	1.9304249E-4
				3)	enda	1682	256	7.5104675E-5
				4)	endi	1888	222	6.512984E-5
			5)	enç	0	0	0.0
				1)	ençã	618	675	1.9802991E-4
				2)	ença	1992	208	6.102255E-5
			6)	ena	0	0	0.0
				1)	enas	631	669	1.9626964E-4
			7)	enc	0	0	0.0
				1)	enci	683	622	1.824809E-4
				2)	enco	967	458	1.3436696E-4
			8)	ens	0	0	0.0
				1)	ensa	886	494	1.4492856E-4
				2)	enso	919	480	1.4082127E-4
				3)	ens_	1509	292	8.5666274E-5
			9)	eno	0	0	0.0
				1)	enos	1161	387	1.1353715E-4
				2)	enor	1841	230	6.747686E-5
			10)	enq	0	0	0.0
				1)	enqu	1840	230	6.747686E-5
			11)	ene	0	0	0.0
				1)	ener	2048	202	5.9262286E-5
		2)	es	0	0	0.0
			1)	est	0	0	0.0
				1)	esta	36	4671	0.001370367
				2)	este	61	3070	9.006694E-4
				3)	estã	212	1427	4.186499E-4
				4)	estr	433	868	2.546518E-4
				5)	está	494	790	2.3176834E-4
				6)	esti	505	771	2.2619417E-4
				7)	esto	1127	400	1.1735106E-4
				8)	estõ	1224	365	1.07082844E-4
			2)	ese	0	0	0.0
				1)	esen	89	2503	7.343242E-4
				2)	esem	1529	287	8.419938E-5
				3)	eses	1597	271	7.950534E-5
				4)	esej	1681	256	7.5104675E-5
				5)	ese_	1875	224	6.5716595E-5
			3)	esp	0	0	0.0
				1)	espe	114	2102	6.166798E-4
				2)	espo	345	997	2.924975E-4
			4)	ess	0	0	0.0
				1)	esse	144	1861	5.459758E-4
				2)	esso	206	1454	4.265711E-4
				3)	essa	214	1414	4.14836E-4
				4)	essá	703	612	1.7954712E-4
				5)	essi	845	522	1.5314313E-4
				6)	essã	1346	332	9.7401375E-5
			5)	esm	0	0	0.0
				1)	esmo	677	633	1.8570805E-4
				2)	esma	1886	222	6.512984E-5
			6)	eso	0	0	0.0
				1)	esol	846	520	1.5255637E-4
			7)	esa	0	0	0.0
				1)	esas	999	446	1.3084643E-4
				2)	esa_	1018	442	1.2967292E-4
			8)	esc	0	0	0.0
				1)	esca	1085	413	1.21164965E-4
				2)	esce	2074	200	5.867553E-5
			9)	esu	0	0	0.0
				1)	esul	1469	304	8.9186804E-5
			10)	esf	0	0	0.0
				1)	esfo	1707	253	7.422455E-5
			11)	esã	0	0	0.0
				1)	esão	1785	239	7.0117254E-5
			12)	esd	0	0	0.0
				1)	esde	1887	222	6.512984E-5
		3)	em	0	0	0.0
			1)	emo	0	0	0.0
				1)	emos	90	2497	7.3256396E-4
				2)	emoc	1252	355	1.0414906E-4
			2)	emp	0	0	0.0
				1)	empr	232	1304	3.8256444E-4
				2)	empl	1029	433	1.2703252E-4
				3)	empo	1050	423	1.2409875E-4
				4)	empe	1593	272	7.9798716E-5
			3)	eme	0	0	0.0
				1)	emen	348	992	2.9103062E-4
			4)	ema	0	0	0.0
				1)	ema_	501	781	2.2912794E-4
				2)	emas	593	691	2.0272395E-4
			5)	emb	0	0	0.0
				1)	embr	1677	257	7.539806E-5
				2)	embl	2018	205	6.0142418E-5
		4)	el	0	0	0.0
			1)	ela	0	0	0.0
				1)	elat	115	2101	6.163864E-4
				2)	ela_	269	1170	3.4325186E-4
				3)	elaç	904	487	1.4287491E-4
				4)	elas	1293	345	1.01215286E-4
				5)	elab	1883	223	6.542321E-5
			2)	elo	0	0	0.0
				1)	elo_	251	1239	3.634949E-4
				2)	elos	1157	388	1.1383052E-4
			3)	elh	0	0	0.0
				1)	elho	712	607	1.7808023E-4
			4)	ele	0	0	0.0
				1)	elec	1038	428	1.2556564E-4
				2)	elev	1499	294	8.625303E-5
				3)	eles	1730	250	7.334441E-5
				4)	ele_	1804	235	6.8943744E-5
		5)	ei	0	0	0.0
			1)	eit	0	0	0.0
				1)	eito	133	1961	5.753136E-4
				2)	eita	437	856	2.5113128E-4
			2)	eir	0	0	0.0
				1)	eiro	238	1267	3.7170947E-4
				2)	eira	302	1078	3.162611E-4
			3)	eis	0	0	0.0
				1)	eis_	419	880	2.5817234E-4
			4)	eia	0	0	0.0
				1)	eia_	574	713	2.0917827E-4
				2)	eias	1889	222	6.512984E-5
			5)	eio	0	0	0.0
				1)	eio_	940	469	1.3759412E-4
				2)	eios	1927	218	6.395633E-5
			6)	eix	0	0	0.0
				1)	eixa	1614	269	7.891859E-5
		6)	ec	0	0	0.0
			1)	ect	0	0	0.0
				1)	ecti	179	1620	4.7527178E-4
				2)	ecto	223	1366	4.0075387E-4
				3)	ecta	943	468	1.3730074E-4
			2)	eco	0	0	0.0
				1)	econ	260	1212	3.5557372E-4
				2)	ecor	1342	333	9.7694756E-5
			3)	eci	0	0	0.0
				1)	ecis	291	1118	3.279962E-4
				2)	ecid	960	462	1.3554047E-4
				3)	ecia	1102	407	1.194047E-4
				4)	ecim	1144	395	1.1588417E-4
			4)	ece	0	0	0.0
				1)	eces	309	1068	3.1332733E-4
				2)	ecer	482	801	2.3499549E-4
				3)	ece_	1128	400	1.1735106E-4
				4)	ecem	1998	207	6.0729173E-5
			5)	ecç	0	0	0.0
				1)	ecçã	1022	440	1.2908617E-4
			6)	ecu	0	0	0.0
				1)	ecur	1279	349	1.02388796E-4
			7)	ecl	0	0	0.0
				1)	ecla	1683	256	7.5104675E-5
		7)	er	0	0	0.0
			1)	era	0	0	0.0
				1)	eraç	250	1239	3.634949E-4
				2)	eram	700	614	1.8013388E-4
				3)	eral	1080	414	1.21458346E-4
				4)	era_	1316	338	9.916165E-5
				5)	erar	1329	336	9.857489E-5
				6)	eran	1353	331	9.7108E-5
				7)	erad	1795	237	6.95305E-5
			2)	erá	0	0	0.0
				1)	erá_	265	1200	3.5205318E-4
			3)	eri	0	0	0.0
				1)	eria	337	1009	2.9601806E-4
				2)	erio	1176	383	1.1236364E-4
				3)	erid	1471	303	8.889343E-5
				4)	erif	1487	299	8.771991E-5
				5)	erir	1803	235	6.8943744E-5
			4)	ero	0	0	0.0
				1)	ero_	418	880	2.5817234E-4
			5)	ere	0	0	0.0
				1)	eres	444	844	2.4761073E-4
				2)	erem	497	787	2.3088821E-4
				3)	eren	851	518	1.5196962E-4
				4)	ere_	1422	315	9.241396E-5
			6)	erm	0	0	0.0
				1)	ermi	452	834	2.4467695E-4
				2)	ermo	810	544	1.5959743E-4
			7)	erc	0	0	0.0
				1)	erca	607	682	2.0008355E-4
				2)	erce	1360	329	9.6521246E-5
			8)	erv	0	0	0.0
				1)	ervi	704	612	1.7954712E-4
				2)	erve	1272	350	1.0268218E-4
				3)	erva	1273	350	1.0268218E-4
			9)	ern	0	0	0.0
				1)	erna	721	602	1.7661334E-4
				2)	erno	1028	434	1.273259E-4
			10)	erd	0	0	0.0
				1)	erda	753	583	1.7103917E-4
			11)	erg	0	0	0.0
				1)	ergu	955	463	1.3583385E-4
			12)	erã	0	0	0.0
				1)	erão	1079	414	1.21458346E-4
			13)	erê	0	0	0.0
				1)	erên	1121	401	1.17644435E-4
			14)	ert	0	0	0.0
				1)	erta	1189	378	1.1089675E-4
				2)	erto	1563	279	8.185236E-5
				3)	erte	1839	230	6.747686E-5
			15)	err	0	0	0.0
				1)	erra	1341	333	9.7694756E-5
				2)	erro	1983	209	6.131593E-5
			16)	erí	0	0	0.0
				1)	erío	1922	219	6.42497E-5
		8)	ep	0	0	0.0
			1)	epu	0	0	0.0
				1)	eput	257	1220	3.5792074E-4
			2)	epr	0	0	0.0
				1)	epre	1143	395	1.1588417E-4
			3)	epa	0	0	0.0
				1)	epar	1572	277	8.126561E-5
			4)	epo	0	0	0.0
				1)	epoi	1873	225	6.600997E-5
			5)	epe	0	0	0.0
				1)	epen	1876	224	6.5716595E-5
		9)	eu	0	0	0.0
			1)	eur	0	0	0.0
				1)	euro	271	1169	3.4295846E-4
			2)	eus	0	0	0.0
				1)	eus_	570	719	2.1093852E-4
		10)	ef	0	0	0.0
			1)	efe	0	0	0.0
				1)	efer	366	963	2.8252267E-4
				2)	efei	1445	309	9.0653695E-5
				3)	efec	1552	282	8.27325E-5
				4)	efen	1966	212	6.2196064E-5
			2)	efo	0	0	0.0
				1)	efor	783	558	1.6370472E-4
			3)	efi	0	0	0.0
				1)	efic	929	474	1.39061E-4
				2)	efin	1400	321	9.4174226E-5
		11)	ed	0	0	0.0
			1)	edi	0	0	0.0
				1)	edid	430	873	2.5611868E-4
			2)	eda	0	0	0.0
				1)	edad	1081	414	1.21458346E-4
			3)	ede	0	0	0.0
				1)	eder	1970	211	6.190268E-5
		12)	ev	0	0	0.0
			1)	eve	0	0	0.0
				1)	ever	439	849	2.4907762E-4
				2)	eve_	539	745	2.1856635E-4
				3)	evem	775	561	1.6458485E-4
				4)	even	1857	227	6.659672E-5
			2)	evi	0	0	0.0
				1)	evid	976	456	1.3378021E-4
				2)	evis	1493	296	8.6839784E-5
			3)	eva	0	0	0.0
				1)	evad	1980	210	6.16093E-5
		13)	eg	0	0	0.0
			1)	egu	0	0	0.0
				1)	egui	469	817	2.3968953E-4
				2)	egur	475	811	2.3792927E-4
				3)	egun	972	457	1.3407359E-4
				4)	egul	1136	397	1.16470925E-4
			2)	egr	0	0	0.0
				1)	egra	765	572	1.6781202E-4
			3)	ego	0	0	0.0
				1)	ego_	856	516	1.5138286E-4
				2)	egoc	1731	250	7.334441E-5
			4)	egi	0	0	0.0
				1)	egis	878	500	1.4668882E-4
				2)	egiõ	1168	385	1.12950394E-4
				3)	egiã	1718	252	7.3931165E-5
				4)	egio	1834	231	6.7770234E-5
			5)	ega	0	0	0.0
				1)	egas	1210	370	1.0854973E-4
				2)	ega_	1805	235	6.8943744E-5
		14)	ej	0	0	0.0
			1)	eja	0	0	0.0
				1)	eja_	522	757	2.2208688E-4
				2)	ejam	1177	383	1.1236364E-4
		15)	ex	0	0	0.0
			1)	exi	0	0	0.0
				1)	exis	622	673	1.9744315E-4
				2)	exig	1517	289	8.478614E-5
			2)	exe	0	0	0.0
				1)	exem	1171	384	1.1265701E-4
			3)	ext	0	0	0.0
				1)	exto	1245	357	1.0473582E-4
				2)	extr	1649	263	7.715832E-5
			4)	exc	0	0	0.0
				1)	exce	1555	281	8.243912E-5
		16)	eb	0	0	0.0
			1)	eba	0	0	0.0
				1)	ebat	630	670	1.9656302E-4
		17)	ea	0	0	0.0
			1)	eal	0	0	0.0
				1)	eali	840	525	1.5402326E-4
			2)	ead	0	0	0.0
				1)	eada	1478	301	8.830667E-5
		18)	eq	0	0	0.0
			1)	equ	0	0	0.0
				1)	eque	1030	432	1.2673915E-4
				2)	equi	1383	325	9.5347736E-5
				3)	equê	1848	229	6.718348E-5
				4)	equa	1991	208	6.102255E-5
		19)	ez	0	0	0.0
			1)	eza	0	0	0.0
				1)	eza_	1101	407	1.194047E-4
			2)	eze	0	0	0.0
				1)	ezes	1833	231	6.7770234E-5
		20)	et	0	0	0.0
			1)	ete	0	0	0.0
				1)	eten	1135	397	1.16470925E-4
				2)	eter	1421	315	9.241396E-5
			2)	etu	0	0	0.0
				1)	etud	1794	237	6.95305E-5
		21)	eo	0	0	0.0
			1)	eoc	0	0	0.0
				1)	eocu	1394	323	9.476098E-5
		22)	eç	0	0	0.0
			1)	eço	0	0	0.0
				1)	eço_	1782	240	7.0410635E-5
	7)	d	0	0	0.0
		1)	do	0	0	0.0
			1)	dos	0	0	0.0
				1)	dos_	11	8618	0.0025283284
			2)	dor	0	0	0.0
				1)	dore	705	612	1.7954712E-4
				2)	dor_	1708	253	7.422455E-5
			3)	dom	0	0	0.0
				1)	domí	1330	336	9.857489E-5
			4)	doi	0	0	0.0
				1)	dois	1818	232	6.8063615E-5
			5)	doc	0	0	0.0
				1)	docu	2030	204	5.984904E-5
		2)	da	0	0	0.0
			1)	das	0	0	0.0
				1)	das_	22	5821	0.0017077513
			2)	dad	0	0	0.0
				1)	dade	28	5424	0.0015912803
				2)	dadã	926	476	1.3964776E-4
				3)	dado	927	475	1.3935438E-4
			3)	dam	0	0	0.0
				1)	dame	312	1062	3.1156707E-4
			4)	dar	0	0	0.0
				1)	dar_	510	765	2.244339E-4
		3)	de	0	0	0.0
			1)	dev	0	0	0.0
				1)	deve	156	1813	5.318937E-4
				2)	devi	1928	218	6.395633E-5
			2)	des	0	0	0.0
				1)	dese	167	1707	5.0079566E-4
				2)	des_	191	1510	4.4300023E-4
				3)	dest	226	1350	3.9605983E-4
				4)	dess	798	549	1.6106432E-4
				5)	desa	1573	277	8.126561E-5
				6)	desd	1890	222	6.512984E-5
				7)	desc	1907	220	6.4543085E-5
				8)	desi	2075	200	5.867553E-5
			3)	dep	0	0	0.0
				1)	depu	258	1215	3.5645385E-4
				2)	depo	1783	240	7.0410635E-5
				3)	depe	1971	211	6.190268E-5
			4)	dem	0	0	0.0
				1)	demo	384	949	2.784154E-4
				2)	dem_	713	606	1.7778686E-4
			5)	den	0	0	0.0
				1)	dent	408	890	2.611061E-4
				2)	dena	1858	227	6.659672E-5
			6)	der	0	0	0.0
				1)	der_	479	804	2.3587563E-4
				2)	dera	619	674	1.9773653E-4
				3)	derá	1518	289	8.478614E-5
				4)	dere	1806	234	6.865037E-5
				5)	deri	1874	225	6.600997E-5
				6)	dero	2014	206	6.0435796E-5
			7)	dec	0	0	0.0
				1)	deci	511	764	2.2414052E-4
				2)	decl	1786	239	7.0117254E-5
			8)	deb	0	0	0.0
				1)	deba	623	673	1.9744315E-4
			9)	def	0	0	0.0
				1)	defi	1203	372	1.0913648E-4
				2)	defe	1256	354	1.0385569E-4
			10)	dei	0	0	0.0
				1)	deix	1448	308	9.0360314E-5
				2)	deir	1972	211	6.190268E-5
			11)	det	0	0	0.0
				1)	dete	1516	290	8.507952E-5
			12)	deq	0	0	0.0
				1)	dequ	2051	202	5.9262286E-5
		4)	di	0	0	0.0
			1)	dir	0	0	0.0
				1)	dire	190	1542	4.5238834E-4
			2)	did	0	0	0.0
				1)	dida	407	891	2.613995E-4
				2)	dido	1356	330	9.681462E-5
			3)	dis	0	0	0.0
				1)	disp	551	733	2.1504582E-4
				2)	diss	1033	431	1.2644577E-4
				3)	disc	1088	412	1.2087159E-4
			4)	diz	0	0	0.0
				1)	dize	779	559	1.639981E-4
			5)	dic	0	0	0.0
				1)	dica	852	518	1.5196962E-4
				2)	dici	1643	265	7.774508E-5
			6)	dia	0	0	0.0
				1)	dia_	1034	431	1.2644577E-4
			7)	dif	0	0	0.0
				1)	dife	1200	373	1.09429864E-4
				2)	difi	1481	300	8.8013294E-5
			8)	dim	0	0	0.0
				1)	dime	1246	357	1.0473582E-4
			9)	diç	0	0	0.0
				1)	diçõ	1650	263	7.715832E-5
			10)	div	0	0	0.0
				1)	dive	2060	201	5.8968908E-5
		5)	dã	0	0	0.0
			1)	dão	0	0	0.0
				1)	dãos	1043	426	1.2497888E-4
		6)	du	0	0	0.0
			1)	duz	0	0	0.0
				1)	duzi	1048	424	1.2439213E-4
			2)	dur	0	0	0.0
				1)	dura	1543	284	8.331925E-5
			3)	duç	0	0	0.0
				1)	duçã	1583	274	8.038548E-5
			4)	dua	0	0	0.0
				1)	duas	1952	214	6.278282E-5
			5)	dut	0	0	0.0
				1)	duto	1993	208	6.102255E-5
		7)	dr	0	0	0.0
			1)	dro	0	0	0.0
				1)	dro_	1923	219	6.42497E-5
	8)	a	0	0	0.0
		1)	aç	0	0	0.0
			1)	açã	0	0	0.0
				1)	ação	12	8117	0.0023813464
			2)	açõ	0	0	0.0
				1)	açõe	99	2345	6.879706E-4
		2)	am	0	0	0.0
			1)	ame	0	0	0.0
				1)	amen	19	6174	0.0018113136
			2)	amo	0	0	0.0
				1)	amos	134	1959	5.747268E-4
			3)	amb	0	0	0.0
				1)	ambé	154	1822	5.3453405E-4
				2)	ambi	731	597	1.7514646E-4
			4)	ama	0	0	0.0
				1)	ama_	962	461	1.352471E-4
				2)	amas	1739	247	7.246428E-5
		3)	ar	0	0	0.0
			1)	ara	0	0	0.0
				1)	ara_	26	5505	0.001615044
				2)	aram	673	636	1.8658818E-4
				3)	aran	1248	356	1.0444244E-4
				4)	araç	1685	256	7.5104675E-5
			2)	art	0	0	0.0
				1)	arti	240	1261	3.699492E-4
				2)	arte	541	744	2.1827297E-4
			3)	ari	0	0	0.0
				1)	aria	252	1231	3.611479E-4
			4)	are	0	0	0.0
				1)	arec	870	504	1.4786233E-4
				2)	arem	882	495	1.4522193E-4
				3)	ares	1284	348	1.0209542E-4
			5)	arm	0	0	0.0
				1)	armo	1158	388	1.1383052E-4
			6)	arg	0	0	0.0
				1)	arga	1179	383	1.1236364E-4
			7)	ará	0	0	0.0
				1)	ará_	1309	339	9.945502E-5
			8)	ars	0	0	0.0
				1)	arse	1630	266	7.803845E-5
			9)	aro	0	0	0.0
				1)	aros	1909	220	6.4543085E-5
		4)	ai	0	0	0.0
			1)	ais	0	0	0.0
				1)	ais_	27	5427	0.0015921604
			2)	ain	0	0	0.0
				1)	aind	527	752	2.2061999E-4
			3)	aio	0	0	0.0
				1)	aior	792	553	1.6223783E-4
		5)	ad	0	0	0.0
			1)	ado	0	0	0.0
				1)	ado_	40	4342	0.0012738458
				2)	ados	92	2457	7.208289E-4
				3)	ador	473	814	2.388094E-4
				4)	adop	1699	254	7.451792E-5
			2)	ade	0	0	0.0
				1)	ade_	42	4158	0.0012198642
				2)	ades	218	1381	4.0515454E-4
				3)	adei	1862	226	6.630335E-5
				4)	adeq	2040	203	5.9555663E-5
			3)	ada	0	0	0.0
				1)	ada_	68	2930	8.595965E-4
				2)	adas	202	1467	4.30385E-4
				3)	adam	1035	430	1.2615239E-4
			4)	adã	0	0	0.0
				1)	adão	953	464	1.3612723E-4
			5)	adm	0	0	0.0
				1)	admi	1664	259	7.598481E-5
			6)	adr	0	0	0.0
				1)	adro	1861	226	6.630335E-5
		6)	an	0	0	0.0
			1)	ant	0	0	0.0
				1)	ante	62	3040	8.91868E-4
				2)	anto	193	1504	4.4123997E-4
				3)	anti	737	595	1.745597E-4
				4)	anta	1842	230	6.747686E-5
			2)	and	0	0	0.0
				1)	ando	246	1244	3.649618E-4
				2)	ande	598	688	2.0184382E-4
			3)	anç	0	0	0.0
				1)	ança	295	1113	3.2652932E-4
			4)	ano	0	0	0.0
				1)	anos	401	900	2.6403987E-4
				2)	ano_	802	548	1.6077096E-4
			5)	anc	0	0	0.0
				1)	ance	859	515	1.510895E-4
				2)	anci	1645	265	7.774508E-5
			6)	ans	0	0	0.0
				1)	ansp	1372	327	9.593449E-5
				2)	ansf	2054	202	5.9262286E-5
			7)	ani	0	0	0.0
				1)	aniz	1910	220	6.4543085E-5
				2)	anif	1984	209	6.131593E-5
			8)	anh	0	0	0.0
				1)	anha	1956	213	6.248944E-5
		7)	at	0	0	0.0
			1)	ati	0	0	0.0
				1)	ativ	129	1985	5.823546E-4
			2)	ató	0	0	0.0
				1)	atór	292	1118	3.279962E-4
			3)	ate	0	0	0.0
				1)	ate_	675	635	1.862948E-4
				2)	aten	1257	354	1.0385569E-4
				3)	ater	1709	253	7.422455E-5
			4)	até	0	0	0.0
				1)	atér	832	533	1.5637028E-4
				2)	até_	1182	381	1.11776884E-4
				3)	atég	1761	244	7.1584145E-5
			5)	atu	0	0	0.0
				1)	atur	1026	436	1.2791266E-4
			6)	atr	0	0	0.0
				1)	atra	1178	383	1.1236364E-4
			7)	ato	0	0	0.0
				1)	ator	1423	315	9.241396E-5
			8)	ata	0	0	0.0
				1)	ata_	1531	287	8.419938E-5
				2)	atas	1737	249	7.305104E-5
		8)	al	0	0	0.0
			1)	alm	0	0	0.0
				1)	alme	209	1440	4.224638E-4
			2)	alg	0	0	0.0
				1)	algu	354	984	2.886836E-4
			3)	ali	0	0	0.0
				1)	aliz	458	828	2.4291669E-4
				2)	alid	559	725	2.126988E-4
				3)	alis	1343	333	9.7694756E-5
				4)	alia	1669	258	7.569143E-5
			4)	alt	0	0	0.0
				1)	alte	519	759	2.2267364E-4
				2)	alta	1911	220	6.4543085E-5
			5)	alh	0	0	0.0
				1)	alho	553	731	2.1445905E-4
				2)	alha	1172	384	1.1265701E-4
			6)	ala	0	0	0.0
				1)	alar	815	542	1.5901068E-4
				2)	alav	1678	257	7.539806E-5
			7)	alq	0	0	0.0
				1)	alqu	1055	421	1.2351199E-4
			8)	alé	0	0	0.0
				1)	além	1547	283	8.302587E-5
			9)	alo	0	0	0.0
				1)	alor	1656	261	7.657157E-5
		9)	ao	0	0	0.0
			1)	aos	0	0	0.0
				1)	aos_	281	1139	3.3415714E-4
		10)	ab	0	0	0.0
			1)	aba	0	0	0.0
				1)	abal	308	1069	3.136207E-4
			2)	abi	0	0	0.0
				1)	abil	663	642	1.8834845E-4
			3)	abo	0	0	0.0
				1)	abor	682	625	1.8336103E-4
			4)	abe	0	0	0.0
				1)	aber	1237	361	1.0590933E-4
				2)	abel	1489	299	8.771991E-5
		11)	ac	0	0	0.0
			1)	act	0	0	0.0
				1)	acto	321	1037	3.042326E-4
				2)	actu	865	510	1.496226E-4
				3)	acti	1226	364	1.0678946E-4
			2)	aci	0	0	0.0
				1)	acio	378	954	2.7988228E-4
				2)	acid	1942	216	6.3369574E-5
				3)	acia	2055	202	5.9262286E-5
			3)	aco	0	0	0.0
				1)	acor	711	608	1.7837361E-4
				2)	acon	1479	301	8.830667E-5
			4)	ace	0	0	0.0
				1)	acei	1373	327	9.593449E-5
			5)	acç	0	0	0.0
				1)	acçã	1476	302	8.860005E-5
				2)	acçõ	1954	214	6.278282E-5
		12)	as	0	0	0.0
			1)	ase	0	0	0.0
				1)	ase_	399	905	2.6550677E-4
			2)	ass	0	0	0.0
				1)	assi	508	767	2.2502066E-4
				2)	asse	582	701	2.0565774E-4
				3)	assa	729	598	1.7543983E-4
				4)	assu	1008	444	1.3025968E-4
				5)	asso	1261	353	1.03562306E-4
			3)	aso	0	0	0.0
				1)	aso_	858	515	1.510895E-4
			4)	asp	0	0	0.0
				1)	aspe	1262	353	1.03562306E-4
			5)	ast	0	0	0.0
				1)	asta	1565	279	8.185236E-5
		13)	ap	0	0	0.0
			1)	apr	0	0	0.0
				1)	apre	400	905	2.6550677E-4
				2)	apro	794	551	1.6165109E-4
			2)	apo	0	0	0.0
				1)	apoi	733	596	1.7485308E-4
			3)	apl	0	0	0.0
				1)	apli	758	578	1.6957227E-4
			4)	ape	0	0	0.0
				1)	apen	827	535	1.5695704E-4
				2)	apel	1266	352	1.0326893E-4
		14)	aí	0	0	0.0
			1)	aís	0	0	0.0
				1)	aíse	455	832	2.440902E-4
				2)	aís_	1317	338	9.916165E-5
		15)	aq	0	0	0.0
			1)	aqu	0	0	0.0
				1)	aqui	474	812	2.3822265E-4
				2)	aque	1456	306	8.977356E-5
		16)	az	0	0	0.0
			1)	aze	0	0	0.0
				1)	azer	571	718	2.1064514E-4
			2)	azã	0	0	0.0
				1)	azão	1999	207	6.0729173E-5
		17)	au	0	0	0.0
			1)	aut	0	0	0.0
				1)	auto	786	557	1.6341134E-4
			2)	aum	0	0	0.0
				1)	aume	1598	271	7.950534E-5
			3)	aus	0	0	0.0
				1)	ausa	1644	265	7.774508E-5
		18)	ag	0	0	0.0
			1)	age	0	0	0.0
				1)	agem	1086	413	1.21164965E-4
			2)	ago	0	0	0.0
				1)	agor	1108	405	1.18817945E-4
			3)	agr	0	0	0.0
				1)	agra	1213	369	1.08256354E-4
		19)	av	0	0	0.0
			1)	avo	0	0	0.0
				1)	avor	1192	377	1.10603374E-4
			2)	avé	0	0	0.0
				1)	avés	1627	267	7.833183E-5
			3)	avr	0	0	0.0
				1)	avra	1725	251	7.363779E-5
			4)	ava	0	0	0.0
				1)	aval	2015	206	6.0435796E-5
		20)	aj	0	0	0.0
			1)	aju	0	0	0.0
				1)	ajud	1387	324	9.5054354E-5
		21)	af	0	0	0.0
			1)	afi	0	0	0.0
				1)	afir	1584	274	8.038548E-5
	9)	u	0	0	0.0
		1)	um	0	0	0.0
			1)	uma	0	0	0.0
				1)	uma_	21	5851	0.0017165527
				2)	uman	1263	352	1.0326893E-4
				3)	umas	1436	311	9.124045E-5
			2)	ume	0	0	0.0
				1)	umen	517	759	2.2267364E-4
		2)	ui	0	0	0.0
			1)	uit	0	0	0.0
				1)	uito	198	1477	4.3331878E-4
				2)	uita	1395	322	9.44676E-5
			2)	uir	0	0	0.0
				1)	uir_	738	594	1.7426632E-4
			3)	uin	0	0	0.0
				1)	uint	1196	375	1.1001662E-4
			4)	uiç	0	0	0.0
				1)	uiçã	1534	286	8.390601E-5
			5)	uil	0	0	0.0
				1)	uilo	1712	252	7.3931165E-5
		3)	ut	0	0	0.0
			1)	uta	0	0	0.0
				1)	utad	247	1241	3.6408164E-4
			2)	utr	0	0	0.0
				1)	utro	566	720	2.112319E-4
				2)	utra	1062	417	1.2233848E-4
			3)	utu	0	0	0.0
				1)	utur	655	645	1.8922858E-4
			4)	uto	0	0	0.0
				1)	utor	905	486	1.4258154E-4
				2)	uto_	2066	200	5.867553E-5
			5)	uti	0	0	0.0
				1)	util	1056	420	1.232186E-4
		4)	ue	0	0	0.0
			1)	ues	0	0	0.0
				1)	uest	248	1240	3.6378828E-4
			2)	uer	0	0	0.0
				1)	uer_	463	823	2.414498E-4
				2)	uere	1790	237	6.95305E-5
			3)	uem	0	0	0.0
				1)	uem_	1159	387	1.1353715E-4
		5)	uç	0	0	0.0
			1)	uçã	0	0	0.0
				1)	ução	255	1224	3.5909424E-4
		6)	ur	0	0	0.0
			1)	uro	0	0	0.0
				1)	urop	370	958	2.8105578E-4
				2)	uro_	1243	357	1.0473582E-4
			2)	ura	0	0	0.0
				1)	ura_	397	907	2.6609353E-4
				2)	uran	664	640	1.8776169E-4
				3)	ural	1104	406	1.19111326E-4
				4)	urar	1390	323	9.476098E-5
				5)	uras	1738	248	7.2757655E-5
			3)	urs	0	0	0.0
				1)	urso	949	465	1.3642061E-4
			4)	urí	0	0	0.0
				1)	uríd	1702	253	7.422455E-5
			5)	uri	0	0	0.0
				1)	uris	1895	221	6.483646E-5
		7)	ua	0	0	0.0
			1)	uas	0	0	0.0
				1)	uas_	490	792	2.323551E-4
			2)	ual	0	0	0.0
				1)	ual_	502	778	2.2824781E-4
				2)	ualm	974	456	1.3378021E-4
				3)	ualq	1057	420	1.232186E-4
				4)	uali	1197	375	1.1001662E-4
			3)	uan	0	0	0.0
				1)	uant	652	648	1.9010871E-4
				2)	uand	769	567	1.6634513E-4
			4)	uaç	0	0	0.0
				1)	uaçã	781	558	1.6370472E-4
			5)	uai	0	0	0.0
				1)	uais	817	540	1.5842392E-4
			6)	uad	0	0	0.0
				1)	uadr	1631	266	7.803845E-5
			7)	uar	0	0	0.0
				1)	uar_	2020	205	6.0142418E-5
		8)	un	0	0	0.0
			1)	und	0	0	0.0
				1)	undo	509	766	2.2472728E-4
				2)	unda	615	676	1.983233E-4
			2)	unt	0	0	0.0
				1)	unto	755	581	1.7045242E-4
				2)	unta	821	537	1.575438E-4
			3)	uns	0	0	0.0
				1)	uns_	811	543	1.5930407E-4
			4)	uni	0	0	0.0
				1)	unit	941	468	1.3730074E-4
				2)	unid	990	449	1.3172656E-4
				3)	unic	1580	275	8.067885E-5
			5)	unc	0	0	0.0
				1)	unci	991	449	1.3172656E-4
		9)	ud	0	0	0.0
			1)	udo	0	0	0.0
				1)	udo_	612	677	1.9861666E-4
		10)	ug	0	0	0.0
			1)	uga	0	0	0.0
				1)	ugar	717	604	1.772001E-4
		11)	ul	0	0	0.0
			1)	ult	0	0	0.0
				1)	ulta	994	447	1.3113981E-4
				2)	ultu	1374	326	9.564111E-5
			2)	ula	0	0	0.0
				1)	ular	1037	428	1.2556564E-4
				2)	ulam	1312	338	9.916165E-5
				3)	ulaç	1319	337	9.8868266E-5
			3)	ulh	0	0	0.0
				1)	ulhe	1327	336	9.857489E-5
			4)	ulo	0	0	0.0
				1)	ulos	2002	207	6.0729173E-5
		12)	up	0	0	0.0
			1)	upo	0	0	0.0
				1)	upo_	1528	287	8.419938E-5
			2)	upa	0	0	0.0
				1)	upaç	1828	231	6.7770234E-5
		13)	us	0	0	0.0
			1)	ust	0	0	0.0
				1)	usti	1635	265	7.774508E-5
				2)	usto	1822	232	6.8063615E-5
			2)	usa	0	0	0.0
				1)	usa_	2067	200	5.867553E-5
		14)	uê	0	0	0.0
			1)	uên	0	0	0.0
				1)	uênc	1651	263	7.715832E-5
		15)	uc	0	0	0.0
			1)	uco	0	0	0.0
				1)	uco_	1658	261	7.657157E-5
		16)	uz	0	0	0.0
			1)	uzi	0	0	0.0
				1)	uzir	1808	234	6.865037E-5
		17)	uf	0	0	0.0
			1)	ufi	0	0	0.0
				1)	ufic	1959	212	6.2196064E-5
	10)	p	0	0	0.0
		1)	pa	0	0	0.0
			1)	par	0	0	0.0
				1)	para	23	5666	0.0016622777
				2)	part	169	1690	4.958082E-4
				3)	pare	812	543	1.5930407E-4
				4)	parc	1987	209	6.131593E-5
			2)	paí	0	0	0.0
				1)	país	268	1170	3.4325186E-4
			3)	pas	0	0	0.0
				1)	pass	531	749	2.1973986E-4
			4)	paç	0	0	0.0
				1)	paçã	1486	299	8.771991E-5
			5)	pap	0	0	0.0
				1)	pape	1623	267	7.833183E-5
			6)	pal	0	0	0.0
				1)	pala	1720	251	7.363779E-5
			7)	pan	0	0	0.0
				1)	panh	1776	241	7.070401E-5
			8)	paz	0	0	0.0
				1)	paz_	1880	223	6.542321E-5
		2)	po	0	0	0.0
			1)	por	0	0	0.0
				1)	por_	53	3462	0.0010156734
				2)	port	107	2221	6.5159175E-4
				3)	porq	997	446	1.3084643E-4
			2)	pod	0	0	0.0
				1)	pode	131	1977	5.800076E-4
			3)	pol	0	0	0.0
				1)	polí	140	1895	5.559506E-4
			4)	pos	0	0	0.0
				1)	post	142	1864	5.468559E-4
				2)	poss	213	1422	4.17183E-4
				3)	posi	372	957	2.807624E-4
				4)	pos_	1798	236	6.9237125E-5
			5)	pon	0	0	0.0
				1)	pont	602	683	2.0037693E-4
				2)	pons	854	516	1.5138286E-4
				3)	pond	1371	327	9.593449E-5
			6)	poi	0	0	0.0
				1)	pois	708	610	1.7896037E-4
				2)	poio	1323	337	9.8868266E-5
				3)	poia	1869	225	6.600997E-5
			7)	pou	0	0	0.0
				1)	pouc	1337	333	9.7694756E-5
			8)	pop	0	0	0.0
				1)	popu	1892	222	6.512984E-5
		3)	pr	0	0	0.0
			1)	pre	0	0	0.0
				1)	pres	82	2691	7.8947924E-4
				2)	prec	468	818	2.3998291E-4
				3)	preg	735	595	1.745597E-4
				4)	prev	1052	421	1.2351199E-4
				5)	pret	1211	369	1.08256354E-4
				6)	preo	1392	323	9.476098E-5
				7)	pre_	1587	273	8.00921E-5
				8)	pree	1767	242	7.099739E-5
			2)	pro	0	0	0.0
				1)	prop	211	1433	4.2041016E-4
				2)	proc	300	1082	3.174346E-4
				3)	prog	431	872	2.5582532E-4
				4)	prov	476	809	2.3734251E-4
				5)	prob	665	640	1.8776169E-4
				6)	prom	834	527	1.5461002E-4
				7)	prot	981	454	1.3319345E-4
				8)	proj	1099	407	1.194047E-4
				9)	prod	1106	405	1.18817945E-4
				10)	prof	1502	293	8.595965E-5
			3)	pri	0	0	0.0
				1)	prim	442	845	2.479041E-4
				2)	prin	613	677	1.9861666E-4
				3)	prio	928	474	1.39061E-4
				4)	pria	1604	271	7.950534E-5
			4)	pró	0	0	0.0
				1)	próp	911	485	1.4228816E-4
				2)	próx	1370	327	9.593449E-5
			5)	pra	0	0	0.0
				1)	praz	1688	256	7.5104675E-5
			6)	prá	0	0	0.0
				1)	prát	1962	212	6.2196064E-5
		4)	pe	0	0	0.0
			1)	pel	0	0	0.0
				1)	pelo	194	1501	4.4035984E-4
				2)	pela	296	1105	3.241823E-4
				3)	pel_	1661	259	7.598481E-5
			2)	per	0	0	0.0
				1)	pera	324	1033	3.0305912E-4
				2)	perm	690	617	1.8101401E-4
				3)	peri	901	488	1.4316829E-4
				4)	perg	1003	445	1.3055305E-4
				5)	pers	1713	252	7.3931165E-5
				6)	perí	1913	220	6.4543085E-5
				7)	pero	2007	207	6.0729173E-5
			3)	pen	0	0	0.0
				1)	pens	445	842	2.4702397E-4
				2)	pena	562	724	2.1240542E-4
				3)	pend	1692	255	7.48113E-5
				4)	penh	1814	233	6.835699E-5
			4)	pei	0	0	0.0
				1)	peit	528	751	2.203266E-4
				2)	peia	942	468	1.3730074E-4
			5)	pec	0	0	0.0
				1)	pect	579	702	2.059511E-4
				2)	peci	1082	413	1.21164965E-4
			6)	pes	0	0	0.0
				1)	pess	818	540	1.5842392E-4
				2)	pesc	1671	258	7.569143E-5
				3)	pesa	1779	240	7.0410635E-5
			7)	ped	0	0	0.0
				1)	pedi	1303	341	1.00041776E-4
			8)	peu	0	0	0.0
				1)	peu_	1648	264	7.7451696E-5
				2)	peus	1938	217	6.366295E-5
		5)	pu	0	0	0.0
			1)	put	0	0	0.0
				1)	puta	254	1230	3.608545E-4
			2)	pul	0	0	0.0
				1)	pula	1763	243	7.129077E-5
		6)	pl	0	0	0.0
			1)	pli	0	0	0.0
				1)	plic	470	815	2.3910278E-4
			2)	plo	0	0	0.0
				1)	plo_	1194	376	1.1030999E-4
			3)	pla	0	0	0.0
				1)	plan	1562	279	8.185236E-5
			4)	ple	0	0	0.0
				1)	plem	1951	214	6.278282E-5
		7)	pú	0	0	0.0
			1)	púb	0	0	0.0
				1)	públ	1047	424	1.2439213E-4
		8)	pi	0	0	0.0
			1)	pio	0	0	0.0
				1)	pio_	1258	353	1.03562306E-4
			2)	pin	0	0	0.0
				1)	pini	1450	307	9.006694E-5
		9)	pç	0	0	0.0
			1)	pçã	0	0	0.0
				1)	pção	2006	207	6.0729173E-5
	11)	õ	0	0	0.0
		1)	õe	0	0	0.0
			1)	ões	0	0	0.0
				1)	ões_	24	5643	0.0016555301
	12)	i	0	0	0.0
		1)	id	0	0	0.0
			1)	ida	0	0	0.0
				1)	idad	34	4795	0.0014067458
				2)	ida_	235	1287	3.7757703E-4
				3)	idas	343	999	2.9308427E-4
				4)	idam	1762	243	7.129077E-5
			2)	ido	0	0	0.0
				1)	ido_	139	1927	5.653387E-4
				2)	idos	621	673	1.9744315E-4
				3)	idor	2017	205	6.0142418E-5
			3)	ide	0	0	0.0
				1)	ider	449	836	2.452637E-4
				2)	iden	813	543	1.5930407E-4
		2)	it	0	0	0.0
			1)	ito	0	0	0.0
				1)	ito_	54	3404	9.986575E-4
				2)	itos	297	1099	3.2242204E-4
			2)	ita	0	0	0.0
				1)	itar	548	736	2.1592595E-4
				2)	ita_	694	616	1.8072063E-4
				3)	itam	1207	371	1.0884311E-4
				4)	itas	1223	365	1.07082844E-4
				5)	itad	1901	221	6.483646E-5
			3)	itu	0	0	0.0
				1)	itua	644	659	1.9333587E-4
				2)	itui	669	637	1.8688156E-4
			4)	itá	0	0	0.0
				1)	itár	767	571	1.6751864E-4
			5)	iti	0	0	0.0
				1)	itiv	995	447	1.3113981E-4
				2)	itir	1695	255	7.48113E-5
			6)	ite	0	0	0.0
				1)	ite_	1965	212	6.2196064E-5
		3)	ic	0	0	0.0
			1)	ica	0	0	0.0
				1)	ica_	66	3011	8.833601E-4
				2)	icas	267	1171	3.4354522E-4
				3)	icaç	438	849	2.4907762E-4
				4)	icar	710	609	1.7866699E-4
				5)	icad	787	555	1.628246E-4
				6)	icam	1077	414	1.21458346E-4
				7)	icaz	2058	201	5.8968908E-5
			2)	ico	0	0	0.0
				1)	ico_	234	1294	3.7963068E-4
				2)	icos	459	825	2.4203656E-4
			3)	ici	0	0	0.0
				1)	icia	466	819	2.4027629E-4
				2)	icit	1492	297	8.713316E-5
				3)	icip	1536	286	8.390601E-5
				4)	icie	1680	256	7.5104675E-5
				5)	icio	1968	211	6.190268E-5
			4)	icu	0	0	0.0
				1)	icul	801	548	1.6077096E-4
		4)	in	0	0	0.0
			1)	int	0	0	0.0
				1)	inte	85	2600	7.627819E-4
			2)	ind	0	0	0.0
				1)	inda	498	786	2.3059483E-4
				2)	indi	1244	357	1.0473582E-4
				3)	indo	1296	343	1.0062853E-4
			3)	inh	0	0	0.0
				1)	inha	521	757	2.2208688E-4
				2)	inho	2016	205	6.0142418E-5
			4)	ins	0	0	0.0
				1)	inst	543	742	2.1768622E-4
			5)	ina	0	0	0.0
				1)	inan	651	650	1.9069547E-4
				2)	inal	837	526	1.5431664E-4
				3)	inad	1096	408	1.1969808E-4
				4)	inar	1838	230	6.747686E-5
			6)	ini	0	0	0.0
				1)	inic	740	594	1.7426632E-4
				2)	iniã	1592	272	7.9798716E-5
				3)	inis	1872	225	6.600997E-5
			7)	inc	0	0	0.0
				1)	incí	937	470	1.3788749E-4
				2)	incl	1190	377	1.10603374E-4
				3)	inci	1508	292	8.5666274E-5
				4)	inco	1722	251	7.363779E-5
			8)	inv	0	0	0.0
				1)	inve	1140	396	1.1617755E-4
			9)	inf	0	0	0.0
				1)	info	1164	386	1.1324377E-4
			10)	inu	0	0	0.0
				1)	inua	1220	366	1.0737622E-4
		5)	im	0	0	0.0
			1)	ime	0	0	0.0
				1)	imen	108	2221	6.5159175E-4
				2)	imei	578	705	2.0683125E-4
			2)	imp	0	0	0.0
				1)	impo	216	1401	4.1102208E-4
				2)	impl	1039	427	1.2527226E-4
			3)	imo	0	0	0.0
				1)	imos	874	501	1.469822E-4
				2)	imo_	903	487	1.4287491E-4
			4)	ima	0	0	0.0
				1)	ima_	1126	400	1.1735106E-4
				2)	imas	1774	241	7.070401E-5
			5)	imi	0	0	0.0
				1)	imin	1467	304	8.9186804E-5
				2)	imit	1596	271	7.950534E-5
		6)	ia	0	0	0.0
			1)	ias	0	0	0.0
				1)	ias_	119	2074	6.084652E-4
			2)	ial	0	0	0.0
				1)	ial_	224	1364	4.001671E-4
			3)	iar	0	0	0.0
				1)	iar_	642	660	1.9362924E-4
			4)	iai	0	0	0.0
				1)	iais	778	560	1.6429149E-4
			5)	iaç	0	0	0.0
				1)	iaçã	814	542	1.5901068E-4
			6)	iad	0	0	0.0
				1)	iado	947	466	1.3671398E-4
				2)	iada	1902	221	6.483646E-5
			7)	iat	0	0	0.0
				1)	iati	959	462	1.3554047E-4
			8)	iam	0	0	0.0
				1)	iame	1259	353	1.03562306E-4
				2)	iam_	1503	293	8.595965E-5
		7)	io	0	0	0.0
			1)	ion	0	0	0.0
				1)	iona	132	1975	5.794208E-4
			2)	ios	0	0	0.0
				1)	ios_	147	1852	5.433354E-4
			3)	ior	0	0	0.0
				1)	ior_	692	617	1.8101401E-4
				2)	iori	1278	349	1.02388796E-4
		8)	iv	0	0	0.0
			1)	iva	0	0	0.0
				1)	iva_	176	1624	4.764453E-4
				2)	ivam	488	793	2.3264847E-4
				3)	ivas	702	613	1.798405E-4
			2)	ivo	0	0	0.0
				1)	ivo_	315	1057	3.1010018E-4
				2)	ivos	568	720	2.112319E-4
			3)	ive	0	0	0.0
				1)	iver	1024	438	1.284994E-4
			4)	ivi	0	0	0.0
				1)	ivid	1084	413	1.21164965E-4
		9)	ie	0	0	0.0
			1)	ien	0	0	0.0
				1)	ient	215	1408	4.1307573E-4
			2)	ied	0	0	0.0
				1)	ieda	1090	411	1.2057821E-4
		10)	if	0	0	0.0
			1)	ifi	0	0	0.0
				1)	ific	229	1336	3.9195255E-4
			2)	ife	0	0	0.0
				1)	ifer	1170	384	1.1265701E-4
				2)	ifes	2073	200	5.867553E-5
		11)	is	0	0	0.0
			1)	iss	0	0	0.0
				1)	isso	245	1244	3.649618E-4
				2)	issã	1615	268	7.8625206E-5
				3)	isse	2037	203	5.9555663E-5
			2)	ist	0	0	0.0
				1)	ista	273	1157	3.3943795E-4
				2)	iste	289	1119	3.2828958E-4
				3)	isto	666	639	1.8746832E-4
				4)	istr	1475	302	8.860005E-5
				5)	isti	1642	265	7.774508E-5
			3)	isã	0	0	0.0
				1)	isão	819	540	1.5842392E-4
			4)	isp	0	0	0.0
				1)	ispo	831	533	1.5637028E-4
			5)	ism	0	0	0.0
				1)	ismo	877	500	1.4668882E-4
			6)	isl	0	0	0.0
				1)	isla	1264	352	1.0326893E-4
			7)	isa	0	0	0.0
				1)	isam	1535	286	8.390601E-5
				2)	isa_	1831	231	6.7770234E-5
			8)	isc	0	0	0.0
				1)	iscu	1629	266	7.803845E-5
				2)	isco	1943	215	6.307619E-5
			9)	iso	0	0	0.0
				1)	iso_	1747	246	7.21709E-5
			10)	isõ	0	0	0.0
				1)	isõe	1997	207	6.0729173E-5
		12)	iç	0	0	0.0
			1)	içã	0	0	0.0
				1)	ição	285	1131	3.3181012E-4
			2)	içõ	0	0	0.0
				1)	içõe	478	804	2.3587563E-4
			3)	iço	0	0	0.0
				1)	iços	1345	332	9.7401375E-5
		13)	iz	0	0	0.0
			1)	iza	0	0	0.0
				1)	izaç	307	1070	3.139141E-4
				2)	izad	790	554	1.6253121E-4
				3)	izar	1019	441	1.2937954E-4
			2)	ize	0	0	0.0
				1)	izer	807	545	1.5989081E-4
		14)	il	0	0	0.0
			1)	ili	0	0	0.0
				1)	ilid	320	1043	3.0599287E-4
				2)	iliz	686	621	1.8218752E-4
				3)	ilit	2013	206	6.0435796E-5
			2)	ilo	0	0	0.0
				1)	ilo_	1420	315	9.241396E-5
			3)	ilh	0	0	0.0
				1)	ilhõ	1717	252	7.3931165E-5
				2)	ilha	1944	215	6.307619E-5
		15)	ir	0	0	0.0
			1)	ire	0	0	0.0
				1)	irei	412	888	2.6051936E-4
				2)	irec	596	688	2.0184382E-4
			2)	iro	0	0	0.0
				1)	iro_	414	886	2.599326E-4
				2)	iros	1093	410	1.20284836E-4
			3)	ira	0	0	0.0
				1)	ira_	550	734	2.153392E-4
				2)	iram	1515	290	8.507952E-5
				3)	iras	1698	254	7.451792E-5
			4)	irá	0	0	0.0
				1)	irá_	1525	288	8.449276E-5
			5)	irm	0	0	0.0
				1)	irma	1716	252	7.3931165E-5
		16)	iã	0	0	0.0
			1)	ião	0	0	0.0
				1)	ião_	581	701	2.0565774E-4
		17)	ib	0	0	0.0
			1)	ibi	0	0	0.0
				1)	ibil	803	546	1.601842E-4
			2)	ibu	0	0	0.0
				1)	ibui	1234	362	1.0620271E-4
			3)	ibe	0	0	0.0
				1)	iber	1271	350	1.0268218E-4
		18)	iõ	0	0	0.0
			1)	iõe	0	0	0.0
				1)	iões	922	478	1.4023451E-4
		19)	ig	0	0	0.0
			1)	igo	0	0	0.0
				1)	igo_	931	473	1.3876763E-4
				2)	igor	1881	223	6.542321E-5
			2)	igu	0	0	0.0
				1)	igua	988	450	1.3201994E-4
			3)	iga	0	0	0.0
				1)	igaç	1626	267	7.833183E-5
				2)	igad	1851	228	6.6890105E-5
			4)	ign	0	0	0.0
				1)	igni	1728	250	7.334441E-5
		20)	iê	0	0	0.0
			1)	iên	0	0	0.0
				1)	iênc	1425	314	9.212058E-5
		21)	ip	0	0	0.0
			1)	ipo	0	0	0.0
				1)	ipo_	1755	245	7.1877526E-5
		22)	ix	0	0	0.0
			1)	ixa	0	0	0.0
				1)	ixar	2028	204	5.984904E-5
	13)	c	0	0	0.0
		1)	co	0	0	0.0
			1)	com	0	0	0.0
				1)	com_	44	3953	0.0011597219
				2)	como	87	2535	7.4371236E-4
				3)	comp	201	1467	4.30385E-4
				4)	comu	239	1267	3.7170947E-4
				5)	come	847	520	1.5255637E-4
				6)	comi	1539	285	8.361263E-5
			2)	con	0	0	0.0
				1)	cont	47	3850	0.001129504
				2)	cons	60	3160	9.2707336E-4
				3)	conc	189	1550	4.5473536E-4
				4)	conf	660	643	1.8864183E-4
				5)	conó	751	586	1.719193E-4
				6)	cond	760	576	1.6898553E-4
				7)	conh	808	545	1.5989081E-4
				8)	conv	866	507	1.4874246E-4
				9)	conj	1459	305	8.9480185E-5
				10)	cono	1749	246	7.21709E-5
			3)	cor	0	0	0.0
				1)	corr	322	1036	3.0393925E-4
				2)	cord	357	981	2.8780347E-4
			4)	cos	0	0	0.0
				1)	cos_	331	1023	3.0012534E-4
			5)	col	0	0	0.0
				1)	cole	684	622	1.824809E-4
				2)	colo	1574	277	8.126561E-5
				3)	cola	2032	204	5.984904E-5
			6)	coo	0	0	0.0
				1)	coop	1308	339	9.945502E-5
			7)	coi	0	0	0.0
				1)	cois	1904	221	6.483646E-5
			8)	coe	0	0	0.0
				1)	coer	2049	202	5.9262286E-5
		2)	ci	0	0	0.0
			1)	cia	0	0	0.0
				1)	cia_	78	2773	8.1353623E-4
				2)	cial	200	1474	4.3243865E-4
				3)	cias	680	626	1.8365441E-4
				4)	ciat	992	449	1.3172656E-4
				5)	ciai	1031	432	1.2673915E-4
				6)	ciaç	1553	282	8.27325E-5
				7)	ciar	1594	272	7.9798716E-5
				8)	ciad	1955	213	6.248944E-5
			2)	cio	0	0	0.0
				1)	cion	159	1788	5.2455923E-4
				2)	cio_	916	481	1.4111465E-4
			3)	cid	0	0	0.0
				1)	cida	359	980	2.875101E-4
				2)	cido	1973	211	6.190268E-5
			4)	cim	0	0	0.0
				1)	cime	780	559	1.639981E-4
			5)	cip	0	0	0.0
				1)	cipa	902	488	1.4316829E-4
			6)	cie	0	0	0.0
				1)	cien	1023	439	1.2879279E-4
				2)	cied	2050	202	5.9262286E-5
			7)	cis	0	0	0.0
				1)	cisã	1326	337	9.8868266E-5
				2)	cisa	1470	304	8.9186804E-5
				3)	ciso	1724	251	7.363779E-5
			8)	cit	0	0	0.0
				1)	cita	1433	313	9.1827205E-5
		3)	ce	0	0	0.0
			1)	ces	0	0	0.0
				1)	cess	127	2001	5.8704865E-4
			2)	cen	0	0	0.0
				1)	cent	492	791	2.3206172E-4
			3)	cer	0	0	0.0
				1)	cer_	546	740	2.1709946E-4
				2)	cert	853	518	1.5196962E-4
			4)	cei	0	0	0.0
				1)	ceir	637	666	1.9538951E-4
				2)	ceit	1072	415	1.2175172E-4
			5)	ced	0	0	0.0
				1)	cede	1546	283	8.302587E-5
				2)	cedi	1974	211	6.190268E-5
		4)	ct	0	0	0.0
			1)	cti	0	0	0.0
				1)	ctiv	138	1928	5.656321E-4
			2)	cto	0	0	0.0
				1)	cto_	219	1374	4.031009E-4
				2)	ctor	841	525	1.5402326E-4
				3)	ctos	857	515	1.510895E-4
			3)	ctu	0	0	0.0
				1)	ctua	716	605	1.7749348E-4
		5)	ca	0	0	0.0
			1)	cas	0	0	0.0
				1)	cas_	236	1285	3.7699027E-4
				2)	caso	697	615	1.8042725E-4
			2)	cad	0	0	0.0
				1)	cado	368	962	2.822293E-4
				2)	cada	608	682	2.0008355E-4
			3)	caç	0	0	0.0
				1)	caçã	518	759	2.2267364E-4
			4)	car	0	0	0.0
				1)	car_	698	615	1.8042725E-4
				2)	caro	1953	214	6.278282E-5
			5)	cam	0	0	0.0
				1)	came	1274	350	1.0268218E-4
			6)	cau	0	0	0.0
				1)	caus	1616	268	7.8625206E-5
			7)	cap	0	0	0.0
				1)	capa	1736	249	7.305104E-5
			8)	cai	0	0	0.0
				1)	cais	1981	210	6.16093E-5
		6)	cl	0	0	0.0
			1)	cla	0	0	0.0
				1)	clar	446	840	2.464372E-4
			2)	clu	0	0	0.0
				1)	clus	1185	379	1.1119013E-4
				2)	clui	1816	233	6.835699E-5
		7)	cç	0	0	0.0
			1)	cçã	0	0	0.0
				1)	cção	506	771	2.2619417E-4
			2)	cçõ	0	0	0.0
				1)	cçõe	1684	256	7.5104675E-5
		8)	cr	0	0	0.0
			1)	cri	0	0	0.0
				1)	cria	771	567	1.6634513E-4
				2)	crit	1797	236	6.9237125E-5
				3)	crim	1929	218	6.395633E-5
			2)	cre	0	0	0.0
				1)	cret	1283	348	1.0209542E-4
				2)	cres	1458	305	8.9480185E-5
		9)	cí	0	0	0.0
			1)	cíp	0	0	0.0
				1)	cípi	924	478	1.4023451E-4
		10)	cu	0	0	0.0
			1)	cur	0	0	0.0
				1)	curs	948	466	1.3671398E-4
			2)	cul	0	0	0.0
				1)	cula	978	455	1.3348683E-4
				2)	cult	1112	404	1.1852457E-4
				3)	culo	1564	279	8.185236E-5
			3)	cup	0	0	0.0
				1)	cupa	1107	405	1.18817945E-4
			4)	cus	0	0	0.0
				1)	cust	1903	221	6.483646E-5
			5)	cum	0	0	0.0
				1)	cume	2031	204	5.984904E-5
		11)	ch	0	0	0.0
			1)	che	0	0	0.0
				1)	cheg	1530	287	8.419938E-5
			2)	cha	0	0	0.0
				1)	cham	1908	220	6.4543085E-5
	14)	s	0	0	0.0
		1)	st	0	0	0.0
			1)	sta	0	0	0.0
				1)	sta_	45	3864	0.0011336112
				2)	star	199	1476	4.3302542E-4
				3)	stas	264	1200	3.5205318E-4
				4)	stam	763	573	1.6810538E-4
				5)	stab	1027	435	1.2761928E-4
				6)	stan	1241	358	1.050292E-4
				7)	stat	1637	265	7.774508E-5
				8)	stad	1740	247	7.246428E-5
			2)	ste	0	0	0.0
				1)	ste_	81	2693	7.9006597E-4
				2)	stem	592	692	2.0301733E-4
				3)	stes	969	457	1.3407359E-4
				4)	sten	1367	327	9.593449E-5
			3)	stã	0	0	0.0
				1)	stão	208	1442	4.2305057E-4
			4)	sto	0	0	0.0
				1)	sto_	344	998	2.9279088E-4
				2)	stos	1044	425	1.246855E-4
				3)	stou	1431	313	9.1827205E-5
			5)	str	0	0	0.0
				1)	stru	425	876	2.569988E-4
				2)	stra	549	735	2.1563256E-4
				3)	stri	1160	387	1.1353715E-4
				4)	stro	1932	218	6.395633E-5
			6)	sti	0	0	0.0
				1)	stit	428	874	2.5641205E-4
				2)	stin	1606	270	7.921196E-5
				3)	stim	1846	230	6.747686E-5
			7)	stá	0	0	0.0
				1)	stá_	532	748	2.1944648E-4
			8)	stõ	0	0	0.0
				1)	stõe	1214	367	1.076696E-4
		2)	sã	0	0	0.0
			1)	são	0	0	0.0
				1)	são_	65	3023	8.868806E-4
		3)	se	0	0	0.0
			1)	sen	0	0	0.0
				1)	senh	75	2783	8.1647E-4
				2)	sent	122	2041	5.987838E-4
				3)	senv	342	999	2.9308427E-4
				4)	senc	1896	221	6.483646E-5
			2)	seg	0	0	0.0
				1)	segu	109	2205	6.468977E-4
			3)	ser	0	0	0.0
				1)	ser_	158	1789	5.248526E-4
				2)	serv	392	930	2.7284122E-4
				3)	será	913	483	1.417014E-4
				4)	seri	1461	305	8.9480185E-5
			4)	ses	0	0	0.0
				1)	ses_	175	1641	4.814327E-4
			5)	sej	0	0	0.0
				1)	seja	336	1017	2.9836508E-4
			6)	seu	0	0	0.0
				1)	seu_	484	798	2.3411536E-4
				2)	seus	1124	400	1.1735106E-4
			7)	sem	0	0	0.0
				1)	sem_	626	671	1.968564E-4
				2)	semp	833	529	1.5519677E-4
				3)	semb	1977	210	6.16093E-5
			8)	sec	0	0	0.0
				1)	sect	1141	395	1.1588417E-4
			9)	seq	0	0	0.0
				1)	sequ	1306	339	9.945502E-5
		4)	ss	0	0	0.0
			1)	sso	0	0	0.0
				1)	sso_	83	2687	7.883057E-4
				2)	ssos	722	601	1.7631997E-4
				3)	ssoa	824	536	1.5725041E-4
			2)	ssa	0	0	0.0
				1)	ssa_	164	1737	5.0959695E-4
				2)	ssas	724	600	1.7602659E-4
				3)	ssad	1453	306	8.977356E-5
				4)	ssam	1673	257	7.539806E-5
				5)	ssar	1754	245	7.1877526E-5
			3)	sse	0	0	0.0
				1)	sse_	197	1479	4.3390554E-4
				2)	sses	912	484	1.4199478E-4
				3)	ssem	1075	414	1.21458346E-4
				4)	sseg	1268	351	1.0297555E-4
				5)	ssen	1775	241	7.070401E-5
			4)	ssã	0	0	0.0
				1)	ssão	610	681	1.9979017E-4
			5)	ssá	0	0	0.0
				1)	ssár	668	637	1.8688156E-4
			6)	ssí	0	0	0.0
				1)	ssív	772	564	1.65465E-4
			7)	ssi	0	0	0.0
				1)	ssim	777	560	1.6429149E-4
				2)	ssid	1358	329	9.6521246E-5
				3)	ssib	1483	300	8.8013294E-5
			8)	ssu	0	0	0.0
				1)	ssun	1647	264	7.7451696E-5
		5)	so	0	0	0.0
			1)	sob	0	0	0.0
				1)	sobr	141	1876	5.503765E-4
			2)	sos	0	0	0.0
				1)	sos_	228	1340	3.9312604E-4
			3)	soc	0	0	0.0
				1)	soci	280	1143	3.3533064E-4
			4)	sol	0	0	0.0
				1)	solu	533	748	2.1944648E-4
				2)	soli	1415	316	9.2707334E-5
			5)	soa	0	0	0.0
				1)	soas	1294	343	1.0062853E-4
		6)	sa	0	0	0.0
			1)	sas	0	0	0.0
				1)	sas_	217	1386	4.066214E-4
			2)	sar	0	0	0.0
				1)	sar_	773	561	1.6458485E-4
			3)	sab	0	0	0.0
				1)	sabe	1045	425	1.246855E-4
				2)	sabi	1156	388	1.1383052E-4
			4)	sad	0	0	0.0
				1)	sado	1205	371	1.0884311E-4
			5)	sam	0	0	0.0
				1)	same	1745	246	7.21709E-5
				2)	sam_	1789	238	6.982388E-5
				3)	samo	1916	219	6.42497E-5
		7)	sp	0	0	0.0
			1)	spe	0	0	0.0
				1)	spec	233	1301	3.816843E-4
				2)	spei	530	750	2.2003324E-4
				3)	sper	757	579	1.6986566E-4
			2)	spo	0	0	0.0
				1)	spon	388	939	2.754816E-4
				2)	spos	875	500	1.4668882E-4
				3)	spor	1867	225	6.600997E-5
		8)	su	0	0	0.0
			1)	sua	0	0	0.0
				1)	sua_	306	1070	3.139141E-4
				2)	suas	1010	443	1.299663E-4
			2)	sul	0	0	0.0
				1)	sult	1147	393	1.15297415E-4
			3)	sub	0	0	0.0
				1)	subs	1315	338	9.916165E-5
			4)	sum	0	0	0.0
				1)	sumi	1618	268	7.8625206E-5
			5)	sun	0	0	0.0
				1)	sunt	1652	263	7.715832E-5
			6)	suf	0	0	0.0
				1)	sufi	1961	212	6.2196064E-5
		9)	sm	0	0	0.0
			1)	smo	0	0	0.0
				1)	smo_	367	962	2.822293E-4
		10)	si	0	0	0.0
			1)	sid	0	0	0.0
				1)	side	386	943	2.7665513E-4
				2)	sida	1065	417	1.2233848E-4
				3)	sido	1810	234	6.865037E-5
			2)	sis	0	0	0.0
				1)	sist	411	888	2.6051936E-4
			3)	sit	0	0	0.0
				1)	situ	693	616	1.8072063E-4
				2)	siti	1670	258	7.569143E-5
			4)	sim	0	0	0.0
				1)	sim_	718	604	1.772001E-4
				2)	simp	1933	218	6.395633E-5
			5)	siç	0	0	0.0
				1)	siçã	872	501	1.469822E-4
				2)	siçõ	1915	219	6.42497E-5
			6)	sig	0	0	0.0
				1)	sign	1162	386	1.1324377E-4
			7)	sib	0	0	0.0
				1)	sibi	1363	328	9.6227865E-5
			8)	siv	0	0	0.0
				1)	siva	1812	233	6.835699E-5
		11)	sí	0	0	0.0
			1)	sív	0	0	0.0
				1)	síve	635	666	1.9538951E-4
		12)	sá	0	0	0.0
			1)	sár	0	0	0.0
				1)	sári	636	666	1.9538951E-4
			2)	sáv	0	0	0.0
				1)	sáve	1855	227	6.659672E-5
		13)	sõ	0	0	0.0
			1)	sõe	0	0	0.0
				1)	sões	799	548	1.6077096E-4
		14)	sf	0	0	0.0
			1)	sfo	0	0	0.0
				1)	sfor	1376	326	9.564111E-5
		15)	sd	0	0	0.0
			1)	sde	0	0	0.0
				1)	sde_	1897	221	6.483646E-5
		16)	sc	0	0	0.0
			1)	scr	0	0	0.0
				1)	scri	1934	218	6.395633E-5
		17)	sl	0	0	0.0
			1)	sla	0	0	0.0
				1)	slaç	1937	217	6.366295E-5
		18)	sq	0	0	0.0
			1)	squ	0	0	0.0
				1)	sque	2068	200	5.867553E-5
	15)	t	0	0	0.0
		1)	to	0	0	0.0
			1)	tos	0	0	0.0
				1)	tos_	48	3813	0.0011186489
			2)	tod	0	0	0.0
				1)	todo	244	1247	3.6584193E-4
				2)	toda	514	760	2.22967E-4
			3)	tor	0	0	0.0
				1)	tor_	701	613	1.798405E-4
				2)	tori	956	462	1.3554047E-4
				3)	torn	1132	398	1.16764306E-4
				4)	tore	1314	338	9.916165E-5
			4)	tou	0	0	0.0
				1)	tou_	809	544	1.5959743E-4
			5)	tom	0	0	0.0
				1)	toma	909	485	1.4228816E-4
			6)	tot	0	0	0.0
				1)	tota	2003	207	6.0729173E-5
		2)	te	0	0	0.0
			1)	tes	0	0	0.0
				1)	tes_	69	2925	8.581296E-4
			2)	ter	0	0	0.0
				1)	ter_	262	1204	3.5322667E-4
				2)	tera	460	824	2.4174318E-4
				3)	term	591	694	2.0360408E-4
				4)	tern	625	671	1.968564E-4
				5)	tere	759	576	1.6898553E-4
				6)	teri	881	496	1.4551531E-4
				7)	terr	977	455	1.3348683E-4
				8)	terv	1184	379	1.1119013E-4
				9)	terc	1620	267	7.833183E-5
			3)	tem	0	0	0.0
				1)	tem_	279	1143	3.3533064E-4
				2)	temo	634	666	1.9538951E-4
				3)	tema	645	658	1.9304249E-4
				4)	temp	843	524	1.5372988E-4
				5)	teme	844	523	1.5343651E-4
			4)	ten	0	0	0.0
				1)	tend	480	803	2.3558225E-4
				2)	tent	535	747	2.191531E-4
				3)	tenh	944	467	1.3700736E-4
				4)	tenç	1064	417	1.2233848E-4
			5)	tex	0	0	0.0
				1)	text	1290	346	1.0150867E-4
			6)	teg	0	0	0.0
				1)	tegr	1380	325	9.5347736E-5
			7)	tec	0	0	0.0
				1)	tecç	1407	319	9.358747E-5
				2)	tece	1809	234	6.865037E-5
			8)	tei	0	0	0.0
				1)	teir	1414	316	9.2707334E-5
		3)	ti	0	0	0.0
			1)	tiv	0	0	0.0
				1)	tiva	73	2830	8.302587E-4
				2)	tivo	173	1658	4.8642015E-4
				3)	tivi	1321	337	9.8868266E-5
				4)	tive	1437	311	9.124045E-5
			2)	tic	0	0	0.0
				1)	tica	96	2407	7.0616E-4
				2)	tico	585	700	2.0536435E-4
				3)	tici	1513	290	8.507952E-5
				4)	ticu	1636	265	7.774508E-5
			3)	tit	0	0	0.0
				1)	titu	365	966	2.834028E-4
			4)	tid	0	0	0.0
				1)	tido	441	846	2.481975E-4
				2)	tida	1219	366	1.0737622E-4
			5)	tir	0	0	0.0
				1)	tir_	599	685	2.0096368E-4
			6)	tim	0	0	0.0
				1)	timo	993	448	1.3143319E-4
				2)	tima	1218	366	1.0737622E-4
			7)	tin	0	0	0.0
				1)	tinu	1051	421	1.2351199E-4
			8)	til	0	0	0.0
				1)	tili	1063	417	1.2233848E-4
			9)	tig	0	0	0.0
				1)	tigo	1446	308	9.0360314E-5
				2)	tiga	1989	208	6.102255E-5
			10)	tif	0	0	0.0
				1)	tifi	1521	288	8.449276E-5
			11)	tip	0	0	0.0
				1)	tipo	1581	274	8.038548E-5
		4)	ta	0	0	0.0
			1)	tar	0	0	0.0
				1)	tar_	93	2441	7.1613485E-4
				2)	tari	361	974	2.8574982E-4
				3)	tare	1097	407	1.194047E-4
			2)	tan	0	0	0.0
				1)	tant	100	2344	6.876772E-4
			3)	tas	0	0	0.0
				1)	tas_	112	2120	6.219606E-4
			4)	tad	0	0	0.0
				1)	tado	128	1988	5.8323477E-4
				2)	tada	377	954	2.7988228E-4
			5)	tam	0	0	0.0
				1)	tamb	151	1822	5.3453405E-4
				2)	tame	383	949	2.784154E-4
				3)	tamo	749	587	1.7221268E-4
				4)	tam_	1375	326	9.564111E-5
			6)	tal	0	0	0.0
				1)	tal_	356	981	2.8780347E-4
			7)	taç	0	0	0.0
				1)	taçã	389	938	2.7518824E-4
				2)	taçõ	1438	311	9.124045E-5
			8)	tai	0	0	0.0
				1)	tais	750	586	1.719193E-4
			9)	tab	0	0	0.0
				1)	tabe	1495	295	8.65464E-5
		5)	tã	0	0	0.0
			1)	tão	0	0	0.0
				1)	tão_	148	1839	5.395215E-4
		6)	tu	0	0	0.0
			1)	tur	0	0	0.0
				1)	tura	207	1447	4.2451746E-4
				2)	turo	1726	250	7.334441E-5
			2)	tud	0	0	0.0
				1)	tudo	558	725	2.126988E-4
			3)	tua	0	0	0.0
				1)	tuaç	685	621	1.8218752E-4
				2)	tual	951	464	1.3612723E-4
			4)	tui	0	0	0.0
				1)	tuiç	1602	271	7.950534E-5
				2)	tui_	1960	212	6.2196064E-5
			5)	tun	0	0	0.0
				1)	tuni	1866	225	6.600997E-5
		7)	tó	0	0	0.0
			1)	tór	0	0	0.0
				1)	tóri	210	1435	4.2099692E-4
		8)	tr	0	0	0.0
			1)	tra	0	0	0.0
				1)	trat	304	1071	3.1420746E-4
				2)	trab	314	1059	3.106869E-4
				3)	tran	448	836	2.452637E-4
				4)	tra_	609	681	1.9979017E-4
				5)	tras	1174	383	1.1236364E-4
				6)	trad	1181	382	1.1207026E-4
				7)	trav	1251	355	1.0414906E-4
				8)	trar	1313	338	9.916165E-5
			2)	tre	0	0	0.0
				1)	tre_	387	939	2.754816E-4
				2)	trem	1612	269	7.891859E-5
			3)	tri	0	0	0.0
				1)	trib	587	696	2.0419084E-4
				2)	tria	1949	214	6.278282E-5
			4)	tro	0	0	0.0
				1)	tro_	654	648	1.9010871E-4
				2)	tros	880	498	1.4610207E-4
				3)	trol	1014	442	1.2967292E-4
			5)	tru	0	0	0.0
				1)	trut	1173	383	1.1236364E-4
				2)	trum	1877	224	6.5716595E-5
		9)	tá	0	0	0.0
			1)	tár	0	0	0.0
				1)	tári	561	724	2.1240542E-4
			2)	táv	0	0	0.0
				1)	táve	1384	324	9.5054354E-5
		10)	té	0	0	0.0
			1)	tér	0	0	0.0
				1)	téri	653	648	1.9010871E-4
			2)	tég	0	0	0.0
				1)	tégi	1757	244	7.1584145E-5
		11)	tâ	0	0	0.0
			1)	tân	0	0	0.0
				1)	tânc	968	457	1.3407359E-4
		12)	tê	0	0	0.0
			1)	têm	0	0	0.0
				1)	têm_	1198	374	1.0972324E-4
			2)	tên	0	0	0.0
				1)	tênc	1320	337	9.8868266E-5
		13)	tõ	0	0	0.0
			1)	tõe	0	0	0.0
				1)	tões	1202	372	1.0913648E-4
	16)	r	0	0	0.0
		1)	ri	0	0	0.0
			1)	ria	0	0	0.0
				1)	ria_	51	3697	0.0010846171
				2)	rias	526	752	2.2061999E-4
				3)	riam	1331	335	9.828151E-5
				4)	riaç	1811	234	6.865037E-5
				5)	riar	2069	200	5.867553E-5
			2)	rio	0	0	0.0
				1)	rio_	102	2327	6.826898E-4
				2)	rios	362	973	2.8545645E-4
				3)	rior	784	557	1.6341134E-4
			3)	rim	0	0	0.0
				1)	rime	454	832	2.440902E-4
				2)	rimi	1919	219	6.42497E-5
			4)	rib	0	0	0.0
				1)	ribu	590	695	2.0389746E-4
			5)	rin	0	0	0.0
				1)	rinc	605	682	2.0008355E-4
			6)	rid	0	0	0.0
				1)	rida	632	668	1.9597627E-4
				2)	rido	1898	221	6.483646E-5
			7)	rig	0	0	0.0
				1)	riga	1408	319	9.358747E-5
				2)	rigo	1485	300	8.8013294E-5
			8)	ric	0	0	0.0
				1)	rica	1540	284	8.331925E-5
			9)	rif	0	0	0.0
				1)	rifi	1568	278	8.155899E-5
			10)	rir	0	0	0.0
				1)	rir_	1603	271	7.950534E-5
			11)	rit	0	0	0.0
				1)	rito	1674	257	7.539806E-5
			12)	rie	0	0	0.0
				1)	rien	1704	253	7.422455E-5
				2)	ried	2004	207	6.0729173E-5
			13)	riz	0	0	0.0
				1)	riza	1778	240	7.0410635E-5
			14)	ris	0	0	0.0
				1)	risc	1958	213	6.248944E-5
		2)	re	0	0	0.0
			1)	rel	0	0	0.0
				1)	rela	80	2713	7.9593353E-4
			2)	res	0	0	0.0
				1)	res_	101	2334	6.847434E-4
				2)	resp	155	1813	5.318937E-4
				3)	rese	178	1620	4.7527178E-4
				4)	ress	355	982	2.8809684E-4
				5)	reso	829	533	1.5637028E-4
				6)	rest	891	491	1.4404842E-4
				7)	resa	1089	411	1.2057821E-4
				8)	resc	1295	343	1.0062853E-4
				9)	resu	1322	337	9.8868266E-5
				10)	resi	2062	201	5.8968908E-5
			3)	reg	0	0	0.0
				1)	regi	290	1118	3.279962E-4
				2)	rego	747	588	1.7250606E-4
				3)	regu	1040	426	1.2497888E-4
				4)	regr	1868	225	6.600997E-5
			4)	rec	0	0	0.0
				1)	rece	350	987	2.8956373E-4
				2)	reci	456	831	2.4379682E-4
				3)	reco	464	822	2.4115642E-4
				4)	rect	504	775	2.2736768E-4
				5)	recu	957	462	1.3554047E-4
			5)	rem	0	0	0.0
				1)	rem_	373	956	2.8046902E-4
				2)	remo	555	728	2.1357893E-4
				3)	rema	1978	210	6.16093E-5
			6)	ref	0	0	0.0
				1)	refe	381	951	2.7900215E-4
				2)	refo	782	558	1.6370472E-4
			7)	rei	0	0	0.0
				1)	reit	394	928	2.7225446E-4
				2)	reio	2063	201	5.8968908E-5
			8)	rea	0	0	0.0
				1)	real	575	711	2.085915E-4
			9)	ren	0	0	0.0
				1)	rent	620	673	1.9744315E-4
			10)	rev	0	0	0.0
				1)	reve	825	535	1.5695704E-4
				2)	revi	1287	347	1.0180204E-4
			11)	rep	0	0	0.0
				1)	repr	1076	414	1.21458346E-4
				2)	repa	2043	203	5.9555663E-5
			12)	ret	0	0	0.0
				1)	rete	1351	331	9.7108E-5
				2)	reta	1541	284	8.331925E-5
				3)	retu	1791	237	6.95305E-5
			13)	reo	0	0	0.0
				1)	reoc	1391	323	9.476098E-5
			14)	rez	0	0	0.0
				1)	reza	1633	266	7.803845E-5
			15)	ree	0	0	0.0
				1)	reen	1732	249	7.305104E-5
			16)	red	0	0	0.0
				1)	redu	1733	249	7.305104E-5
			17)	req	0	0	0.0
				1)	requ	1950	214	6.278282E-5
		3)	ra	0	0	0.0
			1)	raç	0	0	0.0
				1)	raçã	184	1590	4.6647046E-4
				2)	raçõ	719	603	1.7690672E-4
			2)	ram	0	0	0.0
				1)	ram_	188	1556	4.5649562E-4
				2)	rama	523	754	2.2120675E-4
				3)	rame	906	486	1.4258154E-4
				4)	ramo	1856	227	6.659672E-5
			3)	ras	0	0	0.0
				1)	ras_	231	1304	3.8256444E-4
			4)	rar	0	0	0.0
				1)	rar_	253	1230	3.608545E-4
			5)	rab	0	0	0.0
				1)	raba	313	1060	3.109803E-4
			6)	ran	0	0	0.0
				1)	rant	486	794	2.3294185E-4
				2)	rans	515	760	2.22967E-4
				3)	rand	567	720	2.112319E-4
				4)	ranç	864	510	1.496226E-4
			7)	rat	0	0	0.0
				1)	rata	537	745	2.1856635E-4
				2)	raté	1758	244	7.1584145E-5
				3)	rati	1766	242	7.099739E-5
			8)	rad	0	0	0.0
				1)	rado	580	701	2.0565774E-4
				2)	rada	900	488	1.4316829E-4
				3)	rade	1558	280	8.214574E-5
				4)	radi	2010	206	6.0435796E-5
			9)	ral	0	0	0.0
				1)	ral_	629	670	1.9656302E-4
				2)	rali	1824	232	6.8063615E-5
			10)	rai	0	0	0.0
				1)	rais	1369	327	9.593449E-5
			11)	rac	0	0	0.0
				1)	raci	1454	306	8.977356E-5
			12)	rav	0	0	0.0
				1)	ravé	1622	267	7.833183E-5
				2)	rave	1741	247	7.246428E-5
			13)	raz	0	0	0.0
				1)	razo	1734	249	7.305104E-5
				2)	razã	2005	207	6.0729173E-5
		4)	ro	0	0	0.0
			1)	ros	0	0	0.0
				1)	ros_	186	1575	4.620698E-4
			2)	rop	0	0	0.0
				1)	ropo	272	1168	3.426651E-4
				2)	rope	371	958	2.8105578E-4
			3)	rog	0	0	0.0
				1)	rogr	406	892	2.6169285E-4
			4)	roc	0	0	0.0
				1)	roce	409	889	2.6081273E-4
			5)	rob	0	0	0.0
				1)	robl	670	636	1.8658818E-4
			6)	rod	0	0	0.0
				1)	rodu	752	585	1.7162593E-4
			7)	rov	0	0	0.0
				1)	rova	930	473	1.3876763E-4
			8)	rot	0	0	0.0
				1)	rote	1066	417	1.2233848E-4
			9)	roj	0	0	0.0
				1)	roje	1098	407	1.194047E-4
			10)	rol	0	0	0.0
				1)	rolo	1276	349	1.02388796E-4
			11)	ron	0	0	0.0
				1)	ront	1576	276	8.097223E-5
			12)	rom	0	0	0.0
				1)	romo	1918	219	6.42497E-5
		5)	rm	0	0	0.0
			1)	rma	0	0	0.0
				1)	rma_	305	1071	3.1420746E-4
				2)	rmaç	884	494	1.4492856E-4
				3)	rmas	1439	311	9.124045E-5
			2)	rmo	0	0	0.0
				1)	rmos	416	884	2.5934583E-4
			3)	rmi	0	0	0.0
				1)	rmit	849	518	1.5196962E-4
				2)	rmin	1417	315	9.241396E-5
			4)	rme	0	0	0.0
				1)	rmen	1687	256	7.5104675E-5
				2)	rme_	1976	211	6.190268E-5
		6)	rt	0	0	0.0
			1)	rta	0	0	0.0
				1)	rtan	325	1032	3.0276572E-4
				2)	rta_	1465	304	8.9186804E-5
			2)	rte	0	0	0.0
				1)	rte_	436	857	2.5142464E-4
				2)	rtes	1935	218	6.395633E-5
			3)	rti	0	0	0.0
				1)	rtic	795	549	1.6106432E-4
				2)	rtig	1621	267	7.833183E-5
				3)	rtid	2042	203	5.9555663E-5
			4)	rto	0	0	0.0
				1)	rto_	1286	347	1.0180204E-4
			5)	rtâ	0	0	0.0
				1)	rtân	1575	276	8.097223E-5
			6)	rtu	0	0	0.0
				1)	rtun	1632	266	7.803845E-5
		7)	rê	0	0	0.0
			1)	rên	0	0	0.0
				1)	rênc	461	824	2.4174318E-4
		8)	rã	0	0	0.0
			1)	rão	0	0	0.0
				1)	rão_	658	644	1.889352E-4
		9)	rd	0	0	0.0
			1)	rda	0	0	0.0
				1)	rdad	725	600	1.7602659E-4
				2)	rdar	1823	232	6.8063615E-5
			2)	rdo	0	0	0.0
				1)	rdo_	766	571	1.6751864E-4
			3)	rde	0	0	0.0
				1)	rdem	1522	288	8.449276E-5
		10)	rc	0	0	0.0
			1)	rca	0	0	0.0
				1)	rcad	828	534	1.5666366E-4
			2)	rce	0	0	0.0
				1)	rcei	1639	265	7.774508E-5
		11)	ró	0	0	0.0
			1)	róp	0	0	0.0
				1)	rópr	910	485	1.4228816E-4
			2)	róx	0	0	0.0
				1)	róxi	1368	327	9.593449E-5
		12)	rv	0	0	0.0
			1)	rvi	0	0	0.0
				1)	rviç	952	464	1.3612723E-4
			2)	rve	0	0	0.0
				1)	rven	1416	316	9.2707334E-5
		13)	rq	0	0	0.0
			1)	rqu	0	0	0.0
				1)	rque	980	454	1.3319345E-4
		14)	ru	0	0	0.0
			1)	rup	0	0	0.0
				1)	rupo	984	451	1.3231332E-4
			2)	rut	0	0	0.0
				1)	rutu	1381	325	9.5347736E-5
			3)	rum	0	0	0.0
				1)	rume	1878	224	6.5716595E-5
		15)	rg	0	0	0.0
			1)	rgu	0	0	0.0
				1)	rgun	1002	445	1.3055305E-4
			2)	rga	0	0	0.0
				1)	rgan	1550	282	8.27325E-5
				2)	rgam	1899	221	6.483646E-5
		16)	rá	0	0	0.0
			1)	rát	0	0	0.0
				1)	ráti	1155	390	1.1441728E-4
			2)	rár	0	0	0.0
				1)	rári	1986	209	6.131593E-5
		17)	rs	0	0	0.0
			1)	rse	0	0	0.0
				1)	rse_	1221	365	1.07082844E-4
			2)	rso	0	0	0.0
				1)	rsos	1229	363	1.0649608E-4
		18)	rr	0	0	0.0
			1)	rrê	0	0	0.0
				1)	rrên	1427	314	9.212058E-5
		19)	rn	0	0	0.0
			1)	rno	0	0	0.0
				1)	rno_	1484	300	8.8013294E-5
				2)	rnos	1505	292	8.5666274E-5
			2)	rna	0	0	0.0
				1)	rnac	1638	265	7.774508E-5
		20)	rí	0	0	0.0
			1)	ríd	0	0	0.0
				1)	rídi	1703	253	7.422455E-5
			2)	río	0	0	0.0
				1)	ríod	1917	219	6.42497E-5
		21)	rç	0	0	0.0
			1)	rça	0	0	0.0
				1)	rçam	1891	222	6.512984E-5
	17)	o	0	0	0.0
		1)	om	0	0	0.0
			1)	omo	0	0	0.0
				1)	omo_	86	2535	7.4371236E-4
			2)	omu	0	0	0.0
				1)	omun	374	956	2.8046902E-4
				2)	omum	1440	311	9.124045E-5
			3)	ome	0	0	0.0
				1)	omen	661	642	1.8834845E-4
				2)	ome_	1059	419	1.2292524E-4
				3)	omea	1589	273	8.00921E-5
			4)	omp	0	0	0.0
				1)	ompr	1011	443	1.299663E-4
				2)	ompe	1215	367	1.076696E-4
				3)	ompl	1570	278	8.155899E-5
				4)	ompa	1578	276	8.097223E-5
			5)	omi	0	0	0.0
				1)	omis	1199	373	1.09429864E-4
				2)	omia	1764	243	7.129077E-5
			6)	omí	0	0	0.0
				1)	omín	1328	336	9.857489E-5
			7)	oma	0	0	0.0
				1)	omad	1979	210	6.16093E-5
				2)	omar	2022	204	5.984904E-5
		2)	os	0	0	0.0
			1)	ost	0	0	0.0
				1)	osta	103	2271	6.6626066E-4
				2)	osto	946	466	1.3671398E-4
			2)	oss	0	0	0.0
				1)	ossa	241	1259	3.6936245E-4
				2)	osso	347	996	2.9220415E-4
				3)	ossí	892	491	1.4404842E-4
				4)	ossi	1206	371	1.0884311E-4
				5)	osse	1990	208	6.102255E-5
			3)	osi	0	0	0.0
				1)	osiç	617	675	1.9802991E-4
				2)	osit	1588	273	8.00921E-5
		3)	ob	0	0	0.0
			1)	obr	0	0	0.0
				1)	obre	121	2051	6.0171756E-4
				2)	obri	1299	342	1.0033516E-4
			2)	obj	0	0	0.0
				1)	obje	563	722	2.1181865E-4
			3)	obl	0	0	0.0
				1)	oble	671	636	1.8658818E-4
		4)	or	0	0	0.0
			1)	orm	0	0	0.0
				1)	orma	124	2021	5.929162E-4
				2)	orme	1339	333	9.7694756E-5
			2)	ora	0	0	0.0
				1)	ora_	177	1622	4.7585854E-4
				2)	oram	1110	404	1.1852457E-4
				3)	oraç	1825	232	6.8063615E-5
				4)	orar	1939	217	6.366295E-5
			3)	ore	0	0	0.0
				1)	ores	196	1490	4.371327E-4
			4)	ort	0	0	0.0
				1)	orta	225	1358	3.9840685E-4
				2)	ortu	1016	442	1.2967292E-4
				3)	orte	1095	408	1.1969808E-4
				4)	ortâ	1577	276	8.097223E-5
			5)	ord	0	0	0.0
				1)	ordo	606	682	2.0008355E-4
				2)	orda	873	501	1.469822E-4
				3)	orde	914	483	1.417014E-4
			6)	orr	0	0	0.0
				1)	orre	681	625	1.8336103E-4
				2)	orrê	1428	314	9.212058E-5
			7)	orç	0	0	0.0
				1)	orça	826	535	1.5695704E-4
				2)	orço	1411	318	9.329409E-5
			8)	ori	0	0	0.0
				1)	oria	887	493	1.4463518E-4
				2)	orid	1115	402	1.17937816E-4
				3)	orie	1653	263	7.715832E-5
			9)	orq	0	0	0.0
				1)	orqu	987	450	1.3201994E-4
			10)	orn	0	0	0.0
				1)	orna	1338	333	9.7694756E-5
			11)	org	0	0	0.0
				1)	orga	1559	280	8.214574E-5
		5)	on	0	0	0.0
			1)	ont	0	0	0.0
				1)	ontr	126	2002	5.873421E-4
				2)	onte	327	1024	3.004187E-4
				3)	onta	493	790	2.3176834E-4
				4)	onto	656	645	1.8922858E-4
				5)	onti	876	500	1.4668882E-4
			2)	ons	0	0	0.0
				1)	onst	316	1055	3.0951342E-4
				2)	onsi	395	915	2.6844055E-4
				3)	onse	434	866	2.5406503E-4
				4)	onsa	1151	392	1.1500403E-4
				5)	onsu	1693	255	7.48113E-5
			3)	ona	0	0	0.0
				1)	onal	507	768	2.2531403E-4
				2)	onai	688	618	1.8130739E-4
			4)	ond	0	0	0.0
				1)	onde	709	610	1.7896037E-4
				2)	ondi	1430	314	9.212058E-5
			5)	onó	0	0	0.0
				1)	onóm	748	588	1.7250606E-4
			6)	onh	0	0	0.0
				1)	onhe	806	545	1.5989081E-4
			7)	onc	0	0	0.0
				1)	onco	907	486	1.4258154E-4
				2)	once	1152	392	1.1500403E-4
				3)	oncr	1432	313	9.1827205E-5
				4)	oncl	1826	232	6.8063615E-5
			8)	onv	0	0	0.0
				1)	onve	1385	324	9.5054354E-5
			9)	onj	0	0	0.0
				1)	onju	1462	305	8.9480185E-5
			10)	ono	0	0	0.0
				1)	onom	1640	265	7.774508E-5
			11)	onf	0	0	0.0
				1)	onfi	1660	260	7.6278186E-5
		6)	ol	0	0	0.0
			1)	olí	0	0	0.0
				1)	olít	145	1858	5.4509565E-4
			2)	olv	0	0	0.0
				1)	olvi	390	936	2.7460148E-4
				2)	olve	1429	314	9.212058E-5
			3)	olu	0	0	0.0
				1)	oluç	595	689	2.0213719E-4
			4)	ole	0	0	0.0
				1)	oleg	800	548	1.6077096E-4
			5)	olo	0	0	0.0
				1)	olo_	1441	311	9.124045E-5
				2)	oloc	2023	204	5.984904E-5
			6)	oli	0	0	0.0
				1)	olic	2070	200	5.867553E-5
		7)	oc	0	0	0.0
			1)	oci	0	0	0.0
				1)	ocia	275	1148	3.3679753E-4
				2)	ocie	2012	206	6.0435796E-5
			2)	oce	0	0	0.0
				1)	oces	720	603	1.7690672E-4
				2)	oced	1511	291	8.537289E-5
			3)	ocu	0	0	0.0
				1)	ocup	1053	421	1.2351199E-4
				2)	ocum	2024	204	5.984904E-5
			4)	ocr	0	0	0.0
				1)	ocra	1920	219	6.42497E-5
		8)	ou	0	0	0.0
			1)	out	0	0	0.0
				1)	outr	278	1146	3.3621077E-4
			2)	ouc	0	0	0.0
				1)	ouco	1506	292	8.5666274E-5
		9)	op	0	0	0.0
			1)	opo	0	0	0.0
				1)	opos	332	1022	2.9983194E-4
				2)	opor	1069	416	1.220451E-4
			2)	ope	0	0	0.0
				1)	oper	899	489	1.4346167E-4
				2)	opeu	917	480	1.4082127E-4
				3)	opei	935	470	1.3788749E-4
			3)	opi	0	0	0.0
				1)	opin	1451	307	9.006694E-5
			4)	opu	0	0	0.0
				1)	opul	1879	224	6.5716595E-5
		10)	od	0	0	0.0
			1)	ode	0	0	0.0
				1)	oder	335	1019	2.989518E-4
				2)	ode_	770	567	1.6634513E-4
				3)	odem	954	463	1.3583385E-4
			2)	odo	0	0	0.0
				1)	odos	352	985	2.8897697E-4
				2)	odo_	451	835	2.4497035E-4
			3)	oda	0	0	0.0
				1)	odas	1134	397	1.16470925E-4
				2)	oda_	1571	277	8.126561E-5
			4)	odu	0	0	0.0
				1)	odut	1830	231	6.7770234E-5
		11)	oi	0	0	0.0
			1)	ois	0	0	0.0
				1)	ois_	443	844	2.4761073E-4
				2)	oisa	1900	221	6.483646E-5
			2)	oio	0	0	0.0
				1)	oio_	1352	331	9.7108E-5
		12)	og	0	0	0.0
			1)	ogr	0	0	0.0
				1)	ogra	540	744	2.1827297E-4
			2)	ogo	0	0	0.0
				1)	ogo_	1768	242	7.099739E-5
		13)	oj	0	0	0.0
			1)	oje	0	0	0.0
				1)	oje_	895	490	1.4375505E-4
				2)	ojec	1100	407	1.194047E-4
		14)	ov	0	0	0.0
			1)	ove	0	0	0.0
				1)	over	1004	445	1.3055305E-4
			2)	ova	0	0	0.0
				1)	ova_	1142	395	1.1588417E-4
				2)	ovas	1893	222	6.512984E-5
			3)	ovo	0	0	0.0
				1)	ovo_	1298	342	1.0033516E-4
				2)	ovos	1742	247	7.246428E-5
		15)	oa	0	0	0.0
			1)	oas	0	0	0.0
				1)	oas_	1146	394	1.15590796E-4
		16)	oo	0	0	0.0
			1)	oop	0	0	0.0
				1)	oope	1307	339	9.945502E-5
		17)	ot	0	0	0.0
			1)	ote	0	0	0.0
				1)	otec	1359	329	9.6521246E-5
			2)	ota	0	0	0.0
				1)	otaç	1759	244	7.1584145E-5
				2)	otal	2011	206	6.0435796E-5
			3)	oti	0	0	0.0
				1)	otiv	1799	235	6.8943744E-5
	18)	ê	0	0	0.0
		1)	ên	0	0	0.0
			1)	ênc	0	0	0.0
				1)	ênci	97	2394	7.023461E-4
	19)	h	0	0	0.0
		1)	ho	0	0	0.0
			1)	hor	0	0	0.0
				1)	hor_	104	2266	6.6479377E-4
				2)	hora	462	824	2.4174318E-4
				3)	hore	2029	204	5.984904E-5
			2)	hoj	0	0	0.0
				1)	hoje	896	490	1.4375505E-4
			3)	hos	0	0	0.0
				1)	hos_	1802	235	6.8943744E-5
		2)	hu	0	0	0.0
			1)	hum	0	0	0.0
				1)	huma	1133	398	1.16764306E-4
		3)	ha	0	0	0.0
			1)	har	0	0	0.0
				1)	har_	1334	334	9.798814E-5
			2)	had	0	0	0.0
				1)	hado	1613	269	7.891859E-5
			3)	ham	0	0	0.0
				1)	ham_	1921	219	6.42497E-5
			4)	hav	0	0	0.0
				1)	have	1969	211	6.190268E-5
		4)	he	0	0	0.0
			1)	her	0	0	0.0
				1)	here	1426	314	9.212058E-5
			2)	hec	0	0	0.0
				1)	heci	1662	259	7.598481E-5
				2)	hece	1771	242	7.099739E-5
			3)	heg	0	0	0.0
				1)	hega	2046	202	5.9262286E-5
		5)	hõ	0	0	0.0
			1)	hõe	0	0	0.0
				1)	hões	1706	253	7.422455E-5
	20)	f	0	0	0.0
		1)	fo	0	0	0.0
			1)	for	0	0	0.0
				1)	form	116	2098	6.155063E-4
				2)	forç	662	642	1.8834845E-4
				3)	fora	923	478	1.4023451E-4
			2)	foi	0	0	0.0
				1)	foi_	427	875	2.5670545E-4
		2)	fi	0	0	0.0
			1)	fic	0	0	0.0
				1)	fica	170	1688	4.9522147E-4
				2)	fici	889	492	1.443418E-4
				3)	fico	1772	242	7.099739E-5
			2)	fin	0	0	0.0
				1)	fina	363	971	2.848697E-4
				2)	fini	1457	305	8.9480185E-5
			3)	fir	0	0	0.0
				1)	firm	1113	403	1.1823119E-4
			4)	fim	0	0	0.0
				1)	fim_	1498	294	8.625303E-5
		3)	fe	0	0	0.0
			1)	fer	0	0	0.0
				1)	fere	481	803	2.3558225E-4
				2)	feri	706	611	1.7925374E-4
				3)	ferê	1756	245	7.1877526E-5
			2)	fei	0	0	0.0
				1)	feit	633	667	1.956829E-4
			3)	fec	0	0	0.0
				1)	fect	971	457	1.3407359E-4
			4)	fel	0	0	0.0
				1)	feli	1663	259	7.598481E-5
			5)	fes	0	0	0.0
				1)	fest	2039	203	5.9555663E-5
			6)	fen	0	0	0.0
				1)	fend	2059	201	5.8968908E-5
		4)	fa	0	0	0.0
			1)	fac	0	0	0.0
				1)	fact	491	792	2.323551E-4
			2)	faz	0	0	0.0
				1)	faze	499	785	2.3030145E-4
			3)	fav	0	0	0.0
				1)	favo	1191	377	1.10603374E-4
			4)	fal	0	0	0.0
				1)	fala	1668	258	7.569143E-5
		5)	fu	0	0	0.0
			1)	fun	0	0	0.0
				1)	fund	538	745	2.1856635E-4
				2)	func	1551	282	8.27325E-5
			2)	fut	0	0	0.0
				1)	futu	1393	323	9.476098E-5
		6)	fr	0	0	0.0
			1)	fro	0	0	0.0
				1)	fron	1781	240	7.0410635E-5
		7)	fí	0	0	0.0
			1)	fíc	0	0	0.0
				1)	fíci	1940	217	6.366295E-5
	21)	v	0	0	0.0
		1)	ve	0	0	0.0
			1)	vel	0	0	0.0
				1)	vel_	118	2089	6.128659E-4
			2)	ver	0	0	0.0
				1)	ver_	402	898	2.634531E-4
				2)	veri	883	494	1.4492856E-4
				3)	vers	1139	396	1.1617755E-4
				4)	verd	1228	363	1.0649608E-4
				5)	vern	1311	338	9.916165E-5
				6)	verá	1605	270	7.921196E-5
			3)	vei	0	0	0.0
				1)	veis	584	700	2.0536435E-4
			4)	vez	0	0	0.0
				1)	vez_	639	664	1.9480275E-4
				2)	veze	1821	232	6.8063615E-5
			5)	vem	0	0	0.0
				1)	vem_	1074	414	1.21458346E-4
				2)	vemo	1355	330	9.681462E-5
			6)	ven	0	0	0.0
				1)	venç	1094	409	1.19991455E-4
			7)	ves	0	0	0.0
				1)	vest	1131	398	1.16764306E-4
		2)	vo	0	0	0.0
			1)	vol	0	0	0.0
				1)	volv	274	1148	3.3679753E-4
			2)	vos	0	0	0.0
				1)	vos_	329	1023	3.0012534E-4
			3)	vot	0	0	0.0
				1)	vota	1519	288	8.449276E-5
			4)	vor	0	0	0.0
				1)	vor_	2065	200	5.867553E-5
		3)	vi	0	0	0.0
			1)	vid	0	0	0.0
				1)	vida	333	1020	2.992452E-4
				2)	vido	1350	331	9.7108E-5
				3)	vide	1533	286	8.390601E-5
			2)	vim	0	0	0.0
				1)	vime	503	777	2.2795443E-4
			3)	vis	0	0	0.0
				1)	vist	641	660	1.9362924E-4
			4)	viç	0	0	0.0
				1)	viço	950	464	1.3612723E-4
			5)	via	0	0	0.0
				1)	via_	1601	271	7.950534E-5
			6)	vir	0	0	0.0
				1)	vir_	2009	206	6.0435796E-5
		4)	va	0	0	0.0
			1)	vas	0	0	0.0
				1)	vas_	432	869	2.5494516E-4
			2)	vam	0	0	0.0
				1)	vame	447	839	2.4614384E-4
			3)	vad	0	0	0.0
				1)	vado	1201	372	1.0913648E-4
			4)	var	0	0	0.0
				1)	var_	1520	288	8.449276E-5
			5)	val	0	0	0.0
				1)	valo	1711	252	7.3931165E-5
				2)	vali	1854	227	6.659672E-5
			6)	vai	0	0	0.0
				1)	vai_	1847	229	6.718348E-5
			7)	vaç	0	0	0.0
				1)	vaçã	1852	228	6.6890105E-5
			8)	van	0	0	0.0
				1)	vant	1985	209	6.131593E-5
		5)	vé	0	0	0.0
			1)	vés	0	0	0.0
				1)	vés_	1591	272	7.9798716E-5
		6)	vá	0	0	0.0
			1)	vár	0	0	0.0
				1)	vári	1701	253	7.422455E-5
	22)	l	0	0	0.0
		1)	li	0	0	0.0
			1)	lid	0	0	0.0
				1)	lida	130	1979	5.8059435E-4
			2)	liz	0	0	0.0
				1)	liza	221	1368	4.0134063E-4
			3)	lic	0	0	0.0
				1)	lica	318	1052	3.086333E-4
				2)	lici	1247	356	1.0444244E-4
				3)	lico	1714	252	7.3931165E-5
			4)	lim	0	0	0.0
				1)	limi	1240	359	1.0532257E-4
			5)	lib	0	0	0.0
				1)	libe	1270	350	1.0268218E-4
			6)	lit	0	0	0.0
				1)	lita	1735	249	7.305104E-5
			7)	lis	0	0	0.0
				1)	list	1780	240	7.0410635E-5
			8)	lin	0	0	0.0
				1)	linh	2036	203	5.9555663E-5
		2)	lí	0	0	0.0
			1)	lít	0	0	0.0
				1)	líti	143	1861	5.459758E-4
		3)	lm	0	0	0.0
			1)	lme	0	0	0.0
				1)	lmen	174	1650	4.8407313E-4
		4)	la	0	0	0.0
			1)	lat	0	0	0.0
				1)	lati	330	1023	3.0012534E-4
				2)	lató	379	953	2.795889E-4
				3)	lato	1507	292	8.5666274E-5
			2)	laç	0	0	0.0
				1)	laçã	403	897	2.6315975E-4
				2)	laçõ	1466	304	8.9186804E-5
			3)	lam	0	0	0.0
				1)	lame	672	636	1.8658818E-4
			4)	lar	0	0	0.0
				1)	lar_	785	557	1.6341134E-4
				2)	lara	850	518	1.5196962E-4
				3)	larg	1282	348	1.0209542E-4
				4)	lare	1964	212	6.2196064E-5
				5)	laro	2057	201	5.8968908E-5
			5)	las	0	0	0.0
				1)	las_	965	459	1.3466034E-4
			6)	lad	0	0	0.0
				1)	lado	1092	410	1.20284836E-4
			7)	lab	0	0	0.0
				1)	labo	1302	342	1.0033516E-4
			8)	lav	0	0	0.0
				1)	lavr	1721	251	7.363779E-5
			9)	lan	0	0	0.0
				1)	lano	1996	207	6.0729173E-5
		5)	lo	0	0	0.0
			1)	los	0	0	0.0
				1)	los_	512	761	2.2326039E-4
			2)	loc	0	0	0.0
				1)	loca	835	527	1.5461002E-4
			3)	lon	0	0	0.0
				1)	long	1455	306	8.977356E-5
			4)	log	0	0	0.0
				1)	logo	2056	201	5.8968908E-5
		6)	lt	0	0	0.0
			1)	lte	0	0	0.0
				1)	lter	525	753	2.2091337E-4
			2)	ltu	0	0	0.0
				1)	ltur	921	478	1.4023451E-4
			3)	lti	0	0	0.0
				1)	ltim	983	452	1.326067E-4
			4)	lta	0	0	0.0
				1)	lta_	1608	270	7.921196E-5
				2)	ltad	1676	257	7.539806E-5
		7)	lv	0	0	0.0
			1)	lvi	0	0	0.0
				1)	lvim	552	732	2.1475244E-4
				2)	lvid	2027	204	5.984904E-5
			2)	lve	0	0	0.0
				1)	lver	1801	235	6.8943744E-5
		8)	le	0	0	0.0
			1)	leg	0	0	0.0
				1)	lega	569	719	2.1093852E-4
				2)	legi	1041	426	1.2497888E-4
			2)	lem	0	0	0.0
				1)	lema	691	617	1.8101401E-4
				2)	leme	1230	363	1.0649608E-4
			3)	lev	0	0	0.0
				1)	leva	774	561	1.6458485E-4
			4)	les	0	0	0.0
				1)	les_	1289	347	1.0180204E-4
			5)	lec	0	0	0.0
				1)	lect	1871	225	6.600997E-5
			6)	lei	0	0	0.0
				1)	leia	1995	207	6.0729173E-5
		9)	lh	0	0	0.0
			1)	lho	0	0	0.0
				1)	lho_	588	696	2.0419084E-4
				2)	lhor	796	549	1.6106432E-4
			2)	lhe	0	0	0.0
				1)	lhe_	1209	370	1.0854973E-4
				2)	lher	1216	367	1.076696E-4
			3)	lhõ	0	0	0.0
				1)	lhõe	1715	252	7.3931165E-5
			4)	lha	0	0	0.0
				1)	lhar	1817	232	6.8063615E-5
				2)	lhad	1885	222	6.512984E-5
		10)	lu	0	0	0.0
			1)	lug	0	0	0.0
				1)	luga	726	600	1.7602659E-4
			2)	luç	0	0	0.0
				1)	luçã	739	594	1.7426632E-4
			3)	lut	0	0	0.0
				1)	luta	1675	257	7.539806E-5
		11)	lg	0	0	0.0
			1)	lgu	0	0	0.0
				1)	lgum	797	549	1.6106432E-4
				2)	lgun	1119	401	1.17644435E-4
		12)	lq	0	0	0.0
			1)	lqu	0	0	0.0
				1)	lque	1054	421	1.2351199E-4
		13)	ld	0	0	0.0
			1)	lda	0	0	0.0
				1)	ldad	1443	311	9.124045E-5
		14)	lé	0	0	0.0
			1)	lém	0	0	0.0
				1)	lém_	1554	281	8.243912E-5
		15)	ló	0	0	0.0
			1)	lóg	0	0	0.0
				1)	lógi	2035	203	5.9555663E-5
	23)	í	0	0	0.0
		1)	ít	0	0	0.0
			1)	íti	0	0	0.0
				1)	ític	135	1953	5.729665E-4
				2)	ítim	2064	200	5.867553E-5
		2)	ív	0	0	0.0
			1)	íve	0	0	0.0
				1)	ível	230	1314	3.8549822E-4
				2)	ívei	1460	305	8.9480185E-5
		3)	ís	0	0	0.0
			1)	íse	0	0	0.0
				1)	íses	453	832	2.440902E-4
		4)	íp	0	0	0.0
			1)	ípi	0	0	0.0
				1)	ípio	920	478	1.4023451E-4
		5)	íc	0	0	0.0
			1)	íci	0	0	0.0
				1)	ício	1109	404	1.1852457E-4
		6)	ín	0	0	0.0
			1)	íni	0	0	0.0
				1)	ínio	1238	359	1.0532257E-4
		7)	íf	0	0	0.0
			1)	ífi	0	0	0.0
				1)	ífic	1557	280	8.214574E-5
		8)	íd	0	0	0.0
			1)	ídi	0	0	0.0
				1)	ídic	1691	255	7.48113E-5
		9)	ío	0	0	0.0
			1)	íod	0	0	0.0
				1)	íodo	1914	219	6.42497E-5
	24)	b	0	0	0.0
		1)	bé	0	0	0.0
			1)	bém	0	0	0.0
				1)	bém_	153	1822	5.3453405E-4
		2)	br	0	0	0.0
			1)	bre	0	0	0.0
				1)	bre_	181	1606	4.711645E-4
				2)	bret	1760	244	7.1584145E-5
			2)	bri	0	0	0.0
				1)	brig	1260	353	1.03562306E-4
		3)	bi	0	0	0.0
			1)	bil	0	0	0.0
				1)	bili	242	1252	3.6730882E-4
			2)	bie	0	0	0.0
				1)	bien	933	472	1.3847425E-4
			3)	bit	0	0	0.0
				1)	bito	1235	362	1.0620271E-4
		4)	ba	0	0	0.0
			1)	bal	0	0	0.0
				1)	balh	317	1053	3.0892665E-4
			2)	bat	0	0	0.0
				1)	bate	471	815	2.3910278E-4
			3)	bas	0	0	0.0
				1)	base	1007	444	1.3025968E-4
				2)	bast	1975	211	6.190268E-5
		5)	bj	0	0	0.0
			1)	bje	0	0	0.0
				1)	bjec	557	726	2.1299216E-4
		6)	bl	0	0	0.0
			1)	ble	0	0	0.0
				1)	blem	667	639	1.8746832E-4
				2)	blei	2052	202	5.9262286E-5
			2)	bli	0	0	0.0
				1)	blic	871	502	1.4727558E-4
		7)	be	0	0	0.0
			1)	bem	0	0	0.0
				1)	bem_	678	629	1.8453454E-4
			2)	bel	0	0	0.0
				1)	bele	1488	299	8.771991E-5
			3)	ber	0	0	0.0
				1)	ber_	1697	255	7.48113E-5
				2)	bert	1945	215	6.307619E-5
				3)	bera	2053	202	5.9262286E-5
		8)	bo	0	0	0.0
			1)	bor	0	0	0.0
				1)	bora	890	492	1.443418E-4
				2)	bord	1504	293	8.595965E-5
	25)	á	0	0	0.0
		1)	ár	0	0	0.0
			1)	ári	0	0	0.0
				1)	ário	203	1464	4.2950487E-4
				2)	ária	405	893	2.6198625E-4
			2)	áre	0	0	0.0
				1)	área	1845	230	6.747686E-5
		2)	áv	0	0	0.0
			1)	áve	0	0	0.0
				1)	ável	572	716	2.100584E-4
				2)	ávei	1231	362	1.0620271E-4
		3)	át	0	0	0.0
			1)	áti	0	0	0.0
				1)	átic	762	574	1.6839876E-4
		4)	ág	0	0	0.0
			1)	águ	0	0	0.0
				1)	água	1061	417	1.2233848E-4
		5)	ám	0	0	0.0
			1)	ámo	0	0	0.0
				1)	ámos	1512	290	8.507952E-5
	26)	ó	0	0	0.0
		1)	ór	0	0	0.0
			1)	óri	0	0	0.0
				1)	ório	256	1223	3.5880087E-4
				2)	ória	1957	213	6.248944E-5
		2)	óm	0	0	0.0
			1)	ómi	0	0	0.0
				1)	ómic	742	591	1.7338619E-4
		3)	óp	0	0	0.0
			1)	ópr	0	0	0.0
				1)	ópri	908	485	1.4228816E-4
		4)	óx	0	0	0.0
			1)	óxi	0	0	0.0
				1)	óxim	1366	327	9.593449E-5
		5)	óg	0	0	0.0
			1)	ógi	0	0	0.0
				1)	ógic	2061	201	5.8968908E-5
	27)	z	0	0	0.0
		1)	ze	0	0	0.0
			1)	zer	0	0	0.0
				1)	zer_	288	1119	3.2828958E-4
			2)	zes	0	0	0.0
				1)	zes_	1153	391	1.1471066E-4
		2)	za	0	0	0.0
			1)	zaç	0	0	0.0
				1)	zaçã	376	954	2.7988228E-4
			2)	zar	0	0	0.0
				1)	zar_	1193	376	1.1030999E-4
			3)	zad	0	0	0.0
				1)	zado	1354	330	9.681462E-5
				2)	zada	1864	225	6.600997E-5
		3)	zo	0	0	0.0
			1)	zon	0	0	0.0
				1)	zona	1544	283	8.302587E-5
		4)	zã	0	0	0.0
			1)	zão	0	0	0.0
				1)	zão_	2001	207	6.0729173E-5
	28)	j	0	0	0.0
		1)	je	0	0	0.0
			1)	jec	0	0	0.0
				1)	ject	294	1115	3.2711608E-4
		2)	ju	0	0	0.0
			1)	jun	0	0	0.0
				1)	junt	1067	417	1.2233848E-4
			2)	jus	0	0	0.0
				1)	just	1149	393	1.15297415E-4
			3)	jud	0	0	0.0
				1)	juda	1424	314	9.212058E-5
			4)	jur	0	0	0.0
				1)	jurí	1705	253	7.422455E-5
		3)	ja	0	0	0.0
			1)	jam	0	0	0.0
				1)	jam_	1340	333	9.7694756E-5
	29)	g	0	0	0.0
		1)	go	0	0	0.0
			1)	gos	0	0	0.0
				1)	gost	404	894	2.6227962E-4
			2)	gor	0	0	0.0
				1)	gora	1078	414	1.21458346E-4
			3)	gov	0	0	0.0
				1)	gove	1333	335	9.828151E-5
			4)	goc	0	0	0.0
				1)	goci	1729	250	7.334441E-5
		2)	ga	0	0	0.0
			1)	gar	0	0	0.0
				1)	gar_	429	874	2.5641205E-4
				2)	gara	1212	369	1.08256354E-4
			2)	gas	0	0	0.0
				1)	gas_	1021	440	1.2908617E-4
			3)	gad	0	0	0.0
				1)	gado	1325	337	9.8868266E-5
			4)	gaç	0	0	0.0
				1)	gaçã	1386	324	9.5054354E-5
			5)	gam	0	0	0.0
				1)	game	1526	288	8.449276E-5
			6)	gan	0	0	0.0
				1)	gani	1561	280	8.214574E-5
		3)	gu	0	0	0.0
			1)	gur	0	0	0.0
				1)	gura	450	836	2.452637E-4
			2)	gun	0	0	0.0
				1)	gund	970	457	1.3407359E-4
				2)	gunt	1005	445	1.3055305E-4
				3)	guns	1120	401	1.17644435E-4
			3)	gum	0	0	0.0
				1)	guma	1020	440	1.2908617E-4
			4)	gua	0	0	0.0
				1)	gual	1042	426	1.2497888E-4
				2)	gua_	1444	310	9.094707E-5
			5)	gul	0	0	0.0
				1)	gula	1111	404	1.1852457E-4
			6)	gui	0	0	0.0
				1)	guin	1468	304	8.9186804E-5
				2)	guir	1542	284	8.331925E-5
			7)	gue	0	0	0.0
				1)	gues	2038	203	5.9555663E-5
		4)	gr	0	0	0.0
			1)	gra	0	0	0.0
				1)	gram	547	739	2.1680607E-4
				2)	gran	586	699	2.0507097E-4
				3)	grad	1006	444	1.3025968E-4
				4)	graç	1748	246	7.21709E-5
				5)	grav	1882	223	6.542321E-5
			2)	gru	0	0	0.0
				1)	grup	963	460	1.3495372E-4
		5)	ge	0	0	0.0
			1)	gem	0	0	0.0
				1)	gem_	745	589	1.7279944E-4
			2)	ger	0	0	0.0
				1)	gera	1225	364	1.0678946E-4
			3)	ges	0	0	0.0
				1)	gest	1696	255	7.48113E-5
			4)	gen	0	0	0.0
				1)	gent	1723	251	7.363779E-5
		6)	gi	0	0	0.0
			1)	giõ	0	0	0.0
				1)	giõe	1167	385	1.12950394E-4
			2)	gis	0	0	0.0
				1)	gisl	1265	352	1.0326893E-4
			3)	gia	0	0	0.0
				1)	gia_	1304	341	1.00041776E-4
			4)	giã	0	0	0.0
				1)	gião	1667	258	7.569143E-5
			5)	gio	0	0	0.0
				1)	gion	1832	231	6.7770234E-5
			6)	gir	0	0	0.0
				1)	gir_	2047	202	5.9262286E-5
		7)	gê	0	0	0.0
			1)	gên	0	0	0.0
				1)	gênc	1666	258	7.569143E-5
		8)	gn	0	0	0.0
			1)	gni	0	0	0.0
				1)	gnif	1793	237	6.95305E-5
	30)	x	0	0	0.0
		1)	xi	0	0	0.0
			1)	xis	0	0	0.0
				1)	xist	616	675	1.9802991E-4
			2)	xim	0	0	0.0
				1)	ximo	1744	246	7.21709E-5
				2)	xima	1865	225	6.600997E-5
		2)	xe	0	0	0.0
			1)	xem	0	0	0.0
				1)	xemp	1169	384	1.1265701E-4
		3)	xt	0	0	0.0
			1)	xto	0	0	0.0
				1)	xto_	1410	318	9.329409E-5
			2)	xtr	0	0	0.0
				1)	xtre	2045	202	5.9262286E-5
	31)	é	0	0	0.0
		1)	ér	0	0	0.0
			1)	éri	0	0	0.0
				1)	éria	743	590	1.730928E-4
	32)	â	0	0	0.0
		1)	ân	0	0	0.0
			1)	ânc	0	0	0.0
				1)	ânci	776	560	1.6429149E-4
		2)	âm	0	0	0.0
			1)	âmb	0	0	0.0
				1)	âmbi	1114	402	1.17937816E-4
	33)	ã	0	0	0.0
		1)	ão	0	0	0.0
			1)	ãos	0	0	0.0
				1)	ãos_	860	514	1.5079611E-4
	34)	ú	0	0	0.0
		1)	úl	0	0	0.0
			1)	últ	0	0	0.0
				1)	últi	982	453	1.3290007E-4
		2)	úb	0	0	0.0
			1)	úbl	0	0	0.0
				1)	úbli	1046	424	1.2439213E-4
		3)	úm	0	0	0.0
			1)	úme	0	0	0.0
				1)	úmer	1686	256	7.5104675E-5
		4)	ún	0	0	0.0
			1)	úni	0	0	0.0
				1)	únic	1765	242	7.099739E-5
