Portuguese	3	2331026	1451
	1)	o	0	0	0.0
		1)	os	0	0	0.0
			1)	os_	1	38634	0.011334352
			2)	oss	141	3391	9.948435E-4
			3)	ost	169	2979	8.73972E-4
			4)	osi	548	977	2.8662995E-4
			5)	osa	1028	418	1.2263186E-4
			6)	oso	1134	350	1.0268218E-4
		2)	or	0	0	0.0
			1)	or_	49	7886	0.0023135762
			2)	ora	162	3042	8.924548E-4
			3)	ort	192	2598	7.621951E-4
			4)	orm	195	2560	7.5104675E-4
			5)	ord	302	1770	5.1927846E-4
			6)	ore	319	1669	4.8964727E-4
			7)	ori	327	1628	4.776188E-4
			8)	orr	507	1085	3.1831473E-4
			9)	orç	597	894	2.6227962E-4
			10)	orn	875	534	1.5666366E-4
			11)	orq	987	450	1.3201994E-4
			12)	org	1208	306	8.977356E-5
		3)	on	0	0	0.0
			1)	ont	88	5185	0.001521163
			2)	ons	114	3852	0.0011300907
			3)	ona	220	2352	6.9002423E-4
			4)	onc	342	1551	4.5502873E-4
			5)	ond	462	1180	3.461856E-4
			6)	onh	747	666	1.9538951E-4
			7)	onf	764	643	1.8864183E-4
			8)	onó	814	588	1.7250606E-4
			9)	onv	907	507	1.4874246E-4
			10)	ono	965	465	1.3642061E-4
			11)	ong	969	463	1.3583385E-4
			12)	onj	1211	305	8.9480185E-5
			13)	oni	1223	300	8.8013294E-5
		4)	om	0	0	0.0
			1)	om_	106	4088	0.0011993278
			2)	omo	167	2992	8.777859E-4
			3)	ome	277	1886	5.5331027E-4
			4)	omp	355	1494	4.383062E-4
			5)	omu	418	1268	3.7200286E-4
			6)	omi	641	813	2.3851602E-4
			7)	oma	864	544	1.5959743E-4
			8)	omí	1164	336	9.857489E-5
			9)	omb	1385	228	6.6890105E-5
		5)	ou	0	0	0.0
			1)	ou_	178	2857	8.3817996E-4
			2)	out	479	1149	3.3709093E-4
			3)	ouc	1150	340	9.97484E-5
			4)	ouv	1207	306	8.977356E-5
		6)	ob	0	0	0.0
			1)	obr	201	2474	7.258163E-4
			2)	obj	708	722	2.1181865E-4
			3)	obl	772	636	1.8658818E-4
			4)	obs	1234	294	8.625303E-5
			5)	oba	1442	203	5.9555663E-5
		7)	od	0	0	0.0
			1)	ode	227	2250	6.6009973E-4
			2)	odo	285	1841	5.4010825E-4
			3)	oda	664	784	2.3000807E-4
			4)	odu	812	590	1.730928E-4
			5)	odi	1397	221	6.483646E-5
		8)	ol	0	0	0.0
			1)	olí	273	1913	5.6123146E-4
			2)	olv	413	1286	3.7728366E-4
			3)	olu	508	1080	3.1684784E-4
			4)	olo	640	815	2.3910278E-4
			5)	ole	684	748	2.1944648E-4
			6)	ola	916	499	1.4639544E-4
			7)	oli	958	471	1.3818087E-4
			8)	olh	1258	283	8.302587E-5
		9)	op	0	0	0.0
			1)	opo	347	1516	4.4476052E-4
			2)	ope	367	1458	4.277446E-4
			3)	opi	1189	317	9.3000715E-5
			4)	opu	1326	254	7.451792E-5
			5)	opt	1356	241	7.070401E-5
		10)	oc	0	0	0.0
			1)	oci	370	1444	4.236373E-4
			2)	oca	551	975	2.860432E-4
			3)	oce	580	914	2.6814718E-4
			4)	ocu	637	819	2.4027629E-4
			5)	ocr	1035	416	1.220451E-4
		11)	ov	0	0	0.0
			1)	ova	496	1120	3.2858297E-4
			2)	ovo	714	712	2.0888489E-4
			3)	ove	737	677	1.9861666E-4
		12)	oi	0	0	0.0
			1)	ois	515	1065	3.124472E-4
			2)	oi_	606	877	2.5729218E-4
			3)	oio	1135	350	1.0268218E-4
			4)	oia	1387	226	6.630335E-5
		13)	og	0	0	0.0
			1)	ogr	555	961	2.819359E-4
			2)	ogo	1299	265	7.774508E-5
		14)	oj	0	0	0.0
			1)	oje	592	897	2.6315975E-4
		15)	ot	0	0	0.0
			1)	ota	619	849	2.4907762E-4
			2)	ote	823	579	1.6986566E-4
			3)	oti	1231	295	8.65464E-5
		16)	oa	0	0	0.0
			1)	oas	1050	406	1.19111326E-4
		17)	oo	0	0	0.0
			1)	oop	1155	339	9.945502E-5
		18)	of	0	0	0.0
			1)	ofe	1254	285	8.361263E-5
		19)	oe	0	0	0.0
			1)	oer	1446	202	5.9262286E-5
	2)	_	0	0	0.0
		1)	_d	0	0	0.0
			1)	_de	2	37530	0.011010463
			2)	_da	23	12963	0.0038030543
			3)	_do	26	12734	0.0037358708
			4)	_di	70	6396	0.0018764434
			5)	_du	816	586	1.719193E-4
		2)	_q	0	0	0.0
			1)	_qu	6	23546	0.00690787
		3)	_c	0	0	0.0
			1)	_co	7	23018	0.0067529664
			2)	_ca	146	3297	9.672661E-4
			3)	_cr	345	1530	4.488678E-4
			4)	_ci	405	1307	3.834446E-4
			5)	_cu	536	1021	2.9953857E-4
			6)	_ce	591	901	2.6433327E-4
			7)	_cl	725	694	2.0360408E-4
			8)	_ch	782	630	1.8482792E-4
		4)	_a	0	0	0.0
			1)	_a_	9	22023	0.006461056
			2)	_as	60	6653	0.0019518415
			3)	_ao	111	3910	0.0011471066
			4)	_ap	118	3804	0.0011160086
			5)	_ac	131	3588	0.001052639
			6)	_al	133	3514	0.001030929
			7)	_an	255	2054	6.0259766E-4
			8)	_at	337	1565	4.59136E-4
			9)	_au	412	1288	3.778704E-4
			10)	_ag	457	1192	3.4970616E-4
			11)	_ad	471	1164	3.4149157E-4
			12)	_am	521	1055	3.0951342E-4
			13)	_ab	542	998	2.9279088E-4
			14)	_aq	571	933	2.7372135E-4
			15)	_ai	680	749	2.1973986E-4
			16)	_ar	780	632	1.8541467E-4
			17)	_af	831	573	1.6810538E-4
			18)	_av	1082	384	1.1265701E-4
			19)	_aj	1130	352	1.0326893E-4
		5)	_s	0	0	0.0
			1)	_se	14	16641	0.0048820972
			2)	_so	109	3947	0.0011579616
			3)	_su	149	3222	9.452628E-4
			4)	_si	208	2444	7.1701495E-4
			5)	_sa	403	1316	3.8608498E-4
			6)	_sã	489	1132	3.321035E-4
			7)	_só	889	521	1.5284975E-4
			8)	_sé	1363	238	6.982388E-5
		6)	_r	0	0	0.0
			1)	_re	18	14274	0.0041876724
			2)	_ra	712	717	2.1035178E-4
			3)	_ri	1007	436	1.2791266E-4
			4)	_ru	1355	242	7.099739E-5
		7)	_e	0	0	0.0
			1)	_e_	19	13457	0.003947983
			2)	_es	31	11112	0.0032600125
			3)	_em	45	8078	0.0023699047
			4)	_en	129	3593	0.0010541059
			5)	_ex	132	3569	0.0010470648
			6)	_eu	360	1489	4.3683933E-4
			7)	_el	401	1317	3.8637835E-4
			8)	_ef	582	911	2.6726702E-4
			9)	_ec	593	897	2.6315975E-4
			10)	_ev	802	603	1.7690672E-4
			11)	_er	1202	311	9.124045E-5
			12)	_eq	1362	239	7.0117254E-5
		8)	_p	0	0	0.0
			1)	_po	21	13131	0.0038523418
			2)	_pr	24	12919	0.0037901457
			3)	_pa	32	10781	0.0031629044
			4)	_pe	54	7383	0.0021660072
			5)	_pl	910	506	1.484491E-4
			6)	_pú	1038	416	1.220451E-4
			7)	_pu	1337	251	7.363779E-5
		9)	_o	0	0	0.0
			1)	_o_	29	12322	0.0036149994
			2)	_os	80	5590	0.001639981
			3)	_ou	206	2457	7.208289E-4
			4)	_ob	338	1564	4.5884264E-4
			5)	_or	380	1399	4.104353E-4
			6)	_op	590	901	2.6433327E-4
			7)	_on	1184	326	9.564111E-5
			8)	_oc	1225	300	8.8013294E-5
		10)	_u	0	0	0.0
			1)	_um	34	10365	0.0030408592
			2)	_ut	1046	410	1.20284836E-4
			3)	_un	1152	340	9.97484E-5
		11)	_n	0	0	0.0
			1)	_no	37	9462	0.0027759392
			2)	_na	87	5186	0.0015214565
			3)	_nã	91	5040	0.0014786234
			4)	_ne	139	3418	0.0010027648
			5)	_nu	631	828	2.4291669E-4
			6)	_ní	792	619	1.8160076E-4
			7)	_nó	988	450	1.3201994E-4
			8)	_nú	1339	250	7.334441E-5
		12)	_i	0	0	0.0
			1)	_in	52	7479	0.0021941713
			2)	_im	216	2380	6.982388E-4
			3)	_is	408	1298	3.8080418E-4
			4)	_ir	893	518	1.5196962E-4
			5)	_ig	985	451	1.3231332E-4
			6)	_id	1096	375	1.1001662E-4
		13)	_m	0	0	0.0
			1)	_ma	64	6566	0.0019263176
			2)	_me	92	4965	0.00145662
			3)	_mu	188	2658	7.797978E-4
			4)	_mo	268	1944	5.7032617E-4
			5)	_mi	389	1364	4.001671E-4
		14)	_t	0	0	0.0
			1)	_te	77	5823	0.001708338
			2)	_tr	144	3344	9.810549E-4
			3)	_to	152	3173	9.3088724E-4
			4)	_ta	158	3097	9.0859056E-4
			5)	_ti	700	733	2.1504582E-4
			6)	_tu	890	520	1.5255637E-4
			7)	_tê	1104	371	1.0884311E-4
			8)	_tã	1383	229	6.718348E-5
		15)	_é	0	0	0.0
			1)	_é_	86	5270	0.0015461002
		16)	_f	0	0	0.0
			1)	_fo	137	3432	0.001006872
			2)	_fa	140	3411	0.0010007111
			3)	_fi	265	1985	5.823546E-4
			4)	_fu	386	1373	4.0280752E-4
			5)	_fr	715	709	2.0800476E-4
			6)	_fe	799	611	1.7925374E-4
		17)	_à	0	0	0.0
			1)	_à_	159	3090	9.0653694E-4
			2)	_às	617	859	2.520114E-4
		18)	_v	0	0	0.0
			1)	_ve	223	2338	6.859169E-4
			2)	_vi	236	2197	6.4455066E-4
			3)	_vo	505	1087	3.189015E-4
			4)	_va	595	896	2.6286638E-4
			5)	_vá	1224	300	8.8013294E-5
		19)	_g	0	0	0.0
			1)	_gr	358	1490	4.371327E-4
			2)	_go	435	1228	3.6026776E-4
			3)	_ge	701	731	2.1445905E-4
			4)	_ga	957	472	1.3847425E-4
		20)	_l	0	0	0.0
			1)	_li	420	1252	3.6730882E-4
			2)	_le	446	1207	3.5410683E-4
			3)	_lu	626	838	2.4585048E-4
			4)	_lo	748	664	1.9480275E-4
			5)	_la	760	648	1.9010871E-4
			6)	_lh	1215	303	8.889343E-5
		21)	_j	0	0	0.0
			1)	_ju	502	1096	3.215419E-4
			2)	_já	550	977	2.8662995E-4
		22)	_h	0	0	0.0
			1)	_ho	565	946	2.7753526E-4
			2)	_há	655	799	2.3440874E-4
			3)	_ha	863	546	1.601842E-4
			4)	_hu	1124	356	1.0444244E-4
			5)	_hi	1412	215	6.307619E-5
		23)	_b	0	0	0.0
			1)	_ba	566	945	2.7724187E-4
			2)	_be	602	885	2.5963923E-4
			3)	_bo	997	441	1.2937954E-4
			4)	_br	1364	238	6.982388E-5
		24)	_ú	0	0	0.0
			1)	_úl	992	446	1.3084643E-4
			2)	_ún	1354	242	7.099739E-5
		25)	_á	0	0	0.0
			1)	_ág	1034	417	1.2233848E-4
			2)	_ár	1317	258	7.569143E-5
		26)	_â	0	0	0.0
			1)	_âm	1137	349	1.02388796E-4
		27)	_z	0	0	0.0
			1)	_zo	1277	274	8.038548E-5
	3)	d	0	0	0.0
		1)	de	0	0	0.0
			1)	de_	3	30633	0.008987037
			2)	des	61	6646	0.0019497878
			3)	der	180	2833	8.3113887E-4
			4)	dev	239	2191	6.427904E-4
			5)	dem	287	1839	5.395215E-4
			6)	dep	305	1746	5.1223737E-4
			7)	den	397	1338	3.9253928E-4
			8)	dec	398	1331	3.9048566E-4
			9)	def	693	741	2.1739284E-4
			10)	dei	706	724	2.1240542E-4
			11)	deb	720	701	2.0565774E-4
			12)	del	1099	373	1.09429864E-4
			13)	det	1106	368	1.0796297E-4
			14)	deq	1444	203	5.9555663E-5
		2)	do	0	0	0.0
			1)	do_	11	18724	0.005493203
			2)	dos	42	8766	0.0025717483
			3)	dor	514	1067	3.1303396E-4
			4)	dom	1053	405	1.18817945E-4
			5)	dop	1323	256	7.5104675E-5
			6)	doi	1375	233	6.835699E-5
			7)	doc	1423	208	6.102255E-5
		3)	da	0	0	0.0
			1)	da_	17	15106	0.0044317627
			2)	dad	65	6538	0.0019181031
			3)	das	76	5831	0.0017106851
			4)	dam	440	1215	3.5645385E-4
			5)	dar	531	1034	3.0335248E-4
			6)	dat	1369	235	6.8943744E-5
			7)	dan	1435	205	6.0142418E-5
		4)	di	0	0	0.0
			1)	dir	267	1973	5.788341E-4
			2)	dis	299	1786	5.239725E-4
			3)	did	437	1221	3.582141E-4
			4)	dia	530	1034	3.0335248E-4
			5)	dic	568	942	2.7636174E-4
			6)	dif	616	859	2.520114E-4
			7)	diz	649	803	2.3558225E-4
			8)	dim	1020	427	1.2527226E-4
			9)	div	1071	392	1.1500403E-4
			10)	diç	1087	380	1.114835E-4
			11)	dit	1201	313	9.1827205E-5
			12)	din	1342	248	7.2757655E-5
			13)	dig	1398	221	6.483646E-5
		5)	du	0	0	0.0
			1)	duz	887	524	1.5372988E-4
			2)	dua	1205	309	9.0653695E-5
			3)	dur	1220	301	8.830667E-5
			4)	duç	1229	296	8.6839784E-5
			5)	dut	1292	269	7.891859E-5
		6)	dã	0	0	0.0
			1)	dão	892	518	1.5196962E-4
		7)	dr	0	0	0.0
			1)	dro	1269	278	8.155899E-5
		8)	dm	0	0	0.0
			1)	dmi	1304	262	7.686494E-5
	4)	a	0	0	0.0
		1)	as	0	0	0.0
			1)	as_	4	27387	0.008034733
			2)	ass	174	2889	8.4756804E-4
			3)	ase	528	1043	3.0599287E-4
			4)	aso	739	675	1.9802991E-4
			5)	ast	964	466	1.3671398E-4
			6)	asp	1081	384	1.1265701E-4
			7)	asi	1151	340	9.97484E-5
		2)	ar	0	0	0.0
			1)	ar_	33	10641	0.0031218315
			2)	ara	56	7162	0.0021011706
			3)	art	231	2221	6.5159175E-4
			4)	are	310	1717	5.037294E-4
			5)	ari	322	1655	4.8554E-4
			6)	arm	754	659	1.9333587E-4
			7)	arg	784	626	1.8365441E-4
			8)	ará	970	463	1.3583385E-4
			9)	aro	1006	436	1.2791266E-4
			10)	arc	1158	339	9.945502E-5
			11)	ard	1273	276	8.097223E-5
			12)	ars	1288	271	7.950534E-5
			13)	arr	1406	218	6.395633E-5
		3)	aç	0	0	0.0
			1)	açã	44	8117	0.0023813464
			2)	açõ	222	2345	6.879706E-4
			3)	aça	1287	271	7.950534E-5
			4)	aço	1411	215	6.307619E-5
		4)	ad	0	0	0.0
			1)	ado	48	7915	0.002322084
			2)	ade	72	6296	0.0018471057
			3)	ada	94	4936	0.0014481121
			4)	adã	954	476	1.3964776E-4
			5)	adi	1075	389	1.14123904E-4
			6)	adr	1218	302	8.860005E-5
			7)	adm	1309	259	7.598481E-5
		5)	am	0	0	0.0
			1)	ame	69	6397	0.0018767368
			2)	am_	127	3657	0.0010728821
			3)	amb	199	2499	7.3315075E-4
			4)	amo	253	2064	6.0553144E-4
			5)	ama	459	1187	3.4823926E-4
			6)	ami	1348	246	7.21709E-5
		6)	ai	0	0	0.0
			1)	ais	82	5526	0.0016212049
			2)	ain	660	788	2.3118159E-4
			3)	aio	845	559	1.639981E-4
			4)	ai_	1351	245	7.1877526E-5
		7)	al	0	0	0.0
			1)	al_	83	5510	0.0016165108
			2)	ali	179	2834	8.3143223E-4
			3)	alm	362	1479	4.3390554E-4
			4)	alt	449	1205	3.5352007E-4
			5)	alh	484	1146	3.3621077E-4
			6)	alg	504	1088	3.1919486E-4
			7)	ala	522	1051	3.083399E-4
			8)	alq	1026	421	1.2351199E-4
			9)	alo	1083	383	1.1236364E-4
			10)	ale	1163	337	9.8868266E-5
			11)	alé	1259	283	8.302587E-5
			12)	alv	1341	249	7.305104E-5
		8)	an	0	0	0.0
			1)	ant	84	5441	0.0015962678
			2)	and	234	2206	6.471911E-4
			3)	ano	363	1478	4.3361215E-4
			4)	anç	428	1233	3.6173462E-4
			5)	anc	581	914	2.6814718E-4
			6)	ani	618	854	2.5054452E-4
			7)	ans	656	796	2.3352861E-4
			8)	ana	870	540	1.5842392E-4
			9)	anh	926	493	1.4463518E-4
			10)	ane	1014	433	1.2703252E-4
			11)	anu	1449	202	5.9262286E-5
		9)	ao	0	0	0.0
			1)	ao_	183	2779	8.152965E-4
			2)	aos	488	1139	3.3415714E-4
		10)	at	0	0	0.0
			1)	ati	190	2632	7.7216997E-4
			2)	ate	379	1410	4.136625E-4
			3)	ata	456	1193	3.4999952E-4
			4)	até	469	1166	3.4207833E-4
			5)	ató	492	1131	3.3181012E-4
			6)	atr	716	708	2.0771137E-4
			7)	atu	741	673	1.9744315E-4
			8)	ato	761	647	1.8981534E-4
		11)	ac	0	0	0.0
			1)	act	251	2078	6.0963875E-4
			2)	aci	326	1635	4.7967245E-4
			3)	aco	445	1207	3.5410683E-4
			4)	ace	627	836	2.452637E-4
			5)	acç	895	516	1.5138286E-4
			6)	aca	1170	334	9.798814E-5
			7)	acr	1440	204	5.984904E-5
		12)	ap	0	0	0.0
			1)	apr	364	1473	4.3214526E-4
			2)	ape	498	1115	3.2711608E-4
			3)	apo	729	689	2.0213719E-4
			4)	apl	790	621	1.8218752E-4
			5)	apa	915	500	1.4668882E-4
			6)	api	1328	254	7.451792E-5
		13)	ab	0	0	0.0
			1)	aba	404	1307	3.834446E-4
			2)	abe	556	959	2.8134917E-4
			3)	abi	643	810	2.3763589E-4
			4)	abo	698	738	2.1651271E-4
			5)	abr	1310	259	7.598481E-5
		14)	aq	0	0	0.0
			1)	aqu	452	1197	3.5117305E-4
		15)	aí	0	0	0.0
			1)	aís	463	1177	3.4530548E-4
		16)	az	0	0	0.0
			1)	aze	576	922	2.704942E-4
			2)	az_	862	547	1.6047758E-4
			3)	azo	1294	268	7.8625206E-5
			4)	azã	1430	207	6.0729173E-5
		17)	av	0	0	0.0
			1)	ava	757	656	1.9245573E-4
			2)	ave	769	638	1.8717494E-4
			3)	avo	1077	387	1.1353715E-4
			4)	avi	1147	343	1.0062853E-4
			5)	avé	1295	267	7.833183E-5
			6)	avr	1336	251	7.363779E-5
		18)	ag	0	0	0.0
			1)	age	778	633	1.8570805E-4
			2)	agr	808	598	1.7543983E-4
			3)	ago	976	460	1.3495372E-4
			4)	aga	1439	204	5.984904E-5
		19)	au	0	0	0.0
			1)	aut	796	613	1.798405E-4
			2)	aus	923	495	1.4522193E-4
			3)	aum	1282	272	7.9798716E-5
		20)	af	0	0	0.0
			1)	afi	951	478	1.4023451E-4
			2)	afe	1395	222	6.512984E-5
		21)	aj	0	0	0.0
			1)	aju	1126	355	1.0414906E-4
	5)	ã	0	0	0.0
		1)	ão	0	0	0.0
			1)	ão_	5	24236	0.0071103005
			2)	ãos	896	515	1.510895E-4
	6)	q	0	0	0.0
		1)	qu	0	0	0.0
			1)	que	8	22420	0.0065775267
			2)	qua	136	3446	0.0010109794
			3)	qui	339	1562	4.5825588E-4
			4)	quê	1265	280	8.214574E-5
	7)	e	0	0	0.0
		1)	en	0	0	0.0
			1)	ent	10	21841	0.0064076614
			2)	enh	123	3697	0.0010846171
			3)	end	226	2270	6.6596724E-4
			4)	ens	294	1804	5.292533E-4
			5)	enc	377	1420	4.1659625E-4
			6)	env	410	1295	3.7992405E-4
			7)	ena	411	1290	3.7845716E-4
			8)	enç	520	1057	3.1010018E-4
			9)	eno	573	927	2.7196106E-4
			10)	ene	1037	416	1.220451E-4
			11)	enq	1382	230	6.747686E-5
		2)	es	0	0	0.0
			1)	es_	15	15443	0.004530631
			2)	est	27	12548	0.0036813028
			3)	ess	71	6351	0.0018632414
			4)	ese	121	3705	0.0010869642
			5)	esp	134	3492	0.0010244747
			6)	esa	402	1316	3.8608498E-4
			7)	esc	419	1261	3.699492E-4
			8)	esm	564	946	2.7753526E-4
			9)	eso	820	582	1.7074578E-4
			10)	esi	1017	431	1.2644577E-4
			11)	esu	1146	343	1.0062853E-4
			12)	esf	1188	318	9.329409E-5
			13)	esã	1360	239	7.0117254E-5
			14)	esd	1392	223	6.542321E-5
		3)	em	0	0	0.0
			1)	em_	25	12884	0.0037798777
			2)	emo	155	3135	9.197389E-4
			3)	emp	203	2467	7.2376267E-4
			4)	ema	288	1837	5.389347E-4
			5)	eme	432	1231	3.611479E-4
			6)	emb	717	707	2.07418E-4
		4)	er	0	0	0.0
			1)	er_	46	7974	0.0023393934
			2)	era	120	3764	0.0011042735
			3)	eri	172	2939	8.622369E-4
			4)	ere	184	2724	7.991607E-4
			5)	erm	346	1518	4.4534728E-4
			6)	erc	378	1418	4.160095E-4
			7)	erv	387	1368	4.0134063E-4
			8)	erá	400	1321	3.8755187E-4
			9)	ern	493	1128	3.3093E-4
			10)	ert	506	1086	3.1860813E-4
			11)	ero	518	1064	3.121538E-4
			12)	err	603	884	2.5934583E-4
			13)	erg	642	812	2.3822265E-4
			14)	ers	681	748	2.1944648E-4
			15)	erd	691	743	2.1797958E-4
			16)	erã	1040	414	1.21458346E-4
			17)	erê	1059	401	1.17644435E-4
			18)	erí	1142	346	1.0150867E-4
		5)	el	0	0	0.0
			1)	ela	98	4651	0.0013644994
			2)	el_	215	2382	6.988256E-4
			3)	ele	278	1873	5.494963E-4
			4)	elo	317	1678	4.922877E-4
			5)	elh	669	773	2.2678092E-4
			6)	eli	891	519	1.52263E-4
		6)	ec	0	0	0.0
			1)	ect	122	3699	0.001085204
			2)	ece	160	3059	8.974422E-4
			3)	eci	194	2586	7.586746E-4
			4)	eco	275	1906	5.591778E-4
			5)	ecu	679	751	2.203266E-4
			6)	ecç	948	479	1.4052789E-4
			7)	ecl	1300	265	7.774508E-5
		7)	ei	0	0	0.0
			1)	eit	153	3140	9.212058E-4
			2)	eir	209	2428	7.123209E-4
			3)	eia	557	958	2.8105578E-4
			4)	eis	601	885	2.5963923E-4
			5)	eio	730	688	2.0184382E-4
			6)	ei_	906	509	1.4932922E-4
			7)	eix	1097	374	1.0972324E-4
		8)	eg	0	0	0.0
			1)	egu	187	2661	7.806779E-4
			2)	egi	340	1557	4.5678898E-4
			3)	ega	438	1216	3.5674722E-4
			4)	ego	567	943	2.7665513E-4
			5)	egr	774	636	1.8658818E-4
		9)	ev	0	0	0.0
			1)	eve	193	2588	7.5926137E-4
			2)	evi	538	1018	2.9865844E-4
			3)	eva	773	636	1.8658818E-4
			4)	evo	1204	309	9.0653695E-5
		10)	eu	0	0	0.0
			1)	eu_	245	2119	6.2166725E-4
			2)	eur	467	1170	3.4325186E-4
			3)	eus	696	739	2.1680607E-4
		11)	ef	0	0	0.0
			1)	efe	274	1906	5.591778E-4
			2)	efi	607	875	2.5670545E-4
			3)	efo	838	567	1.6634513E-4
		12)	ed	0	0	0.0
			1)	edi	331	1588	4.658837E-4
			2)	eda	876	534	1.5666366E-4
			3)	ede	955	473	1.3876763E-4
			4)	edu	1255	285	8.361263E-5
		13)	eq	0	0	0.0
			1)	equ	424	1240	3.6378828E-4
		14)	ep	0	0	0.0
			1)	epu	426	1236	3.6261478E-4
			2)	epr	1003	439	1.2879279E-4
			3)	epe	1161	338	9.916165E-5
			4)	epo	1253	286	8.390601E-5
			5)	epa	1257	284	8.331925E-5
		15)	ej	0	0	0.0
			1)	eja	447	1206	3.5381343E-4
		16)	ex	0	0	0.0
			1)	exi	519	1057	3.1010018E-4
			2)	ext	653	800	2.3470212E-4
			3)	exe	672	763	2.2384715E-4
			4)	exp	699	736	2.1592595E-4
			5)	exc	984	451	1.3231332E-4
			6)	exa	1448	202	5.9262286E-5
		17)	et	0	0	0.0
			1)	ete	588	903	2.6492E-4
			2)	eta	865	543	1.5930407E-4
			3)	eti	919	498	1.4610207E-4
			4)	etu	1350	245	7.1877526E-5
			5)	eto	1402	220	6.4543085E-5
		18)	ez	0	0	0.0
			1)	ez_	635	824	2.4174318E-4
			2)	eza	1004	438	1.284994E-4
			3)	eze	1307	260	7.6278186E-5
		19)	ea	0	0	0.0
			1)	eal	682	748	2.1944648E-4
			2)	ead	1122	357	1.0473582E-4
		20)	eb	0	0	0.0
			1)	eba	731	685	2.0096368E-4
		21)	eç	0	0	0.0
			1)	eço	1129	353	1.03562306E-4
			2)	eça	1261	282	8.27325E-5
		22)	eo	0	0	0.0
			1)	eoc	1174	333	9.7694756E-5
		23)	ee	0	0	0.0
			1)	een	1340	249	7.305104E-5
	8)	u	0	0	0.0
		1)	ue	0	0	0.0
			1)	ue_	12	18704	0.0054873354
			2)	ues	361	1482	4.3478567E-4
			3)	uer	365	1466	4.3009163E-4
			4)	uem	1030	417	1.2233848E-4
			5)	uen	1100	372	1.0913648E-4
			6)	uel	1248	286	8.390601E-5
		2)	um	0	0	0.0
			1)	uma	66	6534	0.0019169295
			2)	um_	75	5865	0.0017206599
			3)	ume	586	904	2.652134E-4
			4)	umi	1267	278	8.155899E-5
		3)	ur	0	0	0.0
			1)	ura	164	3037	8.909879E-4
			2)	uro	336	1566	4.594294E-4
			3)	urs	960	469	1.3759412E-4
			4)	urí	1226	298	8.742654E-5
			5)	uri	1266	279	8.185236E-5
		4)	ua	0	0	0.0
			1)	ual	238	2194	6.4367056E-4
			2)	ua_	333	1578	4.6294992E-4
			3)	uan	429	1231	3.611479E-4
			4)	uas	608	873	2.5611868E-4
			5)	uaç	758	655	1.9216236E-4
			6)	uad	849	557	1.6341134E-4
			7)	uai	868	540	1.5842392E-4
			8)	uar	939	484	1.4199478E-4
		5)	ui	0	0	0.0
			1)	uit	286	1840	5.398149E-4
			2)	ui_	604	882	2.5875907E-4
			3)	uir	648	803	2.3558225E-4
			4)	uin	837	567	1.6634513E-4
			5)	uiç	935	486	1.4258154E-4
			6)	uil	986	450	1.3201994E-4
			7)	uid	1236	293	8.595965E-5
		6)	ut	0	0	0.0
			1)	uta	325	1635	4.7967245E-4
			2)	utr	473	1159	3.4002468E-4
			3)	uto	541	1002	2.939644E-4
			4)	utu	750	661	1.9392262E-4
			5)	uti	752	659	1.9333587E-4
		7)	un	0	0	0.0
			1)	und	329	1600	4.6940424E-4
			2)	uni	353	1499	4.3977308E-4
			3)	unt	468	1168	3.426651E-4
			4)	uns	788	621	1.8218752E-4
			5)	unc	867	540	1.5842392E-4
		8)	ul	0	0	0.0
			1)	ula	382	1393	4.0867506E-4
			2)	ult	510	1072	3.1450082E-4
			3)	ulo	941	483	1.417014E-4
			4)	ulh	1116	361	1.0590933E-4
		9)	uç	0	0	0.0
			1)	uçã	436	1224	3.5909424E-4
		10)	us	0	0	0.0
			1)	ust	554	961	2.819359E-4
			2)	us_	657	792	2.323551E-4
			3)	usa	998	439	1.2879279E-4
			4)	usi	1420	210	6.16093E-5
		11)	ud	0	0	0.0
			1)	udo	686	746	2.1885973E-4
			2)	uda	888	522	1.5314313E-4
			3)	ude	1186	321	9.4174226E-5
			4)	udi	1264	280	8.214574E-5
		12)	ug	0	0	0.0
			1)	uga	776	635	1.862948E-4
		13)	up	0	0	0.0
			1)	upo	873	536	1.5725041E-4
			2)	upa	989	449	1.3172656E-4
		14)	uz	0	0	0.0
			1)	uzi	1019	427	1.2527226E-4
		15)	ub	0	0	0.0
			1)	ubs	1153	339	9.945502E-5
		16)	uc	0	0	0.0
			1)	uco	1230	295	8.65464E-5
		17)	uí	0	0	0.0
			1)	uíd	1296	266	7.803845E-5
		18)	uê	0	0	0.0
			1)	uên	1302	263	7.715832E-5
		19)	uf	0	0	0.0
			1)	ufi	1416	212	6.2196064E-5
		20)	uv	0	0	0.0
			1)	uvi	1421	209	6.131593E-5
	9)	n	0	0	0.0
		1)	nt	0	0	0.0
			1)	nte	13	17087	0.005012944
			2)	nto	51	7488	0.0021968118
			3)	nta	85	5361	0.0015727975
			4)	ntr	117	3820	0.0011207026
			5)	nti	264	1990	5.838215E-4
			6)	ntu	1143	344	1.0092191E-4
			7)	ntá	1327	254	7.451792E-5
		2)	no	0	0	0.0
			1)	no_	81	5543	0.0016261922
			2)	nos	93	4945	0.0014507525
			3)	nov	497	1120	3.2858297E-4
			4)	nom	629	828	2.4291669E-4
			5)	nor	795	615	1.8042725E-4
		3)	nã	0	0	0.0
			1)	não	90	5064	0.0014856644
		4)	nc	0	0	0.0
			1)	nci	97	4726	0.0013865028
			2)	nce	423	1242	3.6437504E-4
			3)	nco	431	1231	3.611479E-4
			4)	ncl	798	611	1.7925374E-4
			5)	ncí	959	470	1.3788749E-4
			6)	ncr	1162	337	9.8868266E-5
			7)	nca	1270	277	8.126561E-5
		5)	na	0	0	0.0
			1)	na_	103	4151	0.0012178106
			2)	nas	282	1855	5.4421555E-4
			3)	nal	321	1658	4.8642015E-4
			4)	nad	574	926	2.716677E-4
			5)	nac	645	806	2.3646238E-4
			6)	nan	687	746	2.1885973E-4
			7)	nai	713	716	2.100584E-4
			8)	nar	783	627	1.8394778E-4
			9)	nam	962	467	1.3700736E-4
			10)	nat	996	442	1.2967292E-4
			11)	naç	1067	397	1.16470925E-4
		6)	nh	0	0	0.0
			1)	nho	145	3341	9.801748E-4
			2)	nha	323	1653	4.8495326E-4
			3)	nhe	743	672	1.9714978E-4
		7)	nd	0	0	0.0
			1)	ndo	163	3041	8.921614E-4
			2)	nde	200	2480	7.2757655E-4
			3)	nda	276	1896	5.56244E-4
			4)	ndi	454	1194	3.5029292E-4
			5)	ndu	1368	235	6.8943744E-5
		8)	ns	0	0	0.0
			1)	nst	279	1863	5.4656254E-4
			2)	nsi	461	1184	3.4735914E-4
			3)	nse	552	973	2.8545645E-4
			4)	nsa	562	947	2.7782863E-4
			5)	ns_	577	920	2.6990744E-4
			6)	nso	861	547	1.6047758E-4
			7)	nsp	1089	379	1.1119013E-4
			8)	nsu	1094	375	1.1001662E-4
			9)	nsá	1376	232	6.8063615E-5
			10)	nsc	1436	204	5.984904E-5
			11)	nsf	1447	202	5.9262286E-5
		9)	ne	0	0	0.0
			1)	nes	334	1570	4.606029E-4
			2)	nec	481	1147	3.3650416E-4
			3)	neg	1016	431	1.2644577E-4
			4)	nem	1195	314	9.212058E-5
			5)	nen	1198	313	9.1827205E-5
			6)	ner	1238	291	8.537289E-5
		10)	ni	0	0	0.0
			1)	nic	368	1453	4.2627772E-4
			2)	nit	811	591	1.7338619E-4
			3)	nid	826	576	1.6898553E-4
			4)	nif	914	500	1.4668882E-4
			5)	nio	975	460	1.3495372E-4
			6)	niz	999	439	1.2879279E-4
			7)	nis	1000	439	1.2879279E-4
			8)	niã	1115	362	1.0620271E-4
			9)	nim	1181	327	9.593449E-5
		11)	nç	0	0	0.0
			1)	nça	399	1321	3.8755187E-4
			2)	nçã	685	747	2.191531E-4
			3)	nçõ	1345	246	7.21709E-5
		12)	nv	0	0	0.0
			1)	nvo	458	1187	3.4823926E-4
			2)	nve	675	760	2.22967E-4
			3)	nvi	1298	266	7.803845E-5
		13)	nu	0	0	0.0
			1)	num	726	690	2.0243057E-4
			2)	nua	947	479	1.4052789E-4
			3)	nun	1281	273	8.00921E-5
		14)	ní	0	0	0.0
			1)	nív	742	672	1.9714978E-4
		15)	nó	0	0	0.0
			1)	nóm	793	616	1.8072063E-4
			2)	nós	990	449	1.3172656E-4
		16)	nf	0	0	0.0
			1)	nfo	937	486	1.4258154E-4
			2)	nfe	1246	287	8.419938E-5
			3)	nfi	1284	271	7.950534E-5
			4)	nfr	1390	224	6.5716595E-5
		17)	nq	0	0	0.0
			1)	nqu	1092	377	1.10603374E-4
		18)	nj	0	0	0.0
			1)	nju	1177	330	9.681462E-5
		19)	nú	0	0	0.0
			1)	núm	1322	256	7.5104675E-5
		20)	ná	0	0	0.0
			1)	nár	1410	215	6.307619E-5
		21)	ng	0	0	0.0
			1)	nge	1437	204	5.984904E-5
	10)	t	0	0	0.0
		1)	te	0	0	0.0
			1)	te_	16	15160	0.004447605
			2)	ter	73	6105	0.0017910706
			3)	tem	130	3590	0.0010532257
			4)	tes	156	3114	9.1357797E-4
			5)	ten	182	2804	8.2263094E-4
			6)	tec	612	861	2.5259814E-4
			7)	teg	1008	435	1.2761928E-4
			8)	tei	1049	407	1.194047E-4
			9)	tex	1140	346	1.0150867E-4
		2)	to	0	0	0.0
			1)	to_	22	13119	0.0038488214
			2)	tos	115	3845	0.001128037
			3)	tod	260	2012	5.902758E-4
			4)	tor	261	2007	5.888089E-4
			5)	tom	732	684	2.0067031E-4
			6)	tou	825	576	1.6898553E-4
			7)	tot	1425	207	6.0729173E-5
		3)	ta	0	0	0.0
			1)	ta_	58	6745	0.0019788323
			2)	tar	102	4411	0.0012940888
			3)	tam	119	3789	0.0011116079
			4)	tad	157	3106	9.11231E-4
			5)	tan	191	2630	7.7158323E-4
			6)	tas	217	2378	6.9765205E-4
			7)	tal	357	1493	4.3801282E-4
			8)	taç	421	1250	3.6672206E-4
			9)	tai	815	586	1.719193E-4
			10)	tab	921	496	1.4551531E-4
			11)	tat	995	442	1.2967292E-4
		4)	tr	0	0	0.0
			1)	tra	74	5964	0.0017497042
			2)	tro	244	2121	6.22254E-4
			3)	tre	375	1423	4.1747637E-4
			4)	tri	451	1197	3.5117305E-4
			5)	tru	599	887	2.6022596E-4
			6)	trá	1293	268	7.8625206E-5
		5)	ti	0	0	0.0
			1)	tiv	89	5147	0.0015100148
			2)	tic	125	3685	0.0010810966
			3)	tid	415	1277	3.7464325E-4
			4)	tin	500	1110	3.256492E-4
			5)	tim	512	1069	3.136207E-4
			6)	tit	517	1064	3.121538E-4
			7)	tir	532	1032	3.0276572E-4
			8)	til	765	642	1.8834845E-4
			9)	tig	884	526	1.5431664E-4
			10)	tip	1148	341	1.00041776E-4
			11)	tif	1217	302	8.860005E-5
			12)	tis	1320	256	7.5104675E-5
		6)	tu	0	0	0.0
			1)	tur	246	2114	6.2020036E-4
			2)	tua	372	1434	4.2070355E-4
			3)	tud	587	904	2.652134E-4
			4)	tui	753	659	1.9333587E-4
			5)	tun	1279	273	8.00921E-5
			6)	tul	1325	254	7.451792E-5
		7)	tã	0	0	0.0
			1)	tão	284	1851	5.43042E-4
		8)	tó	0	0	0.0
			1)	tór	371	1435	4.2099692E-4
		9)	tá	0	0	0.0
			1)	tá_	683	748	2.1944648E-4
			2)	tár	704	728	2.1357893E-4
			3)	táv	1167	334	9.798814E-5
		10)	té	0	0	0.0
			1)	tér	755	657	1.9274911E-4
			2)	té_	1021	426	1.2497888E-4
			3)	tég	1353	244	7.1584145E-5
		11)	tâ	0	0	0.0
			1)	tân	885	525	1.5402326E-4
		12)	tê	0	0	0.0
			1)	têm	1086	380	1.114835E-4
			2)	tên	1139	346	1.0150867E-4
		13)	tõ	0	0	0.0
			1)	tõe	1101	372	1.0913648E-4
	11)	m	0	0	0.0
		1)	me	0	0	0.0
			1)	men	20	13451	0.003946223
			2)	me_	348	1513	4.438804E-4
			3)	mer	450	1199	3.517598E-4
			4)	mes	470	1165	3.4178497E-4
			5)	mei	516	1065	3.124472E-4
			6)	med	639	816	2.3939616E-4
			7)	mel	766	641	1.8805507E-4
			8)	meu	902	512	1.5020935E-4
			9)	mea	1095	375	1.1001662E-4
			10)	met	1190	317	9.3000715E-5
			11)	mem	1268	278	8.155899E-5
		2)	ma	0	0	0.0
			1)	ma_	41	8770	0.002572922
			2)	mas	128	3620	0.0010620271
			3)	mai	168	2990	8.7719917E-4
			4)	man	344	1532	4.4945456E-4
			5)	mar	546	985	2.8897697E-4
			6)	mat	689	745	2.1856635E-4
			7)	maç	806	600	1.7602659E-4
			8)	mad	913	501	1.469822E-4
			9)	mam	1343	247	7.246428E-5
		3)	mo	0	0	0.0
			1)	mos	62	6636	0.001946854
			2)	mo_	104	4151	0.0012178106
			3)	mod	694	739	2.1680607E-4
			4)	mon	883	528	1.5490339E-4
			5)	moc	1125	355	1.0414906E-4
			6)	mom	1183	326	9.564111E-5
			7)	mot	1285	271	7.950534E-5
			8)	mor	1381	230	6.747686E-5
		4)	mp	0	0	0.0
			1)	mpr	257	2049	6.0113077E-4
			2)	mpo	266	1979	5.8059435E-4
			3)	mpl	434	1230	3.608545E-4
			4)	mpe	646	806	2.3646238E-4
			5)	mpa	971	462	1.3554047E-4
		5)	mb	0	0	0.0
			1)	mbé	292	1822	5.3453405E-4
			2)	mbi	533	1030	3.02179E-4
			3)	mbr	1251	286	8.390601E-5
			4)	mbo	1290	270	7.921196E-5
			5)	mba	1333	252	7.3931165E-5
			6)	mbl	1434	205	6.0142418E-5
		6)	mu	0	0	0.0
			1)	mui	306	1738	5.098903E-4
			2)	mun	391	1356	3.9782008E-4
			3)	mul	779	632	1.8541467E-4
			4)	mum	1199	313	9.1827205E-5
		7)	mi	0	0	0.0
			1)	min	316	1680	4.928744E-4
			2)	mit	529	1041	3.0540614E-4
			3)	mic	695	739	2.1680607E-4
			4)	mis	749	662	1.94216E-4
			5)	mil	866	542	1.5901068E-4
			6)	mid	1192	315	9.241396E-5
			7)	mia	1286	271	7.950534E-5
		8)	mí	0	0	0.0
			1)	mín	994	443	1.299663E-4
	12)	ç	0	0	0.0
		1)	çã	0	0	0.0
			1)	ção	28	12360	0.0036261478
		2)	çõ	0	0	0.0
			1)	çõe	113	3857	0.0011315576
		3)	ça	0	0	0.0
			1)	ça_	390	1363	3.9987374E-4
			2)	çar	1018	428	1.2556564E-4
			3)	çam	1113	362	1.0620271E-4
			4)	ças	1187	320	9.3880844E-5
		4)	ço	0	0	0.0
			1)	ço_	654	799	2.3440874E-4
			2)	ços	791	619	1.8160076E-4
	13)	c	0	0	0.0
		1)	co	0	0	0.0
			1)	con	30	12217	0.0035841947
			2)	com	35	10308	0.0030241369
			3)	cor	229	2233	6.5511226E-4
			4)	co_	262	2002	5.873421E-4
			5)	col	381	1395	4.0926182E-4
			6)	cos	485	1141	3.347439E-4
			7)	coo	927	492	1.443418E-4
			8)	coe	1203	310	9.094707E-5
			9)	coi	1361	239	7.0117254E-5
		2)	ci	0	0	0.0
			1)	cia	59	6713	0.001969444
			2)	cio	198	2511	7.3667127E-4
			3)	cid	359	1489	4.3683933E-4
			4)	cis	433	1231	3.611479E-4
			5)	cie	677	758	2.2238026E-4
			6)	cim	770	638	1.8717494E-4
			7)	cip	818	585	1.7162593E-4
			8)	cit	974	462	1.3554047E-4
			9)	cil	1136	350	1.0268218E-4
			10)	cin	1399	221	6.483646E-5
		3)	ca	0	0	0.0
			1)	ca_	124	3687	0.0010816833
			2)	cas	237	2196	6.442573E-4
			3)	cad	314	1698	4.9815525E-4
			4)	car	318	1676	4.9170095E-4
			5)	caç	560	949	2.784154E-4
			6)	cam	703	729	2.138723E-4
			7)	can	807	600	1.7602659E-4
			8)	cap	1005	437	1.2820603E-4
			9)	cal	1074	390	1.1441728E-4
			10)	cau	1127	354	1.0385569E-4
			11)	cat	1128	354	1.0385569E-4
			12)	cab	1209	306	8.977356E-5
			13)	cai	1358	240	7.0410635E-5
			14)	caz	1450	201	5.8968908E-5
		4)	ct	0	0	0.0
			1)	cto	210	2423	7.10854E-4
			2)	cti	263	1992	5.844083E-4
			3)	ctu	775	636	1.8658818E-4
			4)	cta	819	583	1.7103917E-4
		5)	ce	0	0	0.0
			1)	ces	248	2108	6.184401E-4
			2)	cer	280	1863	5.4656254E-4
			3)	cei	480	1148	3.3679753E-4
			4)	cen	584	906	2.6580013E-4
			5)	ce_	734	680	1.994968E-4
			6)	ced	834	571	1.6751864E-4
			7)	cem	1372	234	6.865037E-5
		6)	cu	0	0	0.0
			1)	cul	396	1342	3.937128E-4
			2)	cur	692	743	2.1797958E-4
			3)	cup	932	489	1.4346167E-4
			4)	cus	993	444	1.3025968E-4
			5)	cum	1033	417	1.2233848E-4
			6)	cut	1445	203	5.9555663E-5
		7)	cr	0	0	0.0
			1)	cri	448	1205	3.5352007E-4
			2)	cre	523	1050	3.0804652E-4
			3)	cra	1303	263	7.715832E-5
		8)	cl	0	0	0.0
			1)	cla	543	995	2.9191075E-4
			2)	clu	668	774	2.270743E-4
		9)	cç	0	0	0.0
			1)	cçã	670	771	2.2619417E-4
			2)	cçõ	1324	256	7.5104675E-5
		10)	cí	0	0	0.0
			1)	cíp	940	484	1.4199478E-4
		11)	ch	0	0	0.0
			1)	che	1080	385	1.12950394E-4
			2)	cha	1185	322	9.44676E-5
	14)	r	0	0	0.0
		1)	ra	0	0	0.0
			1)	ra_	36	10205	0.002993919
			2)	ran	151	3193	9.367548E-4
			3)	ram	154	3137	9.203257E-4
			4)	raç	224	2309	6.77409E-4
			5)	rad	296	1796	5.269062E-4
			6)	rat	341	1552	4.553221E-4
			7)	rar	343	1550	4.5473536E-4
			8)	ras	354	1498	4.394797E-4
			9)	ral	499	1112	3.2623595E-4
			10)	rab	503	1095	3.2124852E-4
			11)	rav	751	660	1.9362924E-4
			12)	raz	786	624	1.8306765E-4
			13)	rac	934	488	1.4316829E-4
			14)	rai	1109	365	1.07082844E-4
			15)	rap	1272	276	8.097223E-5
		2)	re	0	0	0.0
			1)	res	38	9125	0.002677071
			2)	rec	105	4109	0.0012054887
			3)	re_	143	3348	9.822283E-4
			4)	rel	177	2858	8.384733E-4
			5)	reg	197	2531	7.4253883E-4
			6)	rem	258	2036	5.973169E-4
			7)	ref	272	1917	5.624049E-4
			8)	rei	373	1433	4.2041016E-4
			9)	ret	430	1231	3.611479E-4
			10)	ren	455	1193	3.4999952E-4
			11)	rea	483	1146	3.3621077E-4
			12)	rev	539	1016	2.9807168E-4
			13)	rep	610	867	2.5435843E-4
			14)	red	842	560	1.6429149E-4
			15)	reo	1133	350	1.0268218E-4
			16)	ree	1219	301	8.830667E-5
			17)	rez	1256	284	8.331925E-5
			18)	req	1413	214	6.278282E-5
			19)	rer	1441	203	5.9555663E-5
		3)	ri	0	0	0.0
			1)	ria	79	5651	0.0016578771
			2)	rio	110	3914	0.0011482801
			3)	rim	482	1146	3.3621077E-4
			4)	rig	575	924	2.7108093E-4
			5)	rid	578	918	2.6932068E-4
			6)	rin	609	867	2.5435843E-4
			7)	rit	673	762	2.2355377E-4
			8)	rib	721	700	2.0536435E-4
			9)	ris	722	699	2.0507097E-4
			10)	rie	822	580	1.7015904E-4
			11)	ric	904	511	1.4991597E-4
			12)	rif	1118	359	1.0532257E-4
			13)	rir	1123	356	1.0444244E-4
			14)	riz	1191	316	9.2707334E-5
		4)	ro	0	0	0.0
			1)	ro_	142	3382	9.922032E-4
			2)	rop	211	2417	7.0909376E-4
			3)	ros	271	1923	5.6416524E-4
			4)	roc	443	1208	3.544002E-4
			5)	rog	540	1008	2.9572466E-4
			6)	rov	625	838	2.4585048E-4
			7)	rob	759	650	1.9069547E-4
			8)	rod	800	608	1.7837361E-4
			9)	rom	801	604	1.772001E-4
			10)	rol	851	556	1.6311798E-4
			11)	rot	924	494	1.4492856E-4
			12)	rof	1009	435	1.2761928E-4
			13)	roj	1048	408	1.1969808E-4
			14)	ron	1091	377	1.10603374E-4
		5)	rm	0	0	0.0
			1)	rma	202	2469	7.243494E-4
			2)	rmo	486	1139	3.3415714E-4
			3)	rmi	589	902	2.6462664E-4
			4)	rme	805	600	1.7602659E-4
		6)	rt	0	0	0.0
			1)	rta	283	1854	5.439221E-4
			2)	rte	383	1384	4.0603467E-4
			3)	rti	388	1364	4.001671E-4
			4)	rtu	824	578	1.6957227E-4
			5)	rto	952	477	1.3994114E-4
			6)	rtâ	1271	276	8.097223E-5
		7)	rá	0	0	0.0
			1)	rá_	289	1829	5.3658773E-4
			2)	rát	1073	390	1.1441728E-4
			3)	rár	1414	213	6.248944E-5
		8)	rd	0	0	0.0
			1)	rda	453	1195	3.5058628E-4
			2)	rdo	702	729	2.138723E-4
			3)	rde	738	676	1.983233E-4
		9)	rn	0	0	0.0
			1)	rna	569	939	2.754816E-4
			2)	rno	789	621	1.8218752E-4
		10)	rr	0	0	0.0
			1)	rre	611	864	2.534783E-4
			2)	rra	1012	434	1.273259E-4
			3)	rrê	1194	314	9.212058E-5
			4)	rro	1249	286	8.390601E-5
			5)	rri	1280	273	8.00921E-5
		11)	rê	0	0	0.0
			1)	rên	634	824	2.4174318E-4
		12)	rc	0	0	0.0
			1)	rca	658	791	2.3206172E-4
			2)	rce	897	515	1.510895E-4
			3)	rci	1084	382	1.1207026E-4
			4)	rcu	1388	225	6.600997E-5
		13)	rg	0	0	0.0
			1)	rga	740	673	1.9744315E-4
			2)	rgu	848	558	1.6370472E-4
			3)	rgi	1321	256	7.5104675E-5
		14)	rã	0	0	0.0
			1)	rão	763	644	1.889352E-4
		15)	rv	0	0	0.0
			1)	rvi	768	638	1.8717494E-4
			2)	rve	1093	375	1.1001662E-4
			3)	rva	1108	366	1.0737622E-4
		16)	rs	0	0	0.0
			1)	rso	835	570	1.6722525E-4
			2)	rse	981	454	1.3319345E-4
		17)	rç	0	0	0.0
			1)	rça	856	551	1.6165109E-4
			2)	rço	1168	334	9.798814E-5
		18)	rq	0	0	0.0
			1)	rqu	878	531	1.5578353E-4
		19)	ru	0	0	0.0
			1)	rup	901	514	1.5079611E-4
			2)	rut	1011	434	1.273259E-4
			3)	rum	1311	258	7.569143E-5
		20)	ró	0	0	0.0
			1)	róp	936	486	1.4258154E-4
			2)	róx	1180	327	9.593449E-5
		21)	rí	0	0	0.0
			1)	ríd	1331	253	7.422455E-5
			2)	ría	1357	240	7.0410635E-5
			3)	río	1404	219	6.42497E-5
	15)	s	0	0	0.0
		1)	st	0	0	0.0
			1)	sta	39	8899	0.0026107677
			2)	ste	99	4486	0.0013160921
			3)	str	205	2462	7.222958E-4
			4)	sti	213	2388	7.0058584E-4
			5)	sto	295	1803	5.289599E-4
			6)	stã	369	1446	4.2422407E-4
			7)	stá	622	842	2.4702397E-4
			8)	stõ	1107	367	1.076696E-4
			9)	stu	1419	211	6.190268E-5
		2)	se	0	0	0.0
			1)	se_	47	7955	0.0023338192
			2)	sen	67	6447	0.0018914057
			3)	ser	112	3903	0.001145053
			4)	seg	233	2213	6.4924476E-4
			5)	ses	291	1823	5.348275E-4
			6)	sem	304	1747	5.1253074E-4
			7)	seu	441	1211	3.5528032E-4
			8)	sej	472	1163	3.411982E-4
			9)	sec	918	498	1.4610207E-4
			10)	seq	1154	339	9.945502E-5
			11)	sei	1244	288	8.449276E-5
		3)	so	0	0	0.0
			1)	so_	101	4445	0.0013040636
			2)	sob	254	2058	6.037712E-4
			3)	sos	395	1343	3.9400617E-4
			4)	sol	414	1282	3.7611014E-4
			5)	soc	477	1150	3.373843E-4
			6)	soa	858	549	1.6106432E-4
		4)	ss	0	0	0.0
			1)	sso	107	4064	0.0011922867
			2)	ssa	148	3285	9.637456E-4
			3)	sse	165	3033	8.898144E-4
			4)	ssi	290	1826	5.357076E-4
			5)	ssã	733	681	1.9979017E-4
			6)	ssá	762	646	1.8952196E-4
			7)	ssí	828	575	1.6869215E-4
			8)	ssu	829	574	1.6839876E-4
		5)	sã	0	0	0.0
			1)	são	161	3051	8.950952E-4
		6)	sa	0	0	0.0
			1)	sa_	170	2970	8.713316E-4
			2)	sas	366	1463	4.292115E-4
			3)	sab	638	817	2.3968953E-4
			4)	sar	666	780	2.2883456E-4
			5)	sam	718	704	2.0653786E-4
			6)	sad	909	506	1.484491E-4
			7)	sal	1105	370	1.0854973E-4
			8)	sat	1396	221	6.483646E-5
			9)	san	1409	215	6.307619E-5
		7)	sp	0	0	0.0
			1)	spe	176	2873	8.42874E-4
			2)	spo	309	1718	5.040228E-4
			3)	spa	1103	371	1.0884311E-4
		8)	si	0	0	0.0
			1)	sid	311	1709	5.013824E-4
			2)	sit	465	1170	3.4325186E-4
			3)	sim	537	1018	2.9865844E-4
			4)	sis	596	895	2.6257298E-4
			5)	siç	709	720	2.112319E-4
			6)	sig	908	506	1.484491E-4
			7)	siv	1061	400	1.1735106E-4
			8)	sin	1102	372	1.0913648E-4
			9)	sib	1178	328	9.6227865E-5
			10)	sia	1408	215	6.307619E-5
		9)	su	0	0	0.0
			1)	sua	335	1569	4.6030953E-4
			2)	sub	781	630	1.8482792E-4
			3)	sul	968	463	1.3583385E-4
			4)	sum	1078	385	1.12950394E-4
			5)	sup	1213	303	8.889343E-5
			6)	sus	1228	296	8.6839784E-5
			7)	sun	1297	266	7.803845E-5
			8)	suf	1393	222	6.512984E-5
		10)	sm	0	0	0.0
			1)	smo	478	1150	3.373843E-4
			2)	sma	1378	231	6.7770234E-5
		11)	sí	0	0	0.0
			1)	sív	745	666	1.9538951E-4
		12)	sá	0	0	0.0
			1)	sár	746	666	1.9538951E-4
			2)	sáv	1380	230	6.747686E-5
		13)	sc	0	0	0.0
			1)	sca	847	558	1.6370472E-4
			2)	sco	963	466	1.3671398E-4
			3)	sci	1015	431	1.2644577E-4
			4)	scr	1114	362	1.0620271E-4
			5)	scu	1132	350	1.0268218E-4
			6)	sce	1289	270	7.921196E-5
		14)	sõ	0	0	0.0
			1)	sõe	859	548	1.6077096E-4
		15)	só	0	0	0.0
			1)	só_	930	489	1.4346167E-4
		16)	sl	0	0	0.0
			1)	sla	1121	357	1.0473582E-4
		17)	sf	0	0	0.0
			1)	sfo	1182	326	9.564111E-5
		18)	sd	0	0	0.0
			1)	sde	1373	233	6.835699E-5
		19)	sq	0	0	0.0
			1)	squ	1407	215	6.307619E-5
	16)	i	0	0	0.0
		1)	ia	0	0	0.0
			1)	ia_	40	8852	0.002596979
			2)	ias	247	2114	6.2020036E-4
			3)	ial	307	1737	5.0959695E-4
			4)	iar	615	859	2.520114E-4
			5)	iaç	707	723	2.1211203E-4
			6)	iam	710	720	2.112319E-4
			7)	iad	728	689	2.0213719E-4
			8)	iai	843	560	1.6429149E-4
			9)	iat	854	553	1.6223783E-4
			10)	ian	1045	411	1.2057821E-4
		2)	id	0	0	0.0
			1)	ida	50	7640	0.0022414052
			2)	ido	181	2811	8.2468457E-4
			3)	ide	313	1704	4.999155E-4
			4)	idi	1157	339	9.945502E-5
		3)	is	0	0	0.0
			1)	is_	55	7258	0.002129335
			2)	ist	116	3834	0.0011248098
			3)	iss	269	1928	5.656321E-4
			4)	isa	632	826	2.4232993E-4
			5)	isc	690	745	2.1856635E-4
			6)	isp	697	738	2.1651271E-4
			7)	isã	869	540	1.5842392E-4
			8)	ism	911	503	1.4756895E-4
			9)	isl	1119	359	1.0532257E-4
			10)	ise	1193	315	9.241396E-5
			11)	iso	1200	313	9.1827205E-5
			12)	isi	1418	212	6.2196064E-5
			13)	isõ	1428	207	6.0729173E-5
		4)	ic	0	0	0.0
			1)	ica	57	7143	0.0020955966
			2)	ico	228	2239	6.568725E-4
			3)	ici	242	2133	6.257745E-4
			4)	icu	860	548	1.6077096E-4
		5)	io	0	0	0.0
			1)	io_	95	4772	0.0013999981
			2)	ion	235	2199	6.4513745E-4
			3)	ios	252	2074	6.084652E-4
			4)	ior	475	1153	3.3826442E-4
		6)	it	0	0	0.0
			1)	ito	96	4757	0.0013955975
			2)	ita	173	2925	8.581296E-4
			3)	itu	312	1706	5.0050224E-4
			4)	iti	559	949	2.784154E-4
			5)	itá	711	719	2.1093852E-4
			6)	ite	983	451	1.3231332E-4
		7)	iv	0	0	0.0
			1)	iva	147	3292	9.657992E-4
			2)	ivo	298	1789	5.248526E-4
			3)	ive	650	802	2.3528887E-4
			4)	ivi	777	635	1.862948E-4
		8)	im	0	0	0.0
			1)	ime	150	3209	9.4144884E-4
			2)	imp	219	2363	6.932514E-4
			3)	imo	534	1025	3.007121E-4
			4)	im_	545	986	2.8927036E-4
			5)	ima	553	965	2.8310943E-4
			6)	imi	605	878	2.5758558E-4
		9)	in	0	0	0.0
			1)	int	166	2996	8.789594E-4
			2)	ina	214	2384	6.994123E-4
			3)	ind	270	1924	5.644586E-4
			4)	inc	315	1685	4.943413E-4
			5)	ini	349	1512	4.43587E-4
			6)	ins	464	1175	3.4471872E-4
			7)	inh	513	1068	3.1332733E-4
			8)	inf	678	756	2.217935E-4
			9)	inu	886	525	1.5402326E-4
			10)	inv	991	447	1.3113981E-4
			11)	ing	1057	402	1.17937816E-4
			12)	ino	1145	343	1.0062853E-4
			13)	ine	1156	339	9.945502E-5
		10)	ir	0	0	0.0
			1)	ir_	189	2647	7.7657064E-4
			2)	ire	301	1776	5.210387E-4
			3)	ira	356	1494	4.383062E-4
			4)	iro	392	1355	3.9752672E-4
			5)	irm	912	502	1.4727558E-4
			6)	iri	1069	396	1.1617755E-4
			7)	irá	1242	290	8.507952E-5
		11)	iz	0	0	0.0
			1)	iza	230	2231	6.5452553E-4
			2)	ize	688	746	2.1885973E-4
			3)	iz_	1371	234	6.865037E-5
		12)	il	0	0	0.0
			1)	ili	249	2096	6.149195E-4
			2)	ilh	853	553	1.6223783E-4
			3)	il_	1025	421	1.2351199E-4
			4)	ilo	1098	373	1.09429864E-4
		13)	ie	0	0	0.0
			1)	ien	376	1420	4.1659625E-4
			2)	ied	1036	416	1.220451E-4
		14)	if	0	0	0.0
			1)	ifi	384	1377	4.0398102E-4
			2)	ife	817	585	1.7162593E-4
		15)	iç	0	0	0.0
			1)	içã	490	1131	3.3181012E-4
			2)	içõ	647	804	2.3587563E-4
			3)	iço	903	512	1.5020935E-4
			4)	iça	1432	206	6.0435796E-5
		16)	ig	0	0	0.0
			1)	igo	585	905	2.6550677E-4
			2)	iga	659	789	2.3147496E-4
			3)	igu	874	536	1.5725041E-4
			4)	ign	931	489	1.4346167E-4
			5)	igi	1144	344	1.0092191E-4
			6)	ige	1276	274	8.038548E-5
		17)	iã	0	0	0.0
			1)	ião	719	701	2.0565774E-4
		18)	ib	0	0	0.0
			1)	ibu	723	695	2.0389746E-4
			2)	ibi	787	624	1.8306765E-4
			3)	ibe	1117	360	1.0561595E-4
		19)	ip	0	0	0.0
			1)	ipa	872	537	1.575438E-4
			2)	ipo	1232	295	8.65464E-5
		20)	iõ	0	0	0.0
			1)	iõe	949	478	1.4023451E-4
		21)	iu	0	0	0.0
			1)	iu_	1063	400	1.1735106E-4
		22)	ix	0	0	0.0
			1)	ixa	1072	391	1.1471066E-4
		23)	iê	0	0	0.0
			1)	iên	1197	314	9.212058E-5
		24)	iq	0	0	0.0
			1)	iqu	1451	200	5.867553E-5
	17)	p	0	0	0.0
		1)	pa	0	0	0.0
			1)	par	43	8585	0.0025186471
			2)	paí	466	1170	3.4325186E-4
			3)	pas	663	784	2.3000807E-4
			4)	paç	871	538	1.5783717E-4
			5)	pal	1027	419	1.2292524E-4
			6)	pan	1165	335	9.828151E-5
			7)	pac	1175	332	9.7401375E-5
			8)	paz	1274	274	8.038548E-5
			9)	pap	1283	271	7.950534E-5
		2)	pr	0	0	0.0
			1)	pro	53	7393	0.0021689408
			2)	pre	68	6410	0.0018805508
			3)	pri	196	2551	7.484064E-4
			4)	pró	636	822	2.4115642E-4
			5)	pra	1065	399	1.1705768E-4
			6)	prá	1417	212	6.2196064E-5
		3)	po	0	0	0.0
			1)	por	63	6567	0.001926611
			2)	pos	100	4484	0.0013155054
			3)	pol	241	2137	6.26948E-4
			4)	pod	259	2024	5.937964E-4
			5)	pon	300	1780	5.222122E-4
			6)	poi	444	1207	3.5410683E-4
			7)	po_	558	953	2.795889E-4
			8)	pou	1070	392	1.1500403E-4
			9)	pop	1394	222	6.512984E-5
		4)	pe	0	0	0.0
			1)	per	108	3976	0.0011664695
			2)	pel	175	2885	8.463945E-4
			3)	pen	250	2079	6.099321E-4
			4)	pec	385	1375	4.0339425E-4
			5)	pei	417	1273	3.7346975E-4
			6)	pes	495	1124	3.2975647E-4
			7)	pet	922	495	1.4522193E-4
			8)	peu	944	481	1.4111465E-4
			9)	ped	1068	396	1.1617755E-4
		5)	pu	0	0	0.0
			1)	put	425	1238	3.632015E-4
			2)	pul	1210	305	8.9480185E-5
		6)	pl	0	0	0.0
			1)	pli	579	918	2.6932068E-4
			2)	ple	671	765	2.244339E-4
			3)	plo	841	561	1.6458485E-4
			4)	pla	978	457	1.3407359E-4
		7)	pi	0	0	0.0
			1)	pio	879	531	1.5578353E-4
			2)	pin	1179	328	9.6227865E-5
			3)	pid	1389	224	6.5716595E-5
		8)	pú	0	0	0.0
			1)	púb	1022	425	1.246855E-4
		9)	pt	0	0	0.0
			1)	pta	1365	237	6.95305E-5
		10)	põ	0	0	0.0
			1)	põe	1374	233	6.835699E-5
		11)	pó	0	0	0.0
			1)	pós	1426	207	6.0729173E-5
		12)	pç	0	0	0.0
			1)	pçã	1427	207	6.0729173E-5
	18)	õ	0	0	0.0
		1)	õe	0	0	0.0
			1)	ões	78	5672	0.001664038
	19)	f	0	0	0.0
		1)	fo	0	0	0.0
			1)	for	126	3681	0.0010799231
			2)	foi	600	886	2.599326E-4
		2)	fi	0	0	0.0
			1)	fic	185	2707	7.941733E-4
			2)	fin	393	1353	3.9693995E-4
			3)	fir	950	478	1.4023451E-4
			4)	fim	1227	298	8.742654E-5
		3)	fe	0	0	0.0
			1)	fer	297	1793	5.260261E-4
			2)	fei	674	761	2.2326039E-4
			3)	fec	905	510	1.496226E-4
			4)	fes	1044	412	1.2087159E-4
			5)	fel	1308	259	7.598481E-5
			6)	fen	1335	251	7.363779E-5
		4)	fu	0	0	0.0
			1)	fun	491	1131	3.3181012E-4
			2)	fut	1169	334	9.798814E-5
		5)	fa	0	0	0.0
			1)	fac	524	1048	3.0745976E-4
			2)	faz	535	1023	3.0012534E-4
			3)	fal	833	572	1.6781202E-4
			4)	fav	1090	378	1.1089675E-4
			5)	fas	1344	247	7.246428E-5
		6)	fr	0	0	0.0
			1)	fra	1043	412	1.2087159E-4
			2)	fre	1252	286	8.390601E-5
			3)	fro	1305	261	7.657157E-5
		7)	fí	0	0	0.0
			1)	fíc	1347	246	7.21709E-5
		8)	fl	0	0	0.0
			1)	fle	1349	245	7.1877526E-5
	20)	v	0	0	0.0
		1)	ve	0	0	0.0
			1)	ver	135	3463	0.0010159668
			2)	vel	207	2454	7.1994873E-4
			3)	ve_	460	1186	3.479459E-4
			4)	ven	525	1047	3.071664E-4
			5)	vez	594	896	2.6286638E-4
			6)	vei	651	801	2.3499549E-4
			7)	vem	661	787	2.3088821E-4
			8)	ves	767	638	1.8717494E-4
		2)	va	0	0	0.0
			1)	va_	225	2287	6.709547E-4
			2)	vam	494	1124	3.2975647E-4
			3)	vas	561	948	2.78122E-4
			4)	val	813	588	1.7250606E-4
			5)	vad	846	558	1.6370472E-4
			6)	van	1041	412	1.2087159E-4
			7)	var	1051	405	1.18817945E-4
			8)	vaç	1216	302	8.860005E-5
			9)	vai	1367	235	6.8943744E-5
		3)	vi	0	0	0.0
			1)	vid	308	1725	5.0607644E-4
			2)	vis	427	1233	3.6173462E-4
			3)	vim	633	824	2.4174318E-4
			4)	via	832	572	1.6781202E-4
			5)	viç	967	464	1.3612723E-4
			6)	vio	1088	379	1.1119013E-4
			7)	vir	1172	333	9.7694756E-5
			8)	vin	1278	273	8.00921E-5
			9)	viv	1391	223	6.542321E-5
			10)	vit	1401	220	6.4543085E-5
		4)	vo	0	0	0.0
			1)	vo_	332	1586	4.6529694E-4
			2)	vol	352	1504	4.4123997E-4
			3)	vos	476	1152	3.3797105E-4
			4)	vot	977	457	1.3407359E-4
			5)	vor	1054	404	1.1852457E-4
		5)	vé	0	0	0.0
			1)	vés	1247	286	8.390601E-5
		6)	vá	0	0	0.0
			1)	vár	1330	253	7.422455E-5
		7)	vr	0	0	0.0
			1)	vra	1332	252	7.3931165E-5
	21)	h	0	0	0.0
		1)	ho	0	0	0.0
			1)	hor	138	3426	0.0010051118
			2)	ho_	501	1108	3.2506243E-4
			3)	hoj	929	490	1.4375505E-4
			4)	hos	1240	291	8.537289E-5
		2)	ha	0	0	0.0
			1)	ha_	527	1045	3.0657963E-4
			2)	ham	794	616	1.8072063E-4
			3)	har	857	550	1.613577E-4
			4)	had	1173	333	9.7694756E-5
			5)	hav	1291	270	7.921196E-5
		3)	há	0	0	0.0
			1)	há_	665	782	2.2942132E-4
		4)	he	0	0	0.0
			1)	hec	899	515	1.510895E-4
			2)	he_	1042	412	1.2087159E-4
			3)	her	1066	398	1.16764306E-4
			4)	heg	1245	288	8.449276E-5
		5)	hu	0	0	0.0
			1)	hum	945	481	1.4111465E-4
		6)	hõ	0	0	0.0
			1)	hõe	1329	253	7.422455E-5
	22)	g	0	0	0.0
		1)	gr	0	0	0.0
			1)	gra	171	2945	8.6399715E-4
			2)	gru	973	462	1.3554047E-4
			3)	gre	1241	291	8.537289E-5
		2)	go	0	0	0.0
			1)	go_	324	1638	4.8055258E-4
			2)	gos	442	1209	3.5469356E-4
			3)	gor	744	669	1.9626964E-4
			4)	gov	1166	335	9.828151E-5
			5)	goc	1338	250	7.334441E-5
		3)	ga	0	0	0.0
			1)	gar	394	1351	3.963532E-4
			2)	gad	894	517	1.5167624E-4
			3)	gas	925	494	1.4492856E-4
			4)	ga_	942	482	1.4140802E-4
			5)	gaç	1052	405	1.18817945E-4
			6)	gam	1058	401	1.17644435E-4
			7)	gan	1085	382	1.1207026E-4
		4)	gu	0	0	0.0
			1)	gun	406	1303	3.8227107E-4
			2)	gua	526	1047	3.071664E-4
			3)	gur	583	906	2.6580013E-4
			4)	gui	613	860	2.5230477E-4
			5)	gum	797	612	1.7954712E-4
			6)	gue	966	465	1.3642061E-4
			7)	gul	1010	435	1.2761928E-4
		5)	ge	0	0	0.0
			1)	gem	809	597	1.7514646E-4
			2)	gen	850	557	1.6341134E-4
			3)	ger	882	529	1.5519677E-4
			4)	ges	1306	260	7.6278186E-5
		6)	gi	0	0	0.0
			1)	gia	852	555	1.628246E-4
			2)	gis	900	515	1.510895E-4
			3)	giõ	1079	385	1.12950394E-4
			4)	gic	1138	348	1.0209542E-4
			5)	gio	1233	295	8.65464E-5
			6)	gir	1260	282	8.27325E-5
			7)	giã	1315	258	7.569143E-5
		7)	gê	0	0	0.0
			1)	gên	1313	258	7.569143E-5
		8)	gn	0	0	0.0
			1)	gni	1314	258	7.569143E-5
	23)	l	0	0	0.0
		1)	lo	0	0	0.0
			1)	lo_	186	2704	7.932932E-4
			2)	los	624	839	2.4614384E-4
			3)	loc	830	573	1.6810538E-4
			4)	lor	1062	400	1.1735106E-4
			5)	log	1076	388	1.1383052E-4
			6)	lon	1149	341	1.00041776E-4
		2)	la	0	0	0.0
			1)	lat	221	2352	6.9002423E-4
			2)	lar	243	2127	6.2401424E-4
			3)	la_	351	1505	4.4153337E-4
			4)	laç	439	1215	3.5645385E-4
			5)	lam	667	776	2.2766105E-4
			6)	lan	836	568	1.666385E-4
			7)	lad	877	533	1.5637028E-4
			8)	las	881	530	1.5549015E-4
			9)	lab	1141	346	1.0150867E-4
			10)	lav	1275	274	8.038548E-5
		3)	li	0	0	0.0
			1)	lid	256	2051	6.0171756E-4
			2)	lic	303	1767	5.183983E-4
			3)	liz	330	1591	4.6676383E-4
			4)	lim	756	657	1.9274911E-4
			5)	lis	880	531	1.5578353E-4
			6)	lit	972	462	1.3554047E-4
			7)	lia	1001	439	1.2879279E-4
			8)	lib	1031	417	1.2233848E-4
			9)	lin	1214	303	8.889343E-5
			10)	lio	1312	258	7.569143E-5
			11)	lig	1366	237	6.95305E-5
		4)	lí	0	0	0.0
			1)	lít	281	1861	5.459758E-4
		5)	lm	0	0	0.0
			1)	lme	320	1660	4.8700688E-4
		6)	lh	0	0	0.0
			1)	lho	374	1430	4.1953003E-4
			2)	lhe	547	985	2.8897697E-4
			3)	lha	623	841	2.467306E-4
			4)	lhõ	1334	252	7.3931165E-5
		7)	le	0	0	0.0
			1)	leg	422	1247	3.6584193E-4
			2)	lem	474	1153	3.3826442E-4
			3)	lev	736	678	1.9891004E-4
			4)	lec	810	595	1.745597E-4
			5)	lei	839	562	1.6487823E-4
			6)	les	956	472	1.3847425E-4
			7)	len	1002	439	1.2879279E-4
			8)	le_	1206	307	9.006694E-5
			9)	lex	1346	246	7.21709E-5
		8)	lg	0	0	0.0
			1)	lgu	544	986	2.8927036E-4
		9)	lv	0	0	0.0
			1)	lvi	563	946	2.7753526E-4
			2)	lve	979	455	1.3348683E-4
		10)	lt	0	0	0.0
			1)	lta	652	801	2.3499549E-4
			2)	lte	662	786	2.3059483E-4
			3)	lti	855	552	1.6194447E-4
			4)	ltu	946	480	1.4082127E-4
		11)	lu	0	0	0.0
			1)	luç	727	689	2.0213719E-4
			2)	lug	803	602	1.7661334E-4
			3)	lus	1039	415	1.2175172E-4
			4)	lui	1110	365	1.07082844E-4
			5)	lut	1250	286	8.390601E-5
		12)	lq	0	0	0.0
			1)	lqu	1024	422	1.2380537E-4
		13)	ld	0	0	0.0
			1)	lda	1196	314	9.212058E-5
		14)	lé	0	0	0.0
			1)	lém	1239	291	8.537289E-5
		15)	ló	0	0	0.0
			1)	lóg	1443	203	5.9555663E-5
	24)	é	0	0	0.0
		1)	ém	0	0	0.0
			1)	ém_	204	2462	7.222958E-4
		2)	ér	0	0	0.0
			1)	éri	570	933	2.7372135E-4
		3)	és	0	0	0.0
			1)	és_	1221	300	8.8013294E-5
		4)	ég	0	0	0.0
			1)	égi	1318	257	7.539806E-5
	25)	ê	0	0	0.0
		1)	ên	0	0	0.0
			1)	ênc	212	2394	7.023461E-4
		2)	êm	0	0	0.0
			1)	êm_	1047	409	1.19991455E-4
		3)	ês	0	0	0.0
			1)	ês_	1160	338	9.916165E-5
	26)	á	0	0	0.0
		1)	ár	0	0	0.0
			1)	ári	218	2363	6.932514E-4
			2)	áre	1379	230	6.747686E-5
		2)	áv	0	0	0.0
			1)	áve	509	1078	3.162611E-4
		3)	át	0	0	0.0
			1)	áti	827	575	1.6869215E-4
		4)	ág	0	0	0.0
			1)	águ	1029	417	1.2233848E-4
		5)	ám	0	0	0.0
			1)	ámo	1222	300	8.8013294E-5
		6)	ál	0	0	0.0
			1)	álo	1384	228	6.6890105E-5
		7)	ás	0	0	0.0
			1)	ás_	1386	226	6.630335E-5
	27)	b	0	0	0.0
		1)	br	0	0	0.0
			1)	bre	232	2215	6.498315E-4
			2)	bri	724	695	2.0389746E-4
			3)	bra	1111	364	1.0678946E-4
			4)	bro	1422	209	6.131593E-5
		2)	bé	0	0	0.0
			1)	bém	293	1822	5.3453405E-4
		3)	bi	0	0	0.0
			1)	bil	407	1299	3.8109755E-4
			2)	bit	920	497	1.4580869E-4
			3)	bie	953	477	1.3994114E-4
		4)	ba	0	0	0.0
			1)	bal	416	1274	3.7376312E-4
			2)	bat	621	843	2.4731737E-4
			3)	bas	676	760	2.22967E-4
			4)	ban	1316	258	7.569143E-5
		5)	be	0	0	0.0
			1)	ber	598	892	2.6169285E-4
			2)	bem	644	808	2.3704914E-4
			3)	bel	1131	351	1.0297555E-4
			4)	ben	1400	221	6.483646E-5
		6)	bl	0	0	0.0
			1)	ble	620	844	2.4761073E-4
			2)	bli	821	582	1.7074578E-4
		7)	bo	0	0	0.0
			1)	bor	630	828	2.4291669E-4
			2)	boa	1438	204	5.984904E-5
		8)	bj	0	0	0.0
			1)	bje	705	726	2.1299216E-4
		9)	bu	0	0	0.0
			1)	bui	1112	363	1.0649608E-4
		10)	bs	0	0	0.0
			1)	bst	1237	292	8.5666274E-5
			2)	bse	1429	207	6.0729173E-5
	28)	í	0	0	0.0
		1)	ít	0	0	0.0
			1)	íti	240	2172	6.3721626E-4
		2)	ív	0	0	0.0
			1)	íve	328	1619	4.749784E-4
		3)	ís	0	0	0.0
			1)	íse	628	832	2.440902E-4
			2)	ís_	1159	338	9.916165E-5
		4)	íc	0	0	0.0
			1)	íci	771	637	1.8688156E-4
		5)	íp	0	0	0.0
			1)	ípi	943	481	1.4111465E-4
		6)	ín	0	0	0.0
			1)	íni	961	468	1.3730074E-4
		7)	íd	0	0	0.0
			1)	ídi	1235	293	8.595965E-5
		8)	íf	0	0	0.0
			1)	ífi	1262	281	8.243912E-5
		9)	íl	0	0	0.0
			1)	íli	1359	239	7.0117254E-5
		10)	ío	0	0	0.0
			1)	íod	1403	219	6.42497E-5
	29)	ó	0	0	0.0
		1)	ór	0	0	0.0
			1)	óri	350	1505	4.4153337E-4
		2)	ós	0	0	0.0
			1)	ós_	785	625	1.8336103E-4
		3)	óm	0	0	0.0
			1)	ómi	804	600	1.7602659E-4
		4)	óp	0	0	0.0
			1)	ópr	938	485	1.4228816E-4
		5)	óx	0	0	0.0
			1)	óxi	1171	333	9.7694756E-5
		6)	óg	0	0	0.0
			1)	ógi	1431	206	6.0435796E-5
	30)	z	0	0	0.0
		1)	ze	0	0	0.0
			1)	zer	409	1297	3.805108E-4
			2)	zes	1064	399	1.1705768E-4
			3)	zem	1377	231	6.7770234E-5
		2)	za	0	0	0.0
			1)	zaç	511	1070	3.139141E-4
			2)	zad	844	559	1.639981E-4
			3)	za_	928	491	1.4404842E-4
			4)	zar	980	454	1.3319345E-4
		3)	zo	0	0	0.0
			1)	zon	1212	304	8.9186804E-5
			2)	zo_	1405	218	6.395633E-5
		4)	zi	0	0	0.0
			1)	zir	1370	234	6.865037E-5
		5)	zã	0	0	0.0
			1)	zão	1424	207	6.0729173E-5
	31)	j	0	0	0.0
		1)	je	0	0	0.0
			1)	jec	487	1139	3.3415714E-4
			2)	je_	917	499	1.4639544E-4
		2)	já	0	0	0.0
			1)	já_	549	977	2.8662995E-4
		3)	ja	0	0	0.0
			1)	ja_	572	928	2.7225446E-4
			2)	jam	1013	434	1.273259E-4
		4)	ju	0	0	0.0
			1)	jud	898	515	1.510895E-4
			2)	jun	1032	417	1.2233848E-4
			3)	jus	1056	402	1.17937816E-4
			4)	jur	1176	331	9.7108E-5
	32)	à	0	0	0.0
		1)	às	0	0	0.0
			1)	às_	614	859	2.520114E-4
	33)	x	0	0	0.0
		1)	xi	0	0	0.0
			1)	xis	735	678	1.9891004E-4
			2)	xim	933	488	1.4316829E-4
			3)	xig	1243	289	8.478614E-5
		2)	xe	0	0	0.0
			1)	xem	1060	400	1.1735106E-4
			2)	xer	1433	205	6.0142418E-5
		3)	xt	0	0	0.0
			1)	xto	1120	357	1.0473582E-4
			2)	xtr	1301	263	7.715832E-5
		4)	xc	0	0	0.0
			1)	xce	1263	281	8.243912E-5
		5)	xa	0	0	0.0
			1)	xar	1415	212	6.2196064E-5
	34)	â	0	0	0.0
		1)	ân	0	0	0.0
			1)	ânc	840	561	1.6458485E-4
		2)	âm	0	0	0.0
			1)	âmb	1055	403	1.1823119E-4
	35)	ú	0	0	0.0
		1)	úl	0	0	0.0
			1)	últ	982	453	1.3290007E-4
		2)	úb	0	0	0.0
			1)	úbl	1023	424	1.2439213E-4
		3)	úm	0	0	0.0
			1)	úme	1319	256	7.5104675E-5
		4)	ún	0	0	0.0
			1)	úni	1352	244	7.1584145E-5
