o_	1062989	0.03119011044376886	3
e_	948759	0.027838385904764486	2
s_	938166	0.027527567222792385	2
a_	913727	0.026810480678025442	2
_d	707036	0.02074577528809852	2
_a	574476	0.016856213834098525	2
de	519451	0.01524167612282552	2
es	475157	0.013942006274881376	2
os	471812	0.0138438576398208	2
_e	456489	0.01339425179975108	2
_p	451442	0.013246163261290475	2
en	364544	0.010696411366075543	2
nt	363417	0.010663343051662008	2
re	352797	0.010351732138554887	2
te	341611	0.010023513713506276	2
as	332162	0.00974626215814383	2
_c	326069	0.009567481998674745	2
do	312811	0.009178467169486965	2
ra	310864	0.009121338502083994	2
m_	309844	0.009091409770316642	2
er	306202	0.008984546592770867	2
da	303666	0.008910135549866945	2
co	303468	0.008904325854876813	2
_s	294512	0.008641539853201917	2
r_	291976	0.008567128810297996	2
ta	283498	0.00831836823390231	2
qu	277076	0.008129934591343561	2
ar	276837	0.008122921878703955	2
se	276113	0.008101678347527915	2
_o	259831	0.0076239336312181084	2
or	257679	0.007560789875567776	2
_n	252474	0.00740806531787262	2
ão	249502	0.0073208612092328495	2
_q	233575	0.006853532865253837	2
to	232372	0.006818234566904697	2
ue	230864	0.006773986990919242	2
st	229546	0.006735314374772802	2
em	229224	0.006725866284940364	2
me	219939	0.006453426800175805	2
ad	210195	0.0061675193861159385	2
ma	202891	0.005953206193146596	2
po	199665	0.005858549243458877	2
is	183278	0.005377723628290668	2
ri	182253	0.00534764818705387	2
_m	182147	0.005344537946301576	2
_t	180092	0.005284240354358531	2
on	179777	0.00527499765778332	2
pr	175360	0.005145394512473136	2
am	167813	0.004923951239288632	2
ti	167076	0.004902326263492026	2
ia	166364	0.00488143483504266	2
al	163083	0.0047851640811910155	2
_r	161474	0.004737952973922714	2
in	159628	0.004683787837802588	2
ro	159182	0.004670701353127844	2
an	158917	0.0046629257512471114	2
ss	152061	0.004461757726740292	2
ci	150300	0.004410086651600778	2
pe	141443	0.0041502054974209505	2
om	139718	0.004099590730461461	2
pa	139059	0.004080254422388241	2
mo	138667	0.004068752399983533	2
um	137437	0.004032661870499376	2
no	136902	0.004016963957268461	2
ca	134105	0.003934894680059363	2
ec	129802	0.0038086365106525895	2
id	126668	0.0037166790152027103	2
_i	126530	0.003712629833845951	2
na	126315	0.0037063213266596957	2
el	125128	0.003671492498612789	2
çã	124457	0.0036518040878128944	2
tr	122477	0.0035937071379115665	2
it	121337	0.0035602573788774687	2
_f	120828	0.003545322354887683	2
ic	120468	0.0035347592730874417	2
di	114536	0.0033607031585345753	2
so	114184	0.0033503748118854505	2
ve	112534	0.0033019606869676777	2
la	112510	0.0033012564815143282	2
aç	111996	0.0032861747480550946	2
_u	111959	0.003285089097981181	2
io	104932	0.003078903609619247	2
at	101650	0.002982603513873713	2
im	97112	0.0028494499994028925	2
nd	94409	0.0027701388602194136	2
ei	93472	0.0027426455056448963	2
li	93382	0.002740004735194836	2
ir	92426	0.002711953884636417	2
sa	86653	0.0025425631312119908	2
nc	85084	0.002496525699699272	2
ce	84344	0.0024748126982209982	2
ns	84210	0.002470880884439797	2
si	81529	0.0023922152669218883	2
ua	79912	0.002344769424502471	2
l_	79461	0.0023315362303582797	2
ai	73018	0.0021424864080278484	2
ac	72881	0.002138466568564979	2
ol	70847	0.0020787851563936147	2
_v	70806	0.002077582138744143	2
va	70362	0.0020645543378571786	2
eg	68922	0.002022302010656213	2
iv	66713	0.0019574857670541764	2
le	64985	0.0019067829744130176	2
vi	64813	0.0019017361686640133	2
mp	64755	0.001900034338818419	2
rt	61065	0.0017917627503659449	2
mi	60358	0.0017710180313860262	2
ni	60232	0.0017673209527559418	2
ur	60177	0.0017657071485920161	2
õe	60173	0.0017655897810164578	2
od	59582	0.0017482487217277281	2
ct	59445	0.0017442288822648586	2
tu	59221	0.0017376562980335973	2
nh	59121	0.0017347221086446412	2
fi	57486	0.0016867481121352118	2
lo	57402	0.0016842833930484887	2
ut	57204	0.001678473698058356	2
ui	57143	0.0016766838425310928	2
ho	56733	0.0016646536660363735	2
un	56111	0.0016464030080370676	2
é_	55656	0.001633052446317318	2
u_	54896	0.0016107526069612528	2
rm	54843	0.0016091974865851061	2
gu	54365	0.0015951720613058967	2
vo	54163	0.0015892449987402058	2
sp	53957	0.0015832005685989566	2
nã	52437	0.0015386008898868263	2
_l	52320	0.0015351678883017477	2
ne	52252	0.0015331726395172577	2
_é	51679	0.0015163597343185403	2
ob	50916	0.0014939718692808064	2
fo	50347	0.0014772763316576471	2
ap	49995	0.0014669479850085221	2
ou	49692	0.0014580573911599857	2
su	48026	0.0014091737959399798	2
ev	46632	0.001368271195857934	2
ga	45659	0.0013397215331033927	2
oc	45460	0.0013338824962193703	2
á_	45143	0.00132458111585638	2
ex	44763	0.0013134311961783473	2
op	44539	0.001306858611947086	2
eu	44499	0.0013056849361915038	2
ab	44257	0.0012985841978702304	2
fe	42485	0.001246590361897931	2
_g	41884	0.0012289558836703059	2
_à	41032	0.0012039565900764013	2
mu	40851	0.001198645707282391	2
go	39996	0.0011735583880068178	2
cu	39768	0.0011668684361999982	2
il	39562	0.001160824006058749	2
ao	39533	0.0011599730911359518	2
çõ	39438	0.0011571856112164436	2
fa	38702	0.001135589977313728	2
ul	38519	0.0011302204107319386	2
gr	38420	0.0011273155632368721	2
br	38372	0.0011259071523301732	2
mb	37665	0.0011051624333502548	2
ig	37238	0.001092633444659413	2
ef	36839	0.0010809260289974787	2
ba	36641	0.001075116334007346	2
lh	35437	0.0010397886937643164	2
iz	35313	0.001036150298922011	2
ed	34613	0.0010156109731993194	2
ha	34095	0.0010004118721645278	2
us	34068	9.996196410295096E-4	1
cr	31943	9.37268116514196E-4	1
à_	31375	9.206019207849262E-4	1
rá	30928	9.074860942162932E-4	1
gi	30690	9.00502723470578E-4	1
lt	30529	8.957786785543589E-4	1
sã	30357	8.907318728053548E-4	1
ep	30281	8.885018888697482E-4	1
oi	29955	8.789364314617518E-4	1
_h	29845	8.757088231339003E-4	1
_b	29739	8.72598582381607E-4	1
ça	29400	8.626516803530463E-4	1
et	28992	8.506801876461062E-4	1
lu	28926	8.487436226493952E-4	1
i_	28862	8.468657414404634E-4	1
rd	28005	8.21719738377111E-4	1
ov	27453	8.055230129500742E-4	1
pl	27364	8.029115843939034E-4	1
be	27014	7.926419215325576E-4	1
za	26990	7.919377160792082E-4	1
av	26624	7.811985829156295E-4	1
ag	26482	7.77032033983312E-4	1
ém	26020	7.634760790063356E-4	1
nç	26017	7.633880533246669E-4	1
bi	25558	7.499201240293591E-4	1
iç	25451	7.467805413831763E-4	1
ár	25269	7.414403166952765E-4	1
sc	25077	7.35806673068481E-4	1
ge	24311	7.133307823490786E-4	1
du	23961	7.030611194877328E-4	1
rr	22880	6.713425321931191E-4	1
ot	22763	6.679095306080406E-4	1
if	22724	6.667651967463478E-4	1
ên	22481	6.596351165311849E-4	1
rc	22353	6.558793541133213E-4	1
az	21972	6.447000925413991E-4	1
_j	21580	6.331980701366919E-4	1
cl	20946	6.145953094107111E-4	1
tá	20733	6.083454860122351E-4	1
pu	20554	6.030932870060039E-4	1
ie	20549	6.029465775365562E-4	1
ze	20462	6.003938327681645E-4	1
he	20221	5.933224363407806E-4	1
rg	20073	5.889798360451258E-4	1
ea	20036	5.878941859712121E-4	1
ít	19322	5.669440737340667E-4	1
nv	19082	5.599020192005725E-4	1
ud	18912	5.549138972393474E-4	1
bé	18725	5.494269630819998E-4	1
ór	18580	5.451723884680136E-4	1
nu	18402	5.399495313556721E-4	1
z_	18309	5.372207352239431E-4	1
lí	18051	5.296505266004368E-4	1
rn	17999	5.281247481181796E-4	1
ju	17947	5.265989696359225E-4	1
tã	17825	5.230192585813963E-4	1
ib	17592	5.16182597305129E-4	1
fu	17488	5.131310403406148E-4	1
tó	17323	5.082896278488375E-4	1
ru	16907	4.960833999907808E-4	1
nf	16835	4.939707836307325E-4	1
lm	16787	4.925623727240337E-4	1
au	16653	4.886305589428327E-4	1
je	16076	4.717002861685569E-4	1
ez	16057	4.711427901846553E-4	1
xi	15909	4.668001898890005E-4	1
ív	15856	4.6524506951285384E-4	1
sm	15826	4.643648126961671E-4	1
ej	15708	4.6090246921719907E-4	1
bo	15693	4.6046234080885566E-4	1
ís	15344	4.502220198413994E-4	1
té	15261	4.47786642648566E-4	1
ja	15105	4.4320930720179473E-4	1
bl	14924	4.378984244077845E-4	1
aí	14865	4.361672526683005E-4	1
pi	14107	4.1392609710001445E-4	1
og	13949	4.0929007786546406E-4	1
ço	13756	4.036270923447791E-4	1
uç	13419	3.937388741039976E-4	1
rs	13293	3.9004179547391313E-4	1
lv	13217	3.878118115383066E-4	1
up	13208	3.8754773449330057E-4	1
eq	12704	3.727594199729626E-4	1
rv	12524	3.674778790728419E-4	1
ér	12163	3.5688545537871096E-4	1
lg	12126	3.557998053047973E-4	1
ng	12092	3.548021809125523E-4	1
fr	11600	3.4036596911888906E-4	1
aq	11050	3.2422792747963136E-4	1
áv	10968	3.218218921806875E-4	1
rç	10628	3.118456482582373E-4	1
eb	10597	3.1093604954766094E-4	1
ip	10388	3.0480359372474306E-4	1
rí	10292	3.0198677191134535E-4	1
já	9897	2.9039672382496937E-4	1
oa	9836	2.8860686829770626E-4	1
nó	9684	2.841469004264932E-4	1
cç	9508	2.789827271019308E-4	1
às	9263	2.7179396309898873E-4	1
sá	9197	2.698573981022778E-4	1
ró	8981	2.6351954902213297E-4	1
xe	8897	2.6105482993541E-4	1
bs	8821	2.5882484599980347E-4	1
ug	8766	2.572110418358777E-4	1
íc	8735	2.563014431253014E-4	1
ch	8696	2.551571092636085E-4	1
uc	8645	2.5366067267524104E-4	1
af	8634	2.5333791184245583E-4	1
xt	8603	2.524283131318795E-4	1
há	8501	2.4943543995514447E-4	1
sí	8471	2.4855518313845765E-4	1
ub	8377	2.457970451128391E-4	1
tê	8206	2.4077958125772443E-4	1
xp	8088	2.3731723777875642E-4	1
cí	7977	2.3406028755701533E-4	1
bu	7966	2.3373752672423018E-4	1
ân	7870	2.3092070491083247E-4	1
oj	7765	2.2783980605242874E-4	1
rê	7731	2.2684218166018372E-4	1
ní	7393	2.1692462152551265E-4	1
_ú	7235	2.1228860229096226E-4	1
xa	7185	2.108215075964843E-4	1
íd	7064	2.072711384358476E-4	1
­s	7042	2.066256167702773E-4	1
bj	6991	2.0512918018190978E-4	1
ín	6966	2.0439563283467077E-4	1
sf	6850	2.009919731434819E-4	1
ós	6720	1.9717752693783916E-4	1
of	6659	1.9538767141057605E-4	1
sõ	6645	1.9497688489612222E-4	1
iã	6492	1.904875751310196E-4	1
eç	6438	1.8890311286098342E-4	1
rã	6426	1.885510101343087E-4	1
uz	6178	1.8127422044969798E-4	1
át	6129	1.7983646764910957E-4	1
aj	6034	1.7704898772960141E-4	1
zi	5979	1.7543518356567564E-4	1
ix	5855	1.717967887233703E-4	1
eo	5845	1.715033697844747E-4	1
só	5826	1.7094587380057306E-4	1
fl	5804	1.7030035213500276E-4	1
oo	5793	1.6997759130221761E-4	1
hu	5786	1.697721980449907E-4	1
iá	5772	1.6936141153053687E-4	1
mí	5567	1.6334632328317717E-4	1
zo	5466	1.6038279200033167E-4	1
rq	5411	1.587689878364059E-4	1
dã	5348	1.5692044852136367E-4	1
gn	5270	1.5463178079797805E-4	1
pt	5219	1.531353442096105E-4	1
óm	5218	1.5310600231572096E-4	1
óp	5183	1.5207903602958638E-4	1
ó_	5161	1.5143351436401606E-4	1
jo	5140	1.5081733459233531E-4	1
sl	5137	1.5072930891066663E-4	1
tâ	5135	1.5067062512288753E-4	1
uí	5092	1.4940892368563646E-4	1
xc	4630	1.3585296870866003E-4	1
êm	4578	1.3432719022640294E-4	1
dr	4491	1.3177444545801127E-4	1
ál	4482	1.3151036841300523E-4	1
iu	4410	1.2939775205295695E-4	1
úl	4403	1.2919235879573003E-4	1
lq	4322	1.2681566539067573E-4	1
pú	4230	1.2411621115283625E-4	1
tí	4211	1.2355871516893464E-4	1
úb	4210	1.2352937327504509E-4	1
íp	4145	1.2162215017222372E-4	1
mé	4108	1.2053650009831001E-4	1
âm	4095	1.2015505547774575E-4	1
oe	4061	1.1915743108550072E-4	1
nq	3986	1.1695678904378377E-4	1
ná	3942	1.1566574571264315E-4	1
ês	3900	1.1443338616928166E-4	1
ás	3890	1.1413996723038606E-4	1
vr	3881	1.1387589018538003E-4	1
és	3840	1.1267287253590809E-4	1
tõ	3835	1.125261630664603E-4	1
r­	3624	1.0633502345576327E-4	1
má	3623	1.063056815618737E-4	1
lé	3603	1.0571884368408252E-4	1
ee	3556	1.0433977467127322E-4	1
uê	3475	1.0196308126621892E-4	1
_á	3461	1.0155229475176509E-4	1
a­	3426	1.005253284656305E-4	1
nj	3421	1.0037861899618271E-4	1
vá	3407	9.996783248172887E-5	1
vé	3368	9.882349862003606E-5	1
nú	3306	9.700430119888337E-5	1
iõ	3289	9.650548900276086E-5	1
hi	3281	9.62707538516444E-5	1
o­	3208	9.412879559770656E-5	1
úd	3204	9.401142802214831E-5	1
ám	3176	9.318985499324065E-5	1
ld	3172	9.307248741768242E-5	1
éc	3078	9.031434939206383E-5	1
uv	3064	8.990356287761E-5	1
ré	3028	8.884725469758587E-5	1
dú	3007	8.823107492590511E-5	1
uo	2992	8.779094651756173E-5	1
rl	2979	8.740950189699745E-5	1
úm	2978	8.73801600031079E-5	1
_â	2976	8.732147621532878E-5	1
cn	2967	8.705739917032274E-5	1
xo	2909	8.53555693247283E-5	1
dê	2902	8.515017606750138E-5	1
ác	2869	8.418189356914592E-5	1
fí	2811	8.248006372355147E-5	1
ún	2804	8.227467046632455E-5	1
n_	2800	8.215730289076632E-5	1
óx	2776	8.14530974374169E-5	1
lc	2776	8.14530974374169E-5	1
íf	2772	8.133572986185866E-5	1
iê	2772	8.133572986185866E-5	1
pó	2729	8.00740284246076E-5	1
ía	2685	7.8782985093467E-5	1
gê	2662	7.810812153400712E-5	1
sd	2650	7.77560188073324E-5	1
­l	2646	7.763865123177417E-5	1
zã	2645	7.760930933788461E-5	1
pç	2639	7.743325797454726E-5	1
põ	2580	7.570208623506325E-5	1
hõ	2579	7.567274434117369E-5	1
dm	2572	7.546735108394677E-5	1
uf	2564	7.52326159328303E-5	1
gl	2553	7.490985510004514E-5	1
sé	2542	7.458709426726E-5	1
ét	2434	7.141816972718759E-5	1
e­	2292	6.725162079487015E-5	1
aú	2281	6.692885996208499E-5	1
cá	2216	6.502163685926363E-5	1
_z	2182	6.402401246701861E-5	1
­_	2170	6.36719097403439E-5	1
ég	2111	6.194073800085989E-5	1
dá	2097	6.152995148640606E-5	1
ã_	2082	6.108982307806267E-5	1
­m	2069	6.07083784574984E-5	1
sq	2052	6.020956626137589E-5	1
_­	2006	5.885983914245616E-5	1
rp	1998	5.8625103991339684E-5	1
éd	1992	5.844905262800233E-5	1
ví	1971	5.7832872856321575E-5	1
ág	1960	5.7510112023536426E-5	1
hã	1947	5.7128667402972154E-5	1
ío	1930	5.662985520684964E-5	1
ló	1919	5.6307094374064486E-5	1
uj	1893	5.554420513293594E-5	1
iq	1839	5.395974286289974E-5	1
ón	1831	5.3725007711783264E-5	1
óg	1811	5.3138169833992076E-5	1
­n	1750	5.134831430672895E-5	1
áf	1697	4.97931939305823E-5	1
b_	1695	4.9734510142803186E-5	1
pô	1689	4.955845877946583E-5	1
vê	1688	4.952911688557627E-5	1
rf	1680	4.929438173445979E-5	1
bt	1655	4.8560834387220804E-5	1
lá	1645	4.8267415448325214E-5	1
m­	1641	4.8150047872766974E-5	1
_ó	1628	4.77686032522027E-5	1
zm	1607	4.7152423480521956E-5	1
rb	1551	4.550927742270663E-5	1
úv	1545	4.533322605936927E-5	1
ús	1536	4.506914901436324E-5	1
ól	1508	4.424757598545558E-5	1
í_	1465	4.298587454820452E-5	1
lê	1447	4.245772045819245E-5	1
bv	1439	4.222298530707598E-5	1
oz	1426	4.1841540686511705E-5	1
ué	1425	4.1812198792622146E-5	1
íl	1423	4.175351500484302E-5	1
ms	1422	4.1724173110953465E-5	1
ê_	1378	4.0433129779812857E-5	1
ír	1374	4.0315762204254616E-5	1
mã	1296	3.8027094480868984E-5	1
ae	1296	3.8027094480868984E-5	1
dí	1246	3.655999978639101E-5	1
zõ	1234	3.62078970597163E-5	1
ax	1221	3.5826452439152026E-5	1
râ	1200	3.521027266747128E-5	1
oç	1169	3.430067395689494E-5	1
pé	1132	3.321502388298124E-5	1
vã	1119	3.2833579262416966E-5	1
ls	1108	3.251081842963182E-5	1
gé	1107	3.248147653574226E-5	1
ux	1103	3.236410896018402E-5	1
ôr	1102	3.233476706629446E-5	1
út	1076	3.1571877825165916E-5	1
íb	1031	3.025149260013574E-5	1
ox	1020	2.9928731767350588E-5	1
mó	1020	2.9928731767350588E-5	1
dé	984	2.887242358732645E-5	1
pí	982	2.881373979954733E-5	1
eú	950	2.787479919508143E-5	1
_ê	933	2.737598699895892E-5	1
áp	911	2.6730465333388612E-5	1
cê	905	2.6554413970051256E-5	1
aé	894	2.6231653137266104E-5	1
áx	863	2.532205442668976E-5	1
câ	859	2.5204686851131524E-5	1
én	848	2.4881926018346372E-5	1
oq	841	2.4676532761119457E-5	1
xí	833	2.444179761000298E-5	1
s­	827	2.4265746246665623E-5	1
êx	812	2.3825617838322234E-5	1
zê	804	2.3590882687205757E-5	1
êl	796	2.3356147536089284E-5	1
fá	790	2.3180096172751927E-5	1
gí	783	2.297470291552501E-5	1
có	774	2.2710625870518976E-5	1
á­	765	2.244654882551294E-5	1
eí	759	2.2270497462175584E-5	1
ím	756	2.2182471780506906E-5	1
u­	754	2.212378799272779E-5	1
fé	754	2.212378799272779E-5	1
­f	736	2.1595633902715718E-5	1
lp	714	2.095011223714541E-5	1
t_	676	1.9835120269342153E-5	1
sv	667	1.957104322433612E-5	1
­e	661	1.9394991860998764E-5	1
ót	658	1.9306966179330086E-5	1
gã	651	1.910157292210317E-5	1
dv	638	1.8720128301538898E-5	1
né	624	1.8309341787085064E-5	1
­d	620	1.8191974211526828E-5	1
mn	614	1.801592284818947E-5	1
nr	611	1.7927897166520792E-5	1
mê	611	1.7927897166520792E-5	1
bm	611	1.7927897166520792E-5	1
c_	610	1.7898555272631234E-5	1
vu	605	1.7751845803183435E-5	1
ij	602	1.766382012151476E-5	1
g_	597	1.7517110652066962E-5	1
ê­	590	1.7311717394840047E-5	1
sê	588	1.7253033607060927E-5	1
ód	576	1.6900930880386213E-5	1
nâ	575	1.6871588986496654E-5	1
ób	568	1.666619572926974E-5	1
xu	558	1.6372776790374146E-5	1
gá	547	1.6050015957588994E-5	1
óv	543	1.5932648382030753E-5	1
ft	530	1.555120376146648E-5	1
bá	525	1.5404494292018686E-5	1
mm	520	1.5257784822570888E-5	1
lâ	519	1.522844292868133E-5	1
íz	512	1.5023049671454412E-5	1
nz	509	1.4935023989785734E-5	1
íg	499	1.464160505089014E-5	1
sr	490	1.4377528005884107E-5	1
tc	488	1.4318844218104986E-5	1
i­	483	1.417213474865719E-5	1
tn	469	1.376134823420336E-5	1
xã	465	1.364398065864512E-5	1
ôs	458	1.3438587401418205E-5	1
sn	454	1.3321219825859967E-5	1
mú	448	1.3145168462522612E-5	1
dó	442	1.2969117099185255E-5	1
cc	441	1.2939775205295695E-5	1
tm	440	1.2910433311406137E-5	1
cé	430	1.2617014372510543E-5	1
fó	429	1.2587672478620983E-5	1
éf	414	1.2147544070277592E-5	1
êe	405	1.1883467025271557E-5	1
dq	401	1.176609944971332E-5	1
áb	400	1.173675755582376E-5	1
d_	396	1.1619389980265522E-5	1
àq	392	1.1502022404707285E-5	1
sg	388	1.1384654829149046E-5	1
­a	379	1.1120577784143013E-5	1
pá	376	1.1032552102474334E-5	1
gm	375	1.1003210208584774E-5	1
pc	374	1.0973868314695216E-5	1
­o	366	1.073913316357874E-5	1
oá	365	1.070979126968918E-5	1
áu	363	1.0651107481910062E-5	1
eá	340	9.976243922450196E-6	1
óc	336	9.858876346891958E-6	1
úc	329	9.653483089665043E-6	1
ád	323	9.477431726327686E-6	1
él	316	9.27203846910077E-6	1
y_	310	9.095987105763414E-6	1
_í	310	9.095987105763414E-6	1
nê	298	8.743884379088702E-6	1
ps	294	8.626516803530463E-6	1
­v	291	8.538491121861785E-6	1
­p	291	8.538491121861785E-6	1
_x	282	8.274414076855751E-6	1
zá	281	8.245072182966191E-6	1
êu	275	8.069020819628834E-6	1
ép	274	8.039678925739276E-6	1
lç	273	8.010337031849716E-6	1
lb	272	7.980995137960158E-6	1
gó	270	7.922311350181037E-6	1
év	268	7.863627562401919E-6	1
vó	263	7.716918092954122E-6	1
sb	261	7.658234305175004E-6	1
ãe	251	7.364815366279409E-6	1
rõ	251	7.364815366279409E-6	1
ói	250	7.33547347238985E-6	1
­q	247	7.247447790721172E-6	1
­i	246	7.2181058968316125E-6	1
uá	245	7.188764002942053E-6	1
­c	230	6.748635594598662E-6	1
çú	224	6.572584231261306E-6	1
óf	220	6.455216655703068E-6	1
tl	218	6.396532867923949E-6	1
th	218	6.396532867923949E-6	1
ts	201	5.897720671801439E-6	1
nn	198	5.809694990132761E-6	1
nl	193	5.662985520684964E-6	1
ln	192	5.633643626795405E-6	1
_k	188	5.516276051237167E-6	1
­á	187	5.486934157347608E-6	1
vâ	186	5.457592263458049E-6	1
çá	185	5.428250369568489E-6	1
ãs	185	5.428250369568489E-6	1
xé	185	5.428250369568489E-6	1
bd	181	5.310882794010251E-6	1
ió	179	5.252199006231133E-6	1
b­	178	5.2228571123415735E-6	1
tú	177	5.1935152184520135E-6	1
éi	172	5.046805749004217E-6	1
sh	158	4.636019234550385E-6	1
dâ	154	4.518651658992148E-6	1
úr	151	4.430625977323469E-6	1
oí	148	4.342600295654791E-6	1
z­	146	4.2839165078756724E-6	1
cú	143	4.195890826206994E-6	1
éu	138	4.049181356759197E-6	1
x_	138	4.049181356759197E-6	1
­r	137	4.019839462869638E-6	1
_w	133	3.9024718873114E-6	1
k_	131	3.843788099532281E-6	1
lf	129	3.7851043117531627E-6	1
ki	125	3.667736736194925E-6	1
pâ	125	3.667736736194925E-6	1
ll	124	3.6383948423053654E-6	1
pn	124	3.6383948423053654E-6	1
xõ	124	3.6383948423053654E-6	1
bí	122	3.5797110545262466E-6	1
é­	120	3.521027266747128E-6	1
ck	118	3.4623434789680094E-6	1
zs	115	3.374317797299331E-6	1
çu	113	3.315634009520212E-6	1
l­	111	3.2569502217410933E-6	1
rk	111	3.2569502217410933E-6	1
hí	110	3.227608327851534E-6	1
oó	110	3.227608327851534E-6	1
zu	109	3.1982664339619745E-6	1
f_	106	3.1102407522932965E-6	1
áq	106	3.1102407522932965E-6	1
eã	104	3.0515569645141777E-6	1
ôd	104	3.0515569645141777E-6	1
ow	102	2.992873176735059E-6	1
p_	101	2.9635312828454992E-6	1
pê	101	2.9635312828454992E-6	1
rj	101	2.9635312828454992E-6	1
bó	99	2.9048474950663804E-6	1
gâ	97	2.8461637072872616E-6	1
cã	95	2.7874799195081432E-6	1
éa	95	2.7874799195081432E-6	1
íq	92	2.6994542378394648E-6	1
bb	91	2.6701123439499056E-6	1
h_	91	2.6701123439499056E-6	1
w_	90	2.640770450060346E-6	1
ke	89	2.6114285561707868E-6	1
hó	87	2.552744768391668E-6	1
lã	87	2.552744768391668E-6	1
wa	87	2.552744768391668E-6	1
­g	84	2.4647190867229895E-6	1
rz	83	2.4353771928334303E-6	1
eó	82	2.4060352989438707E-6	1
uã	81	2.3766934050543115E-6	1
mv	79	2.3180096172751927E-6	1
uó	79	2.3180096172751927E-6	1
dj	77	2.259325829496074E-6	1
ié	77	2.259325829496074E-6	1
úp	75	2.200642041716955E-6	1
by	74	2.1713001478273954E-6	1
lõ	73	2.1419582539378362E-6	1
fú	72	2.1126163600482766E-6	1
x­	70	2.053932572269158E-6	1
ka	69	2.0245906783795986E-6	1
rú	69	2.0245906783795986E-6	1
we	68	1.9952487844900394E-6	1
­ã	68	1.9952487844900394E-6	1
xá	66	1.9365649967109206E-6	1
ay	65	1.907223102821361E-6	1
sk	64	1.8778812089318015E-6	1
aa	61	1.7898555272631233E-6	1
ko	61	1.7898555272631233E-6	1
hm	59	1.7311717394840047E-6	1
bê	57	1.6724879517048859E-6	1
bc	55	1.613804163925767E-6	1
éb	54	1.5844622700362077E-6	1
fâ	53	1.5551203761466482E-6	1
tt	53	1.5551203761466482E-6	1
­t	53	1.5551203761466482E-6	1
ht	52	1.5257784822570888E-6	1
úg	52	1.5257784822570888E-6	1
ff	50	1.46709469447797E-6	1
lú	49	1.4377528005884106E-6	1
ty	49	1.4377528005884106E-6	1
gh	48	1.4084109066988512E-6	1
hú	48	1.4084109066988512E-6	1
ôl	48	1.4084109066988512E-6	1
bp	45	1.320385225030173E-6	1
_y	43	1.2617014372510542E-6	1
bã	43	1.2617014372510542E-6	1
ii	43	1.2617014372510542E-6	1
zé	43	1.2617014372510542E-6	1
fô	41	1.2030176494719353E-6	1
ik	41	1.2030176494719353E-6	1
ks	41	1.2030176494719353E-6	1
tw	41	1.2030176494719353E-6	1
cy	40	1.173675755582376E-6	1
zz	40	1.173675755582376E-6	1
gú	39	1.1443338616928165E-6	1
bú	38	1.1149919678032571E-6	1
pp	37	1.0856500739136977E-6	1
v_	37	1.0856500739136977E-6	1
zn	37	1.0856500739136977E-6	1
ew	36	1.0563081800241383E-6	1
fê	36	1.0563081800241383E-6	1
iú	36	1.0563081800241383E-6	1
ry	36	1.0563081800241383E-6	1
yi	35	1.026966286134579E-6	1
mâ	34	9.976243922450197E-7	1
wi	32	9.389406044659008E-7	1
ak	31	9.095987105763414E-7	1
dõ	31	9.095987105763414E-7	1
eõ	31	9.095987105763414E-7	1
fã	31	9.095987105763414E-7	1
km	31	9.095987105763414E-7	1
pã	31	9.095987105763414E-7	1
wh	31	9.095987105763414E-7	1
ds	29	8.509149227972226E-7	1
ly	29	8.509149227972226E-7	1
sú	29	8.509149227972226E-7	1
uq	29	8.509149227972226E-7	1
íç	29	8.509149227972226E-7	1
aw	28	8.215730289076632E-7	1
cô	28	8.215730289076632E-7	1
ey	28	8.215730289076632E-7	1
ml	28	8.215730289076632E-7	1
­j	28	8.215730289076632E-7	1
ó­	28	8.215730289076632E-7	1
úz	27	7.922311350181038E-7	1
fs	26	7.628892411285444E-7	1
iâ	26	7.628892411285444E-7	1
kn	26	7.628892411285444E-7	1
nx	26	7.628892411285444E-7	1
sç	26	7.628892411285444E-7	1
zí	26	7.628892411285444E-7	1
í­	25	7.33547347238985E-7	1
cm	24	7.042054533494256E-7	1
eâ	23	6.748635594598662E-7	1
mg	23	6.748635594598662E-7	1
mõ	23	6.748635594598662E-7	1
­h	22	6.455216655703068E-7	1
gs	21	6.161797716807474E-7	1
md	21	6.161797716807474E-7	1
wo	21	6.161797716807474E-7	1
aó	20	5.86837877791188E-7	1
my	20	5.86837877791188E-7	1
xj	20	5.86837877791188E-7	1
ôm	20	5.86837877791188E-7	1
ôn	20	5.86837877791188E-7	1
_ï	19	5.574959839016286E-7	1
eh	19	5.574959839016286E-7	1
hk	19	5.574959839016286E-7	1
hé	19	5.574959839016286E-7	1
ky	19	5.574959839016286E-7	1
xó	19	5.574959839016286E-7	1
­b	19	5.574959839016286E-7	1
çó	19	5.574959839016286E-7	1
ï_	19	5.574959839016286E-7	1
bn	18	5.281540900120691E-7	1
n­	18	5.281540900120691E-7	1
ye	18	5.281540900120691E-7	1
ys	18	5.281540900120691E-7	1
ph	17	4.988121961225098E-7	1
án	17	4.988121961225098E-7	1
ô­	17	4.988121961225098E-7	1
ah	16	4.694703022329504E-7	1
jé	16	4.694703022329504E-7	1
cõ	15	4.40128408343391E-7	1
db	15	4.40128408343391E-7	1
jú	15	4.40128408343391E-7	1
nk	15	4.40128408343391E-7	1
sw	15	4.40128408343391E-7	1
dl	14	4.107865144538316E-7	1
gõ	14	4.107865144538316E-7	1
hê	14	4.107865144538316E-7	1
sy	14	4.107865144538316E-7	1
cq	13	3.814446205642722E-7	1
hn	13	3.814446205642722E-7	1
t­	13	3.814446205642722E-7	1
w­	13	3.814446205642722E-7	1
yt	13	3.814446205642722E-7	1
zl	13	3.814446205642722E-7	1
zó	13	3.814446205642722E-7	1
­­	13	3.814446205642722E-7	1
éo	13	3.814446205642722E-7	1
óq	13	3.814446205642722E-7	1
dg	12	3.521027266747128E-7	1
ji	12	3.521027266747128E-7	1
tz	12	3.521027266747128E-7	1
êi	12	3.521027266747128E-7	1
dd	11	3.227608327851534E-7	1
dh	11	3.227608327851534E-7	1
dw	11	3.227608327851534E-7	1
oh	11	3.227608327851534E-7	1
ok	11	3.227608327851534E-7	1
oé	11	3.227608327851534E-7	1
ym	11	3.227608327851534E-7	1
­é	11	3.227608327851534E-7	1
kg	10	2.93418938895594E-7	1
nm	10	2.93418938895594E-7	1
np	10	2.93418938895594E-7	1
rx	10	2.93418938895594E-7	1
võ	10	2.93418938895594E-7	1
ww	10	2.93418938895594E-7	1
hr	9	2.640770450060346E-7	1
ih	9	2.640770450060346E-7	1
kt	9	2.640770450060346E-7	1
mc	9	2.640770450060346E-7	1
mh	9	2.640770450060346E-7	1
oã	9	2.640770450060346E-7	1
pm	9	2.640770450060346E-7	1
py	9	2.640770450060346E-7	1
wu	9	2.640770450060346E-7	1
yb	9	2.640770450060346E-7	1
­u	9	2.640770450060346E-7	1
óa	9	2.640770450060346E-7	1
óe	9	2.640770450060346E-7	1
dt	8	2.347351511164752E-7	1
dy	8	2.347351511164752E-7	1
tô	8	2.347351511164752E-7	1
wn	8	2.347351511164752E-7	1
xm	8	2.347351511164752E-7	1
ya	8	2.347351511164752E-7	1
yo	8	2.347351511164752E-7	1
­í	8	2.347351511164752E-7	1
úe	8	2.347351511164752E-7	1
dk	7	2.053932572269158E-7	1
ek	7	2.053932572269158E-7	1
oy	7	2.053932572269158E-7	1
ws	7	2.053932572269158E-7	1
xr	7	2.053932572269158E-7	1
yr	7	2.053932572269158E-7	1
èr	7	2.053932572269158E-7	1
ée	7	2.053932572269158E-7	1
_ß	6	1.760513633373564E-7	1
_è	6	1.760513633373564E-7	1
aá	6	1.760513633373564E-7	1
jã	6	1.760513633373564E-7	1
jó	6	1.760513633373564E-7	1
mf	6	1.760513633373564E-7	1
tp	6	1.760513633373564E-7	1
wb	6	1.760513633373564E-7	1
yl	6	1.760513633373564E-7	1
è_	6	1.760513633373564E-7	1
ô_	6	1.760513633373564E-7	1
iè	5	1.46709469447797E-7	1
rh	5	1.46709469447797E-7	1
xd	5	1.46709469447797E-7	1
xs	5	1.46709469447797E-7	1
yn	5	1.46709469447797E-7	1
éj	5	1.46709469447797E-7	1
cs	4	1.173675755582376E-7	1
gg	4	1.173675755582376E-7	1
gy	4	1.173675755582376E-7	1
hp	4	1.173675755582376E-7	1
hs	4	1.173675755582376E-7	1
lr	4	1.173675755582376E-7	1
mr	4	1.173675755582376E-7	1
ny	4	1.173675755582376E-7	1
rw	4	1.173675755582376E-7	1
sâ	4	1.173675755582376E-7	1
vô	4	1.173675755582376E-7	1
y­	4	1.173675755582376E-7	1
är	4	1.173675755582376E-7	1
éh	4	1.173675755582376E-7	1
_µ	3	8.80256816686782E-8	1
_·	3	8.80256816686782E-8	1
bf	3	8.80256816686782E-8	1
bg	3	8.80256816686782E-8	1
bh	3	8.80256816686782E-8	1
cf	3	8.80256816686782E-8	1
cz	3	8.80256816686782E-8	1
d­	3	8.80256816686782E-8	1
fä	3	8.80256816686782E-8	1
gb	3	8.80256816686782E-8	1
g­	3	8.80256816686782E-8	1
kf	3	8.80256816686782E-8	1
kp	3	8.80256816686782E-8	1
ku	3	8.80256816686782E-8	1
lk	3	8.80256816686782E-8	1
lz	3	8.80256816686782E-8	1
nb	3	8.80256816686782E-8	1
nw	3	8.80256816686782E-8	1
tb	3	8.80256816686782E-8	1
tv	3	8.80256816686782E-8	1
uk	3	8.80256816686782E-8	1
µg	3	8.80256816686782E-8	1
·_	3	8.80256816686782E-8	1
ß_	3	8.80256816686782E-8	1
ßa	3	8.80256816686782E-8	1
ès	3	8.80256816686782E-8	1
éq	3	8.80256816686782E-8	1
_ô	2	5.86837877791188E-8	1
aã	2	5.86837877791188E-8	1
cp	2	5.86837877791188E-8	1
dc	2	5.86837877791188E-8	1
df	2	5.86837877791188E-8	1
fk	2	5.86837877791188E-8	1
fy	2	5.86837877791188E-8	1
f­	2	5.86837877791188E-8	1
fü	2	5.86837877791188E-8	1
hf	2	5.86837877791188E-8	1
hw	2	5.86837877791188E-8	1
hy	2	5.86837877791188E-8	1
jm	2	5.86837877791188E-8	1
lô	2	5.86837877791188E-8	1
pd	2	5.86837877791188E-8	1
p­	2	5.86837877791188E-8	1
qú	2	5.86837877791188E-8	1
sò	2	5.86837877791188E-8	1
uw	2	5.86837877791188E-8	1
uâ	2	5.86837877791188E-8	1
vl	2	5.86837877791188E-8	1
wl	2	5.86837877791188E-8	1
wm	2	5.86837877791188E-8	1
xf	2	5.86837877791188E-8	1
xx	2	5.86837877791188E-8	1
xy	2	5.86837877791188E-8	1
xz	2	5.86837877791188E-8	1
yp	2	5.86837877791188E-8	1
zd	2	5.86837877791188E-8	1
­k	2	5.86837877791188E-8	1
àa	2	5.86837877791188E-8	1
â­	2	5.86837877791188E-8	1
å_	2	5.86837877791188E-8	1
êt	2	5.86837877791188E-8	1
íu	2	5.86837877791188E-8	1
òl	2	5.86837877791188E-8	1
óo	2	5.86837877791188E-8	1
ör	2	5.86837877791188E-8	1
ür	2	5.86837877791188E-8	1
_ã	1	2.93418938895594E-8	1
_å	1	2.93418938895594E-8	1
_ç	1	2.93418938895594E-8	1
_ü	1	2.93418938895594E-8	1
bz	1	2.93418938895594E-8	1
cv	1	2.93418938895594E-8	1
cx	1	2.93418938895594E-8	1
cè	1	2.93418938895594E-8	1
dn	1	2.93418938895594E-8	1
dp	1	2.93418938895594E-8	1
dè	1	2.93418938895594E-8	1
dô	1	2.93418938895594E-8	1
fj	1	2.93418938895594E-8	1
fm	1	2.93418938895594E-8	1
få	1	2.93418938895594E-8	1
gf	1	2.93418938895594E-8	1
gp	1	2.93418938895594E-8	1
gt	1	2.93418938895594E-8	1
gå	1	2.93418938895594E-8	1
gô	1	2.93418938895594E-8	1
hd	1	2.93418938895594E-8	1
h­	1	2.93418938895594E-8	1
hö	1	2.93418938895594E-8	1
iw	1	2.93418938895594E-8	1
iy	1	2.93418938895594E-8	1
jk	1	2.93418938895594E-8	1
jv	1	2.93418938895594E-8	1
jà	1	2.93418938895594E-8	1
jí	1	2.93418938895594E-8	1
jö	1	2.93418938895594E-8	1
kb	1	2.93418938895594E-8	1
kh	1	2.93418938895594E-8	1
kl	1	2.93418938895594E-8	1
kr	1	2.93418938895594E-8	1
kw	1	2.93418938895594E-8	1
lj	1	2.93418938895594E-8	1
lw	1	2.93418938895594E-8	1
là	1	2.93418938895594E-8	1
lä	1	2.93418938895594E-8	1
mt	1	2.93418938895594E-8	1
mä	1	2.93418938895594E-8	1
mç	1	2.93418938895594E-8	1
mè	1	2.93418938895594E-8	1
mü	1	2.93418938895594E-8	1
nõ	1	2.93418938895594E-8	1
oï	1	2.93418938895594E-8	1
où	1	2.93418938895594E-8	1
pf	1	2.93418938895594E-8	1
pq	1	2.93418938895594E-8	1
qi	1	2.93418938895594E-8	1
rè	1	2.93418938895594E-8	1
rô	1	2.93418938895594E-8	1
tf	1	2.93418938895594E-8	1
tä	1	2.93418938895594E-8	1
uy	1	2.93418938895594E-8	1
uï	1	2.93418938895594E-8	1
vm	1	2.93418938895594E-8	1
vs	1	2.93418938895594E-8	1
vy	1	2.93418938895594E-8	1
wc	1	2.93418938895594E-8	1
wk	1	2.93418938895594E-8	1
wt	1	2.93418938895594E-8	1
wy	1	2.93418938895594E-8	1
xl	1	2.93418938895594E-8	1
xn	1	2.93418938895594E-8	1
xv	1	2.93418938895594E-8	1
yc	1	2.93418938895594E-8	1
yg	1	2.93418938895594E-8	1
yq	1	2.93418938895594E-8	1
yz	1	2.93418938895594E-8	1
yè	1	2.93418938895594E-8	1
zq	1	2.93418938895594E-8	1
zt	1	2.93418938895594E-8	1
­à	1	2.93418938895594E-8	1
àp	1	2.93418938895594E-8	1
àv	1	2.93418938895594E-8	1
à­	1	2.93418938895594E-8	1
áa	1	2.93418938895594E-8	1
ái	1	2.93418938895594E-8	1
áé	1	2.93418938895594E-8	1
â_	1	2.93418938895594E-8	1
ãm	1	2.93418938895594E-8	1
ãn	1	2.93418938895594E-8	1
ãz	1	2.93418938895594E-8	1
äl	1	2.93418938895594E-8	1
än	1	2.93418938895594E-8	1
ån	1	2.93418938895594E-8	1
ç_	1	2.93418938895594E-8	1
çt	1	2.93418938895594E-8	1
çô	1	2.93418938895594E-8	1
éx	1	2.93418938895594E-8	1
éí	1	2.93418938895594E-8	1
êa	1	2.93418938895594E-8	1
ëá	1	2.93418938895594E-8	1
íe	1	2.93418938895594E-8	1
íi	1	2.93418938895594E-8	1
íá	1	2.93418938895594E-8	1
ïg	1	2.93418938895594E-8	1
ïk	1	2.93418938895594E-8	1
óz	1	2.93418938895594E-8	1
ôa	1	2.93418938895594E-8	1
ôe	1	2.93418938895594E-8	1
ôü	1	2.93418938895594E-8	1
ù_	1	2.93418938895594E-8	1
üb	1	2.93418938895594E-8	1
üs	1	2.93418938895594E-8	1
üë	1	2.93418938895594E-8	1
