French	3	27606485
	1)	r	0.060392007	1667211
		1)	re	0.40064818	667947
			1)	rep	0.096028745	64140
			2)	ren	0.1257222	83973
			3)	rev	0.044696636	29854
			4)	res	0.22219262	148408
			5)	rel	0.110370174	73719
			6)	reç	0.013467081	8995
			7)	rec	0.13924767	93007
			8)	ref	0.024731819	16519
			9)	red	0.008981547	5999
			10)	rej	0.022827413	15247
			11)	ret	0.04869259	32523
			12)	rem	0.10467942	69918
			13)	reg	0.025911592	17307
			14)	req	0.010167309	6791
			15)	reh	3.9225962E-4	262
			16)	reb	0.0014777108	987
			17)	rei	1.8864393E-4	126
			18)	rea	1.9762699E-4	132
			19)	Esc	2.6949134E-5	18
		2)	ré	0.3144618	524260
			1)	réc	0.053385373	27986
			2)	réd	0.06809468	35697
			3)	rég	0.18264832	95749
			4)	réj	0.020054327	10513
			5)	rés	0.20056617	105142
			6)	rée	0.040854517	21417
			7)	réa	0.10065888	52768
			8)	réu	0.050220706	26327
			9)	rép	0.11752374	61609
			10)	réf	0.103606075	54313
			11)	réi	0.0078916345	4137
			12)	rét	0.010503104	5506
			13)	rén	0.0010873174	570
			14)	rév	0.031656194	16595
			15)	réé	0.0027259237	1429
			16)	réh	0.0013391171	702
			17)	réo	0.0026725114	1401
			18)	rém	0.004328286	2269
			19)	réb	1.4688322E-4	77
			20)	Esc	3.624391E-5	19
		3)	ra	0.18102096	301792
			1)	rap	0.70460004	212649
			2)	rai	0.15991664	48263
			3)	rat	0.033929642	10240
			4)	rav	0.014092067	4253
			5)	rar	0.009383666	2832
			6)	ras	0.012465168	3762
			7)	rac	0.018727573	5652
			8)	ram	0.0050529987	1525
			9)	rad	0.020248441	6111
			10)	raf	0.0012690482	383
			11)	ray	0.0025944249	783
			12)	ral	0.00714378	2156
			13)	ran	0.0069350335	2093
			14)	rab	0.0015076159	455
			15)	rag	0.0011663315	352
			16)	raj	7.190168E-4	217
			17)	raz	1.9217962E-4	58
			18)	Esc	5.6328507E-5	17
		4)	ri	0.030613627	51038
			1)	ris	0.4318672	22014
			2)	rir	0.0058657355	299
			3)	ric	0.098442346	5018
			4)	rie	0.3013301	15360
			5)	rig	0.086946286	4432
			6)	rid	0.02548358	1299
			7)	riv	0.03368384	1717
			8)	rim	0.0024522305	125
			9)	rit	0.0038058618	194
			10)	riz	0.0070231883	358
			11)	rip	0.0028838231	147
			12)	Esc	2.1579629E-4	11
		5)	rè	0.033787277	56329
			1)	règ	0.99998224	56329
			2)	Esc	1.7752529E-5	1
		6)	ro	0.011634114	19396
			1)	rou	0.7643967	13818
			2)	ros	0.013608453	246
			3)	rot	0.015489296	280
			4)	rom	0.10228467	1849
			5)	roi	0.019250982	348
			6)	rod	0.0031531781	57
			7)	rob	0.018199923	329
			8)	roc	0.008021243	145
			9)	ron	0.024008408	434
			10)	roy	0.015544615	281
			11)	rog	0.005863805	106
			12)	roq	0.009514853	172
			13)	Esc	6.6382694E-4	12
		7)	rô	0.015914433	26532
			1)	rôl	0.9999623	26494
			2)	Esc	3.774297E-5	1
		8)	ru	0.009628915	16053
			1)	rur	0.4627204	7348
			2)	rup	0.0313602	498
			3)	rud	0.023425693	372
			4)	rui	0.044143576	701
			5)	rus	0.23287153	3698
			6)	rum	0.034130983	542
			7)	rue	0.07298489	1159
			8)	rub	0.09785894	1554
			9)	Esc	5.0377834E-4	8
		9)	rh	4.6006218E-4	767
			1)	rhé	0.8291055	621
			2)	rhu	0.1682243	126
			3)	Esc	0.002670227	2
		10)	ry	8.7573763E-4	1460
			1)	ryt	0.99931365	1456
			2)	Esc	6.863418E-4	1
		11)	rê	8.9673133E-4	1495
			1)	rêv	0.93653977	1402
			2)	rên	0.06212425	93
			3)	Esc	0.0013360054	2
		12)	rw	5.0984723E-5	85
			1)	rwa	0.9883721	85
			2)	Esc	0.011627907	1
		13)	Esc	7.1978434E-6	12
	2)	s	0.07016529	1937017
		1)	se	0.22541107	434978
			1)	ses	0.053715494	23357
			2)	sen	0.10102385	43928
			3)	ser	0.32519066	141402
			4)	sem	0.08644108	37587
			5)	seu	0.14056362	61121
			6)	sep	0.013998639	6087
			7)	sex	0.02068174	8993
			8)	sei	0.07573339	32931
			9)	sec	0.121222645	52711
			10)	sel	0.05517584	23992
			11)	seg	8.6240994E-4	375
			12)	sef	0.00536304	2332
			13)	Esc	2.759712E-5	12
		2)	so	0.25335568	488903
			1)	sou	0.43967244	214933
			2)	soi	0.19163625	93681
			3)	sor	0.04646025	22712
			4)	soc	0.17313357	84636
			5)	sop	0.004754034	2324
			6)	sol	0.09239273	45166
			7)	som	0.03129398	15298
			8)	soy	0.0075156284	3674
			9)	son	0.0077999705	3813
			10)	sob	6.423264E-4	314
			11)	sof	8.571171E-4	419
			12)	sov	0.0029497922	1442
			13)	sot	1.1864628E-4	58
			14)	soj	7.446077E-4	364
			15)	Esc	2.8638759E-5	14
		3)	su	0.12298947	237334
			1)	suj	0.13155499	31213
			2)	sug	0.026835313	6367
			3)	sus	0.05787273	13731
			4)	sui	0.17680454	41949
			5)	suf	0.07690654	18247
			6)	sup	0.15287319	36271
			7)	sub	0.12369027	29347
			8)	sud	0.012825484	3043
			9)	sur	0.17410289	41308
			10)	suc	0.05009652	11886
			11)	sué	0.014696833	3487
			12)	sun	0.0011927743	283
			13)	sul	4.9312576E-4	117
			14)	Esc	5.4791748E-5	13
		4)	si	0.088614866	171001
			1)	sil	0.09357475	15985
			2)	sit	0.33002	56376
			3)	sig	0.22819126	38981
			4)	sin	0.07980635	13633
			5)	sim	0.20769086	35479
			6)	siè	0.037318677	6375
			7)	six	0.006538817	1117
			8)	sid	0.008359383	1428
			9)	sie	0.0029972019	512
			10)	sis	8.605248E-4	147
			11)	sié	0.0037699179	644
			12)	sir	8.019856E-4	137
			13)	Esc	7.024692E-5	12
		5)	sa	0.1135326	219085
			1)	san	0.17127912	37524
			2)	sav	0.2355339	51601
			3)	sag	0.17315513	37935
			4)	saj	0.0040715532	892
			5)	sai	0.09125392	19992
			6)	sau	0.044905767	9838
			7)	sat	0.08068249	17676
			8)	sal	0.08422912	18453
			9)	sac	0.03766187	8251
			10)	sar	0.0047105863	1032
			11)	sad	0.010671852	2338
			12)	sam	0.0054546036	1195
			13)	sab	0.0054454743	1193
			14)	sap	0.03443475	7544
			15)	saf	0.0018212443	399
			16)	sas	0.012191838	2671
			17)	sao	0.001565631	343
			18)	sah	8.4900105E-4	186
			19)	Esc	8.2161394E-5	18
		6)	st	0.055336293	106783
			1)	sta	0.34606344	36953
			2)	str	0.5271443	56289
			3)	sti	0.052172203	5571
			4)	sté	0.006377539	681
			5)	sto	0.047358613	5057
			6)	ste	0.0032871016	351
			7)	sty	0.0045794663	489
			8)	stu	0.0129423775	1382
			9)	Esc	7.49197E-5	8
		7)	sé	0.05042934	97314
			1)	séc	0.53091305	51652
			2)	sér	0.19913864	19374
			3)	séa	0.078878395	7674
			4)	sét	0.03017813	2936
			5)	sév	0.031020978	3018
			6)	sép	0.049995374	4864
			7)	sém	0.006362487	619
			8)	sél	0.03904861	3799
			9)	ség	0.0023538119	229
			10)	séi	0.0024360411	237
			11)	séj	0.018717429	1821
			12)	séd	0.0031658255	308
			13)	sén	0.004687066	456
			14)	séq	0.0029602523	288
			15)	Esc	1.4390115E-4	14
		8)	sc	0.011211529	21635
			1)	sca	0.14743708	3187
			2)	scr	0.07156736	1547
			3)	sci	0.4697909	10155
			4)	sce	0.057041083	1233
			5)	sco	0.06439675	1392
			6)	scé	0.048158772	1041
			7)	sch	0.039368987	851
			8)	scè	0.093865655	2029
			9)	scl	0.007957069	172
			10)	Esc	4.1635826E-4	9
		9)	sû	0.010406227	20081
			1)	sûr	0.9999502	20079
			2)	Esc	4.9800798E-5	1
		10)	sy	0.030582316	59015
			1)	sys	0.81303674	45726
			2)	syn	0.098380186	5533
			3)	sym	0.07675895	4317
			4)	syl	0.006063192	341
			5)	syr	0.0056720185	319
			6)	Esc	8.8903114E-5	5
		11)	sp	0.019655285	37929
			1)	spé	0.7255181	27516
			2)	spo	0.14407003	5464
			3)	spe	0.054527238	2068
			4)	spi	0.020909138	793
			5)	sph	0.024284132	921
			6)	spa	0.024996044	948
			7)	spl	0.0039550704	150
			8)	spr	0.0015292938	58
			9)	Esc	2.1093708E-4	8
		12)	sê	2.1454E-4	414
			1)	sêt	0.99759036	414
			2)	Esc	0.0024096386	1
		13)	sh	2.8398048E-4	548
			1)	sho	0.44110855	191
			2)	sha	0.55427253	240
			3)	Esc	0.0046189376	2
		14)	sl	0.0012903493	2490
			1)	slo	0.97254723	2161
			2)	sla	0.026552655	59
			3)	Esc	9.0009003E-4	2
		15)	sv	3.0263615E-4	584
		16)	sè	1.3421706E-4	259
			1)	sèm	0.6163265	151
			2)	sèc	0.37551022	92
			3)	Esc	0.008163265	2
		17)	sm	3.005633E-5	58
		18)	sr	7.047691E-5	136
			1)	sri	0.9918033	121
			2)	Esc	0.008196721	1
		19)	sk	4.6846416E-4	904
			1)	ski	0.99206346	125
			2)	Esc	0.007936508	1
		20)	s’	0.01556607	30038
			1)	s’e	0.2468403	7402
			2)	s’i	0.1767099	5299
			3)	s’a	0.4739387	14212
			4)	s’o	0.03431487	1029
			5)	s’y	0.01744089	523
			6)	s’é	0.04742055	1422
			7)	s’ê	0.003101344	93
			8)	Esc	2.3343449E-4	7
		21)	sœ	5.182126E-5	100
			1)	sœu	0.990099	100
			2)	Esc	0.00990099	1
		22)	sx	5.1303046E-5	99
			1)	sxb	0.99	99
			2)	Esc	0.01	1
		23)	Esc	1.1400677E-5	22
	3)	d	0.10719906	2959389
		1)	dé	0.24336194	712005
			1)	déc	0.19601311	139558
			2)	déb	0.10246874	72956
			3)	dép	0.12083013	86029
			4)	dér	0.017170353	12225
			5)	déj	0.0598062	42581
			6)	dés	0.042177975	30030
			7)	dév	0.117092684	83368
			8)	dét	0.07039213	50118
			9)	déf	0.09531969	67866
			10)	dél	0.04923994	35058
			11)	dém	0.089332186	63603
			12)	dég	0.013584594	9672
			13)	déd	0.004751518	3383
			14)	déq	0.0024256196	1727
			15)	dén	0.016954057	12071
			16)	déç	0.002174209	1548
			17)	déo	2.4298333E-4	173
			18)	Esc	2.3876975E-5	17
		2)	de	0.1681814	492049
			1)	der	0.10478417	51547
			2)	dem	0.19256812	94731
			3)	deb	5.264923E-4	259
			4)	dev	0.37122586	182619
			5)	dex	0.04297519	21141
			6)	dep	0.0509112	25045
			7)	des	0.048833687	24023
			8)	deh	0.0064297114	3163
			9)	deu	0.0793865	39053
			10)	deg	0.0053950218	2654
			11)	den	0.075144075	36966
			12)	del	0.0018539034	912
			13)	def	0.007911614	3892
			14)	dea	0.0028906257	1422
			15)	dec	0.0010143616	499
			16)	deç	6.037383E-4	297
			17)	det	0.0068342364	3362
			18)	ded	2.6629533E-4	131
			19)	de 	4.0655778E-4	200
			20)	Esc	3.8622988E-5	19
		3)	du	0.0709255	207507
			1)	dun	0.8000473	165929
			2)	dut	0.017661609	3663
			3)	dur	0.15348676	31833
			4)	duv	0.0011186168	232
			5)	due	0.0099711185	2068
			6)	dum	0.006335614	1314
			7)	dus	0.0061138193	1268
			8)	dud	0.0012488007	259
			9)	dup	0.0021938388	455
			10)	duk	4.7734077E-4	99
			11)	dua	5.834165E-4	121
			12)	dub	4.0019478E-4	83
			13)	dul	2.989407E-4	62
			14)	Esc	6.268111E-5	13
		4)	di	0.17066969	499329
			1)	dif	0.13875547	69277
			2)	din	0.10336409	51607
			3)	dis	0.25988534	129754
			4)	dir	0.25166142	125648
			5)	dit	0.07577803	37834
			6)	dil	0.0038936536	1944
			7)	dim	0.04922347	24576
			8)	dip	0.008478311	4233
			9)	div	0.03530927	17629
			10)	dia	0.032032512	15993
			11)	did	0.0042201276	2107
			12)	dic	0.016784372	8380
			13)	diz	0.0032046533	1600
			14)	dig	0.011264356	5624
			15)	dix	0.0021551293	1076
			16)	dio	0.002507641	1252
			17)	die	0.0011837188	591
			18)	dik	2.6238099E-4	131
			19)	Esc	3.6052348E-5	18
		5)	dê	0.004492594	13144
			1)	dêt	0.9999239	13141
			2)	Esc	7.609192E-5	1
		6)	do	0.13538314	396091
			1)	don	0.29882103	118340
			2)	dor	0.03137444	12425
			3)	dos	0.022387588	8866
			4)	doi	0.33896515	134238
			5)	dom	0.13833793	54785
			6)	dof	0.0044492367	1762
			7)	dou	0.06893287	27299
			8)	doc	0.041219827	16324
			9)	dot	0.01263563	5004
			10)	dob	0.017201021	6812
			11)	dop	0.010269606	4067
			12)	doù	0.0042270273	1674
			13)	dol	0.0066157775	2620
			14)	dog	0.0025579322	1013
			15)	dov	1.7675741E-4	70
			16)	dox	3.7119057E-4	147
			17)	doz	6.5905263E-4	261
			18)	doy	1.4140592E-4	56
			19)	doe	6.085505E-4	241
			20)	Esc	4.797701E-5	19
		7)	da	0.095806	280300
			1)	dac	0.14690587	41157
			2)	dal	0.023233235	6509
			3)	dai	0.052466635	14699
			4)	dab	0.0671226	18805
			5)	dau	0.20308825	56897
			6)	dan	0.068939425	19314
			7)	dar	0.031328637	8777
			8)	dag	0.014420383	4040
			9)	dam	0.056931958	15950
			10)	dap	0.061486512	17226
			11)	dat	0.04725174	13238
			12)	dav	0.1099697	30809
			13)	dad	0.036961153	10355
			14)	das	0.05512941	15445
			15)	daf	0.014452508	4049
			16)	daj	0.0075921174	2127
			17)	daz	8.4237877E-4	236
			18)	dao	8.316706E-4	233
			19)	daé	7.210191E-4	202
			20)	daa	2.534275E-4	71
			21)	Esc	7.1388036E-5	20
		8)	dr	0.040364645	118095
			1)	dro	0.9511976	112306
			2)	dra	0.035987735	4249
			3)	dre	0.012289528	1451
			4)	drô	4.9124233E-4	58
			5)	Esc	3.3878783E-5	4
		9)	dh	0.0026906345	7872
			1)	dhy	0.07817465	615
			2)	dha	0.35528156	2795
			3)	dhi	0.15660353	1232
			4)	dhu	0.05898055	464
			5)	dho	0.18927164	1489
			6)	dhe	0.11338503	892
			7)	dhé	0.03470192	273
			8)	dhô	0.012584212	99
			9)	Esc	0.0010169061	8
		10)	dè	0.007270387	21271
			1)	dès	0.999953	21268
			2)	Esc	4.7016783E-5	1
		11)	dû	0.002785996	8151
			1)	dûm	0.9989637	964
			2)	Esc	0.0010362695	1
		12)	dy	0.0022418536	6559
			1)	dyn	0.8644401	3520
			2)	dys	0.13506876	550
			3)	Esc	4.9115915E-4	2
		13)	dâ	2.2080155E-4	646
			1)	dâp	0.08513932	55
			2)	dâg	0.8250774	533
			3)	dâm	0.08513932	55
			4)	Esc	0.0046439627	3
		14)	dî	6.5283435E-5	191
			1)	dîn	0.9929578	141
			2)	Esc	0.0070422534	1
		15)	dà	3.1445423E-5	92
		16)	dj	2.836924E-5	83
			1)	dji	0.9859155	70
			2)	Esc	0.014084507	1
		17)	d’	0.055211667	161533
			1)	d’u	0.24862953	40139
			2)	d’a	0.34034106	54945
			3)	d’o	0.049033392	7916
			4)	d’é	0.075278275	12153
			5)	d’i	0.10932167	17649
			6)	d’e	0.13925211	22481
			7)	d’ê	0.020849722	3366
			8)	d’h	0.0112363035	1814
			9)	d’œ	0.001276008	206
			10)	d’y	0.003363458	543
			11)	d’â	5.8225606E-4	94
			12)	d’å	7.618882E-4	123
			13)	Esc	7.433056E-5	12
		18)	dœ	1.3501024E-4	395
			1)	dœu	0.8227848	325
			2)	dœi	0.1721519	68
			3)	Esc	0.005063291	2
		19)	dx	1.2714889E-4	372
			1)	dxb	0.99727523	366
			2)	Esc	0.0027247956	1
		20)	Esc	6.4941632E-6	19
	4)	e	0.04118047	1136848
		1)	eu	0.2968007	337368
			1)	eur	0.982027	331222
			2)	eux	0.014086052	4751
			3)	eue	0.0017225839	581
			4)	eus	8.034772E-4	271
			5)	eut	7.0267194E-4	237
			6)	eup	6.404099E-4	216
			7)	Esc	1.7789163E-5	6
		2)	es	0.07487758	85112
			1)	esp	0.32176018	27376
			2)	ess	0.40546766	34498
			3)	esc	0.025880914	2202
			4)	est	0.24251898	20634
			5)	esq	0.0043134857	367
			6)	Esc	5.8766836E-5	5
		3)	ex	0.21079423	239606
			1)	exa	0.08490842	20305
			2)	exp	0.2426403	58025
			3)	ext	0.13304758	31817
			4)	exi	0.19035712	45522
			5)	exc	0.11446015	27372
			6)	exe	0.20504308	49034
			7)	exé	0.016722422	3999
			8)	exh	0.008731287	2088
			9)	exo	0.0033453207	800
			10)	exy	7.0251734E-4	168
			11)	Esc	4.181651E-5	10
		4)	ef	0.08648417	98305
			1)	eff	0.9999898	98300
			2)	Esc	1.01728365E-5	1
		5)	en	0.27502328	312614
			1)	enc	0.22192785	69358
			2)	env	0.130012	40632
			3)	ent	0.30803296	96268
			4)	eng	0.08543956	26702
			5)	ens	0.078409724	24505
			6)	enq	0.013346132	4171
			7)	enf	0.12288297	38404
			8)	enr	0.014894809	4655
			9)	end	0.012344613	3858
			10)	enj	0.0059227264	1851
			11)	enl	0.0033277338	1040
			12)	enn	0.0024094072	753
			13)	enz	2.6557874E-4	83
			14)	en 	7.3914084E-4	231
			15)	Esc	4.4796416E-5	14
		6)	er	0.009181107	10436
			1)	err	0.92896175	6460
			2)	er 	0.07075065	492
			3)	Esc	2.8760426E-4	2
		7)	em	0.028102847	31944
			1)	emb	0.107888885	3445
			2)	emp	0.8795215	28084
			3)	emm	0.010240831	327
			4)	ema	0.0022235445	71
			5)	Esc	1.2527012E-4	4
		8)	et	0.0074189617	8433
			1)	etc	0.54078966	4342
			2)	eth	0.35359323	2839
			3)	eto	0.06202516	498
			4)	eta	0.020675054	166
			5)	et 	0.022294184	179
			6)	Esc	6.227426E-4	5
		9)	el	0.005311072	6037
			1)	ell	0.98512006	5826
			2)	ele	0.014541766	86
			3)	Esc	3.381806E-4	2
		10)	eh	8.841523E-4	1005
		11)	ea	0.004220178	4797
			1)	eau	0.99979013	4764
			2)	Esc	2.0986359E-4	1
		12)	eû	2.2257764E-4	253
			1)	eût	0.99603176	251
			2)	Esc	0.003968254	1
		13)	ec	2.4545123E-4	279
			1)	ech	0.27027026	60
			2)	eco	0.36936936	82
			3)	eca	0.34684685	77
			4)	Esc	0.013513514	3
		14)	ee	1.3460229E-4	153
			1)	eeu	0.99319726	146
			2)	Esc	0.006802721	1
		15)	ev	8.797535E-5	100
			1)	evi	0.984127	62
			2)	Esc	0.015873017	1
		16)	ey	7.213979E-5	82
			1)	eye	0.9875	79
			2)	Esc	0.0125	1
		17)	e 	1.2404524E-4	141
		18)	Esc	1.495581E-5	17
	5)	a	0.055551622	1533585
		1)	av	0.06858302	105170
			1)	ava	0.38561743	40555
			2)	avo	0.2981582	31357
			3)	avi	0.19511452	20520
			4)	ave	0.074898496	7877
			5)	avé	0.018883891	1986
			6)	avr	0.025787067	2712
			7)	avè	0.0014738183	155
			8)	Esc	6.6559536E-5	7
		2)	at	0.050996106	78201
			1)	att	0.90793157	70983
			2)	ati	0.026515394	2073
			3)	ato	0.018687405	1461
			4)	aty	0.0033895704	265
			5)	atl	0.0041314387	323
			6)	ate	0.017024597	1331
			7)	atm	0.011153605	872
			8)	atr	0.00862102	674
			9)	ath	0.002430258	190
			10)	Esc	1.1511748E-4	9
		3)	ap	0.10626618	162956
			1)	app	0.8194317	133501
			2)	apr	0.16003658	26073
			3)	apa	0.003523223	574
			4)	apo	9.39117E-4	153
			5)	apt	0.0050822804	828
			6)	ape	0.0040449547	659
			7)	apl	9.2070294E-4	150
			8)	api	0.0014424346	235
			9)	aph	0.0045237206	737
			10)	Esc	5.5242177E-5	9
		4)	as	0.04605242	70620
			1)	ass	0.72175145	50934
			2)	asp	0.245175	17302
			3)	ast	0.0050446363	356
			4)	asi	0.018988239	1340
			5)	asc	0.0034150488	241
			6)	asy	0.005540598	391
			7)	Esc	8.5021966E-5	6
		5)	an	0.07253875	111236
			1)	ann	0.4686779	51593
			2)	ans	0.18861394	20763
			3)	ana	0.06824912	7513
			4)	ang	0.029523445	3250
			5)	ant	0.08646282	9518
			6)	ani	0.09237659	10169
			7)	anc	0.049526718	5452
			8)	ano	0.008639014	951
			9)	anx	0.0010446758	115
			10)	ané	0.0035609817	392
			11)	and	0.0024163804	266
			12)	ane	7.994041E-4	88
			13)	Esc	1.0900965E-4	12
		6)	au	0.17739506	272030
			1)	aup	0.023292674	6334
			2)	aus	0.3506294	95347
			3)	aug	0.05441086	14796
			4)	aur	0.13845792	37651
			5)	auj	0.16916056	46000
			6)	aut	0.22485484	61145
			7)	aud	0.03536559	9617
			8)	auc	0.0029419228	800
			9)	aux	6.398682E-4	174
			10)	aub	2.09612E-4	57
			11)	Esc	3.6774036E-5	10
		7)	ad	0.05194624	79658
			1)	ado	0.45705596	36064
			2)	adm	0.18168683	14336
			3)	adh	0.0717445	5661
			4)	adé	0.09211077	7268
			5)	ada	0.06781573	5351
			6)	adr	0.07553387	5960
			7)	adu	0.013738039	1084
			8)	add	0.019010203	1500
			9)	adv	0.010911856	861
			10)	adj	0.0074013053	584
			11)	ade	0.0016095304	127
			12)	adi	0.0012293264	97
			13)	Esc	1.5208161E-4	12
		8)	ai	0.03582985	54944
			1)	ait	0.25156957	13824
			2)	aim	0.045058325	2476
			3)	aij	0.0043129334	237
			4)	aie	0.089843675	4937
			5)	aid	0.51820713	28476
			6)	aig	0.009790541	538
			7)	ail	0.027333442	1502
			8)	ain	0.014976979	823
			9)	ais	0.029589998	1626
			10)	air	0.009135411	502
			11)	Esc	1.8198031E-4	10
		9)	ac	0.14867784	227993
			1)	acc	0.5158624	117531
			2)	act	0.43905652	100032
			3)	acq	0.01945276	4432
			4)	ach	0.022459334	5117
			5)	aci	0.0011016793	251
			6)	aca	0.0015493736	353
			7)	aco	4.871968E-4	111
			8)	Esc	3.0724124E-5	7
		10)	ay	0.0066607106	10214
			1)	aya	0.6955414	7098
			2)	ayo	0.2508574	2560
			3)	aye	0.0533072	544
			4)	Esc	2.9397354E-4	3
		11)	af	0.02867288	43969
			1)	aff	0.91762006	40345
			2)	afr	0.06329747	2783
			3)	afg	0.01901426	836
			4)	Esc	6.823299E-5	3
		12)	am	0.054930322	84234
			1)	amé	0.3338916	28110
			2)	amp	0.02515768	2118
			3)	ame	0.43699294	36790
			4)	ama	0.0064854077	546
			5)	amo	0.012757011	1074
			6)	ami	0.048593048	4091
			7)	amb	0.12025324	10124
			8)	amè	0.012507572	1053
			9)	amu	0.0018767298	158
			10)	amn	0.0013659742	115
			11)	Esc	1.18780365E-4	10
		13)	al	0.038309194	58746
			1)	all	0.539637	31640
			2)	alt	0.07709101	4520
			3)	alo	0.0060888254	357
			4)	ali	0.30456066	17857
			5)	ale	0.009107655	534
			6)	ala	0.020415472	1197
			7)	alb	0.015281757	896
			8)	alp	0.005867103	344
			9)	alc	0.008834766	518
			10)	alé	0.004263883	250
			11)	alg	0.00866421	508
			12)	Esc	1.8761086E-4	11
		14)	ar	0.03340659	51228
			1)	arm	0.1778752	9088
			2)	art	0.19044077	9730
			3)	arr	0.38888672	19869
			4)	arg	0.119646914	6113
			5)	ard	0.015853753	810
			6)	arb	0.030631019	1565
			7)	arô	0.0018006733	92
			8)	arc	0.026892664	1374
			9)	ara	0.03720739	1901
			10)	ari	0.0033664762	172
			11)	ars	0.0044038207	225
			12)	aro	0.0027597276	141
			13)	Esc	2.3487043E-4	12
		15)	ag	0.03215518	49309
			1)	agi	0.25588575	12597
			2)	agr	0.5456337	26861
			3)	age	0.16155112	7953
			4)	agg	0.033821527	1665
			5)	agu	0.0013812997	68
			6)	aga	0.0016047452	79
			7)	Esc	1.2187938E-4	6
		16)	aj	0.006737008	10331
			1)	ajo	0.8971257	9270
			2)	aju	0.102680735	1061
			3)	Esc	1.9355463E-4	2
		17)	ab	0.03093246	47434
			1)	abo	0.4063973	19223
			2)	abs	0.39658782	18759
			3)	aba	0.08930044	4224
			4)	abu	0.069004886	3264
			5)	abr	0.02249424	1064
			6)	abe	0.01249445	591
			7)	abj	0.0023678145	112
			8)	abî	0.0011839073	56
			9)	Esc	1.6912962E-4	8
		18)	aé	0.007094368	10879
			1)	aér	0.9999081	10879
			2)	Esc	9.191177E-5	1
		19)	ax	0.0016713728	2563
			1)	axé	0.6340308	1606
			2)	axe	0.36517963	925
			3)	Esc	7.8957755E-4	2
		20)	aq	2.184588E-4	335
			1)	aqu	0.99701494	334
			2)	Esc	0.0029850747	1
		21)	ah	1.0173006E-4	156
			1)	ahu	0.9876543	80
			2)	Esc	0.012345679	1
		22)	ao	5.8755634E-4	901
			1)	aoû	0.9988839	895
			2)	Esc	0.0011160715	1
		23)	az	1.7867972E-4	274
			1)	azi	0.42971888	107
			2)	azo	0.3172691	79
			3)	aze	0.24096386	60
			4)	Esc	0.012048192	3
		24)	aî	4.2387528E-5	65
			1)	aîn	0.9848485	65
			2)	Esc	0.015151516	1
		25)	Esc	1.565078E-5	24
	6)	é	0.025707185	709685
		1)	ét	0.34050944	241633
			1)	été	0.5062616	122329
			2)	éta	0.30809247	74445
			3)	éti	0.014770394	3569
			4)	éte	0.018755794	4532
			5)	étu	0.044538803	10762
			6)	étr	0.09009982	21771
			7)	éth	0.007747318	1872
			8)	éto	0.009700702	2344
			9)	Esc	3.3108197E-5	8
		2)	él	0.10694708	75892
			1)	éle	0.45347703	34418
			2)	éla	0.18659253	14162
			3)	éli	0.05490263	4167
			4)	élu	0.058947533	4474
			5)	élo	0.029144378	2212
			6)	élé	0.20826636	15807
			7)	élè	0.008577301	651
			8)	Esc	9.222904E-5	7
		3)	ég	0.16774987	119039
			1)	éga	0.989864	117776
			2)	égo	0.0035299456	420
			3)	égl	0.0030592864	364
			4)	égy	0.0035131364	418
			5)	Esc	3.361853E-5	4
		4)	éc	0.17264543	122513
			1)	éco	0.66826135	81856
			2)	écr	0.15637884	19155
			3)	éch	0.13373227	16381
			4)	éca	0.01499702	1837
			5)	écl	0.022034273	2699
			6)	écu	0.004547273	557
			7)	Esc	4.898319E-5	6
		5)	év	0.09819876	69684
			1)	évé	0.102023244	7110
			2)	éve	0.091017365	6343
			3)	évo	0.22238484	15498
			4)	évi	0.4309944	30036
			5)	éva	0.14641985	10204
			6)	évè	0.0061271344	427
			7)	évê	9.32702E-4	65
			8)	Esc	1.0044483E-4	7
		6)	ém	0.023499835	16676
			1)	émo	0.051085263	852
			2)	éme	0.22214894	3705
			3)	éma	0.100851424	1682
			4)	émi	0.6157213	10269
			5)	ému	0.009893273	165
			6)	Esc	2.9979614E-4	5
		7)	én	0.036691364	26037
			1)	éno	0.26642603	6938
			2)	éne	0.69329137	18054
			3)	éni	0.0112130875	292
			4)	énu	0.02891594	753
			5)	Esc	1.5360393E-4	4
		8)	éd	0.0057298113	4066
			1)	édi	0.24117503	977
			2)	édu	0.7583313	3072
			3)	Esc	4.937053E-4	2
		9)	éq	0.031222256	22156
			1)	équ	0.9999549	22155
			2)	Esc	4.51345E-5	1
		10)	ép	0.013118251	9309
			1)	épo	0.31395727	2895
			2)	épi	0.21895672	2019
			3)	épa	0.15887648	1465
			4)	épr	0.20778657	1916
			5)	épu	0.093590714	863
			6)	éph	0.0061815423	57
			7)	Esc	6.5068866E-4	6
		11)	éb	9.145714E-4	649
			1)	ébr	0.6995074	426
			2)	éba	0.29720855	181
			3)	Esc	0.0032840723	2
		12)	ér	0.0021377578	1517
			1)	éri	0.25874588	392
			2)	éra	0.4871287	738
			3)	éro	0.13795379	209
			4)	éry	0.04620462	70
			5)	éru	0.06666667	101
			6)	Esc	0.0033003301	5
		13)	éo	4.593995E-4	326
			1)	éol	0.9969231	324
			2)	Esc	0.003076923	1
		14)	éh	1.564213E-4	111
			1)	ého	0.9910714	111
			2)	Esc	0.008928572	1
		15)	Esc	1.9728814E-5	14
	7)	i	0.026794648	739706
		1)	in	0.66171235	489421
			1)	int	0.36210266	177221
			2)	inv	0.053189274	26032
			3)	ins	0.17266898	84508
			4)	ini	0.04094013	20037
			5)	inf	0.0837539	40991
			6)	inc	0.07299835	35727
			7)	inn	0.009404971	4603
			8)	ind	0.122775435	60089
			9)	inu	0.008003318	3917
			10)	iné	0.010079237	4933
			11)	ina	0.021768535	10654
			12)	inq	0.01728161	8458
			13)	inj	0.006818247	3337
			14)	ine	0.006025475	2949
			15)	inh	0.003961816	1939
			16)	ino	0.0047382424	2319
			17)	ing	0.003111834	1523
			18)	inl	3.4121884E-4	167
			19)	Esc	3.6778078E-5	18
		2)	ir	0.019938402	14747
			1)	irr	0.38343766	5635
			2)	ira	0.24346761	3578
			3)	irl	0.3298857	4848
			4)	iro	0.042936854	631
			5)	Esc	2.721829E-4	4
		3)	im	0.22151947	163842
			1)	imp	0.88451046	144912
			2)	ima	0.024042776	3939
			3)	imm	0.08959123	14678
			4)	imb	7.9959474E-4	131
			5)	imi	0.0010254345	168
			6)	Esc	3.051888E-5	5
		4)	ig	0.0052661607	3895
			1)	ign	0.99974334	3895
			2)	Esc	2.5667352E-4	1
		5)	id	0.024473114	18101
			1)	ide	0.3532049	6381
			2)	idé	0.6337319	11449
			3)	ido	0.006420901	116
			4)	idi	0.006420901	116
			5)	Esc	2.2141039E-4	4
		6)	ic	0.03245956	24008
			1)	ici	0.9999583	23951
			2)	Esc	4.175017E-5	1
		7)	il	0.0140624745	10401
			1)	ill	0.9999036	10373
			2)	Esc	9.639483E-5	1
		8)	it	0.006222047	4602
			1)	ita	0.9329829	4260
			2)	iti	0.066579066	304
			3)	Esc	4.3802016E-4	2
		9)	is	0.013652809	10098
			1)	iss	0.31433678	3166
			2)	iso	0.20144956	2029
			3)	isr	0.29616758	2983
			4)	isl	0.18764892	1890
			5)	Esc	3.971406E-4	4
		10)	io	2.5012574E-4	185
			1)	ion	0.99264705	135
			2)	Esc	0.007352941	1
		11)	ib	1.6494778E-4	122
			1)	ibé	0.99159664	118
			2)	Esc	0.008403362	1
		12)	ii	1.10866546E-4	82
		13)	iv	1.5007544E-4	111
			1)	ivo	0.98734176	78
			2)	Esc	0.012658228	1
		14)	Esc	1.7576403E-5	13
	8)	v	0.025553526	705443
		1)	ve	0.11078774	78151
			1)	ven	0.3000128	23437
			2)	vei	0.15414746	12042
			3)	veu	0.27913466	21806
			4)	ver	0.24409883	19069
			5)	vec	0.0039170505	306
			6)	vel	0.0016513057	129
			7)	vet	0.01030466	805
			8)	vex	8.4485405E-4	66
			9)	ves	0.0024449565	191
			10)	vea	0.0033154122	259
			11)	Esc	1.2800819E-4	10
		2)	vu	0.067851126	47863
			1)	vux	0.0098975	365
			2)	vue	0.9035468	33321
			3)	vul	0.07985791	2945
			4)	vus	0.0065892944	243
			5)	Esc	1.0846575E-4	4
		3)	va	0.09331426	65825
			1)	vac	0.07433325	3601
			2)	vai	0.12474197	6043
			3)	val	0.48550904	23520
			4)	vau	0.07336306	3554
			5)	var	0.06139047	2974
			6)	vas	0.08304434	4023
			7)	van	0.043060027	2086
			8)	vag	0.036598958	1773
			9)	vat	0.015605648	756
			10)	vap	0.0021468087	104
			11)	Esc	2.0642391E-4	10
		4)	vi	0.26908246	189814
			1)	vic	0.081744045	15516
			2)	vie	0.21849515	41473
			3)	vis	0.27249596	51723
			4)	vio	0.10634206	20185
			5)	vig	0.06511179	12359
			6)	viv	0.072324194	13728
			7)	vit	0.056534886	10731
			8)	via	0.04892736	9287
			9)	vil	0.03204223	6082
			10)	vin	0.019519314	3705
			11)	vid	0.011147873	2116
			12)	vif	0.00449392	853
			13)	vir	0.010004636	1899
			14)	vib	7.428403E-4	141
			15)	Esc	7.375719E-5	14
		5)	vr	0.031855144	22471
			1)	vra	0.9999555	22465
			2)	Esc	4.4511708E-5	1
		6)	vo	0.3807874	268612
			1)	vou	0.35062903	94146
			2)	vol	0.087357454	23456
			3)	vot	0.24045272	64563
			4)	voi	0.25979307	69756
			5)	von	0.028338287	7609
			6)	voy	0.027403485	7358
			7)	voc	0.0031842864	855
			8)	voû	4.3574444E-4	117
			9)	vod	8.2307286E-4	221
			10)	voe	0.0015455893	415
			11)	Esc	3.7243117E-5	10
		7)	vé	0.044133075	31132
			1)	vér	0.7245632	22560
			2)	véh	0.16399023	5106
			3)	vét	0.038572714	1201
			4)	véc	0.034782887	1083
			5)	vég	0.027299589	850
			6)	vén	0.0069694244	217
			7)	vél	0.0035971224	112
			8)	Esc	2.2482015E-4	7
		8)	vô	5.769678E-4	407
			1)	vôt	0.997549	407
			2)	Esc	0.0024509805	1
		9)	vê	4.550532E-4	321
			1)	vêt	0.9968553	317
			2)	Esc	0.003144654	1
		10)	vœ	0.0011425947	806
			1)	vœu	0.9987608	806
			2)	Esc	0.0012391574	1
		11)	Esc	1.4176113E-5	10
	9)	p	0.13880576	3831939
		1)	pa	0.25195485	965462
			1)	pas	0.40926898	395114
			2)	pay	0.14636104	141299
			3)	pac	0.0091007585	8786
			4)	par	0.3662605	353593
			5)	pan	0.0033902554	3273
			6)	pau	0.0153188165	14789
			7)	pat	0.008737184	8435
			8)	pap	0.0019110972	1845
			9)	pag	0.0013507159	1304
			10)	pai	0.02455734	23708
			11)	pal	0.0057633305	5564
			12)	pav	0.0011549449	1115
			13)	paq	0.006359966	6140
			14)	pak	4.505839E-4	435
			15)	Esc	1.4501551E-5	14
		2)	pu	0.027050655	103655
			1)	pub	0.5377128	49169
			2)	pui	0.40853664	37357
			3)	pur	0.032108136	2936
			4)	pul	0.0020450344	187
			5)	pun	0.01473081	1347
			6)	pud	6.670968E-4	61
			7)	puc	0.0012576416	115
			8)	put	8.967531E-4	82
			9)	puz	9.842413E-4	90
			10)	pus	9.5143315E-4	87
			11)	Esc	1.0936013E-4	10
		3)	pr	0.3245032	1243459
			1)	pro	0.52905184	657840
			2)	pre	0.09234763	114828
			3)	pré	0.21943781	272856
			4)	pri	0.12252781	152355
			5)	prê	0.008947816	11126
			6)	pra	0.018625868	23160
			7)	pru	0.0024842534	3089
			8)	prè	0.0056874845	7072
			9)	prô	8.8223565E-4	1097
			10)	Esc	7.2380317E-6	9
		4)	pé	0.009758905	37395
			1)	pér	0.500067	18667
			2)	pét	0.20410405	7619
			3)	pén	0.2418495	9028
			4)	péc	0.0075812372	283
			5)	péa	0.010554796	394
			6)	péd	0.033325296	1244
			7)	pél	0.0023306278	87
			8)	Esc	1.8752177E-4	7
		5)	pe	0.11200649	429196
			1)	per	0.39985457	171582
			2)	pei	0.01895547	8134
			3)	pen	0.1856	79643
			4)	peu	0.34181598	146677
			5)	pet	0.044440717	19070
			6)	pes	0.008014243	3439
			7)	pel	3.0295193E-4	130
			8)	pea	9.97411E-4	428
			9)	Esc	1.8643195E-5	8
		6)	po	0.1628517	624029
			1)	pou	0.2927419	182632
			2)	por	0.054588556	34056
			3)	pol	0.2750891	171619
			4)	pos	0.20542039	128155
			5)	poi	0.11456769	71475
			6)	pop	0.038378373	23943
			7)	pot	0.013379455	8347
			8)	pon	0.0032555016	2031
			9)	pom	0.0015852738	989
			10)	poè	3.1096372E-4	194
			11)	poc	6.652059E-4	415
			12)	Esc	1.7631963E-5	11
		7)	pl	0.09401482	360254
			1)	plu	0.746135	266891
			2)	pla	0.20655972	73886
			3)	ple	0.029522112	10560
			4)	plé	0.013514194	4834
			5)	plo	0.003161885	1131
			6)	pli	0.0010903053	390
			7)	Esc	1.6773927E-5	6
		8)	pê	0.0058240267	22317
			1)	pêc	0.9999552	22307
			2)	Esc	4.4826967E-5	1
		9)	ph	0.004516837	17308
			1)	pha	0.38095787	6594
			2)	phé	0.22543186	3902
			3)	phi	0.0845225	1463
			4)	phy	0.1549483	2682
			5)	phr	0.07753192	1342
			6)	pht	0.011612456	201
			7)	pho	0.06459068	1118
			8)	Esc	4.0441388E-4	7
		10)	pi	0.0057934932	22200
			1)	pil	0.30440086	6737
			2)	pie	0.26622087	5892
			3)	pis	0.0474878	1051
			4)	pic	0.005693114	126
			5)	piè	0.12832098	2840
			6)	pir	0.16333815	3615
			7)	pié	0.031266943	692
			8)	pio	0.020377733	451
			9)	piq	0.0045183445	100
			10)	pin	0.005828664	129
			11)	pit	0.011431412	253
			12)	pip	0.005783481	128
			13)	piv	0.0047442615	105
			14)	Esc	5.873848E-4	13
		11)	py	7.046141E-5	270
			1)	pyr	0.9959184	244
			2)	Esc	0.0040816325	1
		12)	pè	6.2893325E-4	2410
			1)	pès	0.5506383	1294
			2)	pèr	0.42468086	998
			3)	pèc	0.023404256	55
			4)	Esc	0.0012765958	3
		13)	pâ	1.6049542E-4	615
			1)	pât	0.89379084	547
			2)	pâl	0.10294118	63
			3)	Esc	0.003267974	2
		14)	ps	3.5021928E-4	1342
			1)	psy	0.8350746	1119
			2)	pse	0.16343284	219
			3)	Esc	0.0014925373	2
		15)	pn	1.07518885E-4	412
			1)	pne	0.99757284	411
			2)	Esc	0.0024271845	1
		16)	pô	7.3332056E-5	281
			1)	pôl	0.9964539	281
			2)	Esc	0.0035460992	1
		17)	pt	3.1263987E-4	1198
		18)	pp	1.6701963E-5	64
			1)	ppm	0.984375	63
			2)	Esc	0.015625	1
		19)	Esc	4.697427E-6	18
	10)	b	0.016166672	446305
		1)	bo	0.14842647	65968
			1)	bon	0.7355875	48448
			2)	bom	0.025401212	1673
			3)	bou	0.11615019	7650
			4)	bor	0.03601415	2372
			5)	boi	0.03455658	2276
			6)	bos	0.0022774548	150
			7)	boî	0.008578413	565
			8)	bov	0.026706953	1759
			9)	boy	0.006270592	413
			10)	bot	0.0014423879	95
			11)	bol	0.001472754	97
			12)	box	9.109819E-4	60
			13)	boo	0.0013968389	92
			14)	boe	0.0030214232	199
			15)	Esc	2.1256245E-4	14
		2)	bi	0.25644338	113976
			1)	bie	0.78003615	88843
			2)	bio	0.07628012	8688
			3)	bia	0.051792864	5899
			4)	bil	0.06325068	7204
			5)	biz	0.002607642	297
			6)	bis	0.0041616913	474
			7)	bin	5.1801646E-4	59
			8)	bib	0.005083585	579
			9)	big	8.253143E-4	94
			10)	biè	0.0024057035	274
			11)	bid	8.3409424E-4	95
			12)	bic	9.3945354E-4	107
			13)	bir	0.0065059355	741
			14)	bip	6.5849547E-4	75
			15)	bit	0.0011062723	126
			16)	bié	0.0028534804	325
			17)	Esc	1.4047904E-4	16
		3)	ba	0.1656073	73604
			1)	bas	0.5689695	41747
			2)	bat	0.079102665	5804
			3)	ban	0.15486623	11363
			4)	bai	0.06923528	5080
			5)	bal	0.043122128	3164
			6)	bar	0.05947692	4364
			7)	bap	0.003230071	237
			8)	bag	0.0053834515	395
			9)	baf	0.009758358	716
			10)	bac	0.004524825	332
			11)	bav	0.0021806387	160
			12)	Esc	1.4991891E-4	11
		4)	bâ	0.008885159	3949
			1)	bât	0.96543837	3799
			2)	bâc	0.018551461	73
			3)	bâi	0.015247776	60
			4)	Esc	7.623888E-4	3
		5)	br	0.065944575	29309
			1)	bre	0.23817971	6982
			2)	bro	0.027017808	792
			3)	bri	0.4098042	12013
			4)	bru	0.15753564	4618
			5)	bra	0.08419185	2468
			6)	brû	0.02271952	666
			7)	brè	0.05236406	1535
			8)	bré	0.0079143075	232
			9)	Esc	2.7290714E-4	8
		6)	be	0.15562415	69167
			1)	bea	0.4321288	29848
			2)	bel	0.07204077	4976
			3)	bes	0.47328874	32691
			4)	bec	0.0012016447	83
			5)	ber	0.006181955	427
			6)	ben	0.005892402	407
			7)	bet	0.0042419503	293
			8)	beu	0.0049079224	339
			9)	Esc	1.15821174E-4	8
		7)	bé	0.04678377	20793
			1)	bén	0.91095096	18833
			2)	béb	0.018283835	378
			3)	béa	0.0040147044	83
			4)	bét	0.04227532	874
			5)	bél	0.024233336	501
			6)	Esc	2.4184967E-4	5
		8)	bu	0.12299724	54666
			1)	bur	0.12604101	6871
			2)	bud	0.81599224	44483
			3)	buf	0.0063469936	346
			4)	but	0.019829769	1081
			5)	bul	0.02217779	1209
			6)	bus	0.009502146	518
			7)	Esc	1.1006347E-4	6
		9)	bl	0.027418219	12186
			1)	bla	0.36332867	4401
			2)	blo	0.38116074	4617
			3)	ble	0.20440848	2476
			4)	blâ	0.0312887	379
			5)	blé	0.019400643	235
			6)	Esc	4.1277966E-4	5
		10)	bê	6.412434E-4	285
			1)	bêt	0.9963768	275
			2)	Esc	0.0036231885	1
		11)	bœ	4.2524564E-4	189
			1)	bœu	0.99473685	189
			2)	Esc	0.005263158	1
		12)	bg	7.7624206E-4	345
		13)	Esc	2.6999724E-5	12
	11)	c	0.09557262	2638424
		1)	co	0.5966751	1570817
			1)	con	0.5521089	867241
			2)	cou	0.040515564	63641
			3)	col	0.037611276	59079
			4)	com	0.2887319	453534
			5)	cor	0.01501166	23580
			6)	coû	0.010636761	16708
			7)	coo	0.031584967	49613
			8)	coh	0.01185781	18626
			9)	cod	0.0047753374	7501
			10)	cof	0.0010224227	1606
			11)	coï	5.449525E-4	856
			12)	coq	3.6033077E-4	566
			13)	cop	7.964201E-4	1251
			14)	cot	7.563126E-4	1188
			15)	coi	4.9083924E-4	771
			16)	coe	0.0014024888	2203
			17)	coa	6.385367E-4	1003
			18)	cos	5.4558914E-4	857
			19)	coc	2.756594E-4	433
			20)	cog	2.750228E-4	432
			21)	cob	4.3927248E-5	69
			22)	Esc	1.3369163E-5	21
		2)	ci	0.03718809	97902
			1)	cit	0.6094071	59625
			2)	cir	0.15042773	14718
			3)	cin	0.03062111	2996
			4)	cib	0.033421572	3270
			5)	cim	0.0034239225	335
			6)	civ	0.152339	14905
			7)	cie	0.009423452	922
			8)	cic	8.585358E-4	84
			9)	cig	0.007665498	750
			10)	cid	0.0023098702	226
			11)	Esc	1.0220664E-4	10
		3)	ca	0.08099355	213225
			1)	cat	0.066927195	14266
			2)	cas	0.2279259	48584
			3)	cap	0.1462021	31164
			4)	car	0.10358562	22080
			5)	cal	0.034725577	7402
			6)	cam	0.044493027	9484
			7)	can	0.067832634	14459
			8)	cau	0.081067	17280
			9)	cad	0.20155565	42963
			10)	cai	0.0020219837	431
			11)	cac	0.011808198	2517
			12)	cab	0.0077689216	1656
			13)	cag	0.00105556	225
			14)	cav	8.1160833E-4	173
			15)	caf	0.0017170443	366
			16)	cah	4.2691536E-4	91
			17)	Esc	7.5062046E-5	16
		4)	ce	0.0792451	208622
			1)	ces	0.5474271	114161
			2)	cep	0.10476597	21848
			3)	cel	0.095420085	19899
			4)	cen	0.13460663	28071
			5)	cer	0.09322867	19442
			6)	ceu	0.022312159	4653
			7)	cec	8.775253E-4	183
			8)	cei	0.0013234807	276
			9)	Esc	3.8361763E-5	8
		5)	cr	0.0690051	181664
			1)	cri	0.33723313	61253
			2)	cré	0.29814902	54154
			3)	cro	0.27468976	49893
			4)	cre	0.005742317	1043
			5)	cru	0.043136198	7835
			6)	cra	0.03848949	6991
			7)	crû	4.074127E-4	74
			8)	crè	0.0012607771	229
			9)	cry	8.423533E-4	153
			10)	Esc	4.9550195E-5	9
		6)	ch	0.07247845	190808
			1)	che	0.17534368	33444
			2)	cha	0.42701355	81446
			3)	cho	0.2445238	46639
			4)	chè	0.005987396	1142
			5)	chi	0.06587709	12565
			6)	chô	0.044680025	8522
			7)	chr	0.01799889	3433
			8)	châ	0.0016829721	321
			9)	chu	0.00976753	1863
			10)	chy	0.0057462226	1096
			11)	ché	5.45262E-4	104
			12)	chl	7.7070686E-4	147
			13)	Esc	6.291484E-5	12
		7)	cl	0.03425109	90170
			1)	cla	0.65288174	58871
			2)	clo	0.09114904	8219
			3)	cli	0.17602111	15872
			4)	clé	0.0531102	4789
			5)	clô	0.014849564	1339
			6)	cle	0.00275033	248
			7)	clu	0.009160373	826
			8)	Esc	7.763028E-5	7
		8)	cu	0.010162891	26755
			1)	cur	0.10136299	2707
			2)	cul	0.82371	21998
			3)	cum	0.011645324	311
			4)	cub	0.034561522	923
			5)	cui	0.022054968	589
			6)	cup	0.003744477	100
			7)	cue	0.0026585786	71
			8)	Esc	2.6211338E-4	7
		9)	cô	0.004718119	12421
			1)	côt	0.9999194	12404
			2)	Esc	8.0612655E-5	1
		10)	cé	0.0028511554	7506
			1)	cét	0.385236	2865
			2)	cél	0.24781498	1843
			3)	céd	0.15436332	1148
			4)	cér	0.20263547	1507
			5)	cép	0.009277934	69
			6)	Esc	6.723141E-4	5
		11)	cy	0.0017051474	4489
			1)	cyc	0.7199095	3182
			2)	cyb	0.08054299	356
			3)	cyn	0.1463801	647
			4)	cya	0.052262444	231
			5)	Esc	9.049774E-4	4
		12)	câ	6.1915576E-5	163
			1)	câb	0.99378884	160
			2)	Esc	0.0062111802	1
		13)	cè	1.1471475E-4	302
			1)	cèd	0.99667776	300
			2)	Esc	0.003322259	1
		14)	cf	1.9030493E-4	501
		15)	cà	5.2419324E-5	138
			1)	càd	0.99270076	136
			2)	Esc	0.00729927	1
		16)	c’	0.008842153	23278
			1)	c’e	0.9744416	22685
			2)	c’é	0.025472509	593
			3)	Esc	8.591065E-5	2
		17)	cœ	0.0012246369	3224
			1)	cœu	0.99968964	3221
			2)	Esc	3.1036625E-4	1
		18)	cs	2.33228E-4	614
		19)	Esc	6.837303E-6	18
	12)	g	0.014143091	390441
		1)	gr	0.41933608	163596
			1)	gra	0.51422876	84098
			2)	gro	0.37195337	60830
			3)	gré	0.0051485244	842
			4)	grâ	0.07182253	11746
			5)	gri	0.008609409	1408
			6)	gre	0.023675876	3872
			7)	grè	0.004518717	739
			8)	Esc	4.280246E-5	7
		2)	go	0.120767124	47115
			1)	gou	0.97281	45653
			2)	gom	0.0016620853	78
			3)	goû	0.0113362735	532
			4)	gol	0.0070958254	333
			5)	gor	0.002493128	117
			6)	gon	0.004474845	210
			7)	Esc	1.2785272E-4	6
		3)	ge	0.08498171	33154
			1)	gen	0.47807524	15787
			2)	ges	0.47589487	15715
			3)	gel	0.037005633	1222
			4)	ger	0.008903155	294
			5)	Esc	1.21131365E-4	4
		4)	ga	0.16286324	63538
			1)	gar	0.72335136	45697
			2)	gal	0.010289043	650
			3)	gai	0.01014658	641
			4)	gag	0.074920066	4733
			5)	gas	0.02159116	1364
			6)	gau	0.035030235	2213
			7)	gaz	0.110203564	6962
			8)	gan	0.0035774212	226
			9)	gab	0.0011713679	74
			10)	gam	0.008167917	516
			11)	gay	0.0013771488	87
			12)	Esc	1.7412227E-4	11
		5)	gi	0.0027631745	1078
			1)	gig	0.6754757	639
			2)	gis	0.17124736	162
			3)	gif	0.07399577	70
			4)	gib	0.07505286	71
			5)	Esc	0.0042283298	4
		6)	gé	0.13221456	51581
			1)	gén	0.8216689	42371
			2)	géo	0.08431749	4348
			3)	gér	0.08371633	4317
			4)	géa	0.007989606	412
			5)	gél	0.0022107163	114
			6)	Esc	9.696124E-5	5
		7)	gl	0.03161246	12333
			1)	glo	0.92222404	11312
			2)	gla	0.037175935	456
			3)	gli	0.040355455	495
			4)	Esc	2.4457852E-4	3
		8)	gu	0.040148053	15663
			1)	gui	0.19587629	3059
			2)	guè	0.11224947	1753
			3)	gue	0.6421848	10029
			4)	gué	0.043414228	678
			5)	gua	0.005955049	93
			6)	Esc	3.2016393E-4	5
		9)	gè	0.001973696	770
			1)	gèr	0.58981234	440
			2)	gèn	0.4075067	304
			3)	Esc	0.0026809652	2
		10)	gê	0.0017019924	664
			1)	gên	0.99849623	664
			2)	Esc	0.0015037594	1
		11)	gh	3.204052E-4	125
			1)	ghe	0.991453	116
			2)	Esc	0.008547009	1
		12)	gâ	0.0012867473	502
			1)	gâc	0.65674603	331
			2)	gât	0.3392857	171
			3)	Esc	0.003968254	2
		13)	Esc	3.07589E-5	12
	13)	l	0.067669354	1868113
		1)	la	0.1884283	342104
			1)	lan	0.11621978	39751
			2)	las	0.04111007	14061
			3)	lar	0.11546254	39492
			4)	lac	0.12692927	43414
			5)	lav	0.09057605	30980
			6)	lai	0.09981786	34141
			7)	lap	0.063105024	21584
			8)	lau	0.062116813	21246
			9)	lad	0.05337789	18257
			10)	lat	0.03770104	12895
			11)	lam	0.061280638	20960
			12)	lag	0.044337828	15165
			13)	lab	0.030274857	10355
			14)	laf	0.021182166	7245
			15)	lal	0.02607643	8919
			16)	law	1.608032E-4	55
			17)	lax	0.0014823131	507
			18)	laé	0.0014501525	496
			19)	laj	0.0018068432	618
			20)	laq	0.0015144737	518
			21)	laï	0.001301044	445
			22)	laz	0.0011080803	379
			23)	lay	3.596144E-4	123
			24)	lae	7.5723685E-4	259
			25)	lao	2.3681925E-4	81
			26)	la 	1.7834536E-4	61
			27)	Esc	7.6016055E-5	26
		2)	lo	0.1326231	240786
			1)	lon	0.23844448	57385
			2)	lor	0.30069724	72367
			3)	loc	0.10053851	24196
			4)	log	0.031400625	7557
			5)	loi	0.08530565	20530
			6)	lob	0.09858973	23727
			7)	lou	0.044348136	10673
			8)	lof	0.007894824	1900
			9)	lop	0.039623708	9536
			10)	loy	0.006087325	1465
			11)	lol	0.004765981	1147
			12)	lom	0.021935146	5279
			13)	lot	0.013221753	3182
			14)	los	0.0045083603	1085
			15)	lod	2.9501712E-4	71
			16)	loz	4.570688E-4	110
			17)	loa	9.3906856E-4	226
			18)	loe	8.7258586E-4	210
			19)	Esc	7.4793075E-5	18
		3)	lu	0.12784058	232103
			1)	lun	0.5761279	133036
			2)	lue	0.18703933	43190
			3)	lum	0.018621651	4300
			4)	lut	0.16174853	37350
			5)	lur	0.008310453	1919
			6)	lui	0.019829893	4579
			7)	luc	0.005599487	1293
			8)	luk	0.010008055	2311
			9)	lux	0.0053050052	1225
			10)	lus	0.005876647	1357
			11)	luv	4.0707795E-4	94
			12)	lul	7.4486603E-4	172
			13)	lup	3.2479624E-4	75
			14)	Esc	5.6298017E-5	13
		4)	le	0.11499995	208790
			1)	lev	0.02304459	4808
			2)	let	0.021630663	4513
			3)	lex	0.17068717	35612
			4)	les	0.09785323	20416
			5)	lem	0.07913669	16511
			6)	len	0.25761724	53749
			7)	leç	0.013358002	2787
			8)	lec	0.038717594	8078
			9)	leu	0.22274359	46473
			10)	lef	0.04276765	8923
			11)	ler	0.003273597	683
			12)	lea	0.024396205	5090
			13)	led	0.0012269998	256
			14)	lel	3.690585E-4	77
			15)	leg	5.0326163E-4	105
			16)	lee	7.8125374E-4	163
			17)	lei	6.134999E-4	128
			18)	lep	3.3550774E-4	70
			19)	le 	8.531483E-4	178
			20)	Esc	9.106639E-5	19
		5)	li	0.16953832	307808
			1)	lin	0.30248502	93094
			2)	lir	0.029282177	9012
			3)	lig	0.04030036	12403
			4)	lib	0.17928347	55177
			5)	lim	0.15876451	48862
			6)	lie	0.11714496	36053
			7)	lis	0.037925165	11672
			8)	lié	0.048248008	14849
			9)	lid	0.024379069	7503
			10)	lit	0.018949585	5832
			11)	liv	0.01901782	5853
			12)	lic	0.01171677	3606
			13)	lif	7.115842E-4	219
			14)	lia	0.0049031074	1509
			15)	liq	0.004279253	1317
			16)	lil	0.0016896063	520
			17)	lio	6.4659934E-4	199
			18)	lip	2.1445003E-4	66
			19)	Esc	5.8486374E-5	18
		6)	lé	0.0881692	160077
			1)	lég	0.4224779	67599
			2)	lél	0.10448983	16719
			3)	lév	0.056897867	9104
			4)	lét	0.12543279	20070
			5)	léc	0.1277077	20434
			6)	léq	0.02158669	3454
			7)	lén	0.06284139	10055
			8)	lép	0.02743647	4390
			9)	lém	0.008037198	1286
			10)	léd	0.034842443	5575
			11)	lér	0.005231054	837
			12)	lés	0.0029436396	471
			13)	Esc	7.499719E-5	12
		7)	là	0.011757766	21347
			1)	làd	0.40726006	819
			2)	làb	0.5420189	1090
			3)	làm	0.04922924	99
			4)	Esc	0.0014917952	3
		8)	lh	0.02663522	48358
			1)	lha	0.059678655	2886
			2)	lho	0.58822554	28446
			3)	lhe	0.1784156	8628
			4)	lhi	0.073099114	3535
			5)	lhy	0.025165947	1217
			6)	lhé	0.026530739	1283
			7)	lhô	0.0049835606	241
			8)	lhu	0.043735396	2115
			9)	Esc	1.6542939E-4	8
		9)	lê	6.9510005E-4	1262
			1)	lêt	0.9992082	1262
			2)	Esc	7.9176563E-4	1
		10)	lâ	9.41855E-4	1710
			1)	lâg	0.6944444	1175
			2)	lâm	0.071513005	121
			3)	lâc	0.23226951	393
			4)	Esc	0.0017730496	3
		11)	lî	4.213562E-4	765
			1)	lîl	0.9986928	764
			2)	Esc	0.0013071896	1
		12)	ly	1.3439335E-4	244
		13)	lè	5.171941E-4	939
			1)	lèr	0.50769234	429
			2)	lèv	0.48994082	414
			3)	Esc	0.002366864	2
		14)	lt	2.5226292E-4	458
		15)	lx	3.2496752E-4	590
			1)	lxb	0.9982935	585
			2)	Esc	0.0017064846	1
		16)	l’	0.13651721	247856
			1)	l’o	0.095055036	23540
			2)	l’a	0.26317	65173
			3)	l’é	0.10221041	25312
			4)	l’i	0.13410272	33210
			5)	l’u	0.177039	43843
			6)	l’e	0.17364302	43002
			7)	l’â	8.439466E-4	209
			8)	l’h	0.050992142	12628
			9)	l’œ	4.3610638E-4	108
			10)	l’ê	0.001098342	272
			11)	l’î	9.893154E-4	245
			12)	l’è	3.7149803E-4	92
			13)	Esc	4.8456262E-5	12
		17)	lœ	1.1456483E-4	208
			1)	lœi	0.2961165	61
			2)	lœu	0.69417477	143
			3)	Esc	0.009708738	2
		18)	lv	7.876332E-5	143
		19)	Esc	9.9142635E-6	18
	14)	n	0.03758512	1037593
		1)	ne	0.35371327	363775
			1)	nes	0.70383066	46614
			2)	net	0.06581709	4359
			3)	nen	0.10761147	7127
			4)	ner	0.003261411	216
			5)	nex	0.066949524	4434
			6)	neu	0.036509685	2418
			7)	nem	0.01017681	674
			8)	nei	0.002264869	150
			9)	new	0.001087137	72
			10)	nez	0.0023403645	155
			11)	Esc	1.5099125E-4	10
		2)	no	0.2797483	287706
			1)	nom	0.33182672	95441
			2)	not	0.13558026	38996
			3)	nou	0.34977037	100602
			4)	nov	0.017109202	4921
			5)	non	0.063618	18298
			6)	nor	0.083578154	24039
			7)	noi	0.006689312	1924
			8)	nof	0.0013733255	395
			9)	noy	0.0018983183	546
			10)	noc	0.0036714727	1056
			11)	nob	0.0030804214	886
			12)	nos	0.0014880591	428
			13)	nop	2.7118833E-4	78
			14)	Esc	4.5198056E-5	13
		3)	na	0.12778503	131420
			1)	nat	0.6065665	66379
			2)	nai	0.08463549	9262
			3)	nay	0.009338962	1022
			4)	nau	0.046813603	5123
			5)	nav	0.16457409	18010
			6)	naî	0.006076722	665
			7)	nan	0.005674653	621
			8)	nab	0.0058756876	643
			9)	nac	0.011851893	1297
			10)	nas	0.002522068	276
			11)	nap	0.020934993	2291
			12)	nag	0.0048796535	534
			13)	nar	0.007392584	809
			14)	naz	0.0045963777	503
			15)	nam	0.0016722408	183
			16)	naf	0.002796206	306
			17)	naï	0.0047151707	516
			18)	nal	0.0047151707	516
			19)	nad	0.003426723	375
			20)	naj	7.5844803E-4	83
			21)	Esc	1.8275855E-4	20
		4)	ny	0.01121109	11530
		5)	né	0.11915842	122548
			1)	née	0.024556002	2999
			2)	néc	0.5040981	61565
			3)	nés	0.0023827264	291
			4)	nét	0.04370788	5338
			5)	nég	0.31453627	38414
			6)	néa	0.08339543	10185
			7)	néf	0.009612787	1174
			8)	nép	0.002693873	329
			9)	néo	0.009842052	1202
			10)	név	0.0026693086	326
			11)	ném	0.0010972006	134
			12)	néb	6.3866895E-4	78
			13)	nél	6.6323316E-4	81
			14)	Esc	1.0644482E-4	13
		6)	ni	0.04923253	50633
			1)	niv	0.87116635	44000
			2)	nim	0.04353852	2199
			3)	nie	0.020769399	1049
			4)	nin	0.027322946	1380
			5)	nig	0.012493318	631
			6)	nié	0.003207476	162
			7)	nit	0.008276081	418
			8)	nic	0.007226721	365
			9)	nia	0.0011483557	58
			10)	nir	0.0033262717	168
			11)	nid	0.0013067495	66
			12)	Esc	2.1779159E-4	11
		7)	nê	5.6493003E-4	581
			1)	nêt	0.9982818	581
			2)	Esc	0.0017182131	1
		8)	nu	0.020123566	20696
			1)	nul	0.055425562	1137
			2)	nui	0.208638	4280
			3)	num	0.14989763	3075
			4)	nua	0.032270644	662
			5)	nut	0.04557863	935
			6)	nuc	0.50375354	10334
			7)	nud	0.0040947646	84
			8)	Esc	3.412304E-4	7
		9)	nô	0.0013875304	1427
			1)	nôt	0.9992997	1427
			2)	Esc	7.002801E-4	1
		10)	nh	4.4435976E-4	457
			1)	nhé	0.997449	391
			2)	Esc	0.0025510204	1
		11)	nl	0.0012290388	1264
		12)	n°	0.002182905	2245
			1)	n° 	0.99769056	432
			2)	Esc	0.0023094688	1
		13)	n’	0.03301	33949
			1)	n’a	0.36015788	12227
			2)	n’i	0.028366078	963
			3)	n’o	0.09319862	3164
			4)	n’e	0.3970073	13478
			5)	n’é	0.04188636	1422
			6)	n’y	0.07019353	2383
			7)	n’ê	0.00465404	158
			8)	n’h	0.002209196	75
			9)	n’u	0.0020619165	70
			10)	Esc	2.6510353E-4	9
		14)	nœ	1.0404047E-4	107
			1)	nœu	0.9907407	107
			2)	Esc	0.009259259	1
		15)	nx	9.04277E-5	93
			1)	nxb	0.9893617	93
			2)	Esc	0.010638298	1
		16)	Esc	1.4585112E-5	15
	15)	t	0.03491053	963757
		1)	te	0.22920428	220842
			1)	ter	0.35640725	78699
			2)	tem	0.18885297	41701
			3)	ten	0.22261019	49155
			4)	tes	0.016285347	3596
			5)	tex	0.08764017	19352
			6)	tec	0.11493941	25380
			7)	tel	0.012730286	2811
			8)	tei	4.9816136E-4	110
			9)	Esc	3.6229914E-5	8
		2)	to	0.12131506	116889
			1)	tou	0.7099652	82914
			2)	tom	0.026698405	3118
			3)	tot	0.16058432	18754
			4)	tor	0.031476375	3676
			5)	tol	0.028864762	3371
			6)	ton	0.020678848	2415
			7)	toi	0.004332711	506
			8)	tox	0.016731458	1954
			9)	top	5.9082423E-4	69
			10)	Esc	7.706403E-5	9
		3)	té	0.01289029	12420
			1)	tél	0.6021514	7445
			2)	tém	0.36573926	4522
			3)	tén	0.03186671	394
			4)	Esc	2.4263992E-4	3
		4)	ty	0.013550372	13056
			1)	typ	0.9705139	12672
			2)	tyr	0.029332925	383
			3)	Esc	1.5317454E-4	2
		5)	tr	0.4523329	435830
			1)	tri	0.021234317	9254
			2)	trè	0.17875697	77903
			3)	tra	0.6319515	275407
			4)	tro	0.1621807	70679
			5)	tre	0.0032950593	1436
			6)	tru	0.0012184377	531
			7)	tré	8.7654084E-4	382
			8)	trê	4.6810033E-4	204
			9)	Esc	1.8356875E-5	8
		6)	ti	0.06488009	62513
			1)	tir	0.1472317	9193
			2)	tie	0.5917135	36946
			3)	tit	0.21886961	13666
			4)	tis	0.015423053	963
			5)	tim	0.012668365	791
			6)	tig	0.0030429699	190
			7)	tib	0.009048832	565
			8)	tic	0.0018738288	117
			9)	Esc	1.2812504E-4	8
		7)	th	0.0126339365	12173
			1)	thè	0.5632697	6815
			2)	thé	0.30605835	3703
			3)	the	0.024960741	302
			4)	tho	0.09000744	1089
			5)	tha	0.0074386313	90
			6)	thr	0.0077692373	94
			7)	Esc	4.959088E-4	6
		8)	ta	0.065489314	63100
			1)	tax	0.10972592	6918
			2)	tan	0.33855158	21345
			3)	tar	0.15951338	10057
			4)	tab	0.1283308	8091
			5)	tau	0.15903756	10027
			6)	tai	0.046726305	2946
			7)	tap	0.0065505644	413
			8)	tal	0.017589772	1109
			9)	tac	0.016384343	1033
			10)	tas	0.008025631	506
			11)	tat	0.0027280801	172
			12)	tam	0.0045520873	287
			13)	taï	0.002077782	131
			14)	Esc	2.0619211E-4	13
		9)	tu	0.009046036	8716
			1)	tun	0.14183332	1227
			2)	tué	0.1331638	1152
			3)	tue	0.09594267	830
			4)	tur	0.49531847	4285
			5)	tut	0.030632297	265
			6)	tua	0.009825454	85
			7)	tub	0.07409548	641
			8)	tum	0.018263785	158
			9)	Esc	9.247486E-4	8
		10)	tâ	0.008694199	8377
			1)	tâc	0.99988025	8352
			2)	Esc	1.19717464E-4	1
		11)	tê	0.0026143831	2519
			1)	têt	0.99960315	2519
			2)	Esc	3.968254E-4	1
		12)	tô	0.0032682384	3149
			1)	tôt	0.99968183	3142
			2)	Esc	3.1816735E-4	1
		13)	tc	0.003556765	3427
			1)	tch	0.9997083	3427
			2)	Esc	2.917153E-4	1
		14)	ts	5.0959195E-4	491
			1)	tsu	0.99750626	400
			2)	Esc	0.0024937657	1
		15)	Esc	1.45301165E-5	14
	16)	à	0.039862663	1100468
		1)	à 	0.98888886	89
		2)	Esc	0.011111111	1
	17)	j	0.012236437	337805
		1)	jo	0.18972681	63283
			1)	jou	0.9382172	59194
			2)	joi	0.04537818	2863
			3)	joy	0.0032175237	203
			4)	jol	0.0024091802	152
			5)	job	0.0026627781	168
			6)	jon	0.0015691371	99
			7)	jos	0.0064350474	406
			8)	Esc	1.1094909E-4	7
		2)	je	0.15075192	50283
			1)	jeu	0.4052751	20344
			2)	jex	0.015120124	759
			3)	jen	0.10996454	5520
			4)	jes	0.41872185	21019
			5)	jet	0.049125463	2466
			6)	jea	0.0016733734	84
			7)	Esc	1.19526674E-4	6
		3)	ju	0.33220106	110805
			1)	jur	0.23908411	26480
			2)	jus	0.5152407	57066
			3)	jui	0.087038174	9640
			4)	jud	0.07298025	8083
			5)	jug	0.074659616	8269
			6)	jun	0.005074217	562
			7)	juv	0.0015168479	168
			8)	jux	5.5978907E-4	62
			9)	jut	0.0017064539	189
			10)	jum	0.0020495504	227
			11)	Esc	9.0288566E-5	10
		4)	ja	0.24352717	81228
			1)	jau	0.024263175	1970
			2)	jav	0.022329511	1813
			3)	jam	0.14631803	11880
			4)	jan	0.060867317	4942
			5)	jaj	0.012611925	1024
			6)	jai	0.5902972	47928
			7)	jap	0.07025236	5704
			8)	jac	0.015592477	1266
			9)	jad	0.015764905	1280
			10)	jat	0.020592907	1672
			11)	jab	0.003411624	277
			12)	jaf	0.0022292563	181
			13)	jas	0.0020075622	163
			14)	jal	0.008498269	690
			15)	jar	0.004778737	388
			16)	Esc	1.8474499E-4	15
		5)	ji	0.013032607	4347
			1)	jin	0.8413873	3639
			2)	jir	0.02751445	119
			3)	jig	0.058959536	255
			4)	jim	0.07121387	308
			5)	Esc	9.2485547E-4	4
		6)	jy	0.002431434	811
		7)	jé	0.0067306655	2245
			1)	jép	0.12161542	265
			2)	jém	0.078017436	170
			3)	jét	0.6374484	1389
			4)	jév	0.10922442	238
			5)	jéc	0.051399726	112
			6)	Esc	0.0022946305	5
		8)	jh	2.518378E-4	84
		9)	j’	0.06131951	20453
			1)	j’a	0.59894174	12225
			2)	j’e	0.30909804	6309
			3)	j’i	0.04899319	1000
			4)	j’é	0.02689726	549
			5)	j’o	0.0068590464	140
			6)	j’y	0.008916761	182
			7)	Esc	2.9395914E-4	6
		10)	Esc	2.6982623E-5	9
	18)	o	0.011906007	328683
		1)	ob	0.2677759	87985
			1)	obs	0.17062739	14999
			2)	obj	0.49760538	43742
			3)	obt	0.15283544	13435
			4)	obl	0.17534839	15414
			5)	obé	0.00273022	240
			6)	obè	7.849383E-4	69
			7)	Esc	6.8255504E-5	6
		2)	oc	0.07624697	25053
			1)	occ	0.7346939	18360
			2)	oct	0.25182074	6293
			3)	océ	0.013365346	334
			4)	Esc	1.2004802E-4	3
		3)	op	0.12224836	40168
			1)	opi	0.1209366	4855
			2)	opt	0.18149209	7286
			3)	opp	0.39110723	15701
			4)	opé	0.2821273	11326
			5)	opè	0.016589861	666
			6)	opa	0.0059035993	237
			7)	ope	0.0016689501	67
			8)	Esc	1.7436792E-4	7
		4)	or	0.18010086	59177
			1)	ord	0.110050276	6501
			2)	ora	0.12641986	7468
			3)	org	0.4928309	29113
			4)	ori	0.249234	14723
			5)	ore	0.0073806983	436
			6)	orc	0.0026577285	157
			7)	ort	0.0047398983	280
			8)	orp	0.005298529	313
			9)	orn	0.0012357591	73
			10)	Esc	1.5235387E-4	9
		5)	où	0.12823173	42134
		6)	ou	0.1298265	42658
			1)	out	0.46150598	19674
			2)	oub	0.14921416	6361
			3)	ouv	0.3683087	15701
			4)	oue	0.002885292	123
			5)	our	0.0035890217	153
			6)	oui	0.0076706544	327
			7)	ouï	0.0014778326	63
			8)	oug	0.0025334272	108
			9)	ouz	0.0026038	111
			10)	Esc	2.1111892E-4	9
		7)	os	0.0035699394	1173
			1)	ose	0.5299066	567
			2)	ost	0.10654206	114
			3)	osé	0.20186916	216
			4)	osc	0.10186916	109
			5)	oso	0.055140186	59
			6)	Esc	0.004672897	5
		8)	of	0.058455095	19207
			1)	off	0.9999479	19203
			2)	Esc	5.2072486E-5	1
		9)	on	0.005058175	1662
			1)	ont	0.44310236	697
			2)	ond	0.047679592	75
			3)	oné	0.35918626	565
			4)	onz	0.050222505	79
			5)	ong	0.04640814	73
			6)	onu	0.049586777	78
			7)	Esc	0.0038143673	6
		10)	od	0.0010591125	348
			1)	ode	0.17117117	57
			2)	odi	0.8228228	274
			3)	Esc	0.006006006	2
		11)	ol	0.0043125357	1417
			1)	oly	0.57132614	797
			2)	oli	0.23727599	331
			3)	olé	0.18924731	264
			4)	Esc	0.0021505377	3
		12)	oi	0.0014851922	488
			1)	ois	0.99776787	447
			2)	Esc	0.002232143	1
		13)	om	0.0037981966	1248
			1)	omi	0.4223301	522
			2)	omb	0.17475729	216
			3)	ome	0.23867314	295
			4)	omn	0.16100323	199
			5)	Esc	0.003236246	4
		14)	oz	2.0390959E-4	67
			1)	ozo	0.9848485	65
			2)	Esc	0.015151516	1
		15)	ot	0.0020999643	690
			1)	ota	0.9145803	621
			2)	ott	0.082474224	56
			3)	Esc	0.002945508	2
		16)	ov	0.0014943224	491
			1)	ovi	0.997389	382
			2)	Esc	0.002610966	1
		17)	oe	0.013619334	4475
			1)	oeu	0.98324275	4342
			2)	oei	0.016304348	72
			3)	Esc	4.5289856E-4	2
		18)	ox	3.5912436E-4	118
			1)	oxy	0.99115044	112
			2)	Esc	0.0088495575	1
		19)	Esc	5.4781678E-5	18
	19)	m	0.052227587	1441820
		1)	mi	0.11260783	161675
			1)	min	0.28828773	46570
			2)	mie	0.0937972	15152
			3)	mis	0.26636747	43029
			4)	mil	0.28615823	46226
			5)	mip	0.005416615	875
			6)	mid	0.004568528	738
			7)	mig	0.029051628	4693
			8)	mic	0.011291321	1824
			9)	mir	0.0047418596	766
			10)	mix	0.0064008916	1034
			11)	mim	0.0015104618	244
			12)	mit	0.0018633156	301
			13)	mij	4.642813E-4	75
			14)	Esc	8.047542E-5	13
		2)	ma	0.26859552	385632
			1)	mad	0.04267059	16449
			2)	mal	0.10102001	38942
			3)	man	0.19688292	75896
			4)	mat	0.15765731	60775
			5)	maj	0.05702642	21983
			6)	mar	0.23908396	92164
			7)	mai	0.12440854	47958
			8)	mav	0.0019896857	767
			9)	mac	0.008371208	3227
			10)	mag	0.005618852	2166
			11)	max	0.013100278	5050
			12)	mas	0.019767152	7620
			13)	mau	0.019391006	7475
			14)	maî	0.00566814	2185
			15)	map	0.0010895281	420
			16)	mam	0.0016706097	644
			17)	mab	0.0012218279	471
			18)	maf	0.0013748807	530
			19)	mao	2.49035E-4	96
			20)	maï	0.0012944632	499
			21)	maq	3.8911717E-4	150
			22)	Esc	5.4476404E-5	21
		3)	mo	0.25732535	369451
			1)	mot	0.052635282	19444
			2)	moi	0.16867979	62312
			3)	mor	0.038845725	14350
			4)	mom	0.051904388	19174
			5)	mod	0.11849165	43772
			6)	mon	0.4378712	161754
			7)	moy	0.08644596	31934
			8)	mob	0.02385696	8813
			9)	mos	7.281882E-4	269
			10)	mou	0.015727783	5810
			11)	mol	0.0015240519	563
			12)	moc	2.4904578E-4	92
			13)	moq	8.527111E-4	315
			14)	mop	0.0014699114	543
			15)	moe	2.246826E-4	83
			16)	mof	1.5159308E-4	56
			17)	moû	2.950651E-4	109
			18)	Esc	4.601933E-5	17
		4)	me	0.23493472	337304
			1)	met	0.1280636	43181
			2)	mer	0.048644062	16402
			3)	mes	0.25418466	85707
			4)	mem	0.36268032	122290
			5)	men	0.12721244	42894
			6)	mex	0.006082732	2051
			7)	mei	0.0652878	22014
			8)	meu	0.0071533644	2412
			9)	mef	4.478267E-4	151
			10)	med	2.1353326E-4	72
			11)	Esc	2.9657398E-5	10
		5)	mê	0.060132265	86334
			1)	mêm	0.99339795	85767
			2)	mêl	0.0056986	492
			3)	mêt	8.68689E-4	75
			4)	Esc	3.4747558E-5	3
		6)	mé	0.04125065	59225
			1)	méc	0.18105926	10714
			2)	mét	0.20034136	11855
			3)	mél	0.017947072	1062
			4)	méd	0.3620509	21424
			5)	mér	0.14403285	8523
			6)	mém	0.025872849	1531
			7)	mén	0.024030825	1422
			8)	mép	0.024825092	1469
			9)	méf	0.015851557	938
			10)	még	0.002855984	169
			11)	més	9.463616E-4	56
			12)	Esc	1.8589245E-4	11
		7)	mu	0.015354505	22045
			1)	mul	0.47901765	10513
			2)	mut	0.2701508	5929
			3)	mur	0.0646102	1418
			4)	mun	0.060281586	1323
			5)	mus	0.11477651	2519
			6)	mue	0.010889871	239
			7)	Esc	2.7338587E-4	6
		8)	mè	0.0031788596	4564
			1)	mèn	0.6067737	2759
			2)	mèt	0.11062239	503
			3)	mèr	0.28194413	1282
			4)	Esc	6.597757E-4	3
		9)	mm	0.0016312202	2342
			1)	mme	0.9995499	2221
			2)	Esc	4.5004502E-4	1
		10)	my	5.411862E-4	777
			1)	myo	0.10788382	78
			2)	myt	0.45089903	326
			3)	mys	0.43706778	316
			4)	Esc	0.004149378	3
		11)	mû	3.120353E-4	448
			1)	mûr	0.9976798	430
			2)	Esc	0.0023201855	1
		12)	mâ	2.1243475E-4	305
			1)	mâl	0.20945945	62
			2)	mâc	0.7837838	232
			3)	Esc	0.006756757	2
		13)	mg	1.07958644E-4	155
		14)	m’	0.0029037392	4169
			1)	m’e	0.2819034	1173
			2)	m’é	0.047584716	198
			3)	m’a	0.45325643	1886
			4)	m’i	0.08819995	367
			5)	m’o	0.11343427	472
			6)	m’y	0.014179284	59
			7)	Esc	0.001441961	6
		15)	m 	8.232717E-4	1182
			1)	m p	0.20813008	128
			2)	m s	0.21300814	131
			3)	m c	0.11382114	70
			4)	m m	0.1398374	86
			5)	m b	0.31707317	195
			6)	Esc	0.008130081	5
		16)	mt	7.731232E-5	111
		17)	Esc	1.1144118E-5	16
	20)	q	0.015955962	440488
		1)	qu	0.99999774	440480
			1)	qui	0.26542187	113763
			2)	quu	0.062842384	26935
			3)	que	0.306487	131364
			4)	qua	0.17331992	74287
			5)	quà	0.022344219	9577
			6)	quo	0.04445979	19056
			7)	qué	0.0028370647	1216
			8)	quê	0.0016168469	693
			9)	quh	0.0010895635	467
			10)	quy	2.8930596E-4	124
			11)	qu’	0.11897474	50994
			12)	qux	2.8930596E-4	124
			13)	Esc	2.799735E-5	12
		2)	Esc	2.2702454E-6	1
	21)	f	0.03255402	898702
		1)	fa	0.35403895	318127
			1)	fai	0.37782362	120177
			2)	fau	0.1995586	63475
			3)	faç	0.07005222	22282
			4)	fac	0.11832984	37638
			5)	fav	0.1368788	43538
			6)	far	0.005797338	1844
			7)	fan	0.0036154767	1150
			8)	fal	0.012632161	4018
			9)	fas	0.020705678	6586
			10)	fat	0.002521402	802
			11)	fab	0.012415233	3949
			12)	fam	0.039440136	12545
			13)	fax	1.8863357E-4	60
			14)	Esc	4.0870607E-5	13
		2)	fe	0.07069272	63522
			1)	fer	0.48819393	30972
			2)	fem	0.4539737	28801
			3)	feu	0.048895054	3102
			4)	fen	0.0050439774	320
			5)	fei	0.0018126793	115
			6)	fes	0.001986066	126
			7)	Esc	9.457457E-5	6
		3)	fo	0.26518282	238284
			1)	foi	0.14755234	35157
			2)	fon	0.3743138	89187
			3)	for	0.36915573	87958
			4)	fou	0.08529471	20323
			5)	fos	0.008087532	1927
			6)	foc	0.0027406113	653
			7)	foy	0.0037143049	885
			8)	fol	0.0038444104	916
			9)	foo	0.0049566035	1181
			10)	fom	2.979838E-4	71
			11)	Esc	4.1969546E-5	10
		4)	fl	0.019828282	17817
			1)	flo	0.22399235	3979
			2)	fle	0.40756586	7240
			3)	flu	0.18650079	3313
			4)	fla	0.11033551	1960
			5)	flé	0.06372438	1132
			6)	flè	0.007543346	134
			7)	Esc	3.3776177E-4	6
		5)	fi	0.16945574	152267
			1)	fix	0.08657028	13107
			2)	fin	0.68816996	104191
			3)	fig	0.04410745	6678
			4)	fis	0.06622722	10027
			5)	fia	0.018282333	2768
			6)	fie	0.013903291	2105
			7)	fil	0.04386967	6642
			8)	fic	0.017390672	2633
			9)	fid	0.006373718	965
			10)	fir	0.0028268925	428
			11)	fiè	0.009094932	1377
			12)	fib	0.0019418374	294
			13)	fio	7.3314266E-4	111
			14)	fit	4.16108E-4	63
			15)	Esc	9.246844E-5	14
		6)	fr	0.062238123	55925
			1)	fra	0.49236098	27296
			2)	fro	0.2970472	16468
			3)	fre	0.039196234	2173
			4)	fru	0.10454734	5796
			5)	fré	0.051335704	2846
			6)	frè	0.006367359	353
			7)	fri	0.009018921	500
			8)	Esc	1.262649E-4	7
		7)	fé	0.03228481	29010
			1)	fél	0.7313836	21107
			2)	fév	0.09012786	2601
			3)	féd	0.11448768	3304
			4)	fém	0.039086595	1128
			5)	féc	0.01458817	421
			6)	fér	0.01011816	292
			7)	Esc	2.0790742E-4	6
		8)	fu	0.02425089	21791
			1)	fum	0.055780746	1211
			2)	fut	0.71920776	15614
			3)	fus	0.082220174	1785
			4)	ful	0.003454629	75
			5)	fui	0.080055274	1738
			6)	fun	0.014048825	305
			7)	fur	0.039520957	858
			8)	fuy	0.0053431597	116
			9)	Esc	3.6849378E-4	8
		9)	fê	7.7234255E-4	694
			1)	fêt	0.99855906	693
			2)	Esc	0.0014409221	1
		10)	fû	7.0556946E-4	634
			1)	fût	0.99840766	627
			2)	Esc	0.0015923567	1
		11)	fâ	4.37364E-4	393
			1)	fâc	0.9974619	393
			2)	Esc	0.002538071	1
		12)	fœ	9.904681E-5	89
			1)	fœt	0.98888886	89
			2)	Esc	0.011111111	1
		13)	Esc	1.3354626E-5	12
	22)	ê	0.0048974366	135201
		1)	êt	0.9999926	135198
			1)	êtr	0.9745858	131764
			2)	ête	0.025399407	3434
			3)	Esc	1.47928995E-5	2
		2)	Esc	7.3965043E-6	1
	23)	h	0.005305348	146462
		1)	ha	0.270789	38813
			1)	hab	0.19904405	7704
			2)	hau	0.43407828	16801
			3)	har	0.16468157	6374
			4)	han	0.11362873	4398
			5)	has	0.026430694	1023
			6)	hai	0.023201136	898
			7)	hal	0.030125307	1166
			8)	hac	0.0029453558	114
			9)	haï	0.0056323474	218
			10)	Esc	2.325281E-4	9
		2)	ho	0.23279357	33367
			1)	hom	0.44358036	14773
			2)	hoc	0.022639923	754
			3)	hor	0.18499279	6161
			4)	hon	0.29122627	9699
			5)	hos	0.030296661	1009
			6)	hou	0.010569301	352
			7)	hol	0.011770358	392
			8)	hoo	0.004684122	156
			9)	Esc	2.4021139E-4	8
		3)	hy	0.024279127	3480
			1)	hyp	0.60373026	2104
			2)	hyd	0.27776185	968
			3)	hys	0.025251076	88
			4)	hyb	0.039311334	137
			5)	hyg	0.029268293	102
			6)	hym	0.022955524	80
			7)	Esc	0.0017216643	6
		4)	he	0.13539101	19406
			1)	heu	0.94163305	18198
			2)	hec	0.021784125	421
			3)	heb	0.013401635	259
			4)	hel	0.006312739	122
			5)	her	0.013505123	261
			6)	hed	0.0030528822	59
			7)	Esc	3.1046258E-4	6
		5)	hu	0.18864462	27039
			1)	hui	0.11520204	2985
			2)	hum	0.8847208	22924
			3)	Esc	7.7187295E-5	2
		6)	hé	0.04294196	6155
			1)	hél	0.29912844	1819
			2)	hés	0.18039796	1097
			3)	hém	0.23088308	1404
			4)	hér	0.2006249	1220
			5)	héb	0.032067094	195
			6)	hég	0.014964644	91
			7)	hét	0.040782765	248
			8)	Esc	0.0011511265	7
		7)	hi	0.09269324	13286
			1)	his	0.55613256	7282
			2)	hie	0.3791813	4965
			3)	hié	0.043073162	564
			4)	hiv	0.015426913	202
			5)	hin	0.0058041853	76
			6)	Esc	3.8185428E-4	5
		8)	hô	0.0069488534	996
			1)	hôp	0.60621244	605
			2)	hôt	0.39178357	391
			3)	Esc	0.002004008	2
		9)	hâ	0.004806988	689
			1)	hât	0.9985444	686
			2)	Esc	0.0014556041	1
		10)	ht	6.4186193E-4	92
			1)	htt	0.9892473	92
			2)	Esc	0.010752688	1
		11)	Esc	6.97676E-5	10
	24)	z	6.724145E-4	18563
		1)	zo	0.89408016	16553
			1)	zon	0.98795474	16322
			2)	zoo	0.011924217	197
			3)	Esc	1.21058045E-4	2
		2)	zé	0.058064166	1075
			1)	zér	0.93744165	1004
			2)	zél	0.060690943	65
			3)	Esc	0.0018674136	2
		3)	zu	0.017716322	328
		4)	zè	0.010208491	189
			1)	zèl	0.994709	188
			2)	Esc	0.005291005	1
		5)	zi	0.014043426	260
			1)	zim	0.9953488	214
			2)	Esc	0.004651163	1
		6)	za	0.0055633574	103
		7)	Esc	3.2407907E-4	6
	25)	u	0.004207055	116142
		1)	ur	0.08501309	9869
			1)	urg	0.7338268	7237
			2)	urb	0.2349422	2317
			3)	ura	0.008314744	82
			4)	urn	0.022510648	222
			5)	Esc	4.0559724E-4	4
		2)	un	0.45152816	52417
			1)	una	0.042042617	2190
			2)	uni	0.9540219	49695
			3)	une	0.0038779036	202
			4)	Esc	5.7592628E-5	3
		3)	ut	0.3028995	35163
			1)	uti	0.9929443	34901
			2)	uto	0.0069987765	246
			3)	Esc	5.6900622E-5	2
		4)	uv	0.06812935	7909
			1)	uvr	0.9998736	7909
			2)	Esc	1.2642225E-4	1
		5)	ul	0.039961062	4639
			1)	ult	0.99978423	4633
			2)	Esc	2.1579629E-4	1
		6)	us	0.043906346	5097
			1)	usa	0.62960047	3199
			2)	use	0.08561307	435
			3)	usi	0.17890179	909
			4)	usé	0.07636292	388
			5)	usu	0.028537689	145
			6)	Esc	9.840582E-4	5
		7)	uf	6.460616E-4	75
			1)	ufs	0.984127	62
			2)	Esc	0.015873017	1
		8)	uk	0.007847495	911
			1)	ukr	0.9988987	907
			2)	Esc	0.0011013215	1
		9)	Esc	6.8913236E-5	8
	26)	k	1.453644E-4	4013
		1)	ki	0.35072538	1378
			1)	kil	0.85888636	1126
			2)	kid	0.0877193	115
			3)	kir	0.051106025	67
			4)	Esc	0.0022883294	3
		2)	ka	0.07966404	313
			1)	kar	0.3875	62
			2)	kam	0.6	96
			3)	Esc	0.0125	2
		3)	km	0.1165691	458
			1)	kmh	0.9861111	71
			2)	Esc	0.013888889	1
		4)	ko	0.067447186	265
			1)	kos	0.9942857	174
			2)	Esc	0.0057142857	1
		5)	ku	0.26138967	1027
			1)	kur	0.9990244	1024
			2)	Esc	9.7560976E-4	1
		6)	kg	0.025451768	100
		7)	ke	0.0330873	130
		8)	ky	0.015016544	59
		9)	ké	0.048358362	190
			1)	kér	0.99159664	118
			2)	Esc	0.008403362	1
		10)	Esc	0.0022906591	9
	27)	â	1.6974274E-4	4686
		1)	âm	0.061654136	287
			1)	âme	0.9965278	287
			2)	Esc	0.0034722222	1
		2)	âg	0.9026853	4202
			1)	âge	0.27653497	1162
			2)	âgé	0.7229891	3038
			3)	Esc	4.7596384E-4	2
		3)	âp	0.035016112	163
			1)	âpr	0.99390244	163
			2)	Esc	0.0060975607	1
		4)	Esc	6.444683E-4	3
	28)	y	2.7623944E-4	7626
		1)	ye	0.86541265	6533
			1)	yeu	0.9998458	6485
			2)	Esc	1.5417823E-4	1
		2)	yo	0.12160551	918
			1)	you	0.99888146	893
			2)	Esc	0.0011185682	1
		3)	ya	0.012584448	95
		4)	Esc	3.9740364E-4	3
	29)	î	7.367834E-5	2034
		1)	îl	0.9995084	2033
			1)	île	0.999496	1983
			2)	Esc	5.0403224E-4	1
		2)	Esc	4.916421E-4	1
	30)	w	7.324366E-5	2022
		1)	we	0.66939193	1310
			1)	web	0.40819544	518
			2)	wee	0.5902285	749
			3)	Esc	0.0015760441	2
		2)	wa	0.1405212	275
			1)	wal	0.33333334	56
			2)	wag	0.6547619	110
			3)	Esc	0.011904762	2
		3)	wh	0.07920286	155
			1)	whi	0.9933775	150
			2)	Esc	0.0066225166	1
		4)	wi	0.06949412	136
			1)	wit	0.98333335	59
			2)	Esc	0.016666668	1
		5)	wo	0.03883495	76
		6)	Esc	0.002554931	5
	31)	ç	6.255777E-5	1727
		1)	çà	0.050493326	87
		2)	ça	0.9483459	1634
		3)	Esc	0.0011607661	2
	32)	x	5.5023305E-5	1519
		1)	xé	0.9993108	1450
			1)	xén	0.9993104	1449
			2)	Esc	6.896552E-4	1
		2)	Esc	6.8917987E-4	1
	33)	è	2.6117053E-5	721
		1)	èm	0.2877698	200
			1)	ème	0.995	199
			2)	Esc	0.005	1
		2)	èr	0.7093525	493
			1)	ère	0.9979757	493
			2)	Esc	0.0020242915	1
		3)	Esc	0.0028776978	2
	34)	ô	1.2207277E-5	337
		1)	ôt	0.9956332	228
			1)	ôte	0.9937107	158
			2)	Esc	0.006289308	1
		2)	Esc	0.0043668123	1
	35)	á	2.6805296E-6	74
	36)	 	0.0011611041	32054
		1)	  	0.99996877	32028
		2)	Esc	3.1221705E-5	1
	37)	œ	7.1885285E-4	19845
		1)	œu	0.9782235	19361
			1)	œuv	0.99292463	19226
			2)	œuf	0.00697206	135
			3)	Esc	1.0328978E-4	2
		2)	œi	0.018441794	365
			1)	œil	0.9972678	365
			2)	Esc	0.0027322404	1
		3)	œn	0.0031831043	63
			1)	œno	0.984375	63
			2)	Esc	0.015625	1
		4)	Esc	1.515764E-4	3
	38)	Esc	1.3402648E-6	37
