Spanish	2	282190	202
	1)	e	0	0	0.0
		1)	e_	1	9894	0.028762715
		2)	es	8	5786	0.016820403
		3)	en	9	5538	0.016099446
		4)	er	25	2998	0.008715446
		5)	el	32	2656	0.007721222
		6)	ec	55	1610	0.0046804096
		7)	em	81	1163	0.0033809417
		8)	eg	97	775	0.002252992
		9)	et	112	614	0.0017849512
		10)	ed	117	577	0.001677389
		11)	ea	140	415	0.001206441
		12)	ex	145	397	0.0011541133
		13)	eb	155	351	0.0010203874
		14)	eñ	168	286	8.3142676E-4
		15)	ef	170	280	8.1398425E-4
		16)	ev	171	278	8.0817007E-4
		17)	eo	174	273	7.936346E-4
		18)	ej	198	207	6.017669E-4
	2)	s	0	0	0.0
		1)	s_	2	9265	0.026934158
		2)	st	34	2456	0.007139805
		3)	se	36	2102	0.006110696
		4)	si	57	1530	0.0044478425
		5)	so	90	998	0.0029012724
		6)	sa	96	837	0.0024332316
		7)	su	113	612	0.001779137
		8)	sp	119	557	0.0016192473
	3)	a	0	0	0.0
		1)	a_	3	9244	0.026873108
		2)	as	18	3353	0.009747461
		3)	ar	26	2965	0.0086195115
		4)	ad	38	2021	0.005875222
		5)	al	39	2018	0.0058665005
		6)	an	41	1940	0.005639748
		7)	ac	54	1651	0.0047995998
		8)	am	82	1158	0.0033664063
		9)	at	106	659	0.0019157701
		10)	ab	108	645	0.0018750709
		11)	ay	143	400	0.0011628347
		12)	ap	151	375	0.0010901574
		13)	au	197	211	6.133953E-4
	4)	d	0	0	0.0
		1)	de	4	6649	0.019329218
		2)	do	42	1936	0.0056281197
		3)	da	45	1874	0.0054478804
		4)	di	79	1189	0.003456526
		5)	d_	125	515	0.0014971496
		6)	du	185	240	6.977008E-4
	5)	_	0	0	0.0
		1)	_e	5	6605	0.019201307
		2)	_d	6	6398	0.01859954
		3)	_l	11	5414	0.015738968
		4)	_p	13	4243	0.012334769
		5)	_a	15	3715	0.010799827
		6)	_c	16	3495	0.010160267
		7)	_s	20	3263	0.009485824
		8)	_q	37	2060	0.0059885983
		9)	_m	44	1900	0.0055234646
		10)	_y	60	1486	0.004319931
		11)	_t	66	1434	0.0041687624
		12)	_r	68	1406	0.004087364
		13)	_n	70	1316	0.003825726
		14)	_i	74	1264	0.0036745574
		15)	_u	80	1167	0.00339257
		16)	_h	87	1012	0.0029419716
		17)	_f	98	748	0.0021745008
		18)	_o	105	673	0.0019564694
		19)	_v	122	550	0.0015988976
		20)	_g	156	344	0.0010000378
		21)	_b	175	272	7.9072756E-4
	6)	o	0	0	0.0
		1)	o_	7	6377	0.018538492
		2)	os	14	3872	0.011256239
		3)	on	27	2818	0.00819217
		4)	or	30	2772	0.008058444
		5)	om	89	999	0.0029041795
		6)	ol	110	626	0.0018198362
		7)	ob	111	624	0.0018140221
		8)	od	116	577	0.001677389
		9)	op	133	471	0.0013692378
		10)	oc	134	463	0.0013459811
		11)	ot	158	339	9.855024E-4
	7)	n	0	0	0.0
		1)	n_	10	5453	0.015852343
		2)	nt	24	3064	0.008907313
		3)	na	58	1518	0.0044129575
		4)	ne	75	1251	0.0036367653
		5)	no	76	1249	0.0036309513
		6)	nc	77	1198	0.0034826898
		7)	nd	93	868	0.0025233512
		8)	ns	107	657	0.0019099559
		9)	ni	109	632	0.0018372787
		10)	nf	153	360	0.0010465512
		11)	nu	179	262	7.616567E-4
	8)	l	0	0	0.0
		1)	la	12	4567	0.013276665
		2)	l_	21	3136	0.009116624
		3)	lo	47	1803	0.005241477
		4)	le	69	1389	0.004037943
		5)	li	91	898	0.0026105638
		6)	ll	161	321	9.331748E-4
		7)	lu	163	312	9.0701104E-4
		8)	lt	184	242	7.0351496E-4
		9)	lí	190	225	6.540945E-4
	9)	c	0	0	0.0
		1)	ci	17	3355	0.009753276
		2)	co	29	2806	0.008157285
		3)	ca	51	1700	0.0049420474
		4)	ce	92	893	0.0025960284
		5)	cu	95	840	0.0024419527
		6)	ct	102	713	0.0020727527
		7)	ch	165	305	8.866614E-4
		8)	cr	172	278	8.0817007E-4
		9)	cl	192	220	6.3955906E-4
	10)	r	0	0	0.0
		1)	re	19	3298	0.009587572
		2)	ra	28	2806	0.008157285
		3)	r_	31	2702	0.007854948
		4)	ro	43	1910	0.0055525354
		5)	ri	65	1438	0.0041803904
		6)	rm	103	697	0.0020262394
		7)	rt	104	677	0.0019680976
		8)	rí	154	351	0.0010203874
		9)	rr	164	310	9.0119685E-4
		10)	rc	166	293	8.517764E-4
		11)	rd	181	258	7.5002835E-4
		12)	ru	186	236	6.8607245E-4
		13)	rá	189	230	6.6862995E-4
		14)	rg	195	217	6.308378E-4
	11)	t	0	0	0.0
		1)	te	22	3112	0.0090468535
		2)	ta	33	2583	0.007509005
		3)	to	40	1960	0.0056978897
		4)	ti	50	1706	0.0049594897
		5)	tr	61	1460	0.0042443466
		6)	tu	137	440	0.0012791181
	12)	u	0	0	0.0
		1)	ue	23	3076	0.008942198
		2)	un	52	1665	0.004840299
		3)	ur	101	721	0.0020960094
		4)	uc	139	426	0.0012384189
		5)	ui	142	403	0.001171556
		6)	ua	144	398	0.0011570205
		7)	ud	146	391	0.0011366708
		8)	us	147	384	0.0011163213
		9)	ul	157	342	9.942236E-4
		10)	u_	193	218	6.337449E-4
		11)	ut	201	201	5.843244E-4
	13)	q	0	0	0.0
		1)	qu	35	2379	0.006915959
	14)	p	0	0	0.0
		1)	po	46	1832	0.0053257826
		2)	pr	59	1503	0.004369351
		3)	pe	63	1441	0.0041891118
		4)	pa	83	1084	0.003151282
		5)	pu	127	490	0.0014244724
		6)	pl	129	485	0.001409937
		7)	pi	187	234	6.8025826E-4
	15)	m	0	0	0.0
		1)	me	48	1779	0.005171707
		2)	mo	78	1193	0.0034681542
		3)	mi	84	1047	0.0030437196
		4)	ma	85	1024	0.0029768567
		5)	mp	86	1021	0.0029681355
		6)	mb	120	550	0.0015988976
		7)	mu	159	336	9.767811E-4
		8)	má	176	271	7.878205E-4
	16)	i	0	0	0.0
		1)	in	49	1731	0.005032167
		2)	ic	53	1657	0.0048170425
		3)	ió	64	1439	0.0041832975
		4)	io	67	1424	0.004139691
		5)	ia	71	1314	0.0038199117
		6)	id	72	1306	0.0037966552
		7)	ie	73	1299	0.0037763056
		8)	is	88	1003	0.0029158078
		9)	im	99	743	0.0021599655
		10)	it	100	722	0.0020989166
		11)	iv	115	582	0.0016919244
		12)	ir	124	520	0.0015116851
		13)	ig	149	381	0.0011076
		14)	il	169	284	8.256126E-4
		15)	ib	178	264	7.6747086E-4
		16)	if	180	262	7.616567E-4
		17)	iz	182	258	7.5002835E-4
		18)	i_	191	222	6.4537325E-4
	17)	y	0	0	0.0
		1)	y_	56	1601	0.0046542455
	18)	ó	0	0	0.0
		1)	ón	62	1441	0.0041891118
	19)	h	0	0	0.0
		1)	ha	94	867	0.002520444
		2)	ho	160	329	9.564315E-4
	20)	b	0	0	0.0
		1)	br	114	612	0.001779137
		2)	bi	123	541	0.0015727339
		3)	bl	135	461	0.0013401669
		4)	ba	136	455	0.0013227244
		5)	be	162	316	9.1863936E-4
	21)	f	0	0	0.0
		1)	fi	118	564	0.0016395969
		2)	fo	128	488	0.0014186583
		3)	fe	173	277	8.05263E-4
		4)	fu	196	214	6.2211655E-4
	22)	g	0	0	0.0
		1)	gu	121	550	0.0015988976
		2)	ga	131	474	0.001377959
		3)	gr	148	384	0.0011163213
		4)	gi	150	380	0.0011046929
		5)	go	183	252	7.3258585E-4
	23)	v	0	0	0.0
		1)	va	126	498	0.0014477292
		2)	ve	130	483	0.0014041228
		3)	vo	138	432	0.0012558614
		4)	vi	141	408	0.0011860913
	24)	í	0	0	0.0
		1)	ía	132	472	0.0013721449
		2)	ít	188	230	6.6862995E-4
	25)	z	0	0	0.0
		1)	za	152	371	0.0010785292
	26)	ñ	0	0	0.0
		1)	ño	167	290	8.4305514E-4
	27)	á	0	0	0.0
		1)	ás	177	270	7.8491337E-4
		2)	á_	202	200	5.8141735E-4
	28)	j	0	0	0.0
		1)	ju	194	218	6.337449E-4
		2)	je	200	203	5.901386E-4
	29)	é	0	0	0.0
		1)	én	199	204	5.9304567E-4
