to_	11082	0.009150600957171686	2
re_	10532	0.008696456350923316	2
ion	10490	0.00866177621735526	2
ent	9176	0.00757678346715461	2
ne_	9120	0.007530543289063867	2
_co	8559	0.007067315790690531	2
one	7735	0.006386924598783883	2
zio	7590	0.006267195566227495	2
_pr	7057	0.00582708815689953	2
te_	6300	0.005202020035208593	2
nte	6077	0.005017885040311526	2
men	5877	0.004852741547130302	2
ti_	5853	0.004832924327948554	2
azi	5409	0.004466305773086235	2
are	5370	0.004434102791915895	2
con	5203	0.004296207975109573	2
_ri	4818	0.003978306750735714	2
le_	4548	0.0037553630349410603	2
no_	4429	0.0036571026564982314	2
pro	4427	0.003655451221566419	2
_in	4412	0.003643065459577827	2
ta_	4105	0.0033895701975446466	2
ni_	3760	0.003104697671807033	2
ato	3577	0.002953591375546212	2
_po	3571	0.0029486370707507755	2
_di	3568	0.002946159918353057	2
_de	3478	0.0028718453464215057	2
ett	3402	0.00280909081901264	2
_re	3216	0.0026555073703541008	2
ter	3190	0.0026340387162405413	2
li_	3134	0.0025877985381497983	2
ali	3118	0.0025745870586953005	2
ame	3114	0.002571284188831676	2
pre	3062	0.0025283468806045575	2
nti	2985	0.0024647666357297854	2
ica	2967	0.002449903721343475	2
ere	2965	0.002448252286411663	2
ati	2931	0.002420177892570855	2
nto	2897	0.0023921034987300464	2
rop	2852	0.0023549462127642707	2
io_	2840	0.0023450376031733974	2
ale	2790	0.0023037517298780913	2
ri_	2769	0.0022864116630940626	2
_pa	2768	0.002285585945628156	2
sta	2736	0.0022591629867191603	2
att	2711	0.002238520050071507	2
_si	2706	0.0022343914627419763	2
ess	2613	0.002157599738412707	2
tto	2612	0.0021567740209468005	2
ia_	2583	0.002132828214435523	2
tà_	2575	0.002126222474708274	2
ssi	2543	0.002099799515799278	2
tiv	2513	0.002075027991822094	2
_se	2498	0.0020626422298335024	2
res	2488	0.002054385055174441	2
ono	2434	0.00200979631201551	2
tra	2427	0.0020040162897541672	2
ro_	2395	0.0019775933308451713	2
oni	2394	0.0019767676133792653	2
mo_	2394	0.0019767676133792653	2
pos	2361	0.0019495189370043631	2
tti	2300	0.0018991501715840894	2
par	2300	0.0018991501715840894	2
ari	2297	0.001896673019186371	2
ra_	2266	0.001871075777743281	2
_st	2251	0.0018586900157546893	2
com	2238	0.0018479556886979095	2
za_	2236	0.0018463042537660973	2
tat	2210	0.001824835599652538	2
ico	2210	0.001824835599652538	2
tic	2159	0.0017827240088913257	2
ost	2158	0.0017818982914254195	2
so_	2134	0.0017620810722436726	2
ont	2121	0.0017513467451868929	2
_so	2115	0.0017463924403914562	2
nta	2088	0.0017240980688119907	2
nor	2082	0.001719143764016554	2
enz	2081	0.0017183180465506478	2
do_	2069	0.0017084094369597743	2
rat	2026	0.001672903585925811	2
ore	2009	0.0016588663890054068	2
col	1988	0.0016415263222213782	2
ten	1981	0.0016357462999600353	2
eri	1955	0.001614277645846476	2
est	1945	0.0016060204711874147	2
per	1943	0.0016043690362556025	2
ità	1939	0.001601066166391978	2
sti	1936	0.0015985890139942596	2
int	1922	0.0015870289694715739	2
oli	1919	0.0015845518170738554	2
si_	1915	0.001581248947210231	2
ca_	1914	0.0015804232297443248	2
iam	1911	0.0015779460773466065	2
ist	1883	0.001554825988301235	2
vol	1859	0.001535008769119488	2
_al	1857	0.0015333573341876757	2
uro	1841	0.0015201458547331776	2
ope	1837	0.0015168429848695531	2
lit	1835	0.001515191549937741	2
str	1828	0.001509411527676398	2
_me	1823	0.0015052829403468674	2
tar	1812	0.0014962000482219	2
bil	1796	0.001482988568767402	2
cor	1789	0.0014772085465060592	2
ori	1785	0.0014739056766424345	2
nza	1770	0.0014615199146538428	2
gra	1767	0.0014590427622561243	2
rit	1732	0.00143014265094941	2
ant	1727	0.0014260140636198793	2
tta	1725	0.001424362628688067	2
ire	1693	0.0013979396697790711	2
sen	1690	0.0013954625173813527	2
_es	1685	0.001391333930051822	2
ste	1673	0.0013814253204609485	2
_fa	1667	0.0013764710156655118	2
end	1650	0.0013624338187451077	2
izi	1644	0.0013574795139496708	2
gio	1640	0.0013541766440860463	2
era	1640	0.0013541766440860463	2
ver	1637	0.001351699491688328	2
sio	1633	0.0013483966218247035	2
ese	1625	0.0013417908820974546	2
ora	1621	0.00133848801223383	2
tan	1612	0.0013310565550406748	2
eur	1612	0.0013310565550406748	2
zia	1611	0.0013302308375747686	2
tor	1603	0.0013236250978475197	2
iti	1597	0.0013186707930520829	2
ris	1583	0.001307110748529397	2
ili	1583	0.001307110748529397	2
ric	1580	0.0013046335961316789	2
ma_	1578	0.0013029821611998667	2
se_	1576	0.0013013307262680542	2
por	1554	0.0012831649420181196	2
ran	1544	0.0012749077673590583	2
_eu	1533	0.001265824875234091	2
der	1524	0.0012583934180409359	2
_qu	1523	0.0012575677005750296	2
ito	1514	0.0012501362433818745	2
pri	1508	0.0012451819385864377	2
olt	1501	0.0012394019163250948	2
_mo	1498	0.0012369247639273766	2
ort	1496	0.0012352733289955641	2
_ma	1483	0.0012245390019387846	2
ina	1469	0.0012129789574160988	2
ini	1460	0.0012055475002229438	2
_pe	1456	0.0012022446303593193	2
ela	1451	0.0011981160430297887	2
_do	1449	0.0011964646080979764	2
ata	1446	0.001193987455700258	2
_tr	1441	0.0011898588683707273	2
_im	1439	0.0011882074334389151	2
_ca	1436	0.0011857302810411967	2
chi	1434	0.0011840788461093845	2
ita	1414	0.0011675644967912618	2
tro	1408	0.0011626101919958252	2
nzi	1391	0.001148572995075421	2
uni	1390	0.001147747277609515	2
ano	1384	0.001142792972814078	2
ura	1380	0.0011394901029504537	2
amo	1378	0.0011378386680186414	2
nal	1373	0.0011337100806891108	2
_te	1369	0.0011304072108254863	2
ond	1365	0.0011271043409618617	2
ndo	1359	0.001122150036166425	2
dis	1353	0.0011171957313709882	2
imp	1350	0.00111471857897327	2
app	1348	0.0011130671440414577	2
evo	1344	0.001109764274177833	2
esi	1342	0.0011081128392460208	2
ggi	1332	0.0010998556645869595	2
_gi	1324	0.0010932499248597106	2
ona	1322	0.0010915984899278984	2
spe	1321	0.0010907727724619922	2
for	1314	0.0010849927502006493	2
va_	1309	0.0010808641628711187	2
rev	1305	0.0010775612930074942	2
ntr	1304	0.001076735575541588	2
art	1303	0.001075909858075682	2
fic	1296	0.0010701298358143391	2
rre	1276	0.0010536154864962165	2
anz	1271	0.0010494868991666859	2
po_	1251	0.0010329725498485634	2
co_	1249	0.0010313211149167512	2
zza	1245	0.0010280182450531266	2
tal	1244	0.0010271925275872206	2
iva	1244	0.0010271925275872206	2
ons	1242	0.0010255410926554083	2
gno	1235	0.0010197610703940655	2
ria	1233	0.0010181096354622532	2
rio	1230	0.0010156324830645348	2
iar	1230	0.0010156324830645348	2
oss	1228	0.0010139810481327226	2
lo_	1224	0.001010678178269098	2
ate	1193	9.850809368260082E-4	1
fin	1188	9.809523494964775E-4	1
sso	1187	9.801266320305713E-4	1
ien	1175	9.702180224396979E-4	1
ass	1171	9.669151525760734E-4	1
tri	1170	9.660894351101672E-4	1
_vo	1157	9.553551080533876E-4	1
ssa	1153	9.52052238189763E-4	1
ppo	1147	9.470979333943263E-4	1
tte	1131	9.338864539398283E-4	1
ine	1125	9.289321491443915E-4	1
ici	1125	9.289321491443915E-4	1
opo	1123	9.272807142125793E-4	1
and	1120	9.248035618148609E-4	1
orr	1114	9.198492570194242E-4	1
mpo	1111	9.173721046217058E-4	1
_fo	1109	9.157206696898936E-4	1
raz	1102	9.099406474285507E-4	1
ren	1100	9.082892124967384E-4	1
_ci	1099	9.074634950308323E-4	1
sa_	1098	9.066377775649261E-4	1
sig	1096	9.049863426331139E-4	1
pol	1096	9.049863426331139E-4	1
ole	1090	9.000320378376772E-4	1
cia	1086	8.967291679740526E-4	1
orm	1084	8.950777330422404E-4	1
ndi	1083	8.942520155763343E-4	1
tur	1081	8.926005806445221E-4	1
_ve	1080	8.91774863178616E-4	1
ve_	1076	8.884719933149914E-4	1
acc	1074	8.868205583831792E-4	1
nde	1070	8.835176885195546E-4	1
isc	1066	8.802148186559301E-4	1
ide	1059	8.744347963945872E-4	1
_fi	1059	8.744347963945872E-4	1
ign	1058	8.736090789286811E-4	1
vor	1057	8.72783361462775E-4	1
rog	1055	8.711319265309628E-4	1
ive	1053	8.694804915991506E-4	1
_pu	1051	8.678290566673382E-4	1
dir	1040	8.587461645423709E-4	1
_at	1032	8.521404248151218E-4	1
ior	1027	8.480118374855913E-4	1
onc	1020	8.422318152242484E-4	1
min	1016	8.389289453606238E-4	1
ene	1016	8.389289453606238E-4	1
_an	1013	8.364517929629055E-4	1
uto	1010	8.339746405651871E-4	1
_gr	1007	8.314974881674687E-4	1
spo	1003	8.281946183038442E-4	1
_ap	999	8.248917484402198E-4	1
_ra	998	8.240660309743135E-4	1
cos	997	8.232403135084074E-4	1
nda	996	8.224145960425013E-4	1
ern	995	8.215888785765952E-4	1
egi	992	8.191117261788769E-4	1
del	990	8.174602912470645E-4	1
ich	989	8.166345737811584E-4	1
ann	989	8.166345737811584E-4	1
ero	982	8.108545515198156E-4	1
rti	980	8.092031165880033E-4	1
itt	979	8.083773991220972E-4	1
ime	978	8.07551681656191E-4	1
alt	974	8.042488117925666E-4	1
ea_	972	8.025973768607544E-4	1
ebb	970	8.00945941928942E-4	1
ven	968	7.992945069971298E-4	1
ral	959	7.918630498039747E-4	1
ci_	957	7.902116148721624E-4	1
utt	955	7.885601799403502E-4	1
mer	951	7.852573100767256E-4	1
rim	949	7.836058751449134E-4	1
_as	947	7.819544402131012E-4	1
reg	946	7.811287227471951E-4	1
rta	945	7.80303005281289E-4	1
sar	944	7.794772878153827E-4	1
omp	944	7.794772878153827E-4	1
_ne	942	7.778258528835705E-4	1
inc	940	7.761744179517583E-4	1
iat	937	7.736972655540399E-4	1
rel	936	7.728715480881338E-4	1
ces	936	7.728715480881338E-4	1
cat	936	7.728715480881338E-4	1
rma	935	7.720458306222276E-4	1
qua	935	7.720458306222276E-4	1
ile	932	7.695686782245093E-4	1
ola	928	7.662658083608848E-4	1
_mi	928	7.662658083608848E-4	1
rà_	925	7.637886559631664E-4	1
occ	923	7.621372210313541E-4	1
ial	915	7.555314813041051E-4	1
ual	913	7.538800463722929E-4	1
oll	913	7.538800463722929E-4	1
mi_	913	7.538800463722929E-4	1
giu	913	7.538800463722929E-4	1
ott	912	7.530543289063868E-4	1
ram	908	7.497514590427622E-4	1
ove	905	7.472743066450439E-4	1
_vi	900	7.431457193155133E-4	1
isp	899	7.423200018496071E-4	1
pet	895	7.390171319859826E-4	1
ltr	895	7.390171319859826E-4	1
ivi	895	7.390171319859826E-4	1
sia	893	7.373656970541704E-4	1
leg	893	7.373656970541704E-4	1
cco	891	7.357142621223582E-4	1
abi	891	7.357142621223582E-4	1
tem	890	7.348885446564519E-4	1
vo_	886	7.315856747928275E-4	1
sto	884	7.299342398610153E-4	1
man	884	7.299342398610153E-4	1
_li	884	7.299342398610153E-4	1
sol	880	7.266313699973907E-4	1
_ta	877	7.241542175996724E-4	1
ser	874	7.21677065201954E-4	1
_sp	869	7.175484778724233E-4	1
_ad	864	7.134198905428928E-4	1
ara	863	7.125941730769865E-4	1
_sa	863	7.125941730769865E-4	1
olo	855	7.059884333497376E-4	1
ttu	846	6.985569761565825E-4	1
gli	843	6.960798237588641E-4	1
laz	842	6.952541062929579E-4	1
nco	841	6.944283888270518E-4	1
eme	840	6.936026713611457E-4	1
izz	837	6.911255189634274E-4	1
agg	837	6.911255189634274E-4	1
rie	824	6.803911919066477E-4	1
ce_	824	6.803911919066477E-4	1
_am	824	6.803911919066477E-4	1
sse	822	6.787397569748354E-4	1
lar	821	6.779140395089293E-4	1
ers	821	6.779140395089293E-4	1
ece	821	6.779140395089293E-4	1
nci	819	6.762626045771171E-4	1
eco	811	6.696568648498681E-4	1
anc	811	6.696568648498681E-4	1
amm	810	6.68831147383962E-4	1
reb	809	6.680054299180559E-4	1
bbe	808	6.671797124521496E-4	1
avo	806	6.655282775203374E-4	1
_or	806	6.655282775203374E-4	1
eci	804	6.638768425885252E-4	1
tit	803	6.630511251226191E-4	1
_on	803	6.630511251226191E-4	1
_av	802	6.622254076567129E-4	1
che	801	6.613996901908068E-4	1
emp	798	6.589225377930884E-4	1
dic	798	6.589225377930884E-4	1
erc	792	6.539682329976517E-4	1
omu	790	6.523167980658394E-4	1
lat	770	6.358024487477169E-4	1
osi	769	6.349767312818108E-4	1
nat	767	6.333252963499985E-4	1
ord	766	6.324995788840924E-4	1
tre	764	6.308481439522802E-4	1
ret	763	6.30022426486374E-4	1
ifi	762	6.291967090204679E-4	1
nsi	759	6.267195566227495E-4	1
ner	759	6.267195566227495E-4	1
_no	756	6.242424042250312E-4	1
_la	756	6.242424042250312E-4	1
ibi	753	6.217652518273127E-4	1
de_	752	6.209395343614066E-4	1
cen	752	6.209395343614066E-4	1
upp	751	6.201138168955005E-4	1
pon	751	6.201138168955005E-4	1
pea	751	6.201138168955005E-4	1
_nu	750	6.192880994295944E-4	1
_ac	749	6.184623819636883E-4	1
_cr	748	6.176366644977821E-4	1
mat	747	6.16810947031876E-4	1
lta	745	6.151595121000637E-4	1
rar	744	6.143337946341576E-4	1
me_	742	6.126823597023454E-4	1
sit	741	6.118566422364392E-4	1
uzi	740	6.110309247705331E-4	1
iso	739	6.10205207304627E-4	1
car	738	6.093794898387209E-4	1
ima	736	6.077280549069086E-4	1
ens	731	6.03599467577378E-4	1
cit	730	6.027737501114719E-4	1
que	729	6.019480326455658E-4	1
he_	728	6.011223151796597E-4	1
rte	721	5.953422929183168E-4	1
ie_	719	5.936908579865045E-4	1
ede	718	5.928651405205983E-4	1
den	718	5.928651405205983E-4	1
lic	714	5.895622706569738E-4	1
nit	713	5.887365531910677E-4	1
ivo	713	5.887365531910677E-4	1
nno	712	5.879108357251616E-4	1
ani	710	5.862594007933494E-4	1
erv	709	5.854336833274432E-4	1
esp	706	5.829565309297248E-4	1
mun	701	5.788279436001943E-4	1
vi_	698	5.763507912024758E-4	1
lle	696	5.746993562706636E-4	1
fer	696	5.746993562706636E-4	1
rin	694	5.730479213388514E-4	1
amb	690	5.697450514752268E-4	1
na_	688	5.680936165434146E-4	1
_au	685	5.656164641456962E-4	1
tes	680	5.614878768161655E-4	1
mbi	678	5.598364418843533E-4	1
pli	676	5.581850069525411E-4	1
sid	675	5.57359289486635E-4	1
erm	675	5.57359289486635E-4	1
ult	674	5.565335720207289E-4	1
or_	674	5.565335720207289E-4	1
mmi	671	5.540564196230104E-4	1
ogr	670	5.532307021571043E-4	1
lin	670	5.532307021571043E-4	1
_sc	666	5.499278322934798E-4	1
tut	664	5.482763973616675E-4	1
imi	664	5.482763973616675E-4	1
ian	664	5.482763973616675E-4	1
_ch	662	5.466249624298553E-4	1
_va	659	5.441478100321369E-4	1
_da	657	5.424963751003247E-4	1
omi	654	5.400192227026063E-4	1
tam	653	5.391935052367001E-4	1
isi	652	5.38367787770794E-4	1
sis	650	5.367163528389818E-4	1
din	649	5.358906353730757E-4	1
aff	643	5.309363305776389E-4	1
niz	642	5.301106131117328E-4	1
uti	641	5.292848956458267E-4	1
pot	637	5.259820257822021E-4	1
rov	635	5.243305908503899E-4	1
tua	631	5.210277209867654E-4	1
emb	631	5.210277209867654E-4	1
bia	630	5.202020035208593E-4	1
be_	630	5.202020035208593E-4	1
nan	629	5.193762860549532E-4	1
iet	628	5.18550568589047E-4	1
cre	626	5.168991336572347E-4	1
ema	625	5.160734161913286E-4	1
rea	623	5.144219812595164E-4	1
ova	622	5.135962637936103E-4	1
nom	620	5.119448288617981E-4	1
mbr	618	5.102933939299857E-4	1
ffi	618	5.102933939299857E-4	1
eve	618	5.102933939299857E-4	1
rif	616	5.086419589981735E-4	1
da_	613	5.061648066004552E-4	1
ezz	612	5.05339089134549E-4	1
_sv	612	5.05339089134549E-4	1
rno	606	5.003847843391123E-4	1
ppr	602	4.970819144754878E-4	1
rsi	601	4.962561970095816E-4	1
ind	601	4.962561970095816E-4	1
sci	599	4.946047620777693E-4	1
uta	598	4.937790446118632E-4	1
mis	598	4.937790446118632E-4	1
itu	596	4.92127609680051E-4	1
lia	594	4.904761747482388E-4	1
ele	592	4.888247398164264E-4	1
_ec	592	4.888247398164264E-4	1
rem	590	4.871733048846142E-4	1
mpr	590	4.871733048846142E-4	1
imo	590	4.871733048846142E-4	1
opr	587	4.8469615248689584E-4	1
pen	585	4.830447175550836E-4	1
_su	585	4.830447175550836E-4	1
vis	578	4.7726469529374074E-4	1
rso	578	4.7726469529374074E-4	1
lme	578	4.7726469529374074E-4	1
dov	578	4.7726469529374074E-4	1
des	578	4.7726469529374074E-4	1
hia	576	4.7561326036192847E-4	1
ure	574	4.7396182543011625E-4	1
unt	574	4.7396182543011625E-4	1
ume	573	4.731361079642101E-4	1
llo	573	4.731361079642101E-4	1
go_	568	4.690075206346795E-4	1
tru	567	4.681818031687734E-4	1
dev	564	4.65704650771055E-4	1
liz	563	4.648789333051488E-4	1
ust	561	4.632274983733366E-4	1
uov	561	4.632274983733366E-4	1
sem	558	4.607503459756182E-4	1
emo	556	4.5909891104380595E-4	1
soc	553	4.5662175864608756E-4	1
ron	552	4.5579604118018146E-4	1
_oc	552	4.5579604118018146E-4	1
lio	551	4.5497032371427535E-4	1
far	550	4.541446062483692E-4	1
bie	550	4.541446062483692E-4	1
alc	547	4.5166745385065085E-4	1
lem	546	4.508417363847447E-4	1
mpi	543	4.483645839870263E-4	1
iss	543	4.483645839870263E-4	1
_na	543	4.483645839870263E-4	1
naz	541	4.467131490552141E-4	1
_le	540	4.45887431589308E-4	1
cip	537	4.434102791915896E-4	1
gua	536	4.425845617256834E-4	1
mol	535	4.417588442597773E-4	1
seg	533	4.4010740932796504E-4	1
ors	532	4.3928169186205893E-4	1
cce	528	4.3597882199843444E-4	1
bbi	527	4.3515310453252833E-4	1
oci	523	4.3185023466890384E-4	1
err	522	4.3102451720299767E-4	1
dia	522	4.3102451720299767E-4	1
mpe	521	4.3019879973709156E-4	1
_af	521	4.3019879973709156E-4	1
rme	520	4.2937308227118545E-4	1
fat	517	4.2689592987346707E-4	1
edi	516	4.260702124075609E-4	1
ues	515	4.252444949416548E-4	1
gen	513	4.235930600098426E-4	1
cur	513	4.235930600098426E-4	1
ard	513	4.235930600098426E-4	1
tim	507	4.186387552144058E-4	1
sic	507	4.186387552144058E-4	1
sib	507	4.186387552144058E-4	1
fon	507	4.186387552144058E-4	1
nse	505	4.1698732028259353E-4	1
asp	503	4.153358853507813E-4	1
_fu	502	4.1451016788487515E-4	1
uar	501	4.1368445041896904E-4	1
ei_	501	4.1368445041896904E-4	1
arl	500	4.1285873295306293E-4	1
lav	499	4.1203301548715677E-4	1
ite	499	4.1203301548715677E-4	1
vit	497	4.1038158055534455E-4	1
nsa	497	4.1038158055534455E-4	1
mem	497	4.1038158055534455E-4	1
fro	495	4.087301456235323E-4	1
_og	495	4.087301456235323E-4	1
rdi	492	4.062529932258139E-4	1
dam	492	4.062529932258139E-4	1
_ar	492	4.062529932258139E-4	1
paz	491	4.054272757599078E-4	1
lto	490	4.0460155829400167E-4	1
ome	489	4.037758408280955E-4	1
sco	488	4.029501233621894E-4	1
iut	488	4.029501233621894E-4	1
nio	487	4.021244058962833E-4	1
roc	486	4.012986884303772E-4	1
ell	484	3.996472534985649E-4	1
ras	483	3.988215360326588E-4	1
icu	482	3.9799581856675263E-4	1
sim	481	3.971701011008465E-4	1
mpl	480	3.963443836349404E-4	1
ert	478	3.9469294870312814E-4	1
cer	478	3.9469294870312814E-4	1
adi	478	3.9469294870312814E-4	1
cup	477	3.93867231237222E-4	1
alm	477	3.93867231237222E-4	1
lam	476	3.930415137713159E-4	1
dif	475	3.9221579630540975E-4	1
hie	472	3.8973864390769137E-4	1
ccu	472	3.8973864390769137E-4	1
ote	471	3.8891292644178526E-4	1
eo_	471	3.8891292644178526E-4	1
hi_	470	3.8808720897587915E-4	1
cun	470	3.8808720897587915E-4	1
nuo	468	3.864357740440669E-4	1
ier	467	3.8561005657816077E-4	1
bri	466	3.8478433911225466E-4	1
taz	465	3.839586216463485E-4	1
egu	463	3.8230718671453627E-4	1
ngo	462	3.814814692486301E-4	1
rec	461	3.80655751782724E-4	1
mma	461	3.80655751782724E-4	1
lun	461	3.80655751782724E-4	1
nar	460	3.798300343168179E-4	1
_op	460	3.798300343168179E-4	1
tio	459	3.790043168509118E-4	1
dat	455	3.7570144698728723E-4	1
ovr	454	3.748757295213811E-4	1
rol	453	3.74050012055475E-4	1
ogg	453	3.74050012055475E-4	1
_el	453	3.74050012055475E-4	1
val	452	3.732242945895689E-4	1
ffe	451	3.7239857712366274E-4	1
egn	449	3.707471421918505E-4	1
div	449	3.707471421918505E-4	1
peo	447	3.6909570726003824E-4	1
nce	445	3.6744427232822597E-4	1
ze_	444	3.6661855486231986E-4	1
vil	444	3.6661855486231986E-4	1
rap	444	3.6661855486231986E-4	1
tin	442	3.6496711993050764E-4	1
cis	439	3.6248996753278926E-4	1
inv	438	3.616642500668831E-4	1
ice	438	3.616642500668831E-4	1
esa	438	3.616642500668831E-4	1
obi	437	3.60838532600977E-4	1
sca	436	3.600128151350709E-4	1
la_	436	3.600128151350709E-4	1
di_	436	3.600128151350709E-4	1
teg	435	3.5918709766916476E-4	1
ber	435	3.5918709766916476E-4	1
rmi	433	3.575356627373525E-4	1
rca	433	3.575356627373525E-4	1
oro	433	3.575356627373525E-4	1
_tu	433	3.575356627373525E-4	1
evi	432	3.567099452714464E-4	1
_ba	432	3.567099452714464E-4	1
ete	431	3.558842278055402E-4	1
sce	429	3.54232792873728E-4	1
rez	429	3.54232792873728E-4	1
dec	429	3.54232792873728E-4	1
aes	428	3.5340707540782183E-4	1
_pi	427	3.525813579419157E-4	1
eno	426	3.517556404760096E-4	1
upa	425	3.509299230101035E-4	1
pae	425	3.509299230101035E-4	1
_ge	425	3.509299230101035E-4	1
rig	424	3.5010420554419734E-4	1
lim	421	3.4762705314647895E-4	1
set	419	3.4597561821466674E-4	1
rda	419	3.4597561821466674E-4	1
pun	418	3.4514990074876057E-4	1
eng	418	3.4514990074876057E-4	1
rob	417	3.4432418328285446E-4	1
get	417	3.4432418328285446E-4	1
ad_	417	3.4432418328285446E-4	1
nec	416	3.4349846581694835E-4	1
oce	415	3.4267274835104224E-4	1
scu	414	3.418470308851361E-4	1
iri	414	3.418470308851361E-4	1
ega	414	3.418470308851361E-4	1
lcu	412	3.4019559595332386E-4	1
cri	411	3.393698784874177E-4	1
orn	409	3.377184435556055E-4	1
opp	409	3.377184435556055E-4	1
ue_	407	3.360670086237932E-4	1
aut	407	3.360670086237932E-4	1
rag	406	3.352412911578871E-4	1
ing	406	3.352412911578871E-4	1
omm	405	3.34415573691981E-4	1
rib	403	3.327641387601687E-4	1
olu	403	3.327641387601687E-4	1
ius	403	3.327641387601687E-4	1
cam	403	3.327641387601687E-4	1
rad	402	3.319384212942626E-4	1
nze	401	3.3111270382835643E-4	1
sos	400	3.302869863624503E-4	1
isu	399	3.294612688965442E-4	1
gia	399	3.294612688965442E-4	1
ego	398	3.286355514306381E-4	1
ble	398	3.286355514306381E-4	1
vre	396	3.2698411649882583E-4	1
pio	394	3.2533268156701356E-4	1
_ce	393	3.2450696410110745E-4	1
dar	392	3.2368124663520134E-4	1
rod	390	3.2202981170338906E-4	1
mag	389	3.2120409423748295E-4	1
lti	389	3.2120409423748295E-4	1
inf	389	3.2120409423748295E-4	1
svi	386	3.1872694183976457E-4	1
rla	384	3.170755069079523E-4	1
ger	384	3.170755069079523E-4	1
van	383	3.162497894420462E-4	1
sul	383	3.162497894420462E-4	1
nic	383	3.162497894420462E-4	1
mon	383	3.162497894420462E-4	1
ilu	383	3.162497894420462E-4	1
esc	383	3.162497894420462E-4	1
lup	382	3.154240719761401E-4	1
ino	382	3.154240719761401E-4	1
zi_	381	3.1459835451023397E-4	1
nut	381	3.1459835451023397E-4	1
obl	380	3.137726370443278E-4	1
eni	379	3.129469195784217E-4	1
_du	379	3.129469195784217E-4	1
ros	378	3.121212021125156E-4	1
rna	377	3.112954846466094E-4	1
cie	376	3.104697671807033E-4	1
_ob	376	3.104697671807033E-4	1
eff	375	3.096440497147972E-4	1
det	374	3.0881833224889103E-4	1
can	373	3.079926147829849E-4	1
ave	372	3.071668973170788E-4	1
rci	370	3.0551546238526654E-4	1
obb	370	3.0551546238526654E-4	1
lor	369	3.0468974491936043E-4	1
eva	369	3.0468974491936043E-4	1
ins	368	3.038640274534543E-4	1
_fr	367	3.0303830998754816E-4	1
met	366	3.0221259252164205E-4	1
sec	365	3.0138687505573594E-4	1
ced	365	3.0138687505573594E-4	1
cas	364	3.0056115758982983E-4	1
amp	362	2.9890972265801755E-4	1
gar	361	2.9808400519211144E-4	1
sì_	360	2.972582877262053E-4	1
mic	359	2.9643257026029917E-4	1
gni	359	2.9643257026029917E-4	1
mar	358	2.9560685279439306E-4	1
lan	358	2.9560685279439306E-4	1
igu	358	2.9560685279439306E-4	1
iò_	357	2.947811353284869E-4	1
ciò	357	2.947811353284869E-4	1
enu	356	2.939554178625808E-4	1
sab	355	2.931297003966747E-4	1
gov	354	2.9230398293076857E-4	1
_em	354	2.9230398293076857E-4	1
vat	352	2.906525479989563E-4	1
_ef	351	2.898268305330502E-4	1
uss	350	2.89001113067144E-4	1
tir	350	2.89001113067144E-4	1
asi	349	2.881753956012379E-4	1
_bi	347	2.865239606694257E-4	1
qui	344	2.840468082717073E-4	1
_en	343	2.8322109080580114E-4	1
rei	342	2.8239537333989503E-4	1
aus	342	2.8239537333989503E-4	1
var	341	2.815696558739889E-4	1
siz	340	2.8074393840808276E-4	1
elu	340	2.8074393840808276E-4	1
gi_	339	2.7991822094217665E-4	1
ast	339	2.7991822094217665E-4	1
rdo	338	2.7909250347627054E-4	1
emi	338	2.7909250347627054E-4	1
ota	335	2.7661535107855216E-4	1
rut	334	2.7578963361264605E-4	1
mes	334	2.7578963361264605E-4	1
dim	334	2.7578963361264605E-4	1
caz	334	2.7578963361264605E-4	1
_lo	333	2.749639161467399E-4	1
ife	332	2.7413819868083377E-4	1
rup	331	2.7331248121492766E-4	1
ga_	331	2.7331248121492766E-4	1
uri	330	2.724867637490215E-4	1
ubb	330	2.724867637490215E-4	1
avv	330	2.724867637490215E-4	1
odi	328	2.708353288172093E-4	1
iun	327	2.7000961135130317E-4	1
ee_	327	2.7000961135130317E-4	1
ied	326	2.69183893885397E-4	1
ado	326	2.69183893885397E-4	1
gru	325	2.683581764194909E-4	1
riv	324	2.675324589535848E-4	1
erà	324	2.675324589535848E-4	1
_lu	324	2.675324589535848E-4	1
eal	322	2.658810240217725E-4	1
cio	322	2.658810240217725E-4	1
bit	322	2.658810240217725E-4	1
atu	320	2.642295890899603E-4	1
ogn	318	2.62578154158148E-4	1
nis	318	2.62578154158148E-4	1
ibu	318	2.62578154158148E-4	1
ghi	318	2.62578154158148E-4	1
clu	318	2.62578154158148E-4	1
rve	317	2.617524366922419E-4	1
dur	317	2.617524366922419E-4	1
bas	317	2.617524366922419E-4	1
bli	316	2.6092671922633574E-4	1
nni	315	2.6010100176042963E-4	1
dot	314	2.592752842945235E-4	1
gan	313	2.5844956682861736E-4	1
_ru	312	2.5762384936271125E-4	1
_ag	312	2.5762384936271125E-4	1
bbl	311	2.5679813189680514E-4	1
zaz	309	2.5514669696499287E-4	1
eli	309	2.5514669696499287E-4	1
tad	308	2.5432097949908676E-4	1
red	308	2.5432097949908676E-4	1
lib	308	2.5432097949908676E-4	1
idi	308	2.5432097949908676E-4	1
ià_	307	2.5349526203318065E-4	1
gna	307	2.5349526203318065E-4	1
già	307	2.5349526203318065E-4	1
diz	307	2.5349526203318065E-4	1
_e_	307	2.5349526203318065E-4	1
mod	306	2.526695445672745E-4	1
ida	306	2.526695445672745E-4	1
pia	304	2.5101810963546226E-4	1
son	303	2.5019239216955615E-4	1
nch	303	2.5019239216955615E-4	1
lut	303	2.5019239216955615E-4	1
cus	303	2.5019239216955615E-4	1
ana	303	2.5019239216955615E-4	1
ute	302	2.4936667470365E-4	1
onf	302	2.4936667470365E-4	1
une	301	2.485409572377439E-4	1
let	301	2.485409572377439E-4	1
ena	300	2.4771523977183777E-4	1
asc	300	2.4771523977183777E-4	1
rse	299	2.468895223059316E-4	1
lla	298	2.460638048400255E-4	1
via	297	2.452380873741194E-4	1
vel	297	2.452380873741194E-4	1
nve	297	2.452380873741194E-4	1
nos	297	2.452380873741194E-4	1
mig	297	2.452380873741194E-4	1
cal	296	2.444123699082132E-4	1
_ab	296	2.444123699082132E-4	1
lus	295	2.435866524423071E-4	1
uò_	294	2.42760934976401E-4	1
può	294	2.42760934976401E-4	1
alo	294	2.42760934976401E-4	1
mit	293	2.4193521751049487E-4	1
lis	293	2.4193521751049487E-4	1
erg	293	2.4193521751049487E-4	1
gol	292	2.4110950004458876E-4	1
sat	291	2.4028378257868262E-4	1
rof	291	2.4028378257868262E-4	1
pes	291	2.4028378257868262E-4	1
nso	291	2.4028378257868262E-4	1
spa	289	2.3863234764687037E-4	1
sot	289	2.3863234764687037E-4	1
rid	289	2.3863234764687037E-4	1
_is	288	2.3780663018096424E-4	1
fav	287	2.3698091271505813E-4	1
lie	286	2.36155195249152E-4	1
aiu	286	2.36155195249152E-4	1
_ai	286	2.36155195249152E-4	1
ogl	285	2.3532947778324585E-4	1
edo	284	2.3450376031733974E-4	1
uir	283	2.336780428514336E-4	1
ppl	283	2.336780428514336E-4	1
uaz	282	2.328523253855275E-4	1
maz	282	2.328523253855275E-4	1
les	282	2.328523253855275E-4	1
oge	281	2.3202660791962136E-4	1
ade	281	2.3202660791962136E-4	1
_go	281	2.3202660791962136E-4	1
ttr	280	2.3120089045371522E-4	1
usi	279	2.303751729878091E-4	1
lte	279	2.303751729878091E-4	1
igl	279	2.303751729878091E-4	1
oti	278	2.2954945552190297E-4	1
ved	277	2.2872373805599686E-4	1
dob	277	2.2872373805599686E-4	1
ung	276	2.2789802059009073E-4	1
otr	276	2.2789802059009073E-4	1
alu	276	2.2789802059009073E-4	1
spi	275	2.270723031241846E-4	1
don	275	2.270723031241846E-4	1
_un	275	2.270723031241846E-4	1
_ev	275	2.270723031241846E-4	1
san	274	2.2624658565827848E-4	1
luz	274	2.2624658565827848E-4	1
pra	273	2.2542086819237234E-4	1
dan	273	2.2542086819237234E-4	1
zat	272	2.2459515072646623E-4	1
ipi	271	2.237694332605601E-4	1
oca	270	2.22943715794654E-4	1
ipa	270	2.22943715794654E-4	1
pit	269	2.2211799832874785E-4	1
tol	268	2.212922808628417E-4	1
pi_	268	2.212922808628417E-4	1
sor	267	2.204665633969356E-4	1
ezi	267	2.204665633969356E-4	1
vvi	266	2.1964084593102947E-4	1
ace	266	2.1964084593102947E-4	1
nam	265	2.1881512846512336E-4	1
rto	264	2.1798941099921722E-4	1
egh	264	2.1798941099921722E-4	1
nel	261	2.1551225860149884E-4	1
ars	261	2.1551225860149884E-4	1
agi	261	2.1551225860149884E-4	1
rni	260	2.1468654113559273E-4	1
osc	260	2.1468654113559273E-4	1
er_	260	2.1468654113559273E-4	1
ecc	259	2.138608236696866E-4	1
ila	258	2.1303510620378045E-4	1
osa	257	2.1220938873787434E-4	1
rom	256	2.113836712719682E-4	1
cci	256	2.113836712719682E-4	1
ocr	255	2.105579538060621E-4	1
ula	254	2.0973223634015596E-4	1
udi	254	2.0973223634015596E-4	1
liv	254	2.0973223634015596E-4	1
ifo	252	2.080808014083437E-4	1
zar	250	2.0642936647653147E-4	1
uit	250	2.0642936647653147E-4	1
mil	250	2.0642936647653147E-4	1
cap	250	2.0642936647653147E-4	1
all	250	2.0642936647653147E-4	1
_ga	250	2.0642936647653147E-4	1
_be	250	2.0642936647653147E-4	1
orz	249	2.0560364901062533E-4	1
iff	248	2.0477793154471922E-4	1
oma	246	2.0312649661290695E-4	1
inu	245	2.0230077914700084E-4	1
dem	245	2.0230077914700084E-4	1
ibe	244	2.014750616810947E-4	1
tab	243	2.006493442151886E-4	1
cra	243	2.006493442151886E-4	1
arm	243	2.006493442151886E-4	1
vot	242	1.9982362674928245E-4	1
rvi	242	1.9982362674928245E-4	1
odu	241	1.9899790928337631E-4	1
uen	240	1.981721918174702E-4	1
til	239	1.9734647435156407E-4	1
pec	237	1.9569503941975182E-4	1
dit	237	1.9569503941975182E-4	1
vid	236	1.9486932195384568E-4	1
nga	236	1.9486932195384568E-4	1
ala	234	1.9321788702203344E-4	1
abb	234	1.9321788702203344E-4	1
uis	233	1.9239216955612733E-4	1
pub	233	1.9239216955612733E-4	1
gui	233	1.9239216955612733E-4	1
eta	233	1.9239216955612733E-4	1
ane	233	1.9239216955612733E-4	1
rip	232	1.915664520902212E-4	1
rav	232	1.915664520902212E-4	1
ngr	232	1.915664520902212E-4	1
log	231	1.9074073462431505E-4	1
due	231	1.9074073462431505E-4	1
nir	230	1.8991501715840894E-4	1
ase	229	1.890892996925028E-4	1
arà	229	1.890892996925028E-4	1
vam	228	1.882635822265967E-4	1
rgo	227	1.8743786476069056E-4	1
org	227	1.8743786476069056E-4	1
ltu	227	1.8743786476069056E-4	1
hé_	227	1.8743786476069056E-4	1
ché	227	1.8743786476069056E-4	1
ban	226	1.8661214729478445E-4	1
rne	225	1.8578642982887831E-4	1
nea	225	1.8578642982887831E-4	1
ben	225	1.8578642982887831E-4	1
odo	224	1.8496071236297218E-4	1
gat	224	1.8496071236297218E-4	1
api	224	1.8496071236297218E-4	1
rga	223	1.8413499489706607E-4	1
fet	223	1.8413499489706607E-4	1
eti	222	1.8330927743115993E-4	1
cul	222	1.8330927743115993E-4	1
len	221	1.8248355996525382E-4	1
cca	221	1.8248355996525382E-4	1
aci	221	1.8248355996525382E-4	1
nqu	220	1.8165784249934768E-4	1
aro	220	1.8165784249934768E-4	1
ape	220	1.8165784249934768E-4	1
sur	219	1.8083212503344155E-4	1
rer	219	1.8083212503344155E-4	1
spr	218	1.8000640756753544E-4	1
rtu	218	1.8000640756753544E-4	1
efi	218	1.8000640756753544E-4	1
bat	218	1.8000640756753544E-4	1
loc	216	1.783549726357232E-4	1
_sf	216	1.783549726357232E-4	1
nen	215	1.7752925516981705E-4	1
lev	215	1.7752925516981705E-4	1
gis	215	1.7752925516981705E-4	1
las	214	1.7670353770391092E-4	1
ava	214	1.7670353770391092E-4	1
von	213	1.758778202380048E-4	1
tiz	213	1.758778202380048E-4	1
tec	213	1.758778202380048E-4	1
ipe	213	1.758778202380048E-4	1
nes	212	1.7505210277209867E-4	1
egr	212	1.7505210277209867E-4	1
vve	211	1.7422638530619256E-4	1
tui	211	1.7422638530619256E-4	1
peg	211	1.7422638530619256E-4	1
nif	211	1.7422638530619256E-4	1
ism	211	1.7422638530619256E-4	1
fun	211	1.7422638530619256E-4	1
età	211	1.7422638530619256E-4	1
_cu	211	1.7422638530619256E-4	1
uat	210	1.7340066784028642E-4	1
pas	209	1.7257495037438029E-4	1
moc	209	1.7257495037438029E-4	1
_az	209	1.7257495037438029E-4	1
ppi	208	1.7174923290847418E-4	1
pie	208	1.7174923290847418E-4	1
iba	208	1.7174923290847418E-4	1
edu	207	1.7092351544256804E-4	1
dep	207	1.7092351544256804E-4	1
coo	207	1.7092351544256804E-4	1
sam	206	1.7009779797666193E-4	1
ies	206	1.7009779797666193E-4	1
deb	206	1.7009779797666193E-4	1
uol	205	1.692720805107558E-4	1
tia	205	1.692720805107558E-4	1
nsu	205	1.692720805107558E-4	1
nge	205	1.692720805107558E-4	1
ncl	205	1.692720805107558E-4	1
ddi	205	1.692720805107558E-4	1
unz	204	1.6844636304484968E-4	1
put	204	1.6844636304484968E-4	1
omo	204	1.6844636304484968E-4	1
gon	204	1.6844636304484968E-4	1
cet	204	1.6844636304484968E-4	1
ovi	203	1.6762064557894355E-4	1
egg	203	1.6762064557894355E-4	1
olg	202	1.667949281130374E-4	1
ogo	202	1.667949281130374E-4	1
lli	202	1.667949281130374E-4	1
ear	202	1.667949281130374E-4	1
idu	201	1.659692106471313E-4	1
sap	200	1.6514349318122516E-4	1
rri	200	1.6514349318122516E-4	1
ovo	200	1.6514349318122516E-4	1
nvi	200	1.6514349318122516E-4	1
nna	200	1.6514349318122516E-4	1
_ul	200	1.6514349318122516E-4	1
osì	199	1.6431777571531905E-4	1
ffr	199	1.6431777571531905E-4	1
fac	199	1.6431777571531905E-4	1
raf	198	1.6349205824941292E-4	1
gge	198	1.6349205824941292E-4	1
pat	196	1.6184062331760067E-4	1
ndu	196	1.6184062331760067E-4	1
dut	196	1.6184062331760067E-4	1
rva	195	1.6101490585169453E-4	1
mme	195	1.6101490585169453E-4	1
svo	194	1.6018918838578842E-4	1
ssu	194	1.6018918838578842E-4	1
rir	194	1.6018918838578842E-4	1
sin	193	1.5936347091988228E-4	1
nfo	193	1.5936347091988228E-4	1
inn	193	1.5936347091988228E-4	1
tie	192	1.5853775345397615E-4	1
rur	192	1.5853775345397615E-4	1
rro	192	1.5853775345397615E-4	1
cil	192	1.5853775345397615E-4	1
rge	191	1.5771203598807004E-4	1
mpa	191	1.5771203598807004E-4	1
_ot	191	1.5771203598807004E-4	1
vec	190	1.568863185221639E-4	1
gue	190	1.568863185221639E-4	1
dal	190	1.568863185221639E-4	1
epu	189	1.560606010562578E-4	1
cin	189	1.560606010562578E-4	1
ami	189	1.560606010562578E-4	1
fut	188	1.5523488359035165E-4	1
cau	188	1.5523488359035165E-4	1
zo_	187	1.5440916612444552E-4	1
utu	187	1.5440916612444552E-4	1
usa	187	1.5440916612444552E-4	1
tun	186	1.535834486585394E-4	1
arg	186	1.535834486585394E-4	1
agr	185	1.5275773119263327E-4	1
_os	185	1.5275773119263327E-4	1
vut	184	1.5193201372672716E-4	1
sop	184	1.5193201372672716E-4	1
pac	184	1.5193201372672716E-4	1
med	184	1.5193201372672716E-4	1
ozi	183	1.5110629626082102E-4	1
ode	183	1.5110629626082102E-4	1
ltà	183	1.5110629626082102E-4	1
una	182	1.5028057879491491E-4	1
non	182	1.5028057879491491E-4	1
gic	181	1.4945486132900878E-4	1
ple	180	1.4862914386310264E-4	1
equ	180	1.4862914386310264E-4	1
bui	180	1.4862914386310264E-4	1
avr	180	1.4862914386310264E-4	1
zie	179	1.4780342639719653E-4	1
iud	179	1.4780342639719653E-4	1
siv	178	1.469777089312904E-4	1
mot	178	1.469777089312904E-4	1
dop	178	1.469777089312904E-4	1
dib	178	1.469777089312904E-4	1
aso	178	1.469777089312904E-4	1
_ut	178	1.469777089312904E-4	1
tif	177	1.4615199146538428E-4	1
cir	177	1.4615199146538428E-4	1
ose	176	1.4532627399947815E-4	1
luo	176	1.4532627399947815E-4	1
iur	176	1.4532627399947815E-4	1
neg	175	1.44500556533572E-4	1
fid	175	1.44500556533572E-4	1
mos	174	1.436748390676659E-4	1
arc	174	1.436748390676659E-4	1
_to	174	1.436748390676659E-4	1
bor	173	1.4284912160175976E-4	1
smo	172	1.4202340413585365E-4	1
mal	172	1.4202340413585365E-4	1
isa	171	1.4119768666994752E-4	1
ong	170	1.4037196920404138E-4	1
nim	170	1.4037196920404138E-4	1
elo	170	1.4037196920404138E-4	1
dom	170	1.4037196920404138E-4	1
_ti	170	1.4037196920404138E-4	1
tas	169	1.3954625173813527E-4	1
scr	169	1.3954625173813527E-4	1
lon	169	1.3954625173813527E-4	1
fra	169	1.3954625173813527E-4	1
_bu	169	1.3954625173813527E-4	1
vie	168	1.3872053427222913E-4	1
pic	168	1.3872053427222913E-4	1
abo	168	1.3872053427222913E-4	1
sch	167	1.3789481680632302E-4	1
nia	167	1.3789481680632302E-4	1
lid	166	1.3706909934041689E-4	1
_fe	166	1.3706909934041689E-4	1
vog	165	1.3624338187451075E-4	1
bre	165	1.3624338187451075E-4	1
reo	164	1.3541766440860464E-4	1
nca	164	1.3541766440860464E-4	1
bba	164	1.3541766440860464E-4	1
tel	163	1.345919469426985E-4	1
sla	163	1.345919469426985E-4	1
ril	163	1.345919469426985E-4	1
pin	163	1.345919469426985E-4	1
not	162	1.337662294767924E-4	1
nfi	162	1.337662294767924E-4	1
lab	162	1.337662294767924E-4	1
isl	162	1.337662294767924E-4	1
tag	161	1.3294051201088626E-4	1
sed	161	1.3294051201088626E-4	1
cch	161	1.3294051201088626E-4	1
uma	160	1.3211479454498015E-4	1
ovv	160	1.3211479454498015E-4	1
ogi	160	1.3211479454498015E-4	1
vaz	159	1.31289077079074E-4	1
bra	159	1.31289077079074E-4	1
sog	158	1.3046335961316787E-4	1
riz	157	1.2963764214726176E-4	1
num	157	1.2963764214726176E-4	1
viz	156	1.2881192468135563E-4	1
ves	156	1.2881192468135563E-4	1
ira	156	1.2881192468135563E-4	1
dip	156	1.2881192468135563E-4	1
sum	155	1.2798620721544952E-4	1
oga	155	1.2798620721544952E-4	1
def	155	1.2798620721544952E-4	1
icc	154	1.2716048974954338E-4	1
ruo	153	1.2633477228363724E-4	1
pop	153	1.2633477228363724E-4	1
eoc	153	1.2633477228363724E-4	1
pag	152	1.2550905481773113E-4	1
rza	151	1.24683337351825E-4	1
rlo	151	1.24683337351825E-4	1
inq	151	1.24683337351825E-4	1
_ur	151	1.24683337351825E-4	1
mom	150	1.2385761988591888E-4	1
nov	149	1.2303190242001275E-4	1
fes	149	1.2303190242001275E-4	1
uog	148	1.222061849541066E-4	1
rgi	148	1.222061849541066E-4	1
rac	147	1.213804674882005E-4	1
pei	147	1.213804674882005E-4	1
_id	147	1.213804674882005E-4	1
ofo	146	1.2055475002229438E-4	1
ai_	146	1.2055475002229438E-4	1
ton	145	1.1972903255638824E-4	1
oop	145	1.1972903255638824E-4	1
iac	145	1.1972903255638824E-4	1
ipo	144	1.1890331509048212E-4	1
ghe	144	1.1890331509048212E-4	1
pur	142	1.1725188015866987E-4	1
sal	141	1.1642616269276375E-4	1
rot	141	1.1642616269276375E-4	1
rce	141	1.1642616269276375E-4	1
ocu	141	1.1642616269276375E-4	1
die	141	1.1642616269276375E-4	1
irc	140	1.1560044522685761E-4	1
eto	140	1.1560044522685761E-4	1
_l_	140	1.1560044522685761E-4	1
riu	139	1.1477472776095149E-4	1
mas	139	1.1477472776095149E-4	1
gre	139	1.1477472776095149E-4	1
ar_	139	1.1477472776095149E-4	1
agl	139	1.1477472776095149E-4	1
uff	138	1.1394901029504536E-4	1
tez	138	1.1394901029504536E-4	1
ppa	138	1.1394901029504536E-4	1
nne	138	1.1394901029504536E-4	1
cif	138	1.1394901029504536E-4	1
cel	138	1.1394901029504536E-4	1
sie	137	1.1312329282913924E-4	1
imm	137	1.1312329282913924E-4	1
gin	137	1.1312329282913924E-4	1
cac	137	1.1312329282913924E-4	1
onv	136	1.1229757536323312E-4	1
enn	136	1.1229757536323312E-4	1
vig	135	1.11471857897327E-4	1
uon	135	1.11471857897327E-4	1
gri	135	1.11471857897327E-4	1
ada	135	1.11471857897327E-4	1
ucc	134	1.1064614043142086E-4	1
rco	134	1.1064614043142086E-4	1
mmo	134	1.1064614043142086E-4	1
mai	134	1.1064614043142086E-4	1
ler	134	1.1064614043142086E-4	1
duc	134	1.1064614043142086E-4	1
ecu	133	1.0982042296551473E-4	1
adr	133	1.0982042296551473E-4	1
vei	132	1.0899470549960861E-4	1
usc	132	1.0899470549960861E-4	1
etr	132	1.0899470549960861E-4	1
eic	132	1.0899470549960861E-4	1
_br	132	1.0899470549960861E-4	1
uad	131	1.0816898803370249E-4	1
rsa	131	1.0816898803370249E-4	1
lud	130	1.0734327056779636E-4	1
fle	130	1.0734327056779636E-4	1
eso	130	1.0734327056779636E-4	1
doc	130	1.0734327056779636E-4	1
cum	130	1.0734327056779636E-4	1
bis	130	1.0734327056779636E-4	1
tuz	129	1.0651755310189023E-4	1
mia	129	1.0651755310189023E-4	1
coe	129	1.0651755310189023E-4	1
off	128	1.056918356359841E-4	1
lge	128	1.056918356359841E-4	1
igo	128	1.056918356359841E-4	1
buo	127	1.0486611817007798E-4	1
dro	127	1.0486611817007798E-4	1
pal	127	1.0486611817007798E-4	1
mul	126	1.0404040070417186E-4	1
nfr	126	1.0404040070417186E-4	1
ans	125	1.0321468323826573E-4	1
bio	125	1.0321468323826573E-4	1
cid	125	1.0321468323826573E-4	1
lob	125	1.0321468323826573E-4	1
uno	125	1.0321468323826573E-4	1
gor	124	1.0238896577235961E-4	1
ias	124	1.0238896577235961E-4	1
ncr	123	1.0156324830645347E-4	1
nua	123	1.0156324830645347E-4	1
rep	123	1.0156324830645347E-4	1
rtà	123	1.0156324830645347E-4	1
oba	122	1.0073753084054735E-4	1
rba	122	1.0073753084054735E-4	1
rum	122	1.0073753084054735E-4	1
add	121	9.991181337464123E-5	1
deg	121	9.991181337464123E-5	1
ffo	121	9.991181337464123E-5	1
ges	121	9.991181337464123E-5	1
ios	121	9.991181337464123E-5	1
ude	121	9.991181337464123E-5	1
urr	121	9.991181337464123E-5	1
avi	120	9.90860959087351E-5	1
bal	120	9.90860959087351E-5	1
rra	120	9.90860959087351E-5	1
zzi	120	9.90860959087351E-5	1
aco	119	9.826037844282898E-5	1
zon	119	9.826037844282898E-5	1
fis	118	9.743466097692284E-5	1
gaz	118	9.743466097692284E-5	1
ill	118	9.743466097692284E-5	1
oi_	118	9.743466097692284E-5	1
tos	118	9.743466097692284E-5	1
vra	118	9.743466097692284E-5	1
vrà	118	9.743466097692284E-5	1
lot	116	9.57832260451106E-5	1
pa_	116	9.57832260451106E-5	1
voc	116	9.57832260451106E-5	1
cla	115	9.495750857920447E-5	1
igi	115	9.495750857920447E-5	1
ise	115	9.495750857920447E-5	1
onn	115	9.495750857920447E-5	1
pee	115	9.495750857920447E-5	1
pir	115	9.495750857920447E-5	1
duz	114	9.413179111329835E-5	1
oso	114	9.413179111329835E-5	1
suc	114	9.413179111329835E-5	1
tip	114	9.413179111329835E-5	1
vin	114	9.413179111329835E-5	1
egl	113	9.330607364739223E-5	1
erz	113	9.330607364739223E-5	1
fa_	113	9.330607364739223E-5	1
muo	113	9.330607364739223E-5	1
nun	113	9.330607364739223E-5	1
rrà	113	9.330607364739223E-5	1
rò_	113	9.330607364739223E-5	1
dus	112	9.248035618148609E-5	1
eat	112	9.248035618148609E-5	1
los	112	9.248035618148609E-5	1
nfe	112	9.248035618148609E-5	1
iod	111	9.165463871557997E-5	1
scl	111	9.165463871557997E-5	1
ama	110	9.082892124967384E-5	1
eca	110	9.082892124967384E-5	1
emm	110	9.082892124967384E-5	1
ige	110	9.082892124967384E-5	1
osp	110	9.082892124967384E-5	1
arr	109	9.000320378376772E-5	1
suf	109	9.000320378376772E-5	1
_zo	108	8.91774863178616E-5	1
erl	108	8.91774863178616E-5	1
ge_	108	8.91774863178616E-5	1
nib	108	8.91774863178616E-5	1
rzi	108	8.91774863178616E-5	1
zzo	108	8.91774863178616E-5	1
tog	107	8.835176885195546E-5	1
ree	106	8.752605138604933E-5	1
ruz	106	8.752605138604933E-5	1
sup	106	8.752605138604933E-5	1
atr	105	8.670033392014321E-5	1
cut	105	8.670033392014321E-5	1
net	105	8.670033392014321E-5	1
sun	105	8.670033392014321E-5	1
uor	105	8.670033392014321E-5	1
_ol	104	8.587461645423709E-5	1
ido	104	8.587461645423709E-5	1
lig	104	8.587461645423709E-5	1
ogh	104	8.587461645423709E-5	1
poc	104	8.587461645423709E-5	1
ppe	104	8.587461645423709E-5	1
unc	104	8.587461645423709E-5	1
dub	103	8.504889898833096E-5	1
_eq	102	8.422318152242484E-5	1
ngi	102	8.422318152242484E-5	1
sfo	102	8.422318152242484E-5	1
tis	102	8.422318152242484E-5	1
un_	102	8.422318152242484E-5	1
nie	100	8.257174659061258E-5	1
oto	100	8.257174659061258E-5	1
sfa	100	8.257174659061258E-5	1
uci	100	8.257174659061258E-5	1
upe	100	8.257174659061258E-5	1
urg	100	8.257174659061258E-5	1
aum	99	8.174602912470646E-5	1
ffa	99	8.174602912470646E-5	1
lea	99	8.174602912470646E-5	1
vio	99	8.174602912470646E-5	1
_gu	98	8.092031165880033E-5	1
ipr	98	8.092031165880033E-5	1
rzo	98	8.092031165880033E-5	1
tom	98	8.092031165880033E-5	1
aga	97	8.009459419289421E-5	1
bro	97	8.009459419289421E-5	1
st_	97	8.009459419289421E-5	1
hio	96	7.926887672698807E-5	1
opi	96	7.926887672698807E-5	1
piu	96	7.926887672698807E-5	1
poi	96	7.926887672698807E-5	1
iaz	95	7.844315926108195E-5	1
mam	95	7.844315926108195E-5	1
_ov	94	7.761744179517583E-5	1
agn	94	7.761744179517583E-5	1
gom	94	7.761744179517583E-5	1
pog	94	7.761744179517583E-5	1
nav	93	7.67917243292697E-5	1
vev	93	7.67917243292697E-5	1
cog	92	7.596600686336358E-5	1
goz	92	7.596600686336358E-5	1
mob	92	7.596600686336358E-5	1
acq	91	7.514028939745746E-5	1
ba_	91	7.514028939745746E-5	1
cqu	91	7.514028939745746E-5	1
iem	91	7.514028939745746E-5	1
lez	91	7.514028939745746E-5	1
nee	91	7.514028939745746E-5	1
ovu	91	7.514028939745746E-5	1
_gl	90	7.431457193155132E-5	1
glo	90	7.431457193155132E-5	1
hes	90	7.431457193155132E-5	1
nst	90	7.431457193155132E-5	1
ntu	90	7.431457193155132E-5	1
rmu	90	7.431457193155132E-5	1
gim	89	7.34888544656452E-5	1
nac	89	7.34888544656452E-5	1
uin	89	7.34888544656452E-5	1
eaz	88	7.266313699973907E-5	1
sod	88	7.266313699973907E-5	1
sus	88	7.266313699973907E-5	1
ilm	87	7.183741953383295E-5	1
lch	87	7.183741953383295E-5	1
ua_	87	7.183741953383295E-5	1
dio	86	7.101170206792683E-5	1
_of	85	7.018598460202069E-5	1
cod	85	7.018598460202069E-5	1
ecn	85	7.018598460202069E-5	1
mez	85	7.018598460202069E-5	1
oes	85	7.018598460202069E-5	1
urb	85	7.018598460202069E-5	1
als	84	6.936026713611457E-5	1
avu	83	6.853454967020844E-5	1
isf	83	6.853454967020844E-5	1
nvo	83	6.853454967020844E-5	1
ofe	83	6.853454967020844E-5	1
sov	83	6.853454967020844E-5	1
_um	82	6.770883220430232E-5	1
dea	82	6.770883220430232E-5	1
fas	82	6.770883220430232E-5	1
ilo	82	6.770883220430232E-5	1
bol	81	6.68831147383962E-5	1
cic	81	6.68831147383962E-5	1
ifl	81	6.68831147383962E-5	1
mor	81	6.68831147383962E-5	1
ofi	81	6.68831147383962E-5	1
fuo	80	6.605739727249007E-5	1
on_	80	6.605739727249007E-5	1
cad	79	6.523167980658394E-5	1
cev	79	6.523167980658394E-5	1
epa	79	6.523167980658394E-5	1
odd	79	6.523167980658394E-5	1
vic	79	6.523167980658394E-5	1
ipl	78	6.440596234067781E-5	1
viv	78	6.440596234067781E-5	1
erd	77	6.358024487477169E-5	1
icl	77	6.358024487477169E-5	1
opa	77	6.358024487477169E-5	1
stu	77	6.358024487477169E-5	1
uil	77	6.358024487477169E-5	1
_er	76	6.275452740886557E-5	1
erò	76	6.275452740886557E-5	1
ieg	76	6.275452740886557E-5	1
lsi	75	6.192880994295944E-5	1
nnu	75	6.192880994295944E-5	1
ull	75	6.192880994295944E-5	1
_ir	74	6.11030924770533E-5	1
_n_	74	6.11030924770533E-5	1
dav	74	6.11030924770533E-5	1
lau	74	6.11030924770533E-5	1
nul	74	6.11030924770533E-5	1
sfr	74	6.11030924770533E-5	1
_fl	73	6.027737501114719E-5	1
bi_	73	6.027737501114719E-5	1
fre	73	6.027737501114719E-5	1
ibr	73	6.027737501114719E-5	1
lag	73	6.027737501114719E-5	1
lec	73	6.027737501114719E-5	1
meg	73	6.027737501114719E-5	1
nfl	73	6.027737501114719E-5	1
uot	73	6.027737501114719E-5	1
apa	72	5.945165754524106E-5	1
nol	72	5.945165754524106E-5	1
uan	72	5.945165754524106E-5	1
iga	71	5.8625940079334935E-5	1
olp	71	5.8625940079334935E-5	1
sag	71	5.8625940079334935E-5	1
sfi	71	5.8625940079334935E-5	1
uom	71	5.8625940079334935E-5	1
uso	71	5.8625940079334935E-5	1
_il	70	5.7800222613428805E-5	1
age	70	5.7800222613428805E-5	1
ang	70	5.7800222613428805E-5	1
fen	70	5.7800222613428805E-5	1
oco	70	5.7800222613428805E-5	1
pid	70	5.7800222613428805E-5	1
rle	70	5.7800222613428805E-5	1
urt	70	5.7800222613428805E-5	1
cem	69	5.697450514752268E-5	1
coi	69	5.697450514752268E-5	1
flu	69	5.697450514752268E-5	1
fo_	69	5.697450514752268E-5	1
gur	69	5.697450514752268E-5	1
oin	69	5.697450514752268E-5	1
pan	69	5.697450514752268E-5	1
tac	69	5.697450514752268E-5	1
usp	69	5.697450514752268E-5	1
ciu	68	5.614878768161656E-5	1
iov	68	5.614878768161656E-5	1
irà	68	5.614878768161656E-5	1
nef	68	5.614878768161656E-5	1
tev	68	5.614878768161656E-5	1
tul	68	5.614878768161656E-5	1
_mu	67	5.532307021571043E-5	1
aio	67	5.532307021571043E-5	1
cop	67	5.532307021571043E-5	1
llu	66	5.4497352749804305E-5	1
afo	65	5.367163528389818E-5	1
bad	65	5.367163528389818E-5	1
omb	65	5.367163528389818E-5	1
pla	65	5.367163528389818E-5	1
rli	65	5.367163528389818E-5	1
uce	65	5.367163528389818E-5	1
but	64	5.284591781799205E-5	1
fug	64	5.284591781799205E-5	1
her	64	5.284591781799205E-5	1
sil	64	5.284591781799205E-5	1
trà	64	5.284591781799205E-5	1
alv	63	5.202020035208593E-5	1
erf	63	5.202020035208593E-5	1
fus	63	5.202020035208593E-5	1
iol	63	5.202020035208593E-5	1
lif	63	5.202020035208593E-5	1
lpi	63	5.202020035208593E-5	1
rtr	63	5.202020035208593E-5	1
ugu	63	5.202020035208593E-5	1
apr	62	5.1194482886179805E-5	1
asa	62	5.1194482886179805E-5	1
ebo	62	5.1194482886179805E-5	1
gam	62	5.1194482886179805E-5	1
mba	62	5.1194482886179805E-5	1
oor	62	5.1194482886179805E-5	1
pov	62	5.1194482886179805E-5	1
_us	61	5.0368765420273675E-5	1
_vu	61	5.0368765420273675E-5	1
asf	61	5.0368765420273675E-5	1
irr	61	5.0368765420273675E-5	1
leu	61	5.0368765420273675E-5	1
use	61	5.0368765420273675E-5	1
cab	60	4.954304795436755E-5	1
hiu	60	4.954304795436755E-5	1
ur_	60	4.954304795436755E-5	1
_cl	59	4.871733048846142E-5	1
_ro	59	4.871733048846142E-5	1
_sì	59	4.871733048846142E-5	1
ntà	59	4.871733048846142E-5	1
ref	59	4.871733048846142E-5	1
tib	59	4.871733048846142E-5	1
vuo	59	4.871733048846142E-5	1
adu	58	4.78916130225553E-5	1
lir	58	4.78916130225553E-5	1
ped	58	4.78916130225553E-5	1
plo	58	4.78916130225553E-5	1
ses	58	4.78916130225553E-5	1
smi	58	4.78916130225553E-5	1
top	58	4.78916130225553E-5	1
tot	58	4.78916130225553E-5	1
ttà	58	4.78916130225553E-5	1
daz	57	4.7065895556649174E-5	1
req	57	4.7065895556649174E-5	1
erp	56	4.6240178090743044E-5	1
fos	56	4.6240178090743044E-5	1
gal	56	4.6240178090743044E-5	1
tud	56	4.6240178090743044E-5	1
uer	56	4.6240178090743044E-5	1
zit	56	4.6240178090743044E-5	1
_pl	55	4.541446062483692E-5	1
civ	55	4.541446062483692E-5	1
gie	55	4.541446062483692E-5	1
irl	55	4.541446062483692E-5	1
lue	55	4.541446062483692E-5	1
nev	55	4.541446062483692E-5	1
otu	55	4.541446062483692E-5	1
saz	55	4.541446062483692E-5	1
dde	54	4.45887431589308E-5	1
git	54	4.45887431589308E-5	1
och	54	4.45887431589308E-5	1
quo	54	4.45887431589308E-5	1
rui	54	4.45887431589308E-5	1
aur	53	4.376302569302467E-5	1
gir	53	4.376302569302467E-5	1
moz	53	4.376302569302467E-5	1
sud	53	4.376302569302467E-5	1
ule	53	4.376302569302467E-5	1
bbr	52	4.2937308227118544E-5	1
esu	52	4.2937308227118544E-5	1
esì	52	4.2937308227118544E-5	1
fru	52	4.2937308227118544E-5	1
pev	52	4.2937308227118544E-5	1
ucl	52	4.2937308227118544E-5	1
_sm	51	4.211159076121242E-5	1
auz	51	4.211159076121242E-5	1
cle	51	4.211159076121242E-5	1
epo	51	4.211159076121242E-5	1
lac	51	4.211159076121242E-5	1
mir	51	4.211159076121242E-5	1
sub	51	4.211159076121242E-5	1
dos	50	4.128587329530629E-5	1
elt	50	4.128587329530629E-5	1
nsì	50	4.128587329530629E-5	1
nuc	50	4.128587329530629E-5	1
sas	50	4.128587329530629E-5	1
azz	49	4.046015582940017E-5	1
biz	49	4.046015582940017E-5	1
cez	49	4.046015582940017E-5	1
dol	49	4.046015582940017E-5	1
olv	49	4.046015582940017E-5	1
rmo	49	4.046015582940017E-5	1
sif	49	4.046015582940017E-5	1
sof	49	4.046015582940017E-5	1
_bo	48	3.963443836349404E-5	1
arn	48	3.963443836349404E-5	1
eda	48	3.963443836349404E-5	1
igr	48	3.963443836349404E-5	1
ioc	48	3.963443836349404E-5	1
lgo	48	3.963443836349404E-5	1
rch	48	3.963443836349404E-5	1
rfe	48	3.963443836349404E-5	1
ubi	48	3.963443836349404E-5	1
ugg	48	3.963443836349404E-5	1
ui_	48	3.963443836349404E-5	1
_uo	47	3.8808720897587914E-5	1
bur	47	3.8808720897587914E-5	1
cuo	47	3.8808720897587914E-5	1
lve	47	3.8808720897587914E-5	1
sfe	47	3.8808720897587914E-5	1
uas	47	3.8808720897587914E-5	1
zis	47	3.8808720897587914E-5	1
dua	46	3.798300343168179E-5	1
nui	46	3.798300343168179E-5	1
ugh	46	3.798300343168179E-5	1
fiu	45	3.715728596577566E-5	1
gil	45	3.715728596577566E-5	1
rae	45	3.715728596577566E-5	1
tav	45	3.715728596577566E-5	1
tod	45	3.715728596577566E-5	1
afi	44	3.633156849986954E-5	1
cim	44	3.633156849986954E-5	1
cno	44	3.633156849986954E-5	1
fed	44	3.633156849986954E-5	1
fig	44	3.633156849986954E-5	1
oer	44	3.633156849986954E-5	1
rde	44	3.633156849986954E-5	1
rpr	44	3.633156849986954E-5	1
an_	43	3.550585103396341E-5	1
did	43	3.550585103396341E-5	1
erb	43	3.550585103396341E-5	1
fil	43	3.550585103396341E-5	1
toc	43	3.550585103396341E-5	1
uo_	43	3.550585103396341E-5	1
ciz	42	3.468013356805728E-5	1
dì_	42	3.468013356805728E-5	1
spl	42	3.468013356805728E-5	1
unq	42	3.468013356805728E-5	1
vag	42	3.468013356805728E-5	1
zan	42	3.468013356805728E-5	1
cni	41	3.385441610215116E-5	1
ded	41	3.385441610215116E-5	1
eru	41	3.385441610215116E-5	1
lal	41	3.385441610215116E-5	1
lap	41	3.385441610215116E-5	1
pel	41	3.385441610215116E-5	1
rab	41	3.385441610215116E-5	1
rd_	41	3.385441610215116E-5	1
uli	41	3.385441610215116E-5	1
_c_	40	3.3028698636245036E-5	1
aca	40	3.3028698636245036E-5	1
dag	40	3.3028698636245036E-5	1
ror	40	3.3028698636245036E-5	1
utr	40	3.3028698636245036E-5	1
vem	40	3.3028698636245036E-5	1
zam	40	3.3028698636245036E-5	1
_cè	39	3.2202981170338906E-5	1
_ie	39	3.2202981170338906E-5	1
cè_	39	3.2202981170338906E-5	1
lco	39	3.2202981170338906E-5	1
lva	39	3.2202981170338906E-5	1
nas	39	3.2202981170338906E-5	1
nsf	39	3.2202981170338906E-5	1
vas	39	3.2202981170338906E-5	1
_ig	38	3.137726370443278E-5	1
epl	38	3.137726370443278E-5	1
imb	38	3.137726370443278E-5	1
iro	38	3.137726370443278E-5	1
sra	38	3.137726370443278E-5	1
sug	38	3.137726370443278E-5	1
vab	38	3.137726370443278E-5	1
vir	38	3.137726370443278E-5	1
bar	37	3.055154623852665E-5	1
lad	37	3.055154623852665E-5	1
luc	37	3.055154623852665E-5	1
bab	36	2.972582877262053E-5	1
fob	36	2.972582877262053E-5	1
iav	36	2.972582877262053E-5	1
iev	36	2.972582877262053E-5	1
là_	36	2.972582877262053E-5	1
ng_	36	2.972582877262053E-5	1
oda	36	2.972582877262053E-5	1
pul	36	2.972582877262053E-5	1
_sb	35	2.8900111306714403E-5	1
_xe	35	2.8900111306714403E-5	1
doz	35	2.8900111306714403E-5	1
ean	35	2.8900111306714403E-5	1
fe_	35	2.8900111306714403E-5	1
gro	35	2.8900111306714403E-5	1
nof	35	2.8900111306714403E-5	1
ofu	35	2.8900111306714403E-5	1
pil	35	2.8900111306714403E-5	1
udd	35	2.8900111306714403E-5	1
xen	35	2.8900111306714403E-5	1
zze	35	2.8900111306714403E-5	1
ael	34	2.807439384080828E-5	1
edì	34	2.807439384080828E-5	1
fam	34	2.807439384080828E-5	1
fli	34	2.807439384080828E-5	1
isr	34	2.807439384080828E-5	1
iug	34	2.807439384080828E-5	1
udo	34	2.807439384080828E-5	1
_om	33	2.7248676374902153E-5	1
ald	33	2.7248676374902153E-5	1
dig	33	2.7248676374902153E-5	1
itr	33	2.7248676374902153E-5	1
nai	33	2.7248676374902153E-5	1
ndr	33	2.7248676374902153E-5	1
ppu	33	2.7248676374902153E-5	1
sma	33	2.7248676374902153E-5	1
tet	33	2.7248676374902153E-5	1
_là	32	2.6422958908996026E-5	1
aud	32	2.6422958908996026E-5	1
aug	32	2.6422958908996026E-5	1
efe	32	2.6422958908996026E-5	1
lga	32	2.6422958908996026E-5	1
ngu	32	2.6422958908996026E-5	1
pis	32	2.6422958908996026E-5	1
rai	32	2.6422958908996026E-5	1
_ep	31	2.5597241443089902E-5	1
_et	31	2.5597241443089902E-5	1
_ip	31	2.5597241443089902E-5	1
arv	31	2.5597241443089902E-5	1
bbo	31	2.5597241443089902E-5	1
cep	31	2.5597241443089902E-5	1
edd	31	2.5597241443089902E-5	1
fan	31	2.5597241443089902E-5	1
ffu	31	2.5597241443089902E-5	1
neo	31	2.5597241443089902E-5	1
_dr	30	2.4771523977183776E-5	1
aia	30	2.4771523977183776E-5	1
cru	30	2.4771523977183776E-5	1
dra	30	2.4771523977183776E-5	1
fi_	30	2.4771523977183776E-5	1
fri	30	2.4771523977183776E-5	1
gne	30	2.4771523977183776E-5	1
irm	30	2.4771523977183776E-5	1
lgi	30	2.4771523977183776E-5	1
nue	30	2.4771523977183776E-5	1
olm	30	2.4771523977183776E-5	1
rze	30	2.4771523977183776E-5	1
_ex	29	2.394580651127765E-5	1
asm	29	2.394580651127765E-5	1
bon	29	2.394580651127765E-5	1
dre	29	2.394580651127765E-5	1
epi	29	2.394580651127765E-5	1
geo	29	2.394580651127765E-5	1
igg	29	2.394580651127765E-5	1
laf	29	2.394580651127765E-5	1
lop	29	2.394580651127765E-5	1
orc	29	2.394580651127765E-5	1
sel	29	2.394580651127765E-5	1
tne	29	2.394580651127765E-5	1
agu	28	2.3120089045371522E-5	1
bue	28	2.3120089045371522E-5	1
ddo	28	2.3120089045371522E-5	1
evu	28	2.3120089045371522E-5	1
feb	28	2.3120089045371522E-5	1
gog	28	2.3120089045371522E-5	1
rtn	28	2.3120089045371522E-5	1
sme	28	2.3120089045371522E-5	1
som	28	2.3120089045371522E-5	1
ted	28	2.3120089045371522E-5	1
uag	28	2.3120089045371522E-5	1
alg	27	2.22943715794654E-5	1
bel	27	2.22943715794654E-5	1
cli	27	2.22943715794654E-5	1
cuz	27	2.22943715794654E-5	1
eam	27	2.22943715794654E-5	1
enc	27	2.22943715794654E-5	1
fal	27	2.22943715794654E-5	1
hez	27	2.22943715794654E-5	1
lom	27	2.22943715794654E-5	1
pe_	27	2.22943715794654E-5	1
sau	27	2.22943715794654E-5	1
tid	27	2.22943715794654E-5	1
uid	27	2.22943715794654E-5	1
uiv	27	2.22943715794654E-5	1
vet	27	2.22943715794654E-5	1
_nn	26	2.1468654113559272E-5	1
_uf	26	2.1468654113559272E-5	1
buz	26	2.1468654113559272E-5	1
coa	26	2.1468654113559272E-5	1
cro	26	2.1468654113559272E-5	1
faz	26	2.1468654113559272E-5	1
lvo	26	2.1468654113559272E-5	1
nn_	26	2.1468654113559272E-5	1
rbi	26	2.1468654113559272E-5	1
uei	26	2.1468654113559272E-5	1
ulo	26	2.1468654113559272E-5	1
arz	25	2.0642936647653145E-5	1
dac	25	2.0642936647653145E-5	1
hin	25	2.0642936647653145E-5	1
iai	25	2.0642936647653145E-5	1
ifu	25	2.0642936647653145E-5	1
noc	25	2.0642936647653145E-5	1
orp	25	2.0642936647653145E-5	1
rcu	25	2.0642936647653145E-5	1
ruc	25	2.0642936647653145E-5	1
sai	25	2.0642936647653145E-5	1
_it	24	1.981721918174702E-5	1
etu	24	1.981721918174702E-5	1
iag	24	1.981721918174702E-5	1
ifr	24	1.981721918174702E-5	1
mec	24	1.981721918174702E-5	1
mie	24	1.981721918174702E-5	1
mov	24	1.981721918174702E-5	1
nop	24	1.981721918174702E-5	1
oal	24	1.981721918174702E-5	1
sev	24	1.981721918174702E-5	1
sna	24	1.981721918174702E-5	1
tau	24	1.981721918174702E-5	1
_d_	23	1.8991501715840895E-5	1
ago	23	1.8991501715840895E-5	1
bun	23	1.8991501715840895E-5	1
ch_	23	1.8991501715840895E-5	1
ebi	23	1.8991501715840895E-5	1
eog	23	1.8991501715840895E-5	1
fia	23	1.8991501715840895E-5	1
fir	23	1.8991501715840895E-5	1
ggr	23	1.8991501715840895E-5	1
idd	23	1.8991501715840895E-5	1
iec	23	1.8991501715840895E-5	1
mbo	23	1.8991501715840895E-5	1
niv	23	1.8991501715840895E-5	1
umi	23	1.8991501715840895E-5	1
veg	23	1.8991501715840895E-5	1
zer	23	1.8991501715840895E-5	1
al_	22	1.816578424993477E-5	1
dee	22	1.816578424993477E-5	1
epe	22	1.816578424993477E-5	1
fit	22	1.816578424993477E-5	1
gev	22	1.816578424993477E-5	1
iab	22	1.816578424993477E-5	1
mio	22	1.816578424993477E-5	1
nsn	22	1.816578424993477E-5	1
sep	22	1.816578424993477E-5	1
sva	22	1.816578424993477E-5	1
tov	22	1.816578424993477E-5	1
vad	22	1.816578424993477E-5	1
vim	22	1.816578424993477E-5	1
_od	21	1.734006678402864E-5	1
abu	21	1.734006678402864E-5	1
arb	21	1.734006678402864E-5	1
ax_	21	1.734006678402864E-5	1
blo	21	1.734006678402864E-5	1
bus	21	1.734006678402864E-5	1
het	21	1.734006678402864E-5	1
lur	21	1.734006678402864E-5	1
mpu	21	1.734006678402864E-5	1
onu	21	1.734006678402864E-5	1
sba	21	1.734006678402864E-5	1
tus	21	1.734006678402864E-5	1
ugn	21	1.734006678402864E-5	1
_ni	20	1.6514349318122518E-5	1
aer	20	1.6514349318122518E-5	1
alb	20	1.6514349318122518E-5	1
bin	20	1.6514349318122518E-5	1
ex_	20	1.6514349318122518E-5	1
led	20	1.6514349318122518E-5	1
lef	20	1.6514349318122518E-5	1
mbl	20	1.6514349318122518E-5	1
orv	20	1.6514349318122518E-5	1
roa	20	1.6514349318122518E-5	1
rru	20	1.6514349318122518E-5	1
tax	20	1.6514349318122518E-5	1
tù_	20	1.6514349318122518E-5	1
uca	20	1.6514349318122518E-5	1
_sé	19	1.568863185221639E-5	1
aor	19	1.568863185221639E-5	1
bag	19	1.568863185221639E-5	1
gid	19	1.568863185221639E-5	1
irt	19	1.568863185221639E-5	1
mac	19	1.568863185221639E-5	1
mut	19	1.568863185221639E-5	1
ngl	19	1.568863185221639E-5	1
oat	19	1.568863185221639E-5	1
rao	19	1.568863185221639E-5	1
rus	19	1.568863185221639E-5	1
sac	19	1.568863185221639E-5	1
sve	19	1.568863185221639E-5	1
sé_	19	1.568863185221639E-5	1
uam	19	1.568863185221639E-5	1
uia	19	1.568863185221639E-5	1
zal	19	1.568863185221639E-5	1
_ae	18	1.4862914386310265E-5	1
_ug	18	1.4862914386310265E-5	1
acu	18	1.4862914386310265E-5	1
af_	18	1.4862914386310265E-5	1
ain	18	1.4862914386310265E-5	1
alz	18	1.4862914386310265E-5	1
bo_	18	1.4862914386310265E-5	1
dri	18	1.4862914386310265E-5	1
ead	18	1.4862914386310265E-5	1
epr	18	1.4862914386310265E-5	1
etn	18	1.4862914386310265E-5	1
iez	18	1.4862914386310265E-5	1
igh	18	1.4862914386310265E-5	1
pom	18	1.4862914386310265E-5	1
rdu	18	1.4862914386310265E-5	1
rpe	18	1.4862914386310265E-5	1
tni	18	1.4862914386310265E-5	1
usu	18	1.4862914386310265E-5	1
vun	18	1.4862914386310265E-5	1
_uc	17	1.403719692040414E-5	1
fab	17	1.403719692040414E-5	1
gab	17	1.403719692040414E-5	1
lel	17	1.403719692040414E-5	1
lma	17	1.403719692040414E-5	1
lol	17	1.403719692040414E-5	1
loq	17	1.403719692040414E-5	1
nil	17	1.403719692040414E-5	1
oec	17	1.403719692040414E-5	1
oqu	17	1.403719692040414E-5	1
pez	17	1.403719692040414E-5	1
plu	17	1.403719692040414E-5	1
rtù	17	1.403719692040414E-5	1
tig	17	1.403719692040414E-5	1
us_	17	1.403719692040414E-5	1
arò	16	1.3211479454498013E-5	1
caf	16	1.3211479454498013E-5	1
ech	16	1.3211479454498013E-5	1
eol	16	1.3211479454498013E-5	1
god	16	1.3211479454498013E-5	1
inz	16	1.3211479454498013E-5	1
irs	16	1.3211479454498013E-5	1
lui	16	1.3211479454498013E-5	1
lum	16	1.3211479454498013E-5	1
lza	16	1.3211479454498013E-5	1
nfu	16	1.3211479454498013E-5	1
ngh	16	1.3211479454498013E-5	1
uim	16	1.3211479454498013E-5	1
urc	16	1.3211479454498013E-5	1
_bl	15	1.2385761988591888E-5	1
big	15	1.2385761988591888E-5	1
el_	15	1.2385761988591888E-5	1
gib	15	1.2385761988591888E-5	1
ioe	15	1.2385761988591888E-5	1
iot	15	1.2385761988591888E-5	1
ip_	15	1.2385761988591888E-5	1
lda	15	1.2385761988591888E-5	1
lde	15	1.2385761988591888E-5	1
mbe	15	1.2385761988591888E-5	1
oar	15	1.2385761988591888E-5	1
pai	15	1.2385761988591888E-5	1
pau	15	1.2385761988591888E-5	1
pim	15	1.2385761988591888E-5	1
sir	15	1.2385761988591888E-5	1
sua	15	1.2385761988591888E-5	1
ugi	15	1.2385761988591888E-5	1
uie	15	1.2385761988591888E-5	1
_eb	14	1.1560044522685761E-5	1
_ha	14	1.1560044522685761E-5	1
anq	14	1.1560044522685761E-5	1
boa	14	1.1560044522685761E-5	1
boc	14	1.1560044522685761E-5	1
deo	14	1.1560044522685761E-5	1
dil	14	1.1560044522685761E-5	1
elg	14	1.1560044522685761E-5	1
gle	14	1.1560044522685761E-5	1
hip	14	1.1560044522685761E-5	1
lod	14	1.1560044522685761E-5	1
mog	14	1.1560044522685761E-5	1
nfa	14	1.1560044522685761E-5	1
rsh	14	1.1560044522685761E-5	1
rvo	14	1.1560044522685761E-5	1
shi	14	1.1560044522685761E-5	1
sut	14	1.1560044522685761E-5	1
uel	14	1.1560044522685761E-5	1
ugl	14	1.1560044522685761E-5	1
upi	14	1.1560044522685761E-5	1
acr	13	1.0734327056779636E-5	1
alq	13	1.0734327056779636E-5	1
apo	13	1.0734327056779636E-5	1
cav	13	1.0734327056779636E-5	1
him	13	1.0734327056779636E-5	1
ipu	13	1.0734327056779636E-5	1
is_	13	1.0734327056779636E-5	1
iù_	13	1.0734327056779636E-5	1
lgr	13	1.0734327056779636E-5	1
lqu	13	1.0734327056779636E-5	1
mè_	13	1.0734327056779636E-5	1
nad	13	1.0734327056779636E-5	1
nau	13	1.0734327056779636E-5	1
nuz	13	1.0734327056779636E-5	1
omè	13	1.0734327056779636E-5	1
onq	13	1.0734327056779636E-5	1
più	13	1.0734327056779636E-5	1
uls	13	1.0734327056779636E-5	1
um_	13	1.0734327056779636E-5	1
vul	13	1.0734327056779636E-5	1
zab	13	1.0734327056779636E-5	1
_sl	12	9.90860959087351E-6	1
bby	12	9.90860959087351E-6	1
ccr	12	9.90860959087351E-6	1
ceg	12	9.90860959087351E-6	1
eer	12	9.90860959087351E-6	1
efr	12	9.90860959087351E-6	1
ein	12	9.90860959087351E-6	1
ifa	12	9.90860959087351E-6	1
imu	12	9.90860959087351E-6	1
inl	12	9.90860959087351E-6	1
isd	12	9.90860959087351E-6	1
lba	12	9.90860959087351E-6	1
lso	12	9.90860959087351E-6	1
lug	12	9.90860959087351E-6	1
nab	12	9.90860959087351E-6	1
nla	12	9.90860959087351E-6	1
nod	12	9.90860959087351E-6	1
obr	12	9.90860959087351E-6	1
opu	12	9.90860959087351E-6	1
rgl	12	9.90860959087351E-6	1
sdi	12	9.90860959087351E-6	1
tob	12	9.90860959087351E-6	1
uda	12	9.90860959087351E-6	1
ufr	12	9.90860959087351E-6	1
_ed	11	9.082892124967384E-6	1
coc	11	9.082892124967384E-6	1
dui	11	9.082892124967384E-6	1
dum	11	9.082892124967384E-6	1
duo	11	9.082892124967384E-6	1
fau	11	9.082892124967384E-6	1
ffl	11	9.082892124967384E-6	1
ged	11	9.082892124967384E-6	1
it_	11	9.082892124967384E-6	1
lul	11	9.082892124967384E-6	1
om_	11	9.082892124967384E-6	1
orb	11	9.082892124967384E-6	1
ozz	11	9.082892124967384E-6	1
rug	11	9.082892124967384E-6	1
sez	11	9.082892124967384E-6	1
suo	11	9.082892124967384E-6	1
uga	11	9.082892124967384E-6	1
upl	11	9.082892124967384E-6	1
apu	10	8.257174659061259E-6	1
as_	10	8.257174659061259E-6	1
aul	10	8.257174659061259E-6	1
bam	10	8.257174659061259E-6	1
bru	10	8.257174659061259E-6	1
by_	10	8.257174659061259E-6	1
ck_	10	8.257174659061259E-6	1
dup	10	8.257174659061259E-6	1
eag	10	8.257174659061259E-6	1
env	10	8.257174659061259E-6	1
fio	10	8.257174659061259E-6	1
fla	10	8.257174659061259E-6	1
gas	10	8.257174659061259E-6	1
ggo	10	8.257174659061259E-6	1
gig	10	8.257174659061259E-6	1
hil	10	8.257174659061259E-6	1
ilt	10	8.257174659061259E-6	1
lca	10	8.257174659061259E-6	1
nt_	10	8.257174659061259E-6	1
nz_	10	8.257174659061259E-6	1
rpo	10	8.257174659061259E-6	1
spu	10	8.257174659061259E-6	1
ubo	10	8.257174659061259E-6	1
upo	10	8.257174659061259E-6	1
_eg	9	7.431457193155132E-6	1
bet	9	7.431457193155132E-6	1
bir	9	7.431457193155132E-6	1
dog	9	7.431457193155132E-6	1
dor	9	7.431457193155132E-6	1
dà_	9	7.431457193155132E-6	1
eon	9	7.431457193155132E-6	1
fez	9	7.431457193155132E-6	1
gnu	9	7.431457193155132E-6	1
guo	9	7.431457193155132E-6	1
han	9	7.431457193155132E-6	1
his	9	7.431457193155132E-6	1
icr	9	7.431457193155132E-6	1
iel	9	7.431457193155132E-6	1
iqu	9	7.431457193155132E-6	1
nem	9	7.431457193155132E-6	1
nep	9	7.431457193155132E-6	1
neq	9	7.431457193155132E-6	1
oc_	9	7.431457193155132E-6	1
ock	9	7.431457193155132E-6	1
ocl	9	7.431457193155132E-6	1
ol_	9	7.431457193155132E-6	1
pad	9	7.431457193155132E-6	1
rdì	9	7.431457193155132E-6	1
rfl	9	7.431457193155132E-6	1
roi	9	7.431457193155132E-6	1
rud	9	7.431457193155132E-6	1
sfu	9	7.431457193155132E-6	1
uco	9	7.431457193155132E-6	1
ud_	9	7.431457193155132E-6	1
ulg	9	7.431457193155132E-6	1
uos	9	7.431457193155132E-6	1
urs	9	7.431457193155132E-6	1
vac	9	7.431457193155132E-6	1
vva	9	7.431457193155132E-6	1
_dà	8	6.6057397272490064E-6	1
_sn	8	6.6057397272490064E-6	1
_sq	8	6.6057397272490064E-6	1
agh	8	6.6057397272490064E-6	1
ap_	8	6.6057397272490064E-6	1
auf	8	6.6057397272490064E-6	1
bac	8	6.6057397272490064E-6	1
bom	8	6.6057397272490064E-6	1
clo	8	6.6057397272490064E-6	1
cui	8	6.6057397272490064E-6	1
dab	8	6.6057397272490064E-6	1
edr	8	6.6057397272490064E-6	1
ege	8	6.6057397272490064E-6	1
fel	8	6.6057397272490064E-6	1
hit	8	6.6057397272490064E-6	1
idr	8	6.6057397272490064E-6	1
iop	8	6.6057397272490064E-6	1
irn	8	6.6057397272490064E-6	1
irv	8	6.6057397272490064E-6	1
ivu	8	6.6057397272490064E-6	1
lei	8	6.6057397272490064E-6	1
mbu	8	6.6057397272490064E-6	1
nag	8	6.6057397272490064E-6	1
ned	8	6.6057397272490064E-6	1
noi	8	6.6057397272490064E-6	1
obo	8	6.6057397272490064E-6	1
sbl	8	6.6057397272490064E-6	1
sbo	8	6.6057397272490064E-6	1
sgr	8	6.6057397272490064E-6	1
squ	8	6.6057397272490064E-6	1
tap	8	6.6057397272490064E-6	1
tep	8	6.6057397272490064E-6	1
toi	8	6.6057397272490064E-6	1
tt_	8	6.6057397272490064E-6	1
tuo	8	6.6057397272490064E-6	1
uip	8	6.6057397272490064E-6	1
uoi	8	6.6057397272490064E-6	1
urn	8	6.6057397272490064E-6	1
_b_	7	5.7800222613428805E-6	1
alp	7	5.7800222613428805E-6	1
bos	7	5.7800222613428805E-6	1
drà	7	5.7800222613428805E-6	1
eor	7	5.7800222613428805E-6	1
epp	7	5.7800222613428805E-6	1
es_	7	5.7800222613428805E-6	1
et_	7	5.7800222613428805E-6	1
ext	7	5.7800222613428805E-6	1
flo	7	5.7800222613428805E-6	1
gel	7	5.7800222613428805E-6	1
gif	7	5.7800222613428805E-6	1
hic	7	5.7800222613428805E-6	1
hir	7	5.7800222613428805E-6	1
iaf	7	5.7800222613428805E-6	1
isg	7	5.7800222613428805E-6	1
lbe	7	5.7800222613428805E-6	1
lpa	7	5.7800222613428805E-6	1
lsh	7	5.7800222613428805E-6	1
miz	7	5.7800222613428805E-6	1
nei	7	5.7800222613428805E-6	1
nin	7	5.7800222613428805E-6	1
obe	7	5.7800222613428805E-6	1
oie	7	5.7800222613428805E-6	1
opz	7	5.7800222613428805E-6	1
pzi	7	5.7800222613428805E-6	1
rbu	7	5.7800222613428805E-6	1
rfi	7	5.7800222613428805E-6	1
sav	7	5.7800222613428805E-6	1
seu	7	5.7800222613428805E-6	1
she	7	5.7800222613428805E-6	1
teo	7	5.7800222613428805E-6	1
tmo	7	5.7800222613428805E-6	1
ts_	7	5.7800222613428805E-6	1
tum	7	5.7800222613428805E-6	1
umo	7	5.7800222613428805E-6	1
unn	7	5.7800222613428805E-6	1
uoc	7	5.7800222613428805E-6	1
_ho	6	4.954304795436755E-6	1
_iv	6	4.954304795436755E-6	1
aba	6	4.954304795436755E-6	1
boz	6	4.954304795436755E-6	1
bul	6	4.954304795436755E-6	1
cof	6	4.954304795436755E-6	1
cou	6	4.954304795436755E-6	1
cua	6	4.954304795436755E-6	1
ebr	6	4.954304795436755E-6	1
ed_	6	4.954304795436755E-6	1
efa	6	4.954304795436755E-6	1
eik	6	4.954304795436755E-6	1
els	6	4.954304795436755E-6	1
fem	6	4.954304795436755E-6	1
foc	6	4.954304795436755E-6	1
gma	6	4.954304795436755E-6	1
heg	6	4.954304795436755E-6	1
hei	6	4.954304795436755E-6	1
ii_	6	4.954304795436755E-6	1
ikh	6	4.954304795436755E-6	1
ir_	6	4.954304795436755E-6	1
itm	6	4.954304795436755E-6	1
kh_	6	4.954304795436755E-6	1
ldi	6	4.954304795436755E-6	1
lpe	6	4.954304795436755E-6	1
luf	6	4.954304795436755E-6	1
lvi	6	4.954304795436755E-6	1
mav	6	4.954304795436755E-6	1
neu	6	4.954304795436755E-6	1
opt	6	4.954304795436755E-6	1
pav	6	4.954304795436755E-6	1
pru	6	4.954304795436755E-6	1
pta	6	4.954304795436755E-6	1
pug	6	4.954304795436755E-6	1
rpl	6	4.954304795436755E-6	1
rrò	6	4.954304795436755E-6	1
rst	6	4.954304795436755E-6	1
rt_	6	4.954304795436755E-6	1
slo	6	4.954304795436755E-6	1
sne	6	4.954304795436755E-6	1
tea	6	4.954304795436755E-6	1
uab	6	4.954304795436755E-6	1
ueg	6	4.954304795436755E-6	1
uio	6	4.954304795436755E-6	1
umu	6	4.954304795436755E-6	1
xtr	6	4.954304795436755E-6	1
zin	6	4.954304795436755E-6	1
_ju	5	4.1285873295306296E-6	1
_sg	5	4.1285873295306296E-6	1
_ze	5	4.1285873295306296E-6	1
act	5	4.1285873295306296E-6	1
aid	5	4.1285873295306296E-6	1
cot	5	4.1285873295306296E-6	1
ecl	5	4.1285873295306296E-6	1
ecr	5	4.1285873295306296E-6	1
eft	5	4.1285873295306296E-6	1
eg_	5	4.1285873295306296E-6	1
eis	5	4.1285873295306296E-6	1
eit	5	4.1285873295306296E-6	1
enf	5	4.1285873295306296E-6	1
fto	5	4.1285873295306296E-6	1
fu_	5	4.1285873295306296E-6	1
gga	5	4.1285873295306296E-6	1
hed	5	4.1285873295306296E-6	1
iap	5	4.1285873295306296E-6	1
iog	5	4.1285873295306296E-6	1
iom	5	4.1285873295306296E-6	1
isv	5	4.1285873295306296E-6	1
jus	5	4.1285873295306296E-6	1
lai	5	4.1285873295306296E-6	1
leq	5	4.1285873295306296E-6	1
liq	5	4.1285873295306296E-6	1
lof	5	4.1285873295306296E-6	1
lsa	5	4.1285873295306296E-6	1
mmu	5	4.1285873295306296E-6	1
mus	5	4.1285873295306296E-6	1
old	5	4.1285873295306296E-6	1
orl	5	4.1285873295306296E-6	1
our	5	4.1285873295306296E-6	1
rgh	5	4.1285873295306296E-6	1
rm_	5	4.1285873295306296E-6	1
rsu	5	4.1285873295306296E-6	1
seq	5	4.1285873295306296E-6	1
ss_	5	4.1285873295306296E-6	1
tup	5	4.1285873295306296E-6	1
urd	5	4.1285873295306296E-6	1
vib	5	4.1285873295306296E-6	1
vii	5	4.1285873295306296E-6	1
vè_	5	4.1285873295306296E-6	1
_ee	4	3.3028698636245032E-6	1
_lì	4	3.3028698636245032E-6	1
_sr	4	3.3028698636245032E-6	1
_vè	4	3.3028698636245032E-6	1
abr	4	3.3028698636245032E-6	1
ach	4	3.3028698636245032E-6	1
ae_	4	3.3028698636245032E-6	1
aen	4	3.3028698636245032E-6	1
aie	4	3.3028698636245032E-6	1
asu	4	3.3028698636245032E-6	1
aun	4	3.3028698636245032E-6	1
baz	4	3.3028698636245032E-6	1
bev	4	3.3028698636245032E-6	1
boi	4	3.3028698636245032E-6	1
bov	4	3.3028698636245032E-6	1
bso	4	3.3028698636245032E-6	1
bug	4	3.3028698636245032E-6	1
cag	4	3.3028698636245032E-6	1
coè	4	3.3028698636245032E-6	1
ds_	4	3.3028698636245032E-6	1
eeu	4	3.3028698636245032E-6	1
eim	4	3.3028698636245032E-6	1
em_	4	3.3028698636245032E-6	1
eom	4	3.3028698636245032E-6	1
eos	4	3.3028698636245032E-6	1
esb	4	3.3028698636245032E-6	1
fec	4	3.3028698636245032E-6	1
fie	4	3.3028698636245032E-6	1
fum	4	3.3028698636245032E-6	1
fur	4	3.3028698636245032E-6	1
gla	4	3.3028698636245032E-6	1
gus	4	3.3028698636245032E-6	1
hoc	4	3.3028698636245032E-6	1
ieu	4	3.3028698636245032E-6	1
ilv	4	3.3028698636245032E-6	1
ilà	4	3.3028698636245032E-6	1
ioi	4	3.3028698636245032E-6	1
irò	4	3.3028698636245032E-6	1
lci	4	3.3028698636245032E-6	1
lfo	4	3.3028698636245032E-6	1
lne	4	3.3028698636245032E-6	1
lua	4	3.3028698636245032E-6	1
lì_	4	3.3028698636245032E-6	1
mid	4	3.3028698636245032E-6	1
neb	4	3.3028698636245032E-6	1
noz	4	3.3028698636245032E-6	1
nsc	4	3.3028698636245032E-6	1
ntè	4	3.3028698636245032E-6	1
obs	4	3.3028698636245032E-6	1
oic	4	3.3028698636245032E-6	1
olc	4	3.3028698636245032E-6	1
olf	4	3.3028698636245032E-6	1
osf	4	3.3028698636245032E-6	1
oè_	4	3.3028698636245032E-6	1
rau	4	3.3028698636245032E-6	1
rue	4	3.3028698636245032E-6	1
sle	4	3.3028698636245032E-6	1
tee	4	3.3028698636245032E-6	1
tè_	4	3.3028698636245032E-6	1
uem	4	3.3028698636245032E-6	1
uib	4	3.3028698636245032E-6	1
uln	4	3.3028698636245032E-6	1
ulu	4	3.3028698636245032E-6	1
umm	4	3.3028698636245032E-6	1
unu	4	3.3028698636245032E-6	1
up_	4	3.3028698636245032E-6	1
vrò	4	3.3028698636245032E-6	1
vvo	4	3.3028698636245032E-6	1
_hi	3	2.4771523977183773E-6	1
_lh	3	2.4771523977183773E-6	1
_ph	3	2.4771523977183773E-6	1
_él	3	2.4771523977183773E-6	1
abe	3	2.4771523977183773E-6	1
adm	3	2.4771523977183773E-6	1
afr	3	2.4771523977183773E-6	1
ail	3	2.4771523977183773E-6	1
anu	3	2.4771523977183773E-6	1
ask	3	2.4771523977183773E-6	1
asv	3	2.4771523977183773E-6	1
at_	3	2.4771523977183773E-6	1
atl	3	2.4771523977183773E-6	1
atm	3	2.4771523977183773E-6	1
bed	3	2.4771523977183773E-6	1
bes	3	2.4771523977183773E-6	1
bib	3	2.4771523977183773E-6	1
bid	3	2.4771523977183773E-6	1
biv	3	2.4771523977183773E-6	1
cec	3	2.4771523977183773E-6	1
chè	3	2.4771523977183773E-6	1
cib	3	2.4771523977183773E-6	1
cto	3	2.4771523977183773E-6	1
dmi	3	2.4771523977183773E-6	1
doi	3	2.4771523977183773E-6	1
dul	3	2.4771523977183773E-6	1
eas	3	2.4771523977183773E-6	1
ect	3	2.4771523977183773E-6	1
efl	3	2.4771523977183773E-6	1
efo	3	2.4771523977183773E-6	1
en_	3	2.4771523977183773E-6	1
eut	3	2.4771523977183773E-6	1
fag	3	2.4771523977183773E-6	1
fol	3	2.4771523977183773E-6	1
fta	3	2.4771523977183773E-6	1
gos	3	2.4771523977183773E-6	1
gul	3	2.4771523977183773E-6	1
hab	3	2.4771523977183773E-6	1
has	3	2.4771523977183773E-6	1
hem	3	2.4771523977183773E-6	1
ho_	3	2.4771523977183773E-6	1
hè_	3	2.4771523977183773E-6	1
ibl	3	2.4771523977183773E-6	1
ids	3	2.4771523977183773E-6	1
igm	3	2.4771523977183773E-6	1
irg	3	2.4771523977183773E-6	1
ium	3	2.4771523977183773E-6	1
lay	3	2.4771523977183773E-6	1
lho	3	2.4771523977183773E-6	1
ll_	3	2.4771523977183773E-6	1
lse	3	2.4771523977183773E-6	1
mad	3	2.4771523977183773E-6	1
mel	3	2.4771523977183773E-6	1
muc	3	2.4771523977183773E-6	1
nap	3	2.4771523977183773E-6	1
nip	3	2.4771523977183773E-6	1
ns_	3	2.4771523977183773E-6	1
nts	3	2.4771523977183773E-6	1
ntù	3	2.4771523977183773E-6	1
nu_	3	2.4771523977183773E-6	1
nva	3	2.4771523977183773E-6	1
od_	3	2.4771523977183773E-6	1
oia	3	2.4771523977183773E-6	1
oio	3	2.4771523977183773E-6	1
ois	3	2.4771523977183773E-6	1
ood	3	2.4771523977183773E-6	1
opl	3	2.4771523977183773E-6	1
oup	3	2.4771523977183773E-6	1
out	3	2.4771523977183773E-6	1
pha	3	2.4771523977183773E-6	1
poz	3	2.4771523977183773E-6	1
rbe	3	2.4771523977183773E-6	1
rgr	3	2.4771523977183773E-6	1
roe	3	2.4771523977183773E-6	1
roj	3	2.4771523977183773E-6	1
rou	3	2.4771523977183773E-6	1
rpi	3	2.4771523977183773E-6	1
rs_	3	2.4771523977183773E-6	1
rux	3	2.4771523977183773E-6	1
sip	3	2.4771523977183773E-6	1
sob	3	2.4771523977183773E-6	1
tla	3	2.4771523977183773E-6	1
trò	3	2.4771523977183773E-6	1
tue	3	2.4771523977183773E-6	1
té_	3	2.4771523977183773E-6	1
ump	3	2.4771523977183773E-6	1
und	3	2.4771523977183773E-6	1
uxe	3	2.4771523977183773E-6	1
vav	3	2.4771523977183773E-6	1
xel	3	2.4771523977183773E-6	1
zor	3	2.4771523977183773E-6	1
zz_	3	2.4771523977183773E-6	1
éli	3	2.4771523977183773E-6	1
_gh	2	1.6514349318122516E-6	1
_he	2	1.6514349318122516E-6	1
_ko	2	1.6514349318122516E-6	1
_ps	2	1.6514349318122516E-6	1
_ré	2	1.6514349318122516E-6	1
_sh	2	1.6514349318122516E-6	1
_ud	2	1.6514349318122516E-6	1
_zu	2	1.6514349318122516E-6	1
abd	2	1.6514349318122516E-6	1
abn	2	1.6514349318122516E-6	1
aft	2	1.6514349318122516E-6	1
air	2	1.6514349318122516E-6	1
aot	2	1.6514349318122516E-6	1
auc	2	1.6514349318122516E-6	1
aw_	2	1.6514349318122516E-6	1
aye	2	1.6514349318122516E-6	1
bdi	2	1.6514349318122516E-6	1
bee	2	1.6514349318122516E-6	1
bla	2	1.6514349318122516E-6	1
bno	2	1.6514349318122516E-6	1
bot	2	1.6514349318122516E-6	1
byi	2	1.6514349318122516E-6	1
cao	2	1.6514349318122516E-6	1
cc_	2	1.6514349318122516E-6	1
cha	2	1.6514349318122516E-6	1
ct_	2	1.6514349318122516E-6	1
cti	2	1.6514349318122516E-6	1
cub	2	1.6514349318122516E-6	1
dai	2	1.6514349318122516E-6	1
dap	2	1.6514349318122516E-6	1
dod	2	1.6514349318122516E-6	1
drò	2	1.6514349318122516E-6	1
ebu	2	1.6514349318122516E-6	1
eed	2	1.6514349318122516E-6	1
eef	2	1.6514349318122516E-6	1
ef_	2	1.6514349318122516E-6	1
eia	2	1.6514349318122516E-6	1
eiz	2	1.6514349318122516E-6	1
elf	2	1.6514349318122516E-6	1
elv	2	1.6514349318122516E-6	1
emn	2	1.6514349318122516E-6	1
eof	2	1.6514349318122516E-6	1
eop	2	1.6514349318122516E-6	1
eot	2	1.6514349318122516E-6	1
fai	2	1.6514349318122516E-6	1
fib	2	1.6514349318122516E-6	1
fog	2	1.6514349318122516E-6	1
foo	2	1.6514349318122516E-6	1
fér	2	1.6514349318122516E-6	1
gag	2	1.6514349318122516E-6	1
geg	2	1.6514349318122516E-6	1
gez	2	1.6514349318122516E-6	1
ght	2	1.6514349318122516E-6	1
goc	2	1.6514349318122516E-6	1
goi	2	1.6514349318122516E-6	1
hai	2	1.6514349318122516E-6	1
har	2	1.6514349318122516E-6	1
hiv	2	1.6514349318122516E-6	1
ieq	2	1.6514349318122516E-6	1
ik_	2	1.6514349318122516E-6	1
il_	2	1.6514349318122516E-6	1
iof	2	1.6514349318122516E-6	1
itl	2	1.6514349318122516E-6	1
jec	2	1.6514349318122516E-6	1
ker	2	1.6514349318122516E-6	1
ket	2	1.6514349318122516E-6	1
kos	2	1.6514349318122516E-6	1
lae	2	1.6514349318122516E-6	1
law	2	1.6514349318122516E-6	1
ldo	2	1.6514349318122516E-6	1
leb	2	1.6514349318122516E-6	1
leo	2	1.6514349318122516E-6	1
lep	2	1.6514349318122516E-6	1
lip	2	1.6514349318122516E-6	1
lov	2	1.6514349318122516E-6	1
lpo	2	1.6514349318122516E-6	1
mab	2	1.6514349318122516E-6	1
mae	2	1.6514349318122516E-6	1
map	2	1.6514349318122516E-6	1
mea	2	1.6514349318122516E-6	1
mik	2	1.6514349318122516E-6	1
naf	2	1.6514349318122516E-6	1
ncu	2	1.6514349318122516E-6	1
nd_	2	1.6514349318122516E-6	1
nid	2	1.6514349318122516E-6	1
nig	2	1.6514349318122516E-6	1
niq	2	1.6514349318122516E-6	1
niu	2	1.6514349318122516E-6	1
nmi	2	1.6514349318122516E-6	1
nog	2	1.6514349318122516E-6	1
nur	2	1.6514349318122516E-6	1
nus	2	1.6514349318122516E-6	1
nè_	2	1.6514349318122516E-6	1
oap	2	1.6514349318122516E-6	1
oas	2	1.6514349318122516E-6	1
ofa	2	1.6514349318122516E-6	1
ogm	2	1.6514349318122516E-6	1
oib	2	1.6514349318122516E-6	1
oim	2	1.6514349318122516E-6	1
oje	2	1.6514349318122516E-6	1
oru	2	1.6514349318122516E-6	1
osn	2	1.6514349318122516E-6	1
osv	2	1.6514349318122516E-6	1
oun	2	1.6514349318122516E-6	1
pab	2	1.6514349318122516E-6	1
pod	2	1.6514349318122516E-6	1
prà	2	1.6514349318122516E-6	1
pua	2	1.6514349318122516E-6	1
pus	2	1.6514349318122516E-6	1
puz	2	1.6514349318122516E-6	1
rbo	2	1.6514349318122516E-6	1
riq	2	1.6514349318122516E-6	1
rub	2	1.6514349318122516E-6	1
réf	2	1.6514349318122516E-6	1
sha	2	1.6514349318122516E-6	1
sho	2	1.6514349318122516E-6	1
sk_	2	1.6514349318122516E-6	1
sni	2	1.6514349318122516E-6	1
stà	2	1.6514349318122516E-6	1
sté	2	1.6514349318122516E-6	1
svu	2	1.6514349318122516E-6	1
tle	2	1.6514349318122516E-6	1
tmi	2	1.6514349318122516E-6	1
tou	2	1.6514349318122516E-6	1
ty_	2	1.6514349318122516E-6	1
tyf	2	1.6514349318122516E-6	1
ub_	2	1.6514349318122516E-6	1
ube	2	1.6514349318122516E-6	1
ugo	2	1.6514349318122516E-6	1
ulc	2	1.6514349318122516E-6	1
unm	2	1.6514349318122516E-6	1
url	2	1.6514349318122516E-6	1
urò	2	1.6514349318122516E-6	1
uty	2	1.6514349318122516E-6	1
uzz	2	1.6514349318122516E-6	1
vez	2	1.6514349318122516E-6	1
vos	2	1.6514349318122516E-6	1
yed	2	1.6514349318122516E-6	1
yfr	2	1.6514349318122516E-6	1
yin	2	1.6514349318122516E-6	1
zel	2	1.6514349318122516E-6	1
zoa	2	1.6514349318122516E-6	1
zog	2	1.6514349318122516E-6	1
zu_	2	1.6514349318122516E-6	1
éfé	2	1.6514349318122516E-6	1
ére	2	1.6514349318122516E-6	1
_a_	1	8.257174659061258E-7	1
_eo	1	8.257174659061258E-7	1
_ft	1	8.257174659061258E-7	1
_hu	1	8.257174659061258E-7	1
_ib	1	8.257174659061258E-7	1
_ic	1	8.257174659061258E-7	1
_ii	1	8.257174659061258E-7	1
_io	1	8.257174659061258E-7	1
_iu	1	8.257174659061258E-7	1
_ja	1	8.257174659061258E-7	1
_k_	1	8.257174659061258E-7	1
_ki	1	8.257174659061258E-7	1
_km	1	8.257174659061258E-7	1
_m_	1	8.257174659061258E-7	1
_nc	1	8.257174659061258E-7	1
_nè	1	8.257174659061258E-7	1
_oa	1	8.257174659061258E-7	1
_oz	1	8.257174659061258E-7	1
_pm	1	8.257174659061258E-7	1
_pn	1	8.257174659061258E-7	1
_s_	1	8.257174659061258E-7	1
_sk	1	8.257174659061258E-7	1
_ub	1	8.257174659061258E-7	1
_ví	1	8.257174659061258E-7	1
_wo	1	8.257174659061258E-7	1
_ye	1	8.257174659061258E-7	1
_zi	1	8.257174659061258E-7	1
_à_	1	8.257174659061258E-7	1
_è_	1	8.257174659061258E-7	1
_é_	1	8.257174659061258E-7	1
abl	1	8.257174659061258E-7	1
aby	1	8.257174659061258E-7	1
abù	1	8.257174659061258E-7	1
ac_	1	8.257174659061258E-7	1
ack	1	8.257174659061258E-7	1
aet	1	8.257174659061258E-7	1
aeu	1	8.257174659061258E-7	1
afe	1	8.257174659061258E-7	1
ag_	1	8.257174659061258E-7	1
agm	1	8.257174659061258E-7	1
aic	1	8.257174659061258E-7	1
ake	1	8.257174659061258E-7	1
aki	1	8.257174659061258E-7	1
alf	1	8.257174659061258E-7	1
aln	1	8.257174659061258E-7	1
am_	1	8.257174659061258E-7	1
ams	1	8.257174659061258E-7	1
amu	1	8.257174659061258E-7	1
anè	1	8.257174659061258E-7	1
aos	1	8.257174659061258E-7	1
apt	1	8.257174659061258E-7	1
ark	1	8.257174659061258E-7	1
arp	1	8.257174659061258E-7	1
ash	1	8.257174659061258E-7	1
au_	1	8.257174659061258E-7	1
auo	1	8.257174659061258E-7	1
aya	1	8.257174659061258E-7	1
ays	1	8.257174659061258E-7	1
aza	1	8.257174659061258E-7	1
baf	1	8.257174659061258E-7	1
bdo	1	8.257174659061258E-7	1
bec	1	8.257174659061258E-7	1
bei	1	8.257174659061258E-7	1
bic	1	8.257174659061258E-7	1
bip	1	8.257174659061258E-7	1
blu	1	8.257174659061258E-7	1
boo	1	8.257174659061258E-7	1
bud	1	8.257174659061258E-7	1
bys	1	8.257174659061258E-7	1
bù_	1	8.257174659061258E-7	1
ccl	1	8.257174659061258E-7	1
cea	1	8.257174659061258E-7	1
cho	1	8.257174659061258E-7	1
cig	1	8.257174659061258E-7	1
ció	1	8.257174659061258E-7	1
cke	1	8.257174659061258E-7	1
ctn	1	8.257174659061258E-7	1
cts	1	8.257174659061258E-7	1
cud	1	8.257174659061258E-7	1
cò_	1	8.257174659061258E-7	1
day	1	8.257174659061258E-7	1
dba	1	8.257174659061258E-7	1
dd_	1	8.257174659061258E-7	1
ddu	1	8.257174659061258E-7	1
dez	1	8.257174659061258E-7	1
dge	1	8.257174659061258E-7	1
diu	1	8.257174659061258E-7	1
dof	1	8.257174659061258E-7	1
dug	1	8.257174659061258E-7	1
dun	1	8.257174659061258E-7	1
dìp	1	8.257174659061258E-7	1
eau	1	8.257174659061258E-7	1
eba	1	8.257174659061258E-7	1
ebe	1	8.257174659061258E-7	1
ec_	1	8.257174659061258E-7	1
edb	1	8.257174659061258E-7	1
edg	1	8.257174659061258E-7	1
eds	1	8.257174659061258E-7	1
eem	1	8.257174659061258E-7	1
efu	1	8.257174659061258E-7	1
eha	1	8.257174659061258E-7	1
eio	1	8.257174659061258E-7	1
eoa	1	8.257174659061258E-7	1
eoe	1	8.257174659061258E-7	1
ety	1	8.257174659061258E-7	1
eud	1	8.257174659061258E-7	1
euf	1	8.257174659061258E-7	1
eum	1	8.257174659061258E-7	1
eux	1	8.257174659061258E-7	1
ev_	1	8.257174659061258E-7	1
evr	1	8.257174659061258E-7	1
exa	1	8.257174659061258E-7	1
exc	1	8.257174659061258E-7	1
exp	1	8.257174659061258E-7	1
fax	1	8.257174659061258E-7	1
fee	1	8.257174659061258E-7	1
ff_	1	8.257174659061258E-7	1
ffs	1	8.257174659061258E-7	1
fmi	1	8.257174659061258E-7	1
fou	1	8.257174659061258E-7	1
fpö	1	8.257174659061258E-7	1
fr_	1	8.257174659061258E-7	1
fsh	1	8.257174659061258E-7	1
ft_	1	8.257174659061258E-7	1
ful	1	8.257174659061258E-7	1
gap	1	8.257174659061258E-7	1
gem	1	8.257174659061258E-7	1
ggh	1	8.257174659061258E-7	1
ggu	1	8.257174659061258E-7	1
gh_	1	8.257174659061258E-7	1
giv	1	8.257174659061258E-7	1
giz	1	8.257174659061258E-7	1
gob	1	8.257174659061258E-7	1
goo	1	8.257174659061258E-7	1
gou	1	8.257174659061258E-7	1
ha_	1	8.257174659061258E-7	1
hal	1	8.257174659061258E-7	1
ham	1	8.257174659061258E-7	1
hap	1	8.257174659061258E-7	1
hea	1	8.257174659061258E-7	1
hec	1	8.257174659061258E-7	1
hel	1	8.257174659061258E-7	1
hen	1	8.257174659061258E-7	1
hig	1	8.257174659061258E-7	1
hob	1	8.257174659061258E-7	1
hop	1	8.257174659061258E-7	1
hor	1	8.257174659061258E-7	1
hos	1	8.257174659061258E-7	1
hot	1	8.257174659061258E-7	1
ht_	1	8.257174659061258E-7	1
hts	1	8.257174659061258E-7	1
hum	1	8.257174659061258E-7	1
ibb	1	8.257174659061258E-7	1
ick	1	8.257174659061258E-7	1
idà	1	8.257174659061258E-7	1
ieh	1	8.257174659061258E-7	1
ig_	1	8.257174659061258E-7	1
iin	1	8.257174659061258E-7	1
iir	1	8.257174659061258E-7	1
ika	1	8.257174659061258E-7	1
im_	1	8.257174659061258E-7	1
iru	1	8.257174659061258E-7	1
ity	1	8.257174659061258E-7	1
ité	1	8.257174659061258E-7	1
iuv	1	8.257174659061258E-7	1
ivr	1	8.257174659061258E-7	1
ix_	1	8.257174659061258E-7	1
ión	1	8.257174659061258E-7	1
jac	1	8.257174659061258E-7	1
jur	1	8.257174659061258E-7	1
ka_	1	8.257174659061258E-7	1
kat	1	8.257174659061258E-7	1
kfo	1	8.257174659061258E-7	1
kil	1	8.257174659061258E-7	1
kin	1	8.257174659061258E-7	1
km_	1	8.257174659061258E-7	1
lao	1	8.257174659061258E-7	1
lbo	1	8.257174659061258E-7	1
lcr	1	8.257174659061258E-7	1
lee	1	8.257174659061258E-7	1
lex	1	8.257174659061258E-7	1
lfm	1	8.257174659061258E-7	1
lfp	1	8.257174659061258E-7	1
lfu	1	8.257174659061258E-7	1
lgh	1	8.257174659061258E-7	1
lhi	1	8.257174659061258E-7	1
llh	1	8.257174659061258E-7	1
llm	1	8.257174659061258E-7	1
lm_	1	8.257174659061258E-7	1
lna	1	8.257174659061258E-7	1
loe	1	8.257174659061258E-7	1
lsc	1	8.257174659061258E-7	1
lst	1	8.257174659061258E-7	1
lts	1	8.257174659061258E-7	1
lu_	1	8.257174659061258E-7	1
lub	1	8.257174659061258E-7	1
lzi	1	8.257174659061258E-7	1
lzo	1	8.257174659061258E-7	1
mev	1	8.257174659061258E-7	1
mib	1	8.257174659061258E-7	1
mix	1	8.257174659061258E-7	1
mn_	1	8.257174659061258E-7	1
mns	1	8.257174659061258E-7	1
mof	1	8.257174659061258E-7	1
mou	1	8.257174659061258E-7	1
mst	1	8.257174659061258E-7	1
muf	1	8.257174659061258E-7	1
mum	1	8.257174659061258E-7	1
mup	1	8.257174659061258E-7	1
mur	1	8.257174659061258E-7	1
mò_	1	8.257174659061258E-7	1
nc_	1	8.257174659061258E-7	1
nha	1	8.257174659061258E-7	1
nii	1	8.257174659061258E-7	1
noa	1	8.257174659061258E-7	1
nob	1	8.257174659061258E-7	1
noo	1	8.257174659061258E-7	1
nsp	1	8.257174659061258E-7	1
nsr	1	8.257174659061258E-7	1
nud	1	8.257174659061258E-7	1
nvu	1	8.257174659061258E-7	1
nzo	1	8.257174659061258E-7	1
oab	1	8.257174659061258E-7	1
oac	1	8.257174659061258E-7	1
oad	1	8.257174659061258E-7	1
oam	1	8.257174659061258E-7	1
obu	1	8.257174659061258E-7	1
ocò	1	8.257174659061258E-7	1
odr	1	8.257174659061258E-7	1
oed	1	8.257174659061258E-7	1
oel	1	8.257174659061258E-7	1
oet	1	8.257174659061258E-7	1
oeu	1	8.257174659061258E-7	1
ofr	1	8.257174659061258E-7	1
oft	1	8.257174659061258E-7	1
oit	1	8.257174659061258E-7	1
oju	1	8.257174659061258E-7	1
oke	1	8.257174659061258E-7	1
ols	1	8.257174659061258E-7	1
onh	1	8.257174659061258E-7	1
onz	1	8.257174659061258E-7	1
oo_	1	8.257174659061258E-7	1
ool	1	8.257174659061258E-7	1
oom	1	8.257174659061258E-7	1
oot	1	8.257174659061258E-7	1
op_	1	8.257174659061258E-7	1
opm	1	8.257174659061258E-7	1
ops	1	8.257174659061258E-7	1
opy	1	8.257174659061258E-7	1
orf	1	8.257174659061258E-7	1
orw	1	8.257174659061258E-7	1
ot_	1	8.257174659061258E-7	1
ots	1	8.257174659061258E-7	1
ouv	1	8.257174659061258E-7	1
ovè	1	8.257174659061258E-7	1
oz_	1	8.257174659061258E-7	1
pam	1	8.257174659061258E-7	1
pef	1	8.257174659061258E-7	1
pib	1	8.257174659061258E-7	1
piv	1	8.257174659061258E-7	1
piz	1	8.257174659061258E-7	1
pme	1	8.257174659061258E-7	1
pmi	1	8.257174659061258E-7	1
pne	1	8.257174659061258E-7	1
poe	1	8.257174659061258E-7	1
pok	1	8.257174659061258E-7	1
poo	1	8.257174659061258E-7	1
pse	1	8.257174659061258E-7	1
psh	1	8.257174659061258E-7	1
psi	1	8.257174659061258E-7	1
pti	1	8.257174659061258E-7	1
puo	1	8.257174659061258E-7	1
pyr	1	8.257174659061258E-7	1
pö_	1	8.257174659061258E-7	1
rik	1	8.257174659061258E-7	1
rke	1	8.257174659061258E-7	1
rmò	1	8.257174659061258E-7	1
roz	1	8.257174659061258E-7	1
rpa	1	8.257174659061258E-7	1
rpu	1	8.257174659061258E-7	1
rqu	1	8.257174659061258E-7	1
rsc	1	8.257174659061258E-7	1
rsp	1	8.257174659061258E-7	1
rtt	1	8.257174659061258E-7	1
run	1	8.257174659061258E-7	1
rwe	1	8.257174659061258E-7	1
saf	1	8.257174659061258E-7	1
sb_	1	8.257174659061258E-7	1
sbu	1	8.257174659061258E-7	1
seb	1	8.257174659061258E-7	1
sei	1	8.257174659061258E-7	1
sga	1	8.257174659061258E-7	1
sgi	1	8.257174659061258E-7	1
sgo	1	8.257174659061258E-7	1
sgu	1	8.257174659061258E-7	1
sh_	1	8.257174659061258E-7	1
ska	1	8.257174659061258E-7	1
skf	1	8.257174659061258E-7	1
sli	1	8.257174659061258E-7	1
sre	1	8.257174659061258E-7	1
ssà	1	8.257174659061258E-7	1
sui	1	8.257174659061258E-7	1
sà_	1	8.257174659061258E-7	1
taf	1	8.257174659061258E-7	1
tai	1	8.257174659061258E-7	1
tak	1	8.257174659061258E-7	1
teb	1	8.257174659061258E-7	1
tef	1	8.257174659061258E-7	1
teu	1	8.257174659061258E-7	1
tii	1	8.257174659061258E-7	1
toa	1	8.257174659061258E-7	1
tu_	1	8.257174659061258E-7	1
tub	1	8.257174659061258E-7	1
tuf	1	8.257174659061258E-7	1
uak	1	8.257174659061258E-7	1
uav	1	8.257174659061258E-7	1
uba	1	8.257174659061258E-7	1
ubd	1	8.257174659061258E-7	1
ucr	1	8.257174659061258E-7	1
uct	1	8.257174659061258E-7	1
uec	1	8.257174659061258E-7	1
uee	1	8.257174659061258E-7	1
ufe	1	8.257174659061258E-7	1
ufi	1	8.257174659061258E-7	1
uic	1	8.257174659061258E-7	1
uiz	1	8.257174659061258E-7	1
ulm	1	8.257174659061258E-7	1
urm	1	8.257174659061258E-7	1
urp	1	8.257174659061258E-7	1
urq	1	8.257174659061258E-7	1
usv	1	8.257174659061258E-7	1
uva	1	8.257174659061258E-7	1
uve	1	8.257174659061258E-7	1
ux_	1	8.257174659061258E-7	1
vee	1	8.257174659061258E-7	1
veu	1	8.257174659061258E-7	1
vip	1	8.257174659061258E-7	1
voi	1	8.257174659061258E-7	1
vío	1	8.257174659061258E-7	1
wel	1	8.257174659061258E-7	1
wor	1	8.257174659061258E-7	1
xac	1	8.257174659061258E-7	1
xcu	1	8.257174659061258E-7	1
xpr	1	8.257174659061258E-7	1
xte	1	8.257174659061258E-7	1
ya_	1	8.257174659061258E-7	1
yen	1	8.257174659061258E-7	1
yri	1	8.257174659061258E-7	1
ys_	1	8.257174659061258E-7	1
ysi	1	8.257174659061258E-7	1
zas	1	8.257174659061258E-7	1
zav	1	8.257174659061258E-7	1
zec	1	8.257174659061258E-7	1
zet	1	8.257174659061258E-7	1
zig	1	8.257174659061258E-7	1
zol	1	8.257174659061258E-7	1
zoo	1	8.257174659061258E-7	1
zos	1	8.257174659061258E-7	1
ìpr	1	8.257174659061258E-7	1
íol	1	8.257174659061258E-7	1
ón_	1	8.257174659061258E-7	1
