Italian	3	886921	993
	1)	t	0	0	0.0
		1)	to	0	0	0.0
			1)	to_	1	11082	0.009150601
			2)	tor	127	1603	0.0013236251
			3)	tol	842	268	2.2129228E-4
		2)	te	0	0	0.0
			1)	te_	10	6300	0.00520202
			2)	ter	30	3190	0.0026340387
			3)	ten	83	1981	0.0016357463
			4)	tem	302	890	7.3488854E-4
			5)	tes	398	680	5.6148786E-4
			6)	teg	590	435	3.591871E-4
			7)	tec	945	213	1.7587782E-4
		3)	ti	0	0	0.0
			1)	ti_	13	5853	0.0048329243
			2)	tiv	53	2513	0.002075028
			3)	tic	71	2159	0.001782724
			4)	tit	338	803	6.6305115E-4
			5)	tim	510	507	4.1863875E-4
			6)	tio	566	459	3.790043E-4
			7)	tin	581	442	3.6496713E-4
			8)	tir	701	350	2.8900112E-4
			9)	til	887	239	1.9734647E-4
			10)	tiz	944	213	1.7587782E-4
			11)	tia	971	205	1.6927208E-4
		4)	ta	0	0	0.0
			1)	ta_	22	4105	0.0033895702
			2)	tat	69	2210	0.0018248355
			3)	tar	102	1812	0.0014962001
			4)	tan	124	1612	0.0013310566
			5)	tal	186	1244	0.0010271926
			6)	tam	416	653	5.391935E-4
			7)	taz	558	465	3.8395863E-4
			8)	tad	757	308	2.5432097E-4
			9)	tab	880	243	2.0064935E-4
		5)	tt	0	0	0.0
			1)	tto	49	2612	0.002156774
			2)	tti	62	2300	0.0018991502
			3)	tta	110	1725	0.0014243627
			4)	tte	204	1131	9.3388645E-4
			5)	ttu	315	846	6.9855695E-4
			6)	ttr	819	280	2.3120089E-4
		6)	tà	0	0	0.0
			1)	tà_	51	2575	0.0021262225
		7)	tr	0	0	0.0
			1)	tra	57	2427	0.0020040162
			2)	tro	156	1408	0.0011626102
			3)	tri	200	1170	9.660894E-4
			4)	tre	350	764	6.3084817E-4
			5)	tru	471	567	4.681818E-4
		8)	tu	0	0	0.0
			1)	tur	222	1081	8.9260057E-4
			2)	tut	409	664	5.482764E-4
			3)	tua	425	631	5.210277E-4
			4)	tui	950	211	1.7422638E-4
	2)	r	0	0	0.0
		1)	re	0	0	0.0
			1)	re_	2	10532	0.008696456
			2)	res	55	2488	0.0020543851
			3)	rev	177	1305	0.0010775613
			4)	ren	213	1100	9.082892E-4
			5)	reg	268	946	7.811287E-4
			6)	rel	275	936	7.7287154E-4
			7)	reb	333	809	6.6800544E-4
			8)	ret	351	763	6.3002243E-4
			9)	rea	433	623	5.1442196E-4
			10)	rem	454	590	4.871733E-4
			11)	rec	561	461	3.8065575E-4
			12)	rez	600	429	3.542328E-4
			13)	rei	706	342	2.8239537E-4
			14)	red	758	308	2.5432097E-4
			15)	rer	931	219	1.8083212E-4
		2)	ro	0	0	0.0
			1)	rop	40	2852	0.0023549462
			2)	ro_	58	2395	0.0019775934
			3)	rog	232	1055	8.7113195E-4
			4)	rov	424	635	5.243306E-4
			5)	ron	479	552	4.5579605E-4
			6)	roc	536	486	4.012987E-4
			7)	rol	569	453	3.7405003E-4
			8)	rob	614	417	3.443242E-4
			9)	rod	646	390	3.220298E-4
			10)	ros	666	378	3.121212E-4
			11)	rof	798	291	2.4028379E-4
			12)	rom	860	256	2.1138367E-4
		3)	ri	0	0	0.0
			1)	ri_	43	2769	0.0022864116
			2)	rit	108	1732	0.0014301427
			3)	ris	129	1583	0.0013071108
			4)	ric	131	1580	0.0013046336
			5)	ria	190	1233	0.0010181096
			6)	rio	191	1230	0.0010156325
			7)	rim	266	949	7.8360585E-4
			8)	rie	322	824	6.803912E-4
			9)	rin	394	694	5.730479E-4
			10)	rif	439	616	5.0864194E-4
			11)	rig	608	424	3.501042E-4
			12)	rib	631	403	3.3276415E-4
			13)	riv	733	324	2.6753245E-4
			14)	rid	803	289	2.3863235E-4
			15)	rip	899	232	1.9156645E-4
		4)	ra	0	0	0.0
			1)	ra_	65	2266	0.0018710758
			2)	rat	80	2026	0.0016729035
			3)	ran	135	1544	0.0012749077
			4)	raz	212	1102	9.0994063E-4
			5)	ral	262	959	7.918631E-4
			6)	ram	291	908	7.4975146E-4
			7)	rar	368	744	6.143338E-4
			8)	ras	538	483	3.9882155E-4
			9)	rap	580	444	3.6661857E-4
			10)	rag	628	406	3.352413E-4
			11)	rad	635	402	3.319384E-4
			12)	rav	900	232	1.9156645E-4
		5)	rr	0	0	0.0
			1)	rre	181	1276	0.0010536155
			2)	rri	989	200	1.6514349E-4
		6)	rt	0	0	0.0
			1)	rti	255	980	8.0920313E-4
			2)	rta	269	945	7.8030303E-4
			3)	rte	379	721	5.953423E-4
			4)	rto	849	264	2.179894E-4
			5)	rtu	933	218	1.800064E-4
		7)	rm	0	0	0.0
			1)	rma	278	935	7.720458E-4
			2)	rme	503	520	4.293731E-4
			3)	rmi	592	433	3.5753567E-4
		8)	rà	0	0	0.0
			1)	rà_	283	925	7.6378864E-4
		9)	rn	0	0	0.0
			1)	rno	443	606	5.003848E-4
			2)	rna	667	377	3.1129547E-4
			3)	rni	854	260	2.1468654E-4
			4)	rne	914	225	1.8578643E-4
		10)	rs	0	0	0.0
			1)	rsi	445	601	4.962562E-4
			2)	rso	461	578	4.772647E-4
			3)	rse	780	299	2.468895E-4
		11)	rd	0	0	0.0
			1)	rdi	527	492	4.06253E-4
			2)	rda	611	419	3.4597563E-4
			3)	rdo	713	338	2.790925E-4
		12)	rc	0	0	0.0
			1)	rca	593	433	3.5753567E-4
			2)	rci	674	370	3.0551545E-4
		13)	rl	0	0	0.0
			1)	rla	651	384	3.170755E-4
		14)	ru	0	0	0.0
			1)	rut	716	334	2.7578964E-4
			2)	rup	722	331	2.7331247E-4
		15)	rv	0	0	0.0
			1)	rve	745	317	2.6175243E-4
			2)	rvi	884	242	1.9982363E-4
		16)	rg	0	0	0.0
			1)	rgo	908	227	1.8743786E-4
			2)	rga	920	223	1.8413499E-4
	3)	i	0	0	0.0
		1)	io	0	0	0.0
			1)	ion	3	10490	0.008661776
			2)	io_	41	2840	0.0023450376
			3)	ior	237	1027	8.480118E-4
		2)	ic	0	0	0.0
			1)	ica	36	2967	0.0024499036
			2)	ico	70	2210	0.0018248355
			3)	ici	206	1125	9.2893216E-4
			4)	ich	252	989	8.1663457E-4
			5)	icu	539	482	3.979958E-4
			6)	ice	584	438	3.6166425E-4
		3)	ia	0	0	0.0
			1)	ia_	50	2583	0.002132828
			2)	iam	93	1911	0.0015779461
			3)	iar	192	1230	0.0010156325
			4)	iat	274	937	7.736973E-4
			5)	ial	285	915	7.555315E-4
			6)	ian	411	664	5.482764E-4
		4)	it	0	0	0.0
			1)	ità	87	1939	0.0016010662
			2)	iti	128	1597	0.0013186708
			3)	ito	139	1514	0.0012501363
			4)	ita	155	1414	0.0011675645
			5)	itt	256	979	8.083774E-4
			6)	itu	450	596	4.921276E-4
			7)	ite	521	499	4.1203303E-4
		5)	in	0	0	0.0
			1)	int	89	1922	0.001587029
			2)	ina	145	1469	0.001212979
			3)	ini	146	1460	0.0012055475
			4)	ine	205	1125	9.2893216E-4
			5)	inc	273	940	7.761744E-4
			6)	ind	446	601	4.962562E-4
			7)	inv	583	438	3.6166425E-4
			8)	ing	629	406	3.352413E-4
			9)	inf	649	389	3.212041E-4
			10)	ino	660	382	3.1542408E-4
			11)	ins	678	368	3.03864E-4
			12)	inu	877	245	2.0230078E-4
		6)	is	0	0	0.0
			1)	ist	94	1883	0.001554826
			2)	isc	227	1066	8.802148E-4
			3)	isp	294	899	7.4232003E-4
			4)	iso	372	739	6.102052E-4
			5)	isi	417	652	5.383678E-4
			6)	iss	487	543	4.483646E-4
			7)	isu	638	399	3.2946127E-4
			8)	ism	953	211	1.7422638E-4
		7)	ir	0	0	0.0
			1)	ire	111	1693	0.0013979396
			2)	iri	620	414	3.4184704E-4
		8)	iz	0	0	0.0
			1)	izi	117	1644	0.0013574795
			2)	izz	320	837	6.911255E-4
		9)	il	0	0	0.0
			1)	ili	130	1583	0.0013071108
			2)	ile	280	932	7.6956867E-4
			3)	ilu	657	383	3.162498E-4
			4)	ila	858	258	2.130351E-4
		10)	im	0	0	0.0
			1)	imp	167	1350	0.0011147186
			2)	ime	257	978	8.0755167E-4
			3)	ima	374	736	6.07728E-4
			4)	imi	410	664	5.482764E-4
			5)	imo	456	590	4.871733E-4
		11)	iv	0	0	0.0
			1)	iva	187	1244	0.0010271926
			2)	ive	233	1053	8.694805E-4
			3)	ivi	297	895	7.3901715E-4
			4)	ivo	385	713	5.8873656E-4
		12)	ie	0	0	0.0
			1)	ien	198	1175	9.7021804E-4
			2)	ie_	380	719	5.9369084E-4
			3)	iet	430	628	5.185506E-4
			4)	ier	556	467	3.8561007E-4
			5)	ied	730	326	2.691839E-4
			6)	ies	968	206	1.700978E-4
		13)	id	0	0	0.0
			1)	ide	228	1059	8.744348E-4
			2)	idi	760	308	2.5432097E-4
			3)	ida	767	306	2.5266953E-4
			4)	idu	987	201	1.659692E-4
		14)	ig	0	0	0.0
			1)	ign	230	1058	8.736091E-4
			2)	igu	691	358	2.9560685E-4
			3)	igl	822	279	2.3037517E-4
		15)	if	0	0	0.0
			1)	ifi	352	762	6.291967E-4
			2)	ife	721	332	2.741382E-4
			3)	ifo	866	252	2.080808E-4
			4)	iff	875	248	2.0477793E-4
		16)	ib	0	0	0.0
			1)	ibi	357	753	6.2176527E-4
			2)	ibu	742	318	2.6257816E-4
			3)	ibe	879	244	2.0147506E-4
			4)	iba	963	208	1.7174923E-4
		17)	iu	0	0	0.0
			1)	iut	534	488	4.0295013E-4
			2)	ius	633	403	3.3276415E-4
			3)	iun	728	327	2.7000962E-4
		18)	iò	0	0	0.0
			1)	iò_	692	357	2.9478114E-4
		19)	ià	0	0	0.0
			1)	ià_	761	307	2.5349527E-4
		20)	ip	0	0	0.0
			1)	ipi	838	271	2.2376943E-4
			2)	ipa	840	270	2.2294371E-4
			3)	ipe	946	213	1.7587782E-4
	4)	e	0	0	0.0
		1)	en	0	0	0.0
			1)	ent	4	9176	0.0075767837
			2)	enz	78	2081	0.0017183181
			3)	end	116	1650	0.0013624338
			4)	ene	240	1016	8.38929E-4
			5)	ens	375	731	6.035995E-4
			6)	eno	604	426	3.5175565E-4
			7)	eng	613	418	3.451499E-4
			8)	eni	664	379	3.129469E-4
			9)	enu	694	356	2.939554E-4
			10)	ena	778	300	2.4771524E-4
		2)	et	0	0	0.0
			1)	ett	28	3402	0.0028090908
			2)	ete	598	431	3.5588423E-4
			3)	eta	897	233	1.9239217E-4
			4)	eti	922	222	1.8330928E-4
			5)	età	955	211	1.7422638E-4
		3)	er	0	0	0.0
			1)	ere	37	2965	0.0024482524
			2)	eri	84	1955	0.0016142776
			3)	era	119	1640	0.0013541767
			4)	ern	249	995	8.2158885E-4
			5)	ero	254	982	8.1085454E-4
			6)	ers	327	821	6.7791407E-4
			7)	erc	344	792	6.5396825E-4
			8)	erv	388	709	5.854337E-4
			9)	erm	402	675	5.573593E-4
			10)	err	499	522	4.3102453E-4
			11)	ert	542	478	3.9469294E-4
			12)	erà	734	324	2.6753245E-4
			13)	erg	795	293	2.4193522E-4
			14)	er_	856	260	2.1468654E-4
		4)	es	0	0	0.0
			1)	ess	48	2613	0.0021575997
			2)	est	85	1945	0.0016060205
			3)	ese	122	1625	0.0013417909
			4)	esi	170	1342	0.0011081129
			5)	esp	389	706	5.8295653E-4
			6)	esa	585	438	3.6166425E-4
			7)	esc	658	383	3.162498E-4
		5)	eu	0	0	0.0
			1)	eur	125	1612	0.0013310566
		6)	el	0	0	0.0
			1)	ela	148	1451	0.001198116
			2)	ele	452	592	4.8882473E-4
			3)	ell	537	484	3.9964725E-4
			4)	elu	710	340	2.8074393E-4
			5)	eli	756	309	2.551467E-4
		7)	ev	0	0	0.0
			1)	evo	169	1344	0.0011097643
			2)	eve	438	618	5.102934E-4
			3)	evi	596	432	3.5670993E-4
			4)	eva	677	369	3.0468975E-4
		8)	eg	0	0	0.0
			1)	egi	250	992	8.191117E-4
			2)	egu	559	463	3.823072E-4
			3)	egn	574	449	3.7074715E-4
			4)	ega	621	414	3.4184704E-4
			5)	ego	640	398	3.2863556E-4
			6)	egh	850	264	2.179894E-4
			7)	egr	948	212	1.750521E-4
			8)	egg	982	203	1.6762064E-4
		9)	ea	0	0	0.0
			1)	ea_	259	972	8.025974E-4
			2)	eal	736	322	2.65881E-4
			3)	ear	986	202	1.6679493E-4
		10)	eb	0	0	0.0
			1)	ebb	260	970	8.0094597E-4
		11)	em	0	0	0.0
			1)	eme	319	840	6.9360266E-4
			2)	emp	342	798	6.5892254E-4
			3)	emb	426	631	5.210277E-4
			4)	ema	432	625	5.160734E-4
			5)	emo	477	556	4.590989E-4
			6)	emi	714	338	2.790925E-4
		12)	ec	0	0	0.0
			1)	ece	328	821	6.7791407E-4
			2)	eco	330	811	6.6965685E-4
			3)	eci	337	804	6.638768E-4
			4)	ecc	857	259	2.1386083E-4
		13)	ed	0	0	0.0
			1)	ede	381	718	5.9286517E-4
			2)	edi	505	516	4.260702E-4
			3)	edo	810	284	2.3450376E-4
			4)	edu	964	207	1.7092352E-4
		14)	ez	0	0	0.0
			1)	ezz	441	612	5.0533906E-4
			2)	ezi	845	267	2.2046657E-4
		15)	ei	0	0	0.0
			1)	ei_	518	501	4.1368444E-4
		16)	eo	0	0	0.0
			1)	eo_	552	471	3.8891291E-4
		17)	ef	0	0	0.0
			1)	eff	670	375	3.0964406E-4
			2)	efi	934	218	1.800064E-4
		18)	ee	0	0	0.0
			1)	ee_	729	327	2.7000962E-4
	5)	n	0	0	0.0
		1)	ne	0	0	0.0
			1)	ne_	5	9120	0.0075305435
			2)	ner	354	759	6.2671956E-4
			3)	nec	617	416	3.4349845E-4
			4)	nel	851	261	2.1551226E-4
			5)	nea	915	225	1.8578643E-4
			6)	nen	938	215	1.7752926E-4
			7)	nes	947	212	1.750521E-4
		2)	nt	0	0	0.0
			1)	nte	11	6077	0.005017885
			2)	nti	35	2985	0.0024647666
			3)	nto	39	2897	0.0023921034
			4)	nta	76	2088	0.0017240981
			5)	ntr	178	1304	0.0010767356
		3)	no	0	0	0.0
			1)	no_	19	4429	0.0036571026
			2)	nor	77	2082	0.0017191437
			3)	nom	435	620	5.119448E-4
			4)	nos	785	297	2.452381E-4
		4)	ni	0	0	0.0
			1)	ni_	23	3760	0.0031046977
			2)	nit	384	713	5.8873656E-4
			3)	niz	421	642	5.301106E-4
			4)	nio	535	487	4.021244E-4
			5)	nic	655	383	3.162498E-4
			6)	nis	741	318	2.6257816E-4
			7)	nir	904	230	1.8991502E-4
			8)	nif	952	211	1.7422638E-4
		5)	nz	0	0	0.0
			1)	nza	106	1770	0.0014615199
			2)	nzi	157	1391	0.001148573
			3)	nze	636	401	3.311127E-4
		6)	na	0	0	0.0
			1)	nal	162	1373	0.00113371
			2)	nat	348	767	6.333253E-4
			3)	na_	396	688	5.680936E-4
			4)	nan	429	629	5.193763E-4
			5)	naz	489	541	4.4671315E-4
			6)	nar	564	460	3.7983005E-4
			7)	nam	848	265	2.1881513E-4
		7)	nd	0	0	0.0
			1)	ndo	165	1359	0.00112215
			2)	ndi	221	1083	8.9425204E-4
			3)	nde	226	1070	8.8351767E-4
			4)	nda	248	996	8.224146E-4
		8)	nc	0	0	0.0
			1)	nco	318	841	6.944284E-4
			2)	nci	329	819	6.762626E-4
			3)	nce	577	445	3.6744427E-4
			4)	nch	770	303	2.501924E-4
			5)	ncl	974	205	1.6927208E-4
		9)	ns	0	0	0.0
			1)	nsi	353	759	6.2671956E-4
			2)	nse	514	505	4.169873E-4
			3)	nsa	523	497	4.103816E-4
			4)	nso	800	291	2.4028379E-4
			5)	nsu	972	205	1.6927208E-4
		10)	nn	0	0	0.0
			1)	nno	386	712	5.879108E-4
			2)	nni	749	315	2.60101E-4
			3)	nna	992	200	1.6514349E-4
		11)	nu	0	0	0.0
			1)	nuo	555	468	3.8643577E-4
			2)	nut	662	381	3.1459835E-4
		12)	ng	0	0	0.0
			1)	ngo	560	462	3.8148146E-4
			2)	nga	891	236	1.9486932E-4
			3)	ngr	901	232	1.9156645E-4
			4)	nge	973	205	1.6927208E-4
		13)	nv	0	0	0.0
			1)	nve	784	297	2.452381E-4
			2)	nvi	991	200	1.6514349E-4
		14)	nq	0	0	0.0
			1)	nqu	927	220	1.8165784E-4
	6)	_	0	0	0.0
		1)	_c	0	0	0.0
			1)	_co	6	8559	0.0070673157
			2)	_ca	153	1436	0.0011857303
			3)	_ci	214	1099	9.074635E-4
			4)	_cr	365	748	6.1763666E-4
			5)	_ch	412	662	5.4662494E-4
			6)	_ce	644	393	3.2450695E-4
			7)	_cu	956	211	1.7422638E-4
		2)	_p	0	0	0.0
			1)	_pr	9	7057	0.0058270884
			2)	_po	25	3571	0.0029486371
			3)	_pa	44	2768	0.002285586
			4)	_pe	147	1456	0.0012022447
			5)	_pu	234	1051	8.678291E-4
			6)	_pi	603	427	3.5258135E-4
		3)	_r	0	0	0.0
			1)	_ri	17	4818	0.003978307
			2)	_re	29	3216	0.0026555073
			3)	_ra	246	998	8.2406605E-4
			4)	_ru	752	312	2.5762385E-4
		4)	_i	0	0	0.0
			1)	_in	21	4412	0.0036430655
			2)	_im	152	1439	0.0011882074
			3)	_is	804	288	2.3780663E-4
		5)	_d	0	0	0.0
			1)	_di	26	3568	0.0029461598
			2)	_de	27	3478	0.0028718454
			3)	_do	149	1449	0.0011964646
			4)	_da	414	657	5.424964E-4
			5)	_du	665	379	3.129469E-4
		6)	_s	0	0	0.0
			1)	_si	47	2706	0.0022343914
			2)	_se	54	2498	0.0020626422
			3)	_st	66	2251	0.00185869
			4)	_so	75	2115	0.0017463925
			5)	_sp	310	869	7.175485E-4
			6)	_sa	313	863	7.125942E-4
			7)	_sc	408	666	5.499278E-4
			8)	_sv	442	612	5.0533906E-4
			9)	_su	459	585	4.830447E-4
			10)	_sf	937	216	1.7835497E-4
		7)	_a	0	0	0.0
			1)	_al	96	1857	0.0015333573
			2)	_at	236	1032	8.521404E-4
			3)	_an	241	1013	8.3645177E-4
			4)	_ap	245	999	8.2489173E-4
			5)	_as	267	947	7.8195444E-4
			6)	_ad	311	864	7.1341987E-4
			7)	_am	324	824	6.803912E-4
			8)	_av	340	802	6.622254E-4
			9)	_ac	364	749	6.184624E-4
			10)	_au	397	685	5.656165E-4
			11)	_af	502	521	4.301988E-4
			12)	_ar	529	492	4.06253E-4
			13)	_ag	753	312	2.5762385E-4
			14)	_ab	788	296	2.4441237E-4
			15)	_ai	808	286	2.3615519E-4
			16)	_az	960	209	1.7257495E-4
		8)	_m	0	0	0.0
			1)	_me	101	1823	0.0015052829
			2)	_mo	142	1498	0.0012369248
			3)	_ma	144	1483	0.001224539
			4)	_mi	282	928	7.662658E-4
		9)	_e	0	0	0.0
			1)	_es	113	1685	0.0013913339
			2)	_eu	136	1533	0.0012658249
			3)	_ec	453	592	4.8882473E-4
			4)	_el	571	453	3.7405003E-4
			5)	_em	697	354	2.9230397E-4
			6)	_ef	699	351	2.8982683E-4
			7)	_en	705	343	2.832211E-4
			8)	_e_	765	307	2.5349527E-4
			9)	_ev	832	275	2.270723E-4
		10)	_f	0	0	0.0
			1)	_fa	115	1667	0.001376471
			2)	_fo	211	1109	9.1572065E-4
			3)	_fi	229	1059	8.744348E-4
			4)	_fu	516	502	4.1451017E-4
			5)	_fr	679	367	3.030383E-4
		11)	_q	0	0	0.0
			1)	_qu	138	1523	0.0012575677
		12)	_t	0	0	0.0
			1)	_tr	151	1441	0.0011898589
			2)	_te	163	1369	0.0011304072
			3)	_ta	308	877	7.2415423E-4
			4)	_tu	595	433	3.5753567E-4
		13)	_g	0	0	0.0
			1)	_gi	172	1324	0.0010932499
			2)	_gr	243	1007	8.314975E-4
			3)	_ge	607	425	3.509299E-4
			4)	_go	818	281	2.320266E-4
			5)	_ga	872	250	2.0642937E-4
		14)	_v	0	0	0.0
			1)	_vo	201	1157	9.553551E-4
			2)	_ve	223	1080	8.9177483E-4
			3)	_vi	293	900	7.431457E-4
			4)	_va	413	659	5.441478E-4
		15)	_n	0	0	0.0
			1)	_ne	272	942	7.7782583E-4
			2)	_no	355	756	6.242424E-4
			3)	_nu	363	750	6.192881E-4
			4)	_na	488	543	4.483646E-4
		16)	_l	0	0	0.0
			1)	_li	306	884	7.2993425E-4
			2)	_la	356	756	6.242424E-4
			3)	_le	490	540	4.4588742E-4
			4)	_lo	720	333	2.749639E-4
			5)	_lu	735	324	2.6753245E-4
		17)	_o	0	0	0.0
			1)	_or	336	806	6.655283E-4
			2)	_on	339	803	6.6305115E-4
			3)	_oc	480	552	4.5579605E-4
			4)	_og	526	495	4.0873015E-4
			5)	_op	565	460	3.7983005E-4
			6)	_ob	669	376	3.1046977E-4
		18)	_b	0	0	0.0
			1)	_ba	597	432	3.5670993E-4
			2)	_bi	703	347	2.8652395E-4
			3)	_be	873	250	2.0642937E-4
		19)	_u	0	0	0.0
			1)	_un	831	275	2.270723E-4
			2)	_ul	993	200	1.6514349E-4
	7)	o	0	0	0.0
		1)	on	0	0	0.0
			1)	one	7	7735	0.0063869245
			2)	ono	56	2434	0.0020097962
			3)	oni	59	2394	0.0019767676
			4)	ont	74	2121	0.0017513467
			5)	ond	164	1365	0.0011271044
			6)	ona	173	1322	0.0010915985
			7)	ons	188	1242	0.0010255411
			8)	onc	238	1020	8.422318E-4
			9)	onf	775	302	2.4936668E-4
		2)	os	0	0	0.0
			1)	ost	72	2158	0.0017818983
			2)	oss	193	1228	0.0010139811
			3)	osi	347	769	6.349767E-4
			4)	osc	855	260	2.1468654E-4
			5)	osa	859	257	2.1220939E-4
		3)	or	0	0	0.0
			1)	ore	81	2009	0.0016588664
			2)	ori	105	1785	0.0014739056
			3)	ora	123	1621	0.001338488
			4)	ort	143	1496	0.0012352733
			5)	orr	209	1114	9.1984926E-4
			6)	orm	220	1084	8.950777E-4
			7)	ord	349	766	6.324996E-4
			8)	or_	404	674	5.565336E-4
			9)	ors	495	532	4.392817E-4
			10)	oro	594	433	3.5753567E-4
			11)	orn	624	409	3.3771843E-4
			12)	orz	874	249	2.0560365E-4
			13)	org	909	227	1.8743786E-4
		4)	ol	0	0	0.0
			1)	oli	90	1919	0.0015845518
			2)	olt	141	1501	0.0012394019
			3)	ole	218	1090	9.0003206E-4
			4)	ola	281	928	7.662658E-4
			5)	oll	287	913	7.538801E-4
			6)	olo	314	855	7.0598844E-4
			7)	olu	632	403	3.3276415E-4
			8)	olg	983	202	1.6679493E-4
		5)	op	0	0	0.0
			1)	ope	98	1837	0.001516843
			2)	opo	207	1123	9.272807E-4
			3)	opr	457	587	4.8469615E-4
			4)	opp	625	409	3.3771843E-4
		6)	om	0	0	0.0
			1)	omp	271	944	7.794773E-4
			2)	omu	345	790	6.523168E-4
			3)	omi	415	654	5.4001925E-4
			4)	ome	532	489	4.0377583E-4
			5)	omm	630	405	3.3441558E-4
			6)	oma	876	246	2.031265E-4
			7)	omo	978	204	1.6844636E-4
		7)	oc	0	0	0.0
			1)	occ	284	923	7.6213724E-4
			2)	oci	498	523	4.3185023E-4
			3)	oce	618	415	3.4267275E-4
			4)	oca	839	270	2.2294371E-4
			5)	ocr	862	255	2.1055795E-4
		8)	ot	0	0	0.0
			1)	ott	290	912	7.5305434E-4
			2)	ote	551	471	3.8891291E-4
			3)	ota	715	335	2.7661535E-4
			4)	oti	823	278	2.2954945E-4
			5)	otr	827	276	2.2789802E-4
		9)	ov	0	0	0.0
			1)	ove	292	905	7.472743E-4
			2)	ova	434	622	5.135963E-4
			3)	ovr	568	454	3.7487573E-4
			4)	ovi	981	203	1.6762064E-4
			5)	ovo	990	200	1.6514349E-4
		10)	og	0	0	0.0
			1)	ogr	406	670	5.532307E-4
			2)	ogg	570	453	3.7405003E-4
			3)	ogn	740	318	2.6257816E-4
			4)	ogl	809	285	2.3532948E-4
			5)	oge	816	281	2.320266E-4
			6)	ogo	984	202	1.6679493E-4
		11)	ob	0	0	0.0
			1)	obi	586	437	3.6083855E-4
			2)	obl	663	380	3.1377265E-4
			3)	obb	675	370	3.0551545E-4
		12)	od	0	0	0.0
			1)	odi	727	328	2.7083533E-4
			2)	odu	885	241	1.989979E-4
			3)	odo	917	224	1.849607E-4
	8)	z	0	0	0.0
		1)	zi	0	0	0.0
			1)	zio	8	7590	0.0062671956
			2)	zia	126	1611	0.0013302309
			3)	zi_	661	381	3.1459835E-4
		2)	za	0	0	0.0
			1)	za_	68	2236	0.0018463043
			2)	zaz	755	309	2.551467E-4
			3)	zat	837	272	2.2459515E-4
			4)	zar	867	250	2.0642937E-4
		3)	zz	0	0	0.0
			1)	zza	185	1245	0.0010280182
		4)	ze	0	0	0.0
			1)	ze_	578	444	3.6661857E-4
	9)	m	0	0	0.0
		1)	me	0	0	0.0
			1)	men	12	5877	0.0048527415
			2)	mer	265	951	7.852573E-4
			3)	me_	369	742	6.126824E-4
			4)	mem	524	497	4.103816E-4
			5)	met	680	366	3.022126E-4
			6)	mes	717	334	2.7578964E-4
		2)	mo	0	0	0.0
			1)	mo_	60	2394	0.0019767676
			2)	mol	493	535	4.4175884E-4
			3)	mon	656	383	3.162498E-4
			4)	mod	766	306	2.5266953E-4
			5)	moc	959	209	1.7257495E-4
		3)	ma	0	0	0.0
			1)	ma_	132	1578	0.0013029822
			2)	man	305	884	7.2993425E-4
			3)	mat	366	747	6.168109E-4
			4)	mag	647	389	3.212041E-4
			5)	mar	689	358	2.9560685E-4
			6)	maz	814	282	2.3285233E-4
		4)	mp	0	0	0.0
			1)	mpo	210	1111	9.173721E-4
			2)	mpr	455	590	4.871733E-4
			3)	mpi	486	543	4.483646E-4
			4)	mpe	501	521	4.301988E-4
			5)	mpl	541	480	3.9634437E-4
		5)	mi	0	0	0.0
			1)	min	239	1016	8.38929E-4
			2)	mi_	288	913	7.538801E-4
			3)	mis	449	598	4.93779E-4
			4)	mic	687	359	2.9643258E-4
			5)	mig	786	297	2.452381E-4
			6)	mit	793	293	2.4193522E-4
			7)	mil	869	250	2.0642937E-4
		6)	mu	0	0	0.0
			1)	mun	390	701	5.788279E-4
		7)	mb	0	0	0.0
			1)	mbi	399	678	5.5983645E-4
			2)	mbr	436	618	5.102934E-4
		8)	mm	0	0	0.0
			1)	mmi	405	671	5.5405643E-4
			2)	mma	562	461	3.8065575E-4
	10)	a	0	0	0.0
		1)	az	0	0	0.0
			1)	azi	14	5409	0.004466306
		2)	ar	0	0	0.0
			1)	are	15	5370	0.0044341027
			2)	ari	64	2297	0.001896673
			3)	art	179	1303	0.0010759098
			4)	ara	312	863	7.125942E-4
			5)	ard	509	513	4.2359307E-4
			6)	arl	519	500	4.1285873E-4
			7)	ars	852	261	2.1551226E-4
			8)	arm	882	243	2.0064935E-4
			9)	arà	906	229	1.890893E-4
			10)	aro	928	220	1.8165784E-4
		3)	at	0	0	0.0
			1)	ato	24	3577	0.0029535913
			2)	ati	38	2931	0.002420178
			3)	att	46	2711	0.00223852
			4)	ata	150	1446	0.0011939874
			5)	ate	195	1193	9.85081E-4
			6)	atu	739	320	2.642296E-4
		4)	al	0	0	0.0
			1)	ali	32	3118	0.002574587
			2)	ale	42	2790	0.0023037517
			3)	alt	258	974	8.042488E-4
			4)	alc	484	547	4.5166747E-4
			5)	alm	546	477	3.9386723E-4
			6)	alo	792	294	2.4276093E-4
			7)	alu	828	276	2.2789802E-4
			8)	all	871	250	2.0642937E-4
			9)	ala	892	234	1.9321789E-4
		5)	am	0	0	0.0
			1)	ame	33	3114	0.002571284
			2)	amo	161	1378	0.0011378387
			3)	amm	332	810	6.6883117E-4
			4)	amb	395	690	5.69745E-4
			5)	amp	684	362	2.9890973E-4
		6)	an	0	0	0.0
			1)	ant	109	1727	0.0014260141
			2)	ano	159	1384	0.001142793
			3)	anz	182	1271	0.0010494869
			4)	and	208	1120	9.2480355E-4
			5)	ann	253	989	8.1663457E-4
			6)	anc	331	811	6.6965685E-4
			7)	ani	387	710	5.862594E-4
			8)	ana	773	303	2.501924E-4
			9)	ane	898	233	1.9239217E-4
		7)	ap	0	0	0.0
			1)	app	168	1348	0.0011130671
			2)	api	919	224	1.849607E-4
			3)	ape	929	220	1.8165784E-4
		8)	as	0	0	0.0
			1)	ass	199	1171	9.6691516E-4
			2)	asp	515	503	4.1533588E-4
			3)	asi	702	349	2.881754E-4
			4)	ast	712	339	2.7991823E-4
			5)	asc	779	300	2.4771524E-4
			6)	ase	905	229	1.890893E-4
		9)	ac	0	0	0.0
			1)	acc	225	1074	8.8682055E-4
			2)	ace	847	266	2.1964085E-4
			3)	aci	926	221	1.8248356E-4
		10)	ab	0	0	0.0
			1)	abi	301	891	7.357143E-4
			2)	abb	893	234	1.9321789E-4
		11)	ag	0	0	0.0
			1)	agg	321	837	6.911255E-4
			2)	agi	853	261	2.1551226E-4
		12)	av	0	0	0.0
			1)	avo	335	806	6.655283E-4
			2)	ave	673	372	3.071669E-4
			3)	avv	726	330	2.7248677E-4
			4)	ava	942	214	1.7670354E-4
		13)	af	0	0	0.0
			1)	aff	420	643	5.3093635E-4
		14)	ad	0	0	0.0
			1)	adi	544	478	3.9469294E-4
			2)	ad_	616	417	3.443242E-4
			3)	ado	731	326	2.691839E-4
			4)	ade	817	281	2.320266E-4
		15)	ae	0	0	0.0
			1)	aes	602	428	3.534071E-4
		16)	au	0	0	0.0
			1)	aut	627	407	3.36067E-4
			2)	aus	707	342	2.8239537E-4
		17)	ai	0	0	0.0
			1)	aiu	807	286	2.3615519E-4
	11)	c	0	0	0.0
		1)	co	0	0	0.0
			1)	con	16	5203	0.004296208
			2)	com	67	2238	0.0018479556
			3)	col	82	1988	0.0016415264
			4)	cor	104	1789	0.0014772086
			5)	co_	184	1249	0.0010313211
			6)	cos	247	997	8.232403E-4
			7)	coo	966	207	1.7092352E-4
		2)	ca	0	0	0.0
			1)	ca_	92	1914	0.0015804232
			2)	cat	277	936	7.7287154E-4
			3)	car	373	738	6.093795E-4
			4)	cam	634	403	3.3276415E-4
			5)	can	672	373	3.0799262E-4
			6)	cas	683	364	3.0056117E-4
			7)	caz	719	334	2.7578964E-4
			8)	cal	787	296	2.4441237E-4
			9)	cap	870	250	2.0642937E-4
		3)	ch	0	0	0.0
			1)	chi	154	1434	0.0011840789
			2)	che	341	801	6.613997E-4
			3)	ché	912	227	1.8743786E-4
		4)	ci	0	0	0.0
			1)	cia	219	1086	8.967292E-4
			2)	ci_	263	957	7.902116E-4
			3)	cit	376	730	6.0277374E-4
			4)	cip	491	537	4.4341027E-4
			5)	cis	582	439	3.6248995E-4
			6)	cie	668	376	3.1046977E-4
			7)	ciò	693	357	2.9478114E-4
			8)	cio	737	322	2.65881E-4
		5)	ce	0	0	0.0
			1)	ces	276	936	7.7287154E-4
			2)	ce_	323	824	6.803912E-4
			3)	cen	359	752	6.2093954E-4
			4)	cer	543	478	3.9469294E-4
			5)	ced	682	365	3.0138687E-4
			6)	cet	980	204	1.6844636E-4
		6)	cc	0	0	0.0
			1)	cco	300	891	7.357143E-4
			2)	cce	496	528	4.359788E-4
			3)	ccu	550	472	3.8973865E-4
			4)	cci	861	256	2.1138367E-4
			5)	cca	925	221	1.8248356E-4
		7)	cr	0	0	0.0
			1)	cre	431	626	5.168991E-4
			2)	cri	623	411	3.3936987E-4
			3)	cra	881	243	2.0064935E-4
		8)	cu	0	0	0.0
			1)	cur	508	513	4.2359307E-4
			2)	cup	545	477	3.9386723E-4
			3)	cun	554	470	3.880872E-4
			4)	cus	772	303	2.501924E-4
			5)	cul	923	222	1.8330928E-4
		9)	cl	0	0	0.0
			1)	clu	744	318	2.6257816E-4
	12)	l	0	0	0.0
		1)	le	0	0	0.0
			1)	le_	18	4548	0.003755363
			2)	leg	299	893	7.373657E-4
			3)	lem	485	546	4.5084173E-4
			4)	let	777	301	2.4854095E-4
			5)	les	815	282	2.3285233E-4
			6)	len	924	221	1.8248356E-4
			7)	lev	939	215	1.7752926E-4
		2)	li	0	0	0.0
			1)	li_	31	3134	0.0025877985
			2)	lit	99	1835	0.0015151915
			3)	lic	383	714	5.895623E-4
			4)	lin	407	670	5.532307E-4
			5)	lia	451	594	4.904762E-4
			6)	liz	473	563	4.6487895E-4
			7)	lio	481	551	4.5497032E-4
			8)	lim	609	421	3.4762706E-4
			9)	lib	759	308	2.5432097E-4
			10)	lis	794	293	2.4193522E-4
			11)	lie	806	286	2.3615519E-4
			12)	liv	865	254	2.0973224E-4
		3)	lo	0	0	0.0
			1)	lo_	194	1224	0.0010106781
			2)	lor	676	369	3.0468975E-4
			3)	log	902	231	1.9074073E-4
			4)	loc	936	216	1.7835497E-4
		4)	lt	0	0	0.0
			1)	ltr	296	895	7.3901715E-4
			2)	lta	367	745	6.151595E-4
			3)	lto	531	490	4.0460157E-4
			4)	lti	648	389	3.212041E-4
			5)	lte	821	279	2.3037517E-4
			6)	ltu	910	227	1.8743786E-4
		5)	la	0	0	0.0
			1)	laz	317	842	6.9525413E-4
			2)	lar	326	821	6.7791407E-4
			3)	lat	346	770	6.3580245E-4
			4)	lav	520	499	4.1203303E-4
			5)	lam	547	476	3.9304153E-4
			6)	la_	588	436	3.600128E-4
			7)	lan	690	358	2.9560685E-4
			8)	las	941	214	1.7670354E-4
		6)	ll	0	0	0.0
			1)	lle	392	696	5.7469937E-4
			2)	llo	469	573	4.731361E-4
			3)	lla	781	298	2.460638E-4
			4)	lli	985	202	1.6679493E-4
		7)	lm	0	0	0.0
			1)	lme	462	578	4.772647E-4
		8)	lu	0	0	0.0
			1)	lun	563	461	3.8065575E-4
			2)	lup	659	382	3.1542408E-4
			3)	lut	771	303	2.501924E-4
			4)	lus	789	295	2.4358665E-4
			5)	luz	834	274	2.2624659E-4
		9)	lc	0	0	0.0
			1)	lcu	622	412	3.401956E-4
	13)	p	0	0	0.0
		1)	pr	0	0	0.0
			1)	pro	20	4427	0.0036554511
			2)	pre	34	3062	0.0025283468
			3)	pri	140	1508	0.0012451819
			4)	pra	835	273	2.2542087E-4
		2)	po	0	0	0.0
			1)	pos	61	2361	0.0019495189
			2)	por	134	1554	0.001283165
			3)	po_	183	1251	0.0010329726
			4)	pol	217	1096	9.0498634E-4
			5)	pon	361	751	6.201138E-4
			6)	pot	423	637	5.25982E-4
		3)	pa	0	0	0.0
			1)	par	63	2300	0.0018991502
			2)	paz	530	491	4.0542727E-4
			3)	pae	606	425	3.509299E-4
			4)	pas	958	209	1.7257495E-4
		4)	pe	0	0	0.0
			1)	per	86	1943	0.001604369
			2)	pet	295	895	7.3901715E-4
			3)	pea	362	751	6.201138E-4
			4)	pen	458	585	4.830447E-4
			5)	peo	576	447	3.690957E-4
			6)	pes	799	291	2.4028379E-4
			7)	pec	888	237	1.9569504E-4
			8)	peg	951	211	1.7422638E-4
		5)	pp	0	0	0.0
			1)	ppo	203	1147	9.4709796E-4
			2)	ppr	444	602	4.970819E-4
			3)	ppl	812	283	2.3367805E-4
			4)	ppi	961	208	1.7174923E-4
		6)	pl	0	0	0.0
			1)	pli	400	676	5.58185E-4
		7)	pu	0	0	0.0
			1)	pun	612	418	3.451499E-4
			2)	può	791	294	2.4276093E-4
			3)	pub	895	233	1.9239217E-4
			4)	put	977	204	1.6844636E-4
		8)	pi	0	0	0.0
			1)	pio	643	394	3.253327E-4
			2)	pia	768	304	2.5101812E-4
			3)	pit	841	269	2.22118E-4
			4)	pi_	843	268	2.2129228E-4
			5)	pie	962	208	1.7174923E-4
	14)	s	0	0	0.0
		1)	st	0	0	0.0
			1)	sta	45	2736	0.002259163
			2)	sti	88	1936	0.001598589
			3)	str	100	1828	0.0015094115
			4)	ste	114	1673	0.0013814253
			5)	sto	304	884	7.2993425E-4
		2)	ss	0	0	0.0
			1)	ssi	52	2543	0.0020997995
			2)	sso	197	1187	9.801267E-4
			3)	ssa	202	1153	9.5205224E-4
			4)	sse	325	822	6.7873974E-4
		3)	so	0	0	0.0
			1)	so_	73	2134	0.001762081
			2)	sol	307	880	7.266314E-4
			3)	soc	478	553	4.5662175E-4
			4)	sos	637	400	3.3028697E-4
			5)	son	769	303	2.501924E-4
			6)	sot	802	289	2.3863235E-4
			7)	sor	844	267	2.2046657E-4
		4)	si	0	0	0.0
			1)	si_	91	1915	0.001581249
			2)	sio	121	1633	0.0013483966
			3)	sig	216	1096	9.0498634E-4
			4)	sia	298	893	7.373657E-4
			5)	sit	370	741	6.1185664E-4
			6)	sid	401	675	5.573593E-4
			7)	sis	418	650	5.3671637E-4
			8)	sic	511	507	4.1863875E-4
			9)	sib	512	507	4.1863875E-4
			10)	sim	540	481	3.971701E-4
			11)	siz	709	340	2.8074393E-4
		5)	se	0	0	0.0
			1)	sen	112	1690	0.0013954625
			2)	se_	133	1576	0.0013013307
			3)	ser	309	874	7.216771E-4
			4)	sem	476	558	4.6075034E-4
			5)	seg	494	533	4.401074E-4
			6)	set	610	419	3.4597563E-4
			7)	sec	681	365	3.0138687E-4
		6)	sp	0	0	0.0
			1)	spe	174	1321	0.0010907728
			2)	spo	244	1003	8.281946E-4
			3)	spa	801	289	2.3863235E-4
			4)	spi	829	275	2.270723E-4
			5)	spr	932	218	1.800064E-4
		7)	sa	0	0	0.0
			1)	sa_	215	1098	9.0663775E-4
			2)	sar	270	944	7.794773E-4
			3)	sab	695	355	2.931297E-4
			4)	sat	797	291	2.4028379E-4
			5)	san	833	274	2.2624659E-4
			6)	sam	967	206	1.700978E-4
			7)	sap	988	200	1.6514349E-4
		8)	sc	0	0	0.0
			1)	sci	447	599	4.9460476E-4
			2)	sco	533	488	4.0295013E-4
			3)	sca	587	436	3.600128E-4
			4)	sce	599	429	3.542328E-4
			5)	scu	619	414	3.4184704E-4
		9)	sv	0	0	0.0
			1)	svi	650	386	3.1872693E-4
		10)	su	0	0	0.0
			1)	sul	654	383	3.162498E-4
			2)	sur	930	219	1.8083212E-4
		11)	sì	0	0	0.0
			1)	sì_	686	360	2.972583E-4
	15)	d	0	0	0.0
		1)	do	0	0	0.0
			1)	do_	79	2069	0.0017084094
			2)	dov	463	578	4.772647E-4
			3)	dot	750	314	2.592753E-4
			4)	dob	825	277	2.2872374E-4
			5)	don	830	275	2.270723E-4
		2)	de	0	0	0.0
			1)	der	137	1524	0.0012583934
			2)	del	251	990	8.174603E-4
			3)	de_	358	752	6.2093954E-4
			4)	den	382	718	5.9286517E-4
			5)	des	464	578	4.772647E-4
			6)	dev	472	564	4.6570465E-4
			7)	dec	601	429	3.542328E-4
			8)	det	671	374	3.0881833E-4
			9)	dem	878	245	2.0230078E-4
			10)	dep	965	207	1.7092352E-4
			11)	deb	969	206	1.700978E-4
		3)	di	0	0	0.0
			1)	dis	166	1353	0.0011171957
			2)	dir	235	1040	8.587462E-4
			3)	dic	343	798	6.5892254E-4
			4)	din	419	649	5.3589063E-4
			5)	dia	500	522	4.3102453E-4
			6)	dif	548	475	3.922158E-4
			7)	div	575	449	3.7074715E-4
			8)	di_	589	436	3.600128E-4
			9)	dim	718	334	2.7578964E-4
			10)	diz	764	307	2.5349527E-4
			11)	dit	889	237	1.9569504E-4
		4)	da	0	0	0.0
			1)	da_	440	613	5.061648E-4
			2)	dam	528	492	4.06253E-4
			3)	dat	567	455	3.7570143E-4
			4)	dar	645	392	3.2368125E-4
			5)	dan	836	273	2.2542087E-4
		5)	du	0	0	0.0
			1)	dur	746	317	2.6175243E-4
			2)	due	903	231	1.9074073E-4
		6)	dd	0	0	0.0
			1)	ddi	975	205	1.6927208E-4
	16)	v	0	0	0.0
		1)	vo	0	0	0.0
			1)	vol	95	1859	0.0015350088
			2)	vor	231	1057	8.7278336E-4
			3)	vo_	303	886	7.3158566E-4
			4)	vot	883	242	1.9982363E-4
			5)	von	943	213	1.7587782E-4
		2)	ve	0	0	0.0
			1)	ver	120	1637	0.0013516995
			2)	ve_	224	1076	8.88472E-4
			3)	ven	261	968	7.992945E-4
			4)	vel	783	297	2.452381E-4
			5)	ved	824	277	2.2872374E-4
		3)	va	0	0	0.0
			1)	va_	176	1309	0.0010808641
			2)	val	572	452	3.732243E-4
			3)	van	653	383	3.162498E-4
			4)	vat	698	352	2.9065256E-4
			5)	var	708	341	2.8156966E-4
			6)	vam	907	228	1.8826358E-4
		4)	vi	0	0	0.0
			1)	vi_	391	698	5.763508E-4
			2)	vis	460	578	4.772647E-4
			3)	vit	522	497	4.103816E-4
			4)	vil	579	444	3.6661857E-4
			5)	via	782	297	2.452381E-4
			6)	vid	890	236	1.9486932E-4
		5)	vr	0	0	0.0
			1)	vre	642	396	3.2698413E-4
		6)	vv	0	0	0.0
			1)	vvi	846	266	2.1964085E-4
			2)	vve	949	211	1.7422638E-4
	17)	u	0	0	0.0
		1)	ur	0	0	0.0
			1)	uro	97	1841	0.0015201458
			2)	ura	160	1380	0.00113949
			3)	ure	466	574	4.7396182E-4
			4)	uri	724	330	2.7248677E-4
		2)	un	0	0	0.0
			1)	uni	158	1390	0.0011477473
			2)	unt	467	574	4.7396182E-4
			3)	une	776	301	2.4854095E-4
			4)	ung	826	276	2.2789802E-4
			5)	unz	976	204	1.6844636E-4
		3)	ut	0	0	0.0
			1)	uto	242	1010	8.339746E-4
			2)	utt	264	955	7.885602E-4
			3)	uti	422	641	5.292849E-4
			4)	uta	448	598	4.93779E-4
			5)	ute	774	302	2.4936668E-4
		4)	ua	0	0	0.0
			1)	ual	286	913	7.538801E-4
			2)	uar	517	501	4.1368444E-4
			3)	uaz	813	282	2.3285233E-4
			4)	uat	957	210	1.7340067E-4
		5)	up	0	0	0.0
			1)	upp	360	751	6.201138E-4
			2)	upa	605	425	3.509299E-4
		6)	uz	0	0	0.0
			1)	uzi	371	740	6.110309E-4
		7)	ul	0	0	0.0
			1)	ult	403	674	5.565336E-4
			2)	ula	863	254	2.0973224E-4
		8)	um	0	0	0.0
			1)	ume	468	573	4.731361E-4
		9)	us	0	0	0.0
			1)	ust	474	561	4.632275E-4
			2)	uss	700	350	2.8900112E-4
			3)	usi	820	279	2.3037517E-4
		10)	uo	0	0	0.0
			1)	uov	475	561	4.632275E-4
			2)	uol	970	205	1.6927208E-4
		11)	ue	0	0	0.0
			1)	ues	506	515	4.252445E-4
			2)	ue_	626	407	3.36067E-4
			3)	uen	886	240	1.9817219E-4
		12)	ub	0	0	0.0
			1)	ubb	725	330	2.7248677E-4
		13)	uò	0	0	0.0
			1)	uò_	790	294	2.4276093E-4
		14)	ui	0	0	0.0
			1)	uir	811	283	2.3367805E-4
			2)	uit	868	250	2.0642937E-4
			3)	uis	894	233	1.9239217E-4
		15)	ud	0	0	0.0
			1)	udi	864	254	2.0973224E-4
	18)	b	0	0	0.0
		1)	bi	0	0	0.0
			1)	bil	103	1796	0.0014829886
			2)	bia	427	630	5.20202E-4
			3)	bie	483	550	4.541446E-4
			4)	bit	738	322	2.65881E-4
		2)	bb	0	0	0.0
			1)	bbe	334	808	6.671797E-4
			2)	bbi	497	527	4.351531E-4
			3)	bbl	754	311	2.5679814E-4
		3)	be	0	0	0.0
			1)	be_	428	630	5.20202E-4
			2)	ber	591	435	3.591871E-4
			3)	ben	916	225	1.8578643E-4
		4)	br	0	0	0.0
			1)	bri	557	466	3.8478433E-4
		5)	bl	0	0	0.0
			1)	ble	641	398	3.2863556E-4
			2)	bli	748	316	2.6092672E-4
		6)	ba	0	0	0.0
			1)	bas	747	317	2.6175243E-4
			2)	ban	913	226	1.8661215E-4
			3)	bat	935	218	1.800064E-4
	19)	g	0	0	0.0
		1)	gr	0	0	0.0
			1)	gra	107	1767	0.0014590428
			2)	gru	732	325	2.6835818E-4
		2)	gi	0	0	0.0
			1)	gio	118	1640	0.0013541767
			2)	giu	289	913	7.538801E-4
			3)	gia	639	399	3.2946127E-4
			4)	gi_	711	339	2.7991823E-4
			5)	già	763	307	2.5349527E-4
			6)	gis	940	215	1.7752926E-4
		3)	gg	0	0	0.0
			1)	ggi	171	1332	0.0010998556
		4)	gn	0	0	0.0
			1)	gno	189	1235	0.0010197611
			2)	gni	688	359	2.9643258E-4
			3)	gna	762	307	2.5349527E-4
		5)	gl	0	0	0.0
			1)	gli	316	843	6.960798E-4
		6)	go	0	0	0.0
			1)	go_	470	568	4.6900753E-4
			2)	gov	696	354	2.9230397E-4
			3)	gol	796	292	2.411095E-4
			4)	gon	979	204	1.6844636E-4
		7)	gu	0	0	0.0
			1)	gua	492	536	4.4258457E-4
			2)	gui	896	233	1.9239217E-4
		8)	ge	0	0	0.0
			1)	gen	507	513	4.2359307E-4
			2)	get	615	417	3.443242E-4
			3)	ger	652	384	3.170755E-4
		9)	ga	0	0	0.0
			1)	gar	685	361	2.98084E-4
			2)	ga_	723	331	2.7331247E-4
			3)	gan	751	313	2.5844955E-4
			4)	gat	918	224	1.849607E-4
		10)	gh	0	0	0.0
			1)	ghi	743	318	2.6257816E-4
	20)	f	0	0	0.0
		1)	fo	0	0	0.0
			1)	for	175	1314	0.0010849928
			2)	fon	513	507	4.1863875E-4
		2)	fi	0	0	0.0
			1)	fic	180	1296	0.0010701298
			2)	fin	196	1188	9.809524E-4
		3)	fe	0	0	0.0
			1)	fer	393	696	5.7469937E-4
			2)	fet	921	223	1.8413499E-4
		4)	ff	0	0	0.0
			1)	ffi	437	618	5.102934E-4
			2)	ffe	573	451	3.723986E-4
		5)	fa	0	0	0.0
			1)	far	482	550	4.541446E-4
			2)	fat	504	517	4.2689592E-4
			3)	fav	805	287	2.3698091E-4
		6)	fr	0	0	0.0
			1)	fro	525	495	4.0873015E-4
		7)	fu	0	0	0.0
			1)	fun	954	211	1.7422638E-4
	21)	q	0	0	0.0
		1)	qu	0	0	0.0
			1)	qua	279	935	7.720458E-4
			2)	que	377	729	6.01948E-4
			3)	qui	704	344	2.840468E-4
	22)	h	0	0	0.0
		1)	he	0	0	0.0
			1)	he_	378	728	6.0112233E-4
		2)	hi	0	0	0.0
			1)	hia	465	576	4.7561325E-4
			2)	hie	549	472	3.8973865E-4
			3)	hi_	553	470	3.880872E-4
		3)	hé	0	0	0.0
			1)	hé_	911	227	1.8743786E-4
