Finnish	2	1090449	291
	1)	n	0	0	0.0
		1)	n_	1	35761	0.029814549
		2)	nt	44	6726	0.0056075794
		3)	ne	50	6509	0.005426663
		4)	nn	64	5344	0.004455383
		5)	ni	75	4826	0.0040235175
		6)	na	103	3339	0.0027837805
		7)	no	111	2918	0.0024327857
		8)	ns	128	2443	0.0020367703
		9)	nk	162	1740	0.0014506673
		10)	nä	178	1467	0.0012230626
		11)	nu	185	1273	0.0010613216
		12)	nv	208	1021	8.512249E-4
		13)	ny	232	674	5.619252E-4
		14)	nö	234	615	5.1273586E-4
		15)	nj	242	507	4.2269443E-4
		16)	ng	247	469	3.910132E-4
		17)	np	264	382	3.1847984E-4
		18)	nm	268	373	3.1097638E-4
		19)	nh	285	255	2.1259779E-4
		20)	nl	288	228	1.9008743E-4
	2)	i	0	0	0.0
		1)	is	2	27614	0.023022257
		2)	in	10	14610	0.012180603
		3)	it	15	12938	0.010786628
		4)	i_	46	6714	0.005597575
		5)	ii	58	5855	0.0048814123
		6)	ie	60	5645	0.0047063315
		7)	io	65	5253	0.0043795146
		8)	il	68	5084	0.004238616
		9)	ia	71	5022	0.004186926
		10)	ik	72	5016	0.004181924
		11)	im	82	4495	0.0037475573
		12)	id	136	2340	0.0019508974
		13)	iv	155	1855	0.0015465447
		14)	ir	175	1500	0.0012505753
		15)	ih	183	1340	0.0011171806
		16)	iä	203	1076	8.970793E-4
		17)	ij	224	769	6.411283E-4
		18)	ip	246	476	3.968492E-4
	3)	a	0	0	0.0
		1)	a_	3	27468	0.022900535
		2)	an	14	13006	0.010843322
		3)	aa	17	12345	0.010292235
		4)	al	21	11014	0.009182557
		5)	ai	30	9302	0.007755234
		6)	as	43	6733	0.0056134155
		7)	ar	51	6432	0.005362467
		8)	at	56	6052	0.0050456543
		9)	am	77	4687	0.0039076307
		10)	av	93	3852	0.0032114773
		11)	ak	117	2728	0.0022743796
		12)	au	122	2522	0.002102634
		13)	aj	145	2125	0.0017716483
		14)	ah	156	1833	0.001528203
		15)	ap	194	1180	9.837858E-4
		16)	ad	266	379	3.159787E-4
		17)	ae	286	232	1.9342231E-4
	4)	t	0	0	0.0
		1)	ta	4	24088	0.02008257
		2)	te	8	15101	0.0125899585
		3)	tt	9	14786	0.012327338
		4)	tä	19	11994	0.0099996
		5)	ti	23	10508	0.008760696
		6)	tu	28	9632	0.008030361
		7)	t_	39	7202	0.0060044285
		8)	to	48	6562	0.00547085
		9)	ty	74	4842	0.004036857
		10)	tö	133	2369	0.001975075
		11)	tk	207	1032	8.603958E-4
		12)	ts	214	881	7.3450455E-4
		13)	tr	282	278	2.3177329E-4
	5)	e	0	0	0.0
		1)	en	5	23392	0.019502304
		2)	el	24	10233	0.008531424
		3)	et	31	8613	0.007180803
		4)	es	32	8335	0.00694903
		5)	ee	52	6394	0.0053307856
		6)	e_	55	6074	0.005063996
		7)	ei	66	5214	0.004347
		8)	er	90	3931	0.003277341
		9)	em	102	3359	0.0028004549
		10)	eu	110	3006	0.0025061527
		11)	eh	121	2623	0.0021868392
		12)	ek	151	1982	0.0016524268
		13)	ev	166	1665	0.0013881385
		14)	ed	199	1141	9.512709E-4
		15)	ea	228	716	5.969413E-4
		16)	eä	237	577	4.8105462E-4
		17)	eg	243	500	4.168584E-4
		18)	ep	262	402	3.3515418E-4
		19)	ej	289	223	1.8591886E-4
		20)	eo	290	213	1.7758169E-4
	6)	s	0	0	0.0
		1)	st	6	22137	0.01845599
		2)	si	7	15162	0.012640815
		3)	se	11	14356	0.011968839
		4)	sa	29	9435	0.007866118
		5)	ss	36	7592	0.0063295783
		6)	su	104	3276	0.0027312564
		7)	sä	107	3072	0.002561178
		8)	sk	114	2807	0.0023402432
		9)	s_	124	2481	0.0020684514
		10)	so	142	2196	0.0018308422
		11)	sy	150	2027	0.0016899441
		12)	sö	255	434	3.618331E-4
		13)	sl	257	425	3.5432965E-4
		14)	sv	258	420	3.5016108E-4
		15)	sp	265	379	3.159787E-4
		16)	sm	284	262	2.1843381E-4
	7)	_	0	0	0.0
		1)	_k	12	13902	0.011590332
		2)	_t	13	13836	0.011535306
		3)	_p	26	10014	0.00834884
		4)	_v	34	7943	0.006622213
		5)	_s	35	7874	0.0065646865
		6)	_m	41	7072	0.0058960454
		7)	_a	49	6539	0.0054516746
		8)	_e	69	5071	0.004227778
		9)	_o	78	4685	0.0039059634
		10)	_h	84	4238	0.003533292
		11)	_l	85	4215	0.0035141164
		12)	_j	97	3663	0.0030539047
		13)	_y	109	3027	0.002523661
		14)	_r	115	2799	0.0023335735
		15)	_n	131	2424	0.0020209297
		16)	_u	153	1876	0.0015640528
		17)	_i	186	1271	0.001059654
		18)	_d	249	463	3.8601088E-4
		19)	_ä	270	359	2.9930435E-4
	8)	m	0	0	0.0
		1)	mi	16	12419	0.010353929
		2)	ma	47	6625	0.0055233743
		3)	me	63	5408	0.0045087407
		4)	mm	100	3567	0.002973868
		5)	mu	113	2834	0.0023627535
		6)	mä	118	2703	0.0022535366
		7)	my	192	1203	0.0010029613
		8)	mp	217	852	7.1032677E-4
		9)	mo	225	758	6.319574E-4
	9)	ä	0	0	0.0
		1)	ä_	18	12012	0.010014607
		2)	ää	45	6717	0.005600076
		3)	än	70	5037	0.0041994317
		4)	äs	105	3252	0.0027112472
		5)	ät	126	2469	0.0020584469
		6)	är	127	2444	0.0020376039
		7)	äm	144	2136	0.0017808191
		8)	äl	147	2081	0.0017349648
		9)	äi	152	1915	0.0015965678
		10)	äv	160	1780	0.001484016
		11)	äy	171	1517	0.0012647484
		12)	äk	181	1377	0.0011480281
		13)	äh	226	740	6.1695045E-4
		14)	äd	281	284	2.3677558E-4
	10)	l	0	0	0.0
		1)	ll	20	11561	0.0096386
		2)	li	27	9961	0.008304654
		3)	la	33	8107	0.0067589423
		4)	le	59	5717	0.004766359
		5)	lu	76	4818	0.004016848
		6)	lt	92	3894	0.0032464934
		7)	lm	137	2307	0.0019233847
		8)	lo	138	2299	0.0019167151
		9)	lä	167	1620	0.0013506213
		10)	lk	206	1035	8.628969E-4
		11)	lv	209	944	7.870287E-4
		12)	ly	215	878	7.3200336E-4
		13)	lp	248	469	3.910132E-4
		14)	lj	256	426	3.5516339E-4
		15)	lö	283	268	2.2343612E-4
	11)	v	0	0	0.0
		1)	va	22	10767	0.008976629
		2)	vä	83	4373	0.0036458438
		3)	vi	88	4067	0.0033907264
		4)	vo	91	3906	0.003256498
		5)	vu	196	1175	9.796172E-4
		6)	ve	204	1049	8.7456894E-4
	12)	o	0	0	0.0
		1)	oi	25	10088	0.008410536
		2)	on	53	6340	0.0052857646
		3)	os	73	4956	0.0041319006
		4)	ol	81	4641	0.0038692798
		5)	om	86	4212	0.0035116153
		6)	ot	89	3940	0.0032848443
		7)	oh	130	2428	0.0020242645
		8)	ok	163	1687	0.0014064803
		9)	op	168	1612	0.0013439516
		10)	oj	173	1513	0.0012614136
		11)	o_	176	1488	0.0012405707
		12)	ou	184	1308	0.0010905017
		13)	or	189	1211	0.0010096311
		14)	oo	201	1087	9.062502E-4
		15)	oa	202	1080	9.004142E-4
		16)	od	218	849	7.078256E-4
		17)	ov	233	637	5.310776E-4
	13)	k	0	0	0.0
		1)	ks	37	7427	0.006192015
		2)	ko	38	7318	0.00610114
		3)	ke	40	7137	0.005950237
		4)	ka	42	6884	0.0057393066
		5)	ki	61	5607	0.0046746503
		6)	ku	99	3627	0.003023891
		7)	kä	129	2442	0.0020359366
		8)	kk	141	2237	0.0018650246
		9)	ky	195	1176	9.80451E-4
		10)	kr	251	452	3.7684E-4
		11)	kt	254	436	3.6350056E-4
		12)	kö	273	337	2.809626E-4
	14)	u	0	0	0.0
		1)	us	54	6230	0.005194056
		2)	uu	57	6031	0.0050281463
		3)	ut	62	5494	0.0045804405
		4)	uk	79	4672	0.0038951251
		5)	un	87	4123	0.0034374145
		6)	uo	96	3680	0.003068078
		7)	ul	123	2499	0.0020834585
		8)	ud	132	2419	0.002016761
		9)	uh	148	2075	0.0017299624
		10)	ur	154	1864	0.0015540482
		11)	uv	169	1608	0.0013406167
		12)	ue	174	1503	0.0012530764
		13)	ua	188	1227	0.0010229705
		14)	u_	190	1208	0.0010071299
		15)	um	197	1164	9.704464E-4
		16)	ui	205	1039	8.662318E-4
		17)	uj	239	543	4.5270825E-4
		18)	up	244	498	4.15191E-4
	15)	d	0	0	0.0
		1)	de	67	5097	0.004249455
		2)	do	161	1780	0.001484016
		3)	di	182	1362	0.0011355224
		4)	dä	200	1094	9.120862E-4
		5)	da	219	841	7.0115586E-4
		6)	du	245	487	4.060201E-4
		7)	dy	279	296	2.467802E-4
	16)	p	0	0	0.0
		1)	pa	80	4650	0.0038767834
		2)	pu	106	3179	0.002650386
		3)	pi	139	2268	0.0018908698
		4)	pä	149	2032	0.0016941127
		5)	pe	157	1832	0.0015273693
		6)	po	170	1547	0.00128976
		7)	pp	230	699	5.8276806E-4
		8)	py	231	698	5.8193435E-4
		9)	pr	269	368	3.068078E-4
	17)	h	0	0	0.0
		1)	ht	94	3831	0.0031939691
		2)	he	119	2688	0.0022410308
		3)	ha	125	2476	0.002064283
		4)	hd	140	2264	0.001887535
		5)	hi	179	1435	0.0011963836
		6)	hu	187	1236	0.001030474
		7)	ho	210	939	7.828601E-4
		8)	hy	211	915	7.628509E-4
		9)	hj	222	779	6.494654E-4
		10)	hm	236	595	4.960615E-4
		11)	hä	275	312	2.6011965E-4
	18)	r	0	0	0.0
		1)	ra	95	3692	0.0030780826
		2)	ri	98	3659	0.00305057
		3)	rk	120	2685	0.0022385297
		4)	rv	134	2363	0.001970073
		5)	ro	159	1824	0.0015206995
		6)	rj	180	1389	0.0011580327
		7)	rl	191	1203	0.0010029613
		8)	re	193	1202	0.0010021277
		9)	rt	212	890	7.42008E-4
		10)	ru	216	869	7.244999E-4
		11)	rä	220	840	7.0032215E-4
		12)	ry	240	519	4.3269905E-4
		13)	rr	263	398	3.318193E-4
		14)	rm	267	373	3.1097638E-4
		15)	rs	287	231	1.9258859E-4
	19)	j	0	0	0.0
		1)	ja	101	3551	0.0029605285
		2)	jä	108	3061	0.0025520073
		3)	je	112	2863	0.0023869313
		4)	jo	146	2099	0.0017499716
		5)	ju	241	517	4.310316E-4
		6)	ji	259	414	3.4515877E-4
	20)	y	0	0	0.0
		1)	yt	116	2787	0.0023235688
		2)	ys	135	2360	0.0019675717
		3)	yh	143	2173	0.0018116666
		4)	yk	158	1828	0.0015240344
		5)	yö	165	1675	0.0013964757
		6)	yy	172	1515	0.001263081
		7)	ym	177	1484	0.0012372358
		8)	yv	198	1143	9.5293834E-4
		9)	yn	213	889	7.4117427E-4
		10)	yr	223	778	6.486317E-4
		11)	yi	227	720	6.002761E-4
		12)	y_	229	709	5.9110526E-4
		13)	yd	235	612	5.1023473E-4
		14)	yl	238	545	4.5437567E-4
		15)	yä	252	447	3.7267143E-4
	21)	ö	0	0	0.0
		1)	ön	164	1675	0.0013964757
		2)	ös	221	835	6.9615355E-4
		3)	ök	250	455	3.7934116E-4
		4)	öt	253	442	3.6850284E-4
		5)	ö_	260	411	3.4265761E-4
		6)	öl	271	353	2.9430204E-4
		7)	öi	276	305	2.5428363E-4
		8)	öm	277	304	2.5344992E-4
		9)	öö	278	301	2.5094877E-4
		10)	öj	280	292	2.4344532E-4
		11)	öä	291	209	1.7424682E-4
	22)	g	0	0	0.0
		1)	gi	261	410	3.418239E-4
		2)	ge	272	351	2.9263462E-4
		3)	ga	274	332	2.76794E-4
