Finnish	2	56816748	432
	1)	n	0	0	0.0
		1)	n_	1	2188316	0.03457941
		2)	ne	55	312915	0.004944632
		3)	nt	64	284309	0.0044926046
		4)	nn	79	227984	0.003602566
		5)	ni	80	225834	0.003568592
		6)	na	107	157696	0.0024918865
		7)	ns	126	122029	0.0019282824
		8)	no	127	121411	0.0019185168
		9)	nk	133	112528	0.0017781492
		10)	nä	144	104333	0.0016486531
		11)	nu	196	57909	9.150686E-4
		12)	ny	211	45042	7.1174634E-4
		13)	nv	212	43699	6.9052447E-4
		14)	nö	237	27112	4.2841941E-4
		15)	ng	243	22243	3.5148027E-4
		16)	nj	259	17347	2.7411446E-4
		17)	np	263	16704	2.639539E-4
		18)	nm	272	15206	2.4028274E-4
		19)	nl	286	10834	1.711971E-4
		20)	nh	292	9870	1.5596414E-4
		21)	nf	303	5633	8.901175E-5
		22)	nr	330	3190	5.040786E-5
		23)	nd	332	2919	4.6125562E-5
	2)	a	0	0	0.0
		1)	a_	2	1694717	0.026779642
		2)	an	17	668102	0.010557239
		3)	aa	19	582869	0.009210401
		4)	ai	29	493886	0.007804306
		5)	al	34	454721	0.007185427
		6)	as	56	310484	0.0049062176
		7)	at	59	303447	0.00479502
		8)	ar	72	260276	0.004112839
		9)	am	88	200793	0.0031728982
		10)	av	100	172562	0.0027267965
		11)	ak	129	116142	0.0018352569
		12)	au	139	107892	0.0017048918
		13)	aj	161	83122	0.0013134803
		14)	ah	166	79923	0.0012629302
		15)	ap	188	62857	9.932561E-4
		16)	ad	270	15477	2.4456505E-4
		17)	ae	290	9972	1.5757592E-4
		18)	ao	318	4417	6.979671E-5
		19)	ag	349	1918	3.0307923E-5
		20)	ab	355	1701	2.6878924E-5
		21)	af	365	1196	1.8898998E-5
		22)	ay	383	699	1.1045484E-5
		23)	ac	417	282	4.456118E-6
	3)	i	0	0	0.0
		1)	is	3	1175816	0.018580053
		2)	in	11	784020	0.012388957
		3)	it	16	673730	0.010646172
		4)	i_	27	506084	0.007997057
		5)	ii	48	336855	0.005322928
		6)	ik	65	282905	0.0044704187
		7)	ie	71	260810	0.004121277
		8)	il	73	253453	0.004005023
		9)	ia	78	228797	0.0036154129
		10)	im	84	211103	0.0033358152
		11)	io	87	200908	0.0031747154
		12)	id	105	161020	0.002544412
		13)	iv	143	105000	0.0016591928
		14)	ih	167	79676	0.0012590272
		15)	ir	197	57197	9.0381765E-4
		16)	iä	209	45216	7.144959E-4
		17)	ij	224	37477	5.9220544E-4
		18)	ip	245	21052	3.3266027E-4
		19)	iu	308	5109	8.073159E-5
		20)	iö	317	4444	7.022337E-5
		21)	iy	351	1821	2.8775145E-5
		22)	ib	352	1779	2.8111468E-5
		23)	if	353	1748	2.762161E-5
		24)	ig	369	1094	1.728721E-5
		25)	ic	401	384	6.0679054E-6
	4)	e	0	0	0.0
		1)	en	4	1162974	0.018377125
		2)	et	24	531633	0.008400778
		3)	el	37	442802	0.006997085
		4)	e_	41	400283	0.0063252067
		5)	es	44	395644	0.006251902
		6)	ei	49	332679	0.005256939
		7)	ee	68	271096	0.0042838147
		8)	er	94	191947	0.0030331153
		9)	em	102	171462	0.0027094146
		10)	eu	123	127018	0.0020071177
		11)	eh	134	110295	0.0017428637
		12)	ek	140	106353	0.0016805728
		13)	ev	175	74532	0.0011777425
		14)	ed	200	55493	8.7689137E-4
		15)	ea	226	36800	5.8150763E-4
		16)	eä	241	23071	3.6456418E-4
		17)	ey	265	16583	2.6204187E-4
		18)	eg	271	15369	2.4285844E-4
		19)	ep	273	14945	2.3615846E-4
		20)	ej	289	9990	1.5786036E-4
		21)	eo	296	8211	1.2974888E-4
		22)	eb	412	319	5.040786E-6
		23)	ec	421	246	3.8872518E-6
	5)	t	0	0	0.0
		1)	ta	5	1136119	0.017952768
		2)	tä	8	840452	0.013280686
		3)	tt	10	809684	0.012794495
		4)	te	15	698560	0.011038532
		5)	ti	32	469067	0.0074121202
		6)	tu	40	409103	0.006464579
		7)	t_	42	396718	0.0062688733
		8)	to	62	297191	0.004696164
		9)	ty	83	214380	0.0033875979
		10)	tö	152	94709	0.0014965762
		11)	tk	170	78402	0.0012388956
		12)	ts	214	42251	6.6764344E-4
		13)	tr	291	9874	1.5602734E-4
		14)	tl	377	813	1.2846894E-5
		15)	tn	381	708	1.1187701E-5
		16)	th	387	599	9.4653005E-6
		17)	tj	394	438	6.9212047E-6
		18)	tp	418	272	4.2980996E-6
	6)	s	0	0	0.0
		1)	st	6	974946	0.015405938
		2)	si	9	817775	0.0129223475
		3)	se	14	700162	0.011063846
		4)	sa	38	435442	0.0068807835
		5)	ss	47	350681	0.0055414042
		6)	s_	99	174028	0.002749962
		7)	sä	104	161076	0.0025452967
		8)	su	114	143503	0.002267611
		9)	sk	117	137700	0.002175913
		10)	so	154	93692	0.0014805057
		11)	sy	163	81854	0.0012934436
		12)	sv	242	22331	3.5287082E-4
		13)	sm	261	17056	2.6951614E-4
		14)	sp	262	16891	2.6690884E-4
		15)	sl	269	15814	2.4989026E-4
		16)	sö	277	13052	2.0624558E-4
		17)	sj	315	4504	7.1171475E-5
		18)	sn	323	3880	6.1311126E-5
		19)	sr	329	3225	5.0960924E-5
		20)	sh	333	2909	4.5967543E-5
		21)	sd	390	549	8.675209E-6
		22)	sb	392	491	7.758702E-6
		23)	sc	420	262	4.1400813E-6
	7)	ä	0	0	0.0
		1)	ä_	7	899819	0.014218793
		2)	ää	58	307986	0.0048667444
		3)	än	61	298681	0.0047197086
		4)	äs	110	147771	0.0023350532
		5)	äm	119	132943	0.0021007436
		6)	ät	121	129126	0.002040428
		7)	äi	130	115901	0.0018314488
		8)	äl	145	103871	0.0016413527
		9)	är	149	99025	0.0015647769
		10)	äy	172	77044	0.0012174367
		11)	äk	177	71400	0.0011282512
		12)	äv	179	68942	0.0010894103
		13)	äh	213	43616	6.8921293E-4
		14)	äd	282	11487	1.815157E-4
		15)	äe	300	6569	1.0380227E-4
		16)	äj	304	5622	8.883793E-5
		17)	äp	310	4931	7.7918856E-5
		18)	äa	312	4734	7.4805896E-5
		19)	äo	321	4050	6.399744E-5
	8)	_	0	0	0.0
		1)	_t	12	761533	0.012033621
		2)	_k	13	725919	0.011470853
		3)	_j	18	592350	0.009360218
		4)	_o	22	544711	0.008607434
		5)	_s	25	528792	0.008355885
		6)	_e	26	528229	0.008346989
		7)	_m	31	483202	0.0076354793
		8)	_v	35	453452	0.0071653747
		9)	_p	39	422024	0.0066687544
		10)	_a	60	301495	0.004764175
		11)	_h	75	248530	0.0039272304
		12)	_n	90	198636	0.0031388137
		13)	_l	92	196198	0.0031002888
		14)	_y	112	145573	0.002300321
		15)	_r	142	105511	0.0016672676
		16)	_u	155	90200	0.0014253258
		17)	_i	176	72479	0.0011453014
		18)	_d	244	21872	3.456178E-4
		19)	_ä	258	17471	2.760739E-4
		20)	_b	295	8881	1.4033611E-4
		21)	_f	325	3695	5.8387788E-5
		22)	_g	338	2608	4.121119E-5
		23)	_ö	364	1205	1.9041214E-5
		24)	_c	379	787	1.2436046E-5
		25)	_w	404	372	5.8782834E-6
		26)	_z	413	309	4.882768E-6
	9)	l	0	0	0.0
		1)	ll	20	555009	0.008770162
		2)	li	36	451324	0.0071317484
		3)	la	45	372716	0.0058895973
		4)	le	51	326180	0.005154243
		5)	lu	91	197427	0.0031197092
		6)	lt	109	151404	0.0023924613
		7)	lä	120	130384	0.0020603067
		8)	lm	147	100344	0.0015856195
		9)	lo	148	99709	0.0015755853
		10)	lk	203	52825	8.34732E-4
		11)	ly	218	38745	6.122422E-4
		12)	lv	229	33945	5.363934E-4
		13)	lj	236	27570	4.3565664E-4
		14)	lö	278	12531	1.9801281E-4
		15)	lp	283	11390	1.7998292E-4
		16)	l_	348	1936	3.0592357E-5
		17)	lh	373	952	1.5043349E-5
		18)	ls	398	415	6.5577624E-6
		19)	lg	411	323	5.1039933E-6
		20)	lb	414	303	4.7879566E-6
		21)	ld	432	200	3.1603674E-6
	10)	v	0	0	0.0
		1)	va	21	551664	0.008717305
		2)	vä	86	206577	0.003264296
		3)	vi	89	199737	0.0031562115
		4)	vo	96	187494	0.0029627497
		5)	vu	174	74583	0.0011785484
		6)	ve	201	54041	8.539471E-4
		7)	vy	313	4723	7.463208E-5
	11)	m	0	0	0.0
		1)	mi	23	531802	0.008403448
		2)	ma	53	318364	0.005030736
		3)	me	57	308182	0.004869842
		4)	mm	95	190700	0.0030134104
		5)	mä	101	171493	0.0027099045
		6)	mu	106	158853	0.0025101693
		7)	my	159	85223	0.00134668
		8)	mo	219	38690	6.113731E-4
		9)	mp	225	37288	5.892189E-4
		10)	mb	386	606	9.575913E-6
		11)	m_	391	527	8.327568E-6
		12)	mö	419	268	4.2348925E-6
	12)	o	0	0	0.0
		1)	oi	28	504922	0.007978695
		2)	on	30	487006	0.0076955897
		3)	ol	52	320703	0.005067697
		4)	os	76	244160	0.0038581765
		5)	ot	81	224760	0.003551621
		6)	om	108	152974	0.0024172703
		7)	ok	125	124547	0.0019680713
		8)	o_	158	86824	0.0013719787
		9)	oh	164	81811	0.0012927641
		10)	op	165	81449	0.0012870438
		11)	ou	180	68338	0.001079866
		12)	or	190	61459	9.7116514E-4
		13)	ov	192	58874	9.303174E-4
		14)	oj	195	58187	9.194615E-4
		15)	oo	205	50790	8.025753E-4
		16)	oa	208	45252	7.1506476E-4
		17)	od	210	45212	7.144327E-4
		18)	oe	302	6420	1.014478E-4
		19)	og	322	3890	6.1469145E-5
		20)	of	347	2132	3.3689517E-5
		21)	ob	359	1321	2.0874228E-5
		22)	oy	361	1284	2.0289559E-5
	13)	k	0	0	0.0
		1)	ka	33	463667	0.0073267906
		2)	ks	46	365151	0.0057700565
		3)	ko	50	332254	0.0052502234
		4)	ke	54	314238	0.0049655377
		5)	ki	66	277088	0.0043784995
		6)	ku	77	236205	0.003732473
		7)	kä	115	141314	0.0022330207
		8)	kk	124	125807	0.0019879816
		9)	ky	194	58576	9.256084E-4
		10)	kt	250	18991	3.0009268E-4
		11)	kr	252	18657	2.9481488E-4
		12)	kö	266	16484	2.6047748E-4
		13)	kl	298	7226	1.1418408E-4
		14)	kn	306	5441	8.5977794E-5
		15)	kv	416	294	4.6457403E-6
		16)	k_	425	219	3.4606023E-6
	14)	j	0	0	0.0
		1)	ja	43	395686	0.006252566
		2)	jo	70	264018	0.0041719694
		3)	jä	118	135575	0.0021423341
		4)	je	146	103070	0.0016286954
		5)	ju	231	30120	4.7595132E-4
		6)	ji	249	19260	3.0434338E-4
		7)	jö	305	5579	8.815845E-5
		8)	jy	346	2205	3.484305E-5
		9)	jn	403	373	5.8940855E-6
	15)	u	0	0	0.0
		1)	us	63	284598	0.0044971714
		2)	ut	67	273824	0.0043269224
		3)	uu	74	251582	0.003975458
		4)	uk	82	220451	0.0034835308
		5)	uo	93	192728	0.0030454565
		6)	un	97	187173	0.0029576772
		7)	ul	128	116656	0.0018433791
		8)	ui	151	96274	0.0015213061
		9)	ur	153	93787	0.0014820069
		10)	ud	156	89070	0.0014074696
		11)	uh	157	86965	0.0013742067
		12)	ua	182	67605	0.0010682832
		13)	uv	184	66298	0.0010476302
		14)	u_	202	53062	8.384771E-4
		15)	um	206	48532	7.668948E-4
		16)	ue	228	34423	5.4394663E-4
		17)	uj	240	23601	3.7293916E-4
		18)	up	253	18509	2.924762E-4
		19)	ub	397	417	6.589366E-6
		20)	ug	400	395	6.2417257E-6
		21)	uy	429	207	3.2709802E-6
	16)	d	0	0	0.0
		1)	de	69	264141	0.004173913
		2)	do	169	78651	0.0012428303
		3)	dä	181	67914	0.0010731659
		4)	di	198	57057	9.016054E-4
		5)	da	207	46509	7.3492766E-4
		6)	du	247	20018	3.1632118E-4
		7)	dy	276	13168	2.0807859E-4
		8)	dj	337	2639	4.170105E-5
		9)	dö	376	874	1.3810805E-5
		10)	dr	388	590	9.323084E-6
		11)	ds	395	438	6.9212047E-6
		12)	d_	402	384	6.0679054E-6
	17)	p	0	0	0.0
		1)	pa	85	206646	0.0032653864
		2)	pu	122	128595	0.0020320374
		3)	pi	137	108004	0.0017066617
		4)	pä	160	84607	0.001336946
		5)	pe	171	77617	0.0012264912
		6)	po	187	63239	9.992924E-4
		7)	pp	227	35131	5.551343E-4
		8)	py	238	26143	4.1310742E-4
		9)	pr	257	17566	2.7757508E-4
		10)	ps	335	2786	4.4023916E-5
		11)	pö	339	2604	4.1147985E-5
		12)	pt	354	1735	2.7416187E-5
		13)	pl	366	1187	1.875678E-5
		14)	pk	384	680	1.0745249E-5
	18)	r	0	0	0.0
		1)	ri	98	182189	0.0028789209
		2)	ra	111	146406	0.0023134837
		3)	rk	131	114590	0.0018107325
		4)	rv	150	97457	0.0015399996
		5)	ro	162	83104	0.0013131959
		6)	rj	193	58813	9.2935347E-4
		7)	re	204	51246	8.0978096E-4
		8)	rl	215	40154	6.34507E-4
		9)	ru	216	39681	6.270327E-4
		10)	rt	222	38186	6.0340896E-4
		11)	rä	232	29901	4.7249073E-4
		12)	rr	248	19958	3.1537306E-4
		13)	ry	255	18145	2.8672433E-4
		14)	rm	264	16682	2.6360626E-4
		15)	rh	287	10755	1.6994876E-4
		16)	rs	288	10723	1.694431E-4
		17)	rp	301	6558	1.03628445E-4
		18)	rg	307	5357	8.465044E-5
		19)	rd	309	5037	7.9593854E-5
		20)	r_	370	1047	1.6544524E-5
		21)	rn	371	1000	1.5801837E-5
		22)	rö	374	926	1.4632501E-5
		23)	rb	399	396	6.2575273E-6
		24)	rc	431	203	3.207773E-6
	19)	h	0	0	0.0
		1)	ht	103	164072	0.002592639
		2)	he	113	145093	0.002292736
		3)	hd	136	110040	0.0017388342
		4)	ha	138	107914	0.0017052394
		5)	hi	183	67323	0.0010638271
		6)	hy	185	65545	0.0010357314
		7)	hu	199	55625	8.789772E-4
		8)	hä	221	38217	6.0389884E-4
		9)	ho	223	37858	5.98226E-4
		10)	hm	235	28907	4.5678372E-4
		11)	hj	267	16269	2.570801E-4
		12)	hk	281	11691	1.8473929E-4
		13)	hv	297	8093	1.2788427E-4
		14)	hn	319	4317	6.8216534E-5
		15)	hr	326	3443	5.4405726E-5
		16)	hö	357	1509	2.3844972E-5
		17)	hl	382	702	1.10928895E-5
	20)	y	0	0	0.0
		1)	yt	116	139710	0.0022076746
		2)	ys	132	112884	0.0017837746
		3)	yö	135	110043	0.0017388816
		4)	yh	141	105864	0.0016728457
		5)	yk	168	79540	0.0012568781
		6)	yv	178	70803	0.0011188175
		7)	yy	189	61617	9.736618E-4
		8)	ym	191	60834	9.61289E-4
		9)	yn	217	39394	6.224976E-4
		10)	yi	220	38578	6.0960324E-4
		11)	y_	230	32462	5.1295926E-4
		12)	yd	233	29828	4.713372E-4
		13)	yl	234	29645	4.6844545E-4
		14)	yr	239	25430	4.0184072E-4
		15)	yä	251	18910	2.9881275E-4
		16)	yj	299	6635	1.0484519E-4
		17)	ye	327	3442	5.4389922E-5
		18)	yp	345	2276	3.5964982E-5
		19)	ya	367	1116	1.763485E-5
	21)	ö	0	0	0.0
		1)	ös	173	76917	0.0012154299
		2)	ön	186	64880	0.0010252232
		3)	ök	246	20238	3.1979757E-4
		4)	öi	254	18151	2.8681915E-4
		5)	öt	256	18110	2.8617127E-4
		6)	ö_	260	17300	2.7337178E-4
		7)	öö	279	12457	1.9684348E-4
		8)	öl	280	12242	1.9344609E-4
		9)	öm	284	11258	1.7789708E-4
		10)	öj	285	10971	1.7336196E-4
		11)	öy	293	9537	1.5070212E-4
		12)	öä	294	9001	1.4223234E-4
		13)	öd	314	4507	7.121888E-5
		14)	öp	316	4481	7.080803E-5
		15)	öh	320	4053	6.404485E-5
		16)	öv	336	2728	4.310741E-5
		17)	ör	340	2598	4.1053172E-5
		18)	öa	344	2299	3.6328423E-5
		19)	öo	358	1382	2.183814E-5
		20)	öe	372	995	1.5722828E-5
	22)	g	0	0	0.0
		1)	ge	268	16261	2.5695367E-4
		2)	gi	274	14513	2.2933206E-4
		3)	ga	275	13795	2.1798634E-4
		4)	go	311	4837	7.643348E-5
		5)	gr	356	1620	2.5598976E-5
		6)	gl	368	1102	1.7413624E-5
		7)	gn	396	427	6.7473843E-6
		8)	g_	406	359	5.6728595E-6
		9)	gu	409	333	5.2620117E-6
	23)	f	0	0	0.0
		1)	fi	324	3743	5.9146278E-5
		2)	fe	328	3230	5.1039933E-5
		3)	fl	343	2329	3.6802478E-5
		4)	fr	350	1855	2.9312409E-5
		5)	fo	360	1309	2.0684605E-5
		6)	fa	380	725	1.1456332E-5
		7)	fu	385	610	9.63912E-6
		8)	fg	405	364	5.7518687E-6
		9)	fy	410	325	5.135597E-6
		10)	f_	424	240	3.792441E-6
		11)	ff	430	206	3.2551784E-6
	24)	b	0	0	0.0
		1)	bu	331	3183	5.0297247E-5
		2)	bi	334	2798	4.421354E-5
		3)	be	341	2575	4.068973E-5
		4)	ba	342	2552	4.032629E-5
		5)	bo	362	1261	1.9926116E-5
		6)	br	363	1260	1.9910314E-5
		7)	b_	375	910	1.43796715E-5
		8)	by	378	803	1.2688875E-5
		9)	bj	408	339	5.356823E-6
		10)	bs	426	211	3.3341876E-6
		11)	bl	427	211	3.3341876E-6
	25)	c	0	0	0.0
		1)	ch	389	570	9.007047E-6
		2)	co	393	484	7.648089E-6
		3)	ca	407	351	5.5464448E-6
		4)	ce	415	300	4.740551E-6
		5)	ci	422	243	3.8398466E-6
	26)	z	0	0	0.0
		1)	za	423	242	3.8240446E-6
		2)	zz	428	208	3.2867822E-6
