Spanish	2	29391881	497
	1)	e	0	0	0.0
		1)	e_	1	982688	0.028618267
		2)	es	9	559551	0.016295487
		3)	en	10	558784	0.01627315
		4)	er	22	313977	0.009143774
		5)	el	32	257961	0.0075124525
		6)	ec	55	154787	0.0045077745
		7)	em	79	116301	0.0033869683
		8)	ed	104	66314	0.0019312252
		9)	eg	110	61692	0.0017966212
		10)	ea	146	39413	0.0011478026
		11)	et	147	39128	0.0011395026
		12)	eb	148	38841	0.0011311445
		13)	ex	154	36904	0.0010747344
		14)	ev	172	28349	8.255919E-4
		15)	ef	177	26272	7.651046E-4
		16)	eñ	182	24899	7.251195E-4
		17)	eo	193	21793	6.3466525E-4
		18)	ej	199	20214	5.886809E-4
		19)	ep	202	19879	5.789249E-4
		20)	eu	214	16101	4.6890034E-4
		21)	ez	246	11325	3.2981156E-4
		22)	eq	278	6357	1.8513131E-4
		23)	ee	320	3183	9.269671E-5
		24)	ei	350	2162	6.29627E-5
		25)	ey	392	1096	3.191819E-5
		26)	eh	415	763	2.2220418E-5
		27)	eí	420	683	1.9890624E-5
		28)	eó	491	223	6.494303E-6
	2)	s	0	0	0.0
		1)	s_	2	922531	0.026866348
		2)	st	34	245982	0.007163595
		3)	se	37	212674	0.0061935848
		4)	si	61	145843	0.004247303
		5)	so	83	111101	0.0032355317
		6)	sa	95	77036	0.002243476
		7)	su	100	71655	0.0020867682
		8)	sp	122	53539	0.001559186
		9)	sc	208	17648	5.1395275E-4
		10)	sm	222	15141	4.409428E-4
		11)	sí	258	8343	2.4296847E-4
		12)	só	269	7177	2.0901172E-4
		13)	sf	275	6729	1.9596487E-4
		14)	sd	283	5601	1.6311476E-4
		15)	sl	293	4915	1.4313677E-4
		16)	sg	327	2950	8.591118E-5
		17)	sq	379	1386	4.0363695E-5
		18)	sé	408	874	2.5453008E-5
		19)	sv	427	605	1.7619073E-5
		20)	sr	455	397	1.1561607E-5
		21)	sb	480	259	7.5427106E-6
		22)	sá	485	245	7.1349964E-6
		23)	sh	495	212	6.173956E-6
	3)	a	0	0	0.0
		1)	a_	3	915735	0.026668433
		2)	ar	23	300754	0.008758689
		3)	as	25	296460	0.008633637
		4)	an	38	206453	0.006012414
		5)	ad	39	203707	0.005932444
		6)	al	45	190892	0.00555924
		7)	ac	46	181827	0.005295245
		8)	am	80	115896	0.0033751738
		9)	ab	103	68483	0.0019943917
		10)	at	107	63406	0.0018465371
		11)	ap	159	33860	9.860856E-4
		12)	ay	179	25767	7.503978E-4
		13)	aj	216	15968	4.6502706E-4
		14)	añ	217	15721	4.578338E-4
		15)	au	219	15546	4.5273738E-4
		16)	ag	223	15037	4.3791404E-4
		17)	av	232	13906	4.0497657E-4
		18)	aí	233	13713	3.9935595E-4
		19)	az	236	13070	3.8063023E-4
		20)	ah	271	7093	2.0656543E-4
		21)	af	274	6788	1.9768308E-4
		22)	aq	276	6609	1.9247018E-4
		23)	aú	334	2637	7.679586E-5
		24)	ae	348	2241	6.5263375E-5
		25)	ai	393	1060	3.086978E-5
		26)	ao	396	975	2.8394374E-5
		27)	aé	401	919	2.6763519E-5
	4)	o	0	0	0.0
		1)	o_	4	656879	0.019129915
		2)	os	13	435094	0.012670997
		3)	on	30	273243	0.007957501
		4)	or	35	244524	0.007121134
		5)	om	92	90121	0.002624543
		6)	ol	108	63258	0.001842227
		7)	ob	111	60395	0.0017588495
		8)	od	118	56836	0.0016552027
		9)	oc	125	52134	0.0015182691
		10)	op	130	49144	0.001431193
		11)	ot	150	38579	0.0011235144
		12)	oy	209	17473	5.088563E-4
		13)	og	221	15168	4.417291E-4
		14)	ov	268	7416	2.1597197E-4
		15)	of	280	5956	1.7345323E-4
		16)	oo	302	4515	1.3148779E-4
		17)	oh	319	3231	9.409459E-5
		18)	oa	349	2192	6.383638E-5
		19)	oq	370	1498	4.362541E-5
		20)	oz	373	1481	4.3130327E-5
		21)	oj	386	1203	3.503429E-5
		22)	oi	403	903	2.6297559E-5
		23)	ox	411	826	2.405513E-5
		24)	oe	416	744	2.1667092E-5
		25)	oí	428	596	1.7356972E-5
		26)	ou	460	365	1.0629688E-5
	5)	d	0	0	0.0
		1)	de	5	641790	0.018690487
		2)	do	40	202706	0.0059032924
		3)	da	47	177808	0.005178202
		4)	di	82	115239	0.0033560402
		5)	d_	127	51141	0.0014893505
		6)	du	178	25833	7.523199E-4
		7)	dr	254	9726	2.832448E-4
		8)	dí	291	5263	1.5327138E-4
		9)	dm	343	2412	7.024331E-5
		10)	dé	360	1829	5.3264932E-5
		11)	dó	378	1394	4.0596675E-5
		12)	dh	381	1366	3.9781247E-5
		13)	dq	429	584	1.7007502E-5
		14)	dv	453	430	1.2522647E-5
	6)	_	0	0	0.0
		1)	_e	6	636757	0.018543914
		2)	_d	7	632436	0.018418076
		3)	_l	11	517422	0.015068589
		4)	_p	12	440601	0.012831374
		5)	_a	15	377915	0.011005805
		6)	_c	16	345492	0.010061569
		7)	_s	19	329259	0.009588824
		8)	_q	36	222620	0.0064832363
		9)	_m	44	191151	0.005566783
		10)	_t	53	160392	0.0046710055
		11)	_y	62	144655	0.004212706
		12)	_n	63	141519	0.004121378
		13)	_r	69	130652	0.0038049044
		14)	_i	76	119460	0.0034789662
		15)	_u	77	118619	0.003454474
		16)	_h	81	115656	0.0033681844
		17)	_f	96	75783	0.0022069856
		18)	_o	101	71199	0.0020734882
		19)	_v	112	59972	0.0017465306
		20)	_g	153	37079	0.0010798308
		21)	_b	168	29484	8.586459E-4
		22)	_j	239	12574	3.661855E-4
		23)	_ú	262	7815	2.2759182E-4
		24)	_é	265	7501	2.1844739E-4
		25)	_á	300	4552	1.3256533E-4
		26)	_z	347	2306	6.715633E-5
		27)	_ó	407	883	2.571511E-5
		28)	_k	450	436	1.2697382E-5
		29)	_í	451	435	1.2668259E-5
		30)	_x	476	278	8.096037E-6
	7)	n	0	0	0.0
		1)	n_	8	566509	0.016498122
		2)	nt	21	318431	0.009273486
		3)	na	57	150999	0.0043974584
		4)	no	66	137640	0.004008412
		5)	ne	73	127969	0.0037267688
		6)	nc	87	98130	0.0028577845
		7)	nd	90	92108	0.0026824092
		8)	ni	98	73073	0.0021280637
		9)	ns	109	61724	0.0017975532
		10)	nu	161	32520	9.470616E-4
		11)	nf	166	29610	8.623153E-4
		12)	ng	231	13912	4.051513E-4
		13)	nv	243	11651	3.393055E-4
		14)	nm	253	10026	2.9198153E-4
		15)	nz	267	7430	2.1637969E-4
		16)	nó	282	5762	1.6780348E-4
		17)	nq	313	3515	1.0236536E-4
		18)	nj	316	3282	9.557983E-5
		19)	nú	340	2438	7.10005E-5
		20)	ní	355	2016	5.871083E-5
		21)	ná	384	1325	3.8587226E-5
		22)	nn	400	924	2.690913E-5
		23)	né	402	916	2.667615E-5
		24)	nl	448	439	1.2784749E-5
		25)	nh	468	311	9.0570775E-6
		26)	nr	471	302	8.794976E-6
	8)	l	0	0	0.0
		1)	la	14	422899	0.012315849
		2)	l_	26	295277	0.008599185
		3)	lo	42	193413	0.0056326576
		4)	le	72	129281	0.0037649774
		5)	li	91	91506	0.0026648776
		6)	lu	156	36708	0.0010690263
		7)	ll	158	34233	9.969483E-4
		8)	lt	187	22845	6.6530204E-4
		9)	lí	205	19219	5.597041E-4
		10)	lm	234	13492	3.929199E-4
		11)	lg	241	12158	3.5407057E-4
		12)	lv	301	4551	1.325362E-4
		13)	lc	317	3260	9.493914E-5
		14)	ld	323	3120	9.0862E-5
		15)	ló	336	2584	7.525237E-5
		16)	lq	345	2337	6.805913E-5
		17)	lá	353	2023	5.8914688E-5
		18)	ls	362	1681	4.8954815E-5
		19)	lp	413	783	2.2802868E-5
		20)	lé	417	712	2.0735173E-5
		21)	lb	465	343	9.988995E-6
		22)	ln	487	229	6.6690377E-6
		23)	lr	492	219	6.3778134E-6
	9)	u	0	0	0.0
		1)	ue	17	338636	0.009861905
		2)	un	49	174188	0.0050727786
		3)	ur	116	57144	0.0016641724
		4)	uc	133	46911	0.0013661626
		5)	ua	138	42705	0.0012436736
		6)	ui	141	41828	0.0012181333
		7)	us	143	40353	0.0011751776
		8)	ul	160	32989	9.6072E-4
		9)	ud	181	25158	7.326622E-4
		10)	um	188	22716	6.6154526E-4
		11)	u_	192	21861	6.3664553E-4
		12)	ut	195	21683	6.3146173E-4
		13)	up	210	17063	4.969161E-4
		14)	uy	218	15664	4.5617382E-4
		15)	ug	251	10178	2.9640814E-4
		16)	ub	259	8164	2.3775556E-4
		17)	ué	272	7073	2.0598299E-4
		18)	uí	296	4676	1.361765E-4
		19)	uj	314	3465	1.0090924E-4
		20)	uf	324	3101	9.030867E-5
		21)	uo	339	2510	7.309731E-5
		22)	uv	359	1831	5.332318E-5
		23)	uá	364	1649	4.8022895E-5
		24)	uz	367	1572	4.5780467E-5
		25)	uq	439	499	1.45320955E-5
	10)	c	0	0	0.0
		1)	ci	18	337217	0.0098205805
		2)	co	29	273383	0.007961579
		3)	ca	64	141257	0.0041137477
		4)	ce	93	89646	0.0026107098
		5)	cu	94	85202	0.0024812897
		6)	ct	105	66137	0.0019260704
		7)	ch	140	41954	0.0012218027
		8)	cr	162	32516	9.469451E-4
		9)	cl	190	22385	6.519057E-4
		10)	cc	204	19312	5.624125E-4
		11)	cí	310	3798	1.10607005E-4
		12)	có	326	3022	8.8008E-5
		13)	cn	328	2886	8.4047344E-5
		14)	cá	390	1105	3.218029E-5
		15)	cé	398	958	2.7899292E-5
		16)	c_	444	465	1.3541932E-5
	11)	r	0	0	0.0
		1)	re	20	324419	0.009447872
		2)	ra	27	286610	0.008346781
		3)	r_	31	272029	0.0079221465
		4)	ro	43	191780	0.0055851005
		5)	ri	74	126741	0.0036910065
		6)	rt	106	64286	0.0018721649
		7)	rm	119	56208	0.0016369139
		8)	rí	165	29632	8.62956E-4
		9)	rr	169	29353	8.5483084E-4
		10)	rá	171	28987	8.44172E-4
		11)	rs	175	26916	7.8385946E-4
		12)	rc	176	26718	7.7809324E-4
		13)	rd	189	22631	6.590698E-4
		14)	rg	203	19693	5.735081E-4
		15)	ru	213	16136	4.699196E-4
		16)	rn	230	14026	4.0847127E-4
		17)	rl	244	11468	3.339761E-4
		18)	rv	245	11451	3.33481E-4
		19)	rq	277	6367	1.8542254E-4
		20)	ré	287	5337	1.5542643E-4
		21)	rz	290	5308	1.5458188E-4
		22)	ró	297	4638	1.3506986E-4
		23)	rp	331	2750	8.00867E-5
		24)	rb	369	1506	4.385839E-5
		25)	rf	385	1304	3.7975657E-5
		26)	rj	412	813	2.3676539E-5
		27)	rú	497	200	5.824487E-6
	12)	t	0	0	0.0
		1)	te	24	298002	0.008678544
		2)	ta	28	275901	0.008034909
		3)	to	41	194242	0.0056568
		4)	ti	52	169176	0.004926817
		5)	tr	65	138500	0.004033457
		6)	tu	128	49978	0.001455481
		7)	tá	228	14250	4.149947E-4
		8)	té	281	5821	1.6952169E-4
		9)	tí	286	5531	1.6107618E-4
		10)	tó	341	2431	7.079664E-5
		11)	t_	394	1052	3.0636802E-5
		12)	tú	404	901	2.6239313E-5
		13)	tc	432	550	1.6017339E-5
		14)	tn	443	466	1.3571054E-5
		15)	tm	454	410	1.1940198E-5
		16)	ts	479	259	7.5427106E-6
	13)	q	0	0	0.0
		1)	qu	33	254737	0.0074185617
	14)	p	0	0	0.0
		1)	po	48	176070	0.0051275874
		2)	pr	56	153748	0.0044775163
		3)	pa	70	129868	0.0037820723
		4)	pe	84	111046	0.0032339299
		5)	pu	115	57881	0.0016856357
		6)	pl	136	43432	0.0012648456
		7)	pi	183	24845	7.235469E-4
		8)	pt	242	11665	3.397132E-4
		9)	pú	309	3974	1.1573255E-4
		10)	pc	321	3163	9.2114264E-5
		11)	pí	406	887	2.58316E-5
		12)	pá	419	683	1.9890624E-5
		13)	pó	424	617	1.7968543E-5
		14)	pé	436	521	1.5172789E-5
		15)	ps	486	244	7.105874E-6
	15)	i	0	0	0.0
		1)	in	50	173783	0.0050609843
		2)	ic	59	149783	0.004362046
		3)	ió	60	148807	0.0043336223
		4)	ie	67	135020	0.003932111
		5)	io	68	134549	0.0039183944
		6)	id	75	124921	0.0036380037
		7)	ia	78	117225	0.0034138774
		8)	is	88	96716	0.0028166054
		9)	im	97	74008	0.0021552932
		10)	it	102	68813	0.0020040022
		11)	ir	117	56914	0.0016574743
		12)	iv	123	52940	0.0015417417
		13)	il	151	38380	0.0011177191
		14)	ig	157	35334	0.0010290121
		15)	ib	167	29602	8.6208235E-4
		16)	iz	180	25683	7.479515E-4
		17)	i_	184	24057	7.005984E-4
		18)	if	197	20826	6.065038E-4
		19)	ié	200	19948	5.8093434E-4
		20)	ip	212	16896	4.9205264E-4
		21)	iu	292	5209	1.5169877E-4
		22)	iq	335	2604	7.583482E-5
		23)	ij	338	2516	7.3272044E-5
		24)	iá	371	1495	4.353804E-5
		25)	iñ	375	1467	4.272261E-5
	16)	m	0	0	0.0
		1)	me	51	169368	0.0049324087
		2)	mo	71	129358	0.0037672198
		3)	mi	85	108155	0.003149737
		4)	ma	86	107576	0.003132875
		5)	mp	99	71989	0.002096495
		6)	mb	121	54821	0.001596521
		7)	mu	142	40803	0.0011882827
		8)	má	164	30062	8.7547867E-4
		9)	mí	295	4799	1.3975857E-4
		10)	mú	322	3158	9.196865E-5
		11)	mé	357	1937	5.6410157E-5
		12)	mó	388	1164	3.3898516E-5
		13)	m_	425	612	1.7822931E-5
		14)	mn	431	552	1.6075584E-5
	17)	y	0	0	0.0
		1)	y_	54	157214	0.0045784544
		2)	ya	206	18520	5.393475E-4
		3)	yo	224	15019	4.3738986E-4
		4)	ye	257	8636	2.5150136E-4
		5)	yu	288	5329	1.5519345E-4
		6)	yó	489	227	6.6107928E-6
	18)	ó	0	0	0.0
		1)	ón	58	150933	0.0043955366
		2)	ó_	263	7792	2.2692201E-4
		3)	ól	264	7781	2.2660167E-4
		4)	óm	266	7453	2.1704951E-4
		5)	óx	344	2392	6.966086E-5
		6)	óg	352	2028	5.9060298E-5
		7)	ór	361	1805	5.2565996E-5
		8)	óv	383	1325	3.8587226E-5
		9)	ós	418	683	1.9890624E-5
		10)	ód	423	622	1.8114155E-5
		11)	óc	449	437	1.2726504E-5
		12)	óp	484	249	7.2514863E-6
		13)	óf	496	211	6.1448336E-6
	19)	h	0	0	0.0
		1)	ha	89	92756	0.0027012806
		2)	ho	139	42475	0.0012369754
		3)	he	194	21691	6.3169474E-4
		4)	hu	273	6838	1.991392E-4
		5)	hi	289	5317	1.5484399E-4
		6)	hí	372	1492	4.3450673E-5
	20)	b	0	0	0.0
		1)	br	113	59820	0.0017421041
		2)	bi	114	58143	0.0016932657
		3)	ba	131	48365	0.0014085065
		4)	bl	134	46784	0.001362464
		5)	be	152	38334	0.0011163794
		6)	bo	237	12930	3.7655307E-4
		7)	bu	248	11117	3.2375412E-4
		8)	bs	261	7868	2.2913532E-4
		9)	bj	279	6301	1.8350047E-4
		10)	bí	354	2021	5.885644E-5
		11)	bt	380	1367	3.981037E-5
		12)	bv	387	1182	3.442272E-5
		13)	bá	405	894	2.6035457E-5
		14)	b_	422	658	1.9162562E-5
		15)	bó	437	518	1.5085421E-5
		16)	bú	473	294	8.561996E-6
	21)	v	0	0	0.0
		1)	va	120	54922	0.0015994624
		2)	ve	129	49515	0.0014419974
		3)	vi	135	44515	0.0012963852
		4)	vo	149	38802	0.0011300087
		5)	ví	308	4110	1.19693206E-4
		6)	vé	351	2044	5.9526257E-5
		7)	vu	368	1569	4.56931E-5
		8)	vá	466	337	9.814261E-6
	22)	g	0	0	0.0
		1)	gu	124	52205	0.0015203367
		2)	ga	132	47965	0.0013968576
		3)	gr	155	36783	0.0010712105
		4)	go	174	27593	8.035753E-4
		5)	gi	185	23833	6.94075E-4
		6)	ge	201	19916	5.8000244E-4
		7)	gl	285	5543	1.6142566E-4
		8)	gn	303	4505	1.3119658E-4
		9)	gú	311	3790	1.1037403E-4
		10)	gí	315	3465	1.0090924E-4
		11)	gé	426	607	1.7677317E-5
		12)	g_	434	536	1.5609625E-5
		13)	gü	441	489	1.4240871E-5
		14)	gm	462	360	1.04840765E-5
		15)	gó	467	323	9.406546E-6
	23)	f	0	0	0.0
		1)	fi	126	51572	0.0015019022
		2)	fo	144	39848	0.0011604708
		3)	fe	173	27704	8.0680795E-4
		4)	fu	186	23477	6.837074E-4
		5)	fa	226	14532	4.2320724E-4
		6)	fr	235	13398	3.901824E-4
		7)	fl	284	5561	1.6194987E-4
		8)	fí	330	2781	8.098949E-5
		9)	fá	409	868	2.5278274E-5
		10)	ft	440	494	1.4386483E-5
		11)	fé	458	370	1.0775301E-5
		12)	fó	469	311	9.0570775E-6
	24)	í	0	0	0.0
		1)	ía	137	43236	0.0012591376
		2)	ít	207	18424	5.3655176E-4
		3)	ís	220	15188	4.4231155E-4
		4)	í_	227	14288	4.1610136E-4
		5)	íc	270	7125	2.0749735E-4
		6)	íd	318	3255	9.4793526E-5
		7)	ín	325	3086	8.9871835E-5
		8)	íf	332	2643	7.6970595E-5
		9)	ío	346	2332	6.791352E-5
		10)	ím	358	1893	5.512877E-5
		11)	ír	399	937	2.7287722E-5
		12)	íe	452	433	1.2610014E-5
		13)	íz	472	299	8.707608E-6
		14)	ív	481	255	7.426221E-6
		15)	íg	483	253	7.367976E-6
		16)	íb	488	229	6.6690377E-6
	25)	z	0	0	0.0
		1)	za	145	39810	0.0011593641
		2)	zo	249	10639	3.098336E-4
		3)	z_	250	10339	3.0109685E-4
		4)	zc	333	2642	7.694148E-5
		5)	zó	342	2429	7.0738395E-5
		6)	zá	382	1359	3.957739E-5
		7)	zg	457	378	1.100828E-5
		8)	zu	478	260	7.571833E-6
		9)	zm	493	216	6.290446E-6
		10)	zq	494	213	6.2030786E-6
	26)	ñ	0	0	0.0
		1)	ño	163	31613	9.206475E-4
		2)	ña	256	9513	2.7704172E-4
		3)	ñe	430	567	1.651242E-5
		4)	ñí	438	501	1.459034E-5
	27)	á	0	0	0.0
		1)	ás	170	29191	8.50113E-4
		2)	á_	191	22380	6.517601E-4
		3)	án	229	14085	4.101895E-4
		4)	ác	294	4849	1.4121468E-4
		5)	ám	298	4627	1.3474951E-4
		6)	át	304	4438	1.2924537E-4
		7)	ál	312	3516	1.0239448E-4
		8)	áp	365	1599	4.6566773E-5
		9)	ár	366	1584	4.612994E-5
		10)	áf	376	1454	4.234402E-5
		11)	áx	397	970	2.8248762E-5
		12)	ág	421	665	1.936642E-5
		13)	áb	433	537	1.5638747E-5
		14)	áu	461	361	1.0513199E-5
	28)	j	0	0	0.0
		1)	je	196	21009	6.1183324E-4
		2)	jo	211	17006	4.9525616E-4
		3)	ju	225	14555	4.2387703E-4
		4)	ja	240	12183	3.5479863E-4
		5)	jó	391	1099	3.2005555E-5
		6)	ji	456	394	1.147424E-5
		7)	jé	490	227	6.6107928E-6
	29)	é	0	0	0.0
		1)	én	198	20466	5.9601973E-4
		2)	és	247	11322	3.2972422E-4
		3)	é_	252	10067	2.9317554E-4
		4)	ér	306	4324	1.259254E-4
		5)	ét	329	2841	8.2736835E-5
		6)	éc	356	1990	5.7953646E-5
		7)	él	374	1477	4.3013835E-5
		8)	ég	377	1415	4.1208245E-5
		9)	éx	389	1149	3.3461678E-5
		10)	éd	395	1019	2.967576E-5
		11)	éf	447	439	1.2784749E-5
		12)	ép	463	358	1.04258315E-5
		13)	ém	474	284	8.270771E-6
		14)	éb	475	281	8.183404E-6
	30)	x	0	0	0.0
		1)	xi	215	16100	4.688712E-4
		2)	xp	255	9702	2.8254587E-4
		3)	xt	260	8097	2.3580436E-4
		4)	xc	305	4393	1.2793485E-4
		5)	xa	337	2549	7.423309E-5
		6)	xu	435	523	1.5231033E-5
		7)	xe	442	487	1.4182626E-5
		8)	xo	445	461	1.3425442E-5
		9)	xh	470	309	8.9988325E-6
	31)	ú	0	0	0.0
		1)	ún	238	12688	3.6950546E-4
		2)	úl	299	4587	1.335846E-4
		3)	úb	307	4137	1.2047951E-4
		4)	úm	363	1652	4.811026E-5
		5)	út	410	851	2.4783192E-5
		6)	úa	414	778	2.2657254E-5
		7)	úe	446	443	1.2901239E-5
		8)	ús	459	365	1.0629688E-5
		9)	úc	464	349	1.016373E-5
	32)	ü	0	0	0.0
		1)	üe	477	269	7.833935E-6
	33)	k	0	0	0.0
		1)	ki	482	254	7.3970987E-6
