_di	6794	0.00786244312053586	2
to_	6726	0.007783749253565527	2
_de	6528	0.007554611229151912	2
re_	5885	0.006810491281182445	2
la_	5830	0.00674684182995644	2
_co	5578	0.006455211617066386	2
ion	5515	0.006382304063843871	2
di_	5290	0.006121919945192037	2
le_	4953	0.005731922398589065	2
ne_	4787	0.005539816782161489	2
_in	4638	0.005367384632476496	2
ent	4592	0.005314150545996565	2
del	4294	0.004969286246626579	2
ell	4106	0.004751720849708601	2
one	3984	0.0046105347942618285	2
zio	3944	0.00456424428427928	2
che	3895	0.004507538409550658	2
he_	3866	0.004473977789813311	2
con	3514	0.004066621301966884	2
_ch	3420	0.003957838603507895	2
_la	3418	0.003955524078008767	2
te_	3405	0.003940479662264439	2
_pr	3308	0.003828225175556759	2
_e_	3250	0.003761103936082064	2
ti_	3237	0.0037460595203377355	2
lla	3209	0.0037136561633499517	2
nte	3167	0.0036650511278682758	2
per	3097	0.003584042735398816	2
no_	3025	0.0035007198174302288	2
_pe	2890	0.0033444893462391276	2
men	2853	0.00330167062450527	2
azi	2810	0.0032519083262740308	2
are	2694	0.00311766584732464	2
_un	2677	0.0030979923805820567	2
_qu	2636	0.0030505446078499445	2
_al	2620	0.0030320284038569253	2
li_	2559	0.002961435376133539	2
in_	2437	0.002820249320686766	2
_si	2425	0.0028063621676920015	2
_ri	2377	0.0027508135557129435	2
ta_	2343	0.002711466622227777	2
_il	2265	0.0026212001277618074	2
il_	2225	0.002574909617779259	2
_no	2085	0.0024128928328403395	2
pro	2010	0.002326098126623061	2
ni_	1947	0.002253190573400547	2
est	1947	0.002253190573400547	2
er_	1897	0.0021953274359223615	2
on_	1892	0.002189541122174543	2
_re	1864	0.002157137765186759	2
ato	1854	0.002145565137691122	2
ere	1832	0.00212010535720072	2
si_	1820	0.002106218204205956	2
ono	1815	0.002100431890458137	2
lle	1783	0.0020633994824720983	2
_po	1780	0.002059927694223407	2
nto	1779	0.0020587704314738433	2
_ne	1774	0.002052984117726025	2
_so	1766	0.0020437260157295154	2
ess	1744	0.0020182662352391137	2
el_	1722	0.001992806454748712	2
all	1717	0.0019870201410008936	2
ett	1703	0.0019708184625070015	2
sta	1699	0.0019661894115087465	2
ter	1693	0.0019592458350113644	2
io_	1664	0.0019256852152740166	2
que	1657	0.0019175843760270708	2
_se	1646	0.00190485448578187	2
_a_	1636	0.0018932818582862328	2
_le	1615	0.0018689793405453948	2
_su	1566	0.0018122734658167728	2
com	1548	0.0017914427363246261	2
_da	1547	0.0017902854735750624	2
pre	1542	0.0017844991598272438	2
ia_	1531	0.001771769269582043	2
ro_	1528	0.001768297481333352	2
ale	1528	0.001768297481333352	2
ame	1521	0.0017601966420864059	2
ica	1513	0.0017509385400898963	2
tra	1493	0.0017277932850986218	2
gli	1484	0.0017173779203525485	2
ali	1465	0.001695389928110838	2
ra_	1451	0.0016791882496169461	2
nti	1435	0.0016606720456239267	2
tto	1425	0.0016490994181282896	2
att	1412	0.0016340550023839612	2
ati	1409	0.0016305832141352702	2
ri_	1405	0.0016259541631370154	2
un_	1389	0.001607437959143996	2
do_	1384	0.0016016516453961774	2
rop	1378	0.0015947080688987951	2
_pa	1368	0.001583135441403158	2
mo_	1363	0.0015773491276553394	2
ssi	1358	0.001571562813907521	2
ost	1349	0.0015611474491614473	2
res	1328	0.0015368449314206094	2
non	1318	0.0015252723039249723	2
tti	1316	0.001522957778425845	2
ant	1310	0.0015160142019284627	2
za_	1293	0.0014963407351858795	2
na_	1287	0.0014893971586884972	2
ari	1283	0.0014847681076902424	2
oni	1280	0.0014812963194415513	2
tà_	1258	0.0014558365389511496	2
_è_	1250	0.00144657843695464	2
ues	1246	0.001441949385956385	2
lo_	1233	0.0014269049702120569	2
ei_	1233	0.0014269049702120569	2
se_	1229	0.001422275919213802	2
_st	1225	0.001417646868215547	2
str	1213	0.0014037597152207826	2
_ma	1206	0.0013956588759738366	2
enz	1201	0.001389872562226018	2
_es	1193	0.0013806144602295084	2
pos	1180	0.00136557004448518	2
ma_	1169	0.0013528401542399792	2
par	1161	0.0013435820522434696	2
ont	1156	0.001337795738495651	2
tiv	1153	0.0013343239502469598	2
so_	1148	0.0013285376364991412	2
nel	1117	0.0012926624912626662	2
tat	1110	0.0012845616520157203	2
una	1097	0.001269517236271392	2
iam	1094	0.001266045448022701	2
nor	1085	0.0012556300832766275	2
sti	1075	0.0012440574557809904	2
eri	1061	0.0012278557772870983	2
ico	1057	0.0012232267262888435	2
cor	1027	0.0011885088438019322	2
_an	1027	0.0011885088438019322	2
nta	1025	0.0011861943183028047	2
ten	1021	0.00118156526730455	2
ore	1015	0.0011746216908071676	2
tro	1012	0.0011711499025584765	2
_me	1009	0.0011676781143097853	2
int	992	0.0011480046475672023	2
rat	984	0.0011387465455706925	2
nza	984	0.0011387465455706925	2
qua	976	0.001129488443574183	2
tic	973	0.0011260166553254917	2
ità	964	0.0011156012905794183	2
tan	963	0.0011144440278298545	2
_i_	959	0.0011098149768315997	2
vol	958	0.001108657714082036	2
sto	958	0.001108657714082036	2
ist	958	0.001108657714082036	2
col	958	0.001108657714082036	2
_mi	953	0.0011028714003342174	2
ste	942	0.0010901415100890166	2
_mo	932	0.0010785688825933795	2
tta	925	0.0010704680433464336	2
uro	921	0.0010658389923481786	2
ca_	915	0.0010588954158507965	2
anc	914	0.0010577381531012328	2
me_	912	0.0010554236276021053	2
tar	902	0.0010438510001064682	2
rit	897	0.0010380646863586496	2
bil	880	0.0010183912196160664	2
al_	880	0.0010183912196160664	2
utt	879	0.001017233956866503	2
por	873	0.0010102903803691206	2
amo	868	0.001004504066621302	2
lit	865	0.0010010322783726108	2
ope	862	9.975604901239197E-4	1
sen	861	9.96403227374356E-4	1
ntr	861	9.96403227374356E-4	1
oli	860	9.952459646247922E-4	1
ese	859	9.940887018752285E-4	1
ire	856	9.906169136265374E-4	1
_tr	852	9.859878626282826E-4	1
sio	851	9.848305998787189E-4	1
da_	835	9.663143958856995E-4	1
era	829	9.593708193883172E-4	1
olt	827	9.570562938891898E-4	1
ort	822	9.512699801413712E-4	1
ver	814	9.420118781448615E-4	1
nzi	814	9.420118781448615E-4	1
ori	809	9.362255643970429E-4	1
ric	808	9.350683016474793E-4	1
gio	793	9.177093604040235E-4	1
eur	792	9.165520976544599E-4	1
_fa	792	9.165520976544599E-4	1
ris	789	9.130803094057687E-4	1
zia	781	9.03822207409259E-4	1
_ca	781	9.03822207409259E-4	1
rre	778	9.003504191605679E-4	1
der	778	9.003504191605679E-4	1
end	775	8.968786309118767E-4	1
sul	772	8.934068426631857E-4	1
ata	770	8.910923171640582E-4	1
dis	769	8.899350544144945E-4	1
ndo	768	8.887777916649308E-4	1
izi	768	8.887777916649308E-4	1
ran	765	8.853060034162396E-4	1
chi	765	8.853060034162396E-4	1
tor	763	8.829914779171122E-4	1
tut	760	8.79519689668421E-4	1
ora	759	8.783624269188574E-4	1
ci_	759	8.783624269188574E-4	1
ser	756	8.748906386701663E-4	1
ito	755	8.737333759206025E-4	1
sse	754	8.725761131710389E-4	1
uni	753	8.714188504214751E-4	1
nal	753	8.714188504214751E-4	1
_ci	743	8.59846222925838E-4	1
iti	737	8.529026464284557E-4	1
_te	737	8.529026464284557E-4	1
gra	736	8.51745383678892E-4	1
_eu	730	8.448018071815097E-4	1
ura	729	8.43644544431946E-4	1
llo	728	8.424872816823823E-4	1
ona	722	8.35543705185E-4	1
ann	721	8.343864424354363E-4	1
ina	719	8.320719169363089E-4	1
_ha	719	8.320719169363089E-4	1
_do	715	8.274428659380541E-4	1
dei	714	8.262856031884903E-4	1
son	713	8.251283404389266E-4	1
rev	709	8.204992894406718E-4	1
for	709	8.204992894406718E-4	1
ela	706	8.170275011919806E-4	1
evo	705	8.15870238442417E-4	1
imp	700	8.100839246945983E-4	1
mi_	697	8.066121364459073E-4	1
app	697	8.066121364459073E-4	1
ano	696	8.054548736963435E-4	1
pri	692	8.008258226980887E-4	1
_im	692	8.008258226980887E-4	1
_gi	690	7.985112971989612E-4	1
orr	689	7.973540344493976E-4	1
zza	688	7.961967716998338E-4	1
spe	688	7.961967716998338E-4	1
esi	688	7.961967716998338E-4	1
ita	681	7.880959324528878E-4	1
and	679	7.857814069537604E-4	1
ren	678	7.846241442041967E-4	1
fic	678	7.846241442041967E-4	1
ili	677	7.834668814546329E-4	1
ome	676	7.823096187050693E-4	1
ndi	670	7.75366042207687E-4	1
rio	665	7.695797284598684E-4	1
_tu	660	7.637934147120499E-4	1
ons	659	7.626361519624861E-4	1
oss	657	7.603216264633587E-4	1
iar	649	7.51063524466849E-4	1
ate	649	7.51063524466849E-4	1
ll_	648	7.499062617172854E-4	1
anz	646	7.475917362181579E-4	1
co_	645	7.464344734685942E-4	1
_lo	644	7.452772107190305E-4	1
ond	638	7.383336342216483E-4	1
ssa	634	7.337045832233934E-4	1
_pi	634	7.337045832233934E-4	1
tal	631	7.302327949747022E-4	1
ini	627	7.256037439764474E-4	1
po_	626	7.244464812268837E-4	1
dal	623	7.209746929781925E-4	1
orm	622	7.198174302286289E-4	1
art	622	7.198174302286289E-4	1
nch	620	7.175029047295015E-4	1
spo	619	7.163456419799377E-4	1
ggi	617	7.140311164808103E-4	1
ole	615	7.117165909816828E-4	1
sso	614	7.105593282321191E-4	1
sa_	610	7.059302772338642E-4	1
ine	606	7.013012262356094E-4	1
va_	604	6.98986700736482E-4	1
rta	601	6.955149124877909E-4	1
rel	600	6.943576497382271E-4	1
onc	600	6.943576497382271E-4	1
_li	598	6.920431242390997E-4	1
ual	596	6.897285987399723E-4	1
ass	590	6.8278502224259E-4	1
erc	588	6.804704967434626E-4	1
tri	586	6.781559712443352E-4	1
tte	583	6.746841829956441E-4	1
acc	583	6.746841829956441E-4	1
_vo	579	6.700551319973892E-4	1
sia	577	6.677406064982618E-4	1
fin	577	6.677406064982618E-4	1
gno	575	6.654260809991344E-4	1
sol	568	6.573252417521884E-4	1
mpo	568	6.573252417521884E-4	1
isc	568	6.573252417521884E-4	1
ien	568	6.573252417521884E-4	1
reg	567	6.561679790026247E-4	1
ria	566	6.550107162530609E-4	1
tre	557	6.445953515069876E-4	1
_fi	557	6.445953515069876E-4	1
ve_	553	6.399663005087328E-4	1
olo	553	6.399663005087328E-4	1
_ta	553	6.399663005087328E-4	1
ive	551	6.376517750096052E-4	1
nco	549	6.353372495104778E-4	1
_l_	549	6.353372495104778E-4	1
ici	548	6.341799867609141E-4	1
egi	548	6.341799867609141E-4	1
ppo	547	6.330227240113505E-4	1
tem	546	6.318654612617867E-4	1
_pu	545	6.30708198512223E-4	1
opo	542	6.272364102635319E-4	1
nno	539	6.237646220148407E-4	1
oll	538	6.22607359265277E-4	1
cat	534	6.179783082670222E-4	1
ltr	533	6.168210455174584E-4	1
ide	533	6.168210455174584E-4	1
cia	533	6.168210455174584E-4	1
rti	531	6.14506520018331E-4	1
laz	531	6.14506520018331E-4	1
tur	529	6.121919945192036E-4	1
ha_	527	6.098774690200762E-4	1
nde	523	6.052484180218213E-4	1
iva	523	6.052484180218213E-4	1
dir	516	5.971475787748754E-4	1
giu	515	5.959903160253116E-4	1
ime	514	5.94833053275748E-4	1
_fo	509	5.890467395279294E-4	1
ior	507	5.867322140288019E-4	1
ich	503	5.821031630305471E-4	1
vor	501	5.797886375314197E-4	1
_vi	498	5.763168492827286E-4	1
uto	497	5.751595865331648E-4	1
ull	496	5.740023237836012E-4	1
sig	496	5.740023237836012E-4	1
ces	496	5.740023237836012E-4	1
_ra	496	5.740023237836012E-4	1
_ap	496	5.740023237836012E-4	1
mer	495	5.728450610340374E-4	1
rma	494	5.716877982844737E-4	1
min	490	5.670587472862189E-4	1
ene	490	5.670587472862189E-4	1
ola	489	5.659014845366551E-4	1
ara	489	5.659014845366551E-4	1
pol	488	5.647442217870915E-4	1
ral	487	5.635869590375277E-4	1
sar	486	5.624296962879641E-4	1
rà_	485	5.612724335384003E-4	1
pet	482	5.578006452897092E-4	1
alt	482	5.578006452897092E-4	1
raz	481	5.566433825401454E-4	1
bia	478	5.531715942914544E-4	1
_at	478	5.531715942914544E-4	1
isp	477	5.520143315418906E-4	1
ebb	477	5.520143315418906E-4	1
_gl	477	5.520143315418906E-4	1
occ	476	5.508570687923268E-4	1
ile	474	5.485425432931994E-4	1
nos	473	5.473852805436358E-4	1
ea_	472	5.46228017794072E-4	1
ero	471	5.450707550445083E-4	1
cco	470	5.439134922949446E-4	1
_gr	469	5.427562295453809E-4	1
ven	467	5.404417040462535E-4	1
_ve	467	5.404417040462535E-4	1
ign	466	5.392844412966897E-4	1
ott	465	5.381271785471261E-4	1
_sa	465	5.381271785471261E-4	1
abi	464	5.369699157975623E-4	1
ern	462	5.346553902984349E-4	1
_as	462	5.346553902984349E-4	1
_av	461	5.334981275488712E-4	1
rim	460	5.323408647993075E-4	1
vo_	459	5.311836020497438E-4	1
cos	459	5.311836020497438E-4	1
_sp	458	5.3002633930018E-4	1
ttu	457	5.288690765506164E-4	1
man	456	5.277118138010526E-4	1
nda	455	5.26554551051489E-4	1
leg	455	5.26554551051489E-4	1
egl	455	5.26554551051489E-4	1
_ai	455	5.26554551051489E-4	1
lin	452	5.230827628027978E-4	1
lat	450	5.207682373036703E-4	1
omp	449	5.196109745541067E-4	1
ial	446	5.161391863054155E-4	1
più	444	5.138246608062881E-4	1
iù_	444	5.138246608062881E-4	1
lar	443	5.126673980567244E-4	1
ce_	435	5.034092960602147E-4	1
vi_	433	5.010947705610873E-4	1
itt	432	4.999375078115235E-4	1
ui_	431	4.987802450619599E-4	1
dic	429	4.964657195628325E-4	1
ece	428	4.953084568132687E-4	1
ure	427	4.94151194063705E-4	1
emp	425	4.918366685645776E-4	1
ivi	424	4.906794058150139E-4	1
ind	424	4.906794058150139E-4	1
bbi	424	4.906794058150139E-4	1
lic	423	4.895221430654502E-4	1
_ad	423	4.895221430654502E-4	1
ert	422	4.883648803158864E-4	1
iat	417	4.825785665680679E-4	1
ers	415	4.8026404106894045E-4	1
mat	414	4.7910677831937675E-4	1
inc	414	4.7910677831937675E-4	1
deg	414	4.7910677831937675E-4	1
rog	411	4.756349900706856E-4	1
izz	411	4.756349900706856E-4	1
uan	407	4.7100593907243075E-4	1
eco	407	4.7100593907243075E-4	1
rie	406	4.6984867632286705E-4	1
car	405	4.6869141357330335E-4	1
sit	402	4.652196253246122E-4	1
oro	402	4.652196253246122E-4	1
eci	400	4.629050998254848E-4	1
ifi	399	4.6174783707592104E-4	1
tit	397	4.5943331157679364E-4	1
nsi	395	4.5711878607766624E-4	1
_on	395	4.5711878607766624E-4	1
ord	393	4.548042605785388E-4	1
bbe	390	4.5133247232984763E-4	1
pon	389	4.5017520958028393E-4	1
agg	389	4.5017520958028393E-4	1
rar	387	4.4786068408115653E-4	1
uti	386	4.4670342133159283E-4	1
reb	385	4.455461585820291E-4	1
de_	382	4.42074370333338E-4	1
den	381	4.409171075837742E-4	1
ret	379	4.386025820846468E-4	1
ezz	377	4.362880565855194E-4	1
iso	376	4.3513079383595567E-4	1
ima	375	4.33973531086392E-4	1
ie_	375	4.33973531086392E-4	1
esp	374	4.328162683368283E-4	1
_or	374	4.328162683368283E-4	1
ian	373	4.316590055872646E-4	1
ede	370	4.281872173385734E-4	1
mod	368	4.25872691839446E-4	1
_cr	367	4.2471542908988227E-4	1
nat	366	4.2355816634031857E-4	1
or_	365	4.2240090359075487E-4	1
ens	365	4.2240090359075487E-4	1
sic	363	4.200863780916274E-4	1
cur	363	4.200863780916274E-4	1
cen	363	4.200863780916274E-4	1
_nu	363	4.200863780916274E-4	1
ove	362	4.189291153420637E-4	1
omu	362	4.189291153420637E-4	1
ivo	362	4.189291153420637E-4	1
ibi	361	4.177718525925E-4	1
avo	361	4.177718525925E-4	1
eme	357	4.1314280159424516E-4	1
rte	356	4.1198553884468146E-4	1
pea	355	4.1082827609511776E-4	1
ai_	355	4.1082827609511776E-4	1
sis	354	4.09671013345554E-4	1
nci	354	4.09671013345554E-4	1
rif	352	4.073564878464266E-4	1
osi	352	4.073564878464266E-4	1
_ac	352	4.073564878464266E-4	1
upp	349	4.0388469959773545E-4	1
icu	349	4.0388469959773545E-4	1
lor	346	4.0041291134904435E-4	1
tes	345	3.992556485994806E-4	1
ram	345	3.992556485994806E-4	1
erv	345	3.992556485994806E-4	1
tua	344	3.980983858499169E-4	1
uzi	343	3.969411231003532E-4	1
ner	343	3.969411231003532E-4	1
_va	343	3.969411231003532E-4	1
pli	342	3.957838603507895E-4	1
sid	341	3.9462659760122575E-4	1
nit	338	3.9115480935253465E-4	1
isi	337	3.8999754660297095E-4	1
_na	337	3.8999754660297095E-4	1
rol	335	3.876830211038435E-4	1
fer	335	3.876830211038435E-4	1
eve	334	3.865257583542798E-4	1
emb	334	3.865257583542798E-4	1
ema	334	3.865257583542798E-4	1
_cu	334	3.865257583542798E-4	1
odo	331	3.8305397010558864E-4	1
pen	328	3.7958218185689754E-4	1
mun	328	3.7958218185689754E-4	1
lta	328	3.7958218185689754E-4	1
imi	327	3.784249191073338E-4	1
iet	327	3.784249191073338E-4	1
_sc	327	3.784249191073338E-4	1
hé_	326	3.772676563577701E-4	1
ché	326	3.772676563577701E-4	1
ue_	325	3.761103936082064E-4	1
omi	325	3.761103936082064E-4	1
_fr	325	3.761103936082064E-4	1
ani	323	3.7379586810907893E-4	1
pot	322	3.7263860535951523E-4	1
qui	321	3.7148134260995153E-4	1
iut	320	3.7032407986038783E-4	1
itu	320	3.7032407986038783E-4	1
rea	319	3.6916681711082413E-4	1
cre	319	3.6916681711082413E-4	1
ult	317	3.668522916116967E-4	1
rov	317	3.668522916116967E-4	1
mbr	317	3.668522916116967E-4	1
lam	316	3.65695028862133E-4	1
erm	316	3.65695028862133E-4	1
go_	315	3.645377661125693E-4	1
asp	314	3.6338050336300553E-4	1
err	313	3.6222324061344183E-4	1
rin	312	3.6106597786387813E-4	1
ffi	312	3.6106597786387813E-4	1
tam	310	3.5875145236475073E-4	1
imo	308	3.564369268656233E-4	1
lli	307	3.552796641160596E-4	1
_ab	307	3.552796641160596E-4	1
nan	306	3.541224013664959E-4	1
tim	305	3.529651386169321E-4	1
mmi	304	3.518078758673684E-4	1
be_	304	3.518078758673684E-4	1
nom	303	3.506506131178047E-4	1
rme	302	3.49493350368241E-4	1
lme	302	3.49493350368241E-4	1
rso	301	3.483360876186773E-4	1
mis	300	3.4717882486911357E-4	1
dov	300	3.4717882486911357E-4	1
lun	299	3.4602156211954987E-4	1
_am	299	3.4602156211954987E-4	1
fat	298	3.4486429936998617E-4	1
cit	298	3.4486429936998617E-4	1
amb	297	3.4370703662042247E-4	1
_sv	297	3.4370703662042247E-4	1
mpr	296	3.425497738708587E-4	1
lio	296	3.425497738708587E-4	1
rez	295	3.41392511121295E-4	1
ras	295	3.41392511121295E-4	1
ppr	293	3.390779856221676E-4	1
nio	293	3.390779856221676E-4	1
tru	292	3.3792072287260386E-4	1
hia	292	3.3792072287260386E-4	1
gua	292	3.3792072287260386E-4	1
din	292	3.3792072287260386E-4	1
gen	291	3.3676346012304016E-4	1
mpe	288	3.3329167187434906E-4	1
lim	288	3.3329167187434906E-4	1
alc	288	3.3329167187434906E-4	1
via	287	3.321344091247853E-4	1
dev	287	3.321344091247853E-4	1
sci	286	3.309771463752216E-4	1
rem	286	3.309771463752216E-4	1
mbi	286	3.309771463752216E-4	1
amm	285	3.298198836256579E-4	1
unt	283	3.2750535812653045E-4	1
roc	283	3.2750535812653045E-4	1
cer	283	3.2750535812653045E-4	1
seg	281	3.2519083262740305E-4	1
tio	278	3.217190443787119E-4	1
rsi	278	3.217190443787119E-4	1
naz	278	3.217190443787119E-4	1
ite	277	3.205617816291482E-4	1
soc	276	3.194045188795845E-4	1
_ec	276	3.194045188795845E-4	1
cui	275	3.182472561300208E-4	1
abb	275	3.182472561300208E-4	1
aff	273	3.1593273063089335E-4	1
vis	272	3.1477546788132965E-4	1
opr	272	3.1477546788132965E-4	1
iss	272	3.1477546788132965E-4	1
ard	272	3.1477546788132965E-4	1
_du	272	3.1477546788132965E-4	1
ova	271	3.1361820513176595E-4	1
ors	271	3.1361820513176595E-4	1
nsa	270	3.1246094238220225E-4	1
mol	270	3.1246094238220225E-4	1
ino	268	3.101464168830748E-4	1
dia	267	3.089891541335111E-4	1
_ag	267	3.089891541335111E-4	1
hi_	266	3.078318913839474E-4	1
far	266	3.078318913839474E-4	1
edi	266	3.078318913839474E-4	1
niz	265	3.0667462863438364E-4	1
ave	265	3.0667462863438364E-4	1
_ce	265	3.0667462863438364E-4	1
uta	264	3.0551736588481994E-4	1
ume	264	3.0551736588481994E-4	1
nar	264	3.0551736588481994E-4	1
lto	264	3.0551736588481994E-4	1
_fu	264	3.0551736588481994E-4	1
uar	261	3.0204557763612884E-4	1
sco	261	3.0204557763612884E-4	1
_lu	261	3.0204557763612884E-4	1
liz	259	2.997310521370014E-4	1
cce	259	2.997310521370014E-4	1
sem	257	2.97416526637874E-4	1
bri	257	2.97416526637874E-4	1
arl	257	2.97416526637874E-4	1
_oc	257	2.97416526637874E-4	1
mpi	256	2.9625926388831023E-4	1
mem	256	2.9625926388831023E-4	1
_au	255	2.9510200113874654E-4	1
egu	254	2.9394473838918284E-4	1
ego	254	2.9394473838918284E-4	1
lem	251	2.904729501404917E-4	1
_ge	251	2.904729501404917E-4	1
uov	250	2.89315687390928E-4	1
ote	250	2.89315687390928E-4	1
oci	250	2.89315687390928E-4	1
ete	250	2.89315687390928E-4	1
alm	250	2.89315687390928E-4	1
rdi	249	2.881584246413643E-4	1
nse	249	2.881584246413643E-4	1
des	248	2.870011618918006E-4	1
cun	248	2.870011618918006E-4	1
ccu	248	2.870011618918006E-4	1
dat	247	2.8584389914223683E-4	1
vit	246	2.8468663639267313E-4	1
uel	246	2.8468663639267313E-4	1
sim	245	2.8352937364310943E-4	1
paz	245	2.8352937364310943E-4	1
ust	243	2.8121484814398203E-4	1
sib	242	2.800575853944183E-4	1
llu	242	2.800575853944183E-4	1
lav	242	2.800575853944183E-4	1
ice	242	2.800575853944183E-4	1
cup	242	2.800575853944183E-4	1
sca	240	2.777430598952909E-4	1
rno	240	2.777430598952909E-4	1
_og	239	2.765857971457272E-4	1
div	238	2.754285343961634E-4	1
_ba	236	2.73114008897036E-4	1
set	234	2.7079948339790857E-4	1
oce	234	2.7079948339790857E-4	1
hie	234	2.7079948339790857E-4	1
agl	232	2.6848495789878117E-4	1
egn	231	2.6732769514921747E-4	1
bie	230	2.6617043239965377E-4	1
rca	229	2.6501316965009E-4	1
ngo	229	2.6501316965009E-4	1
scu	228	2.638559069005263E-4	1
nec	228	2.638559069005263E-4	1
inv	228	2.638559069005263E-4	1
aiu	228	2.638559069005263E-4	1
rmi	227	2.626986441509626E-4	1
lia	226	2.615413814013989E-4	1
fro	226	2.615413814013989E-4	1
fra	226	2.615413814013989E-4	1
evi	226	2.615413814013989E-4	1
esa	226	2.615413814013989E-4	1
rap	225	2.6038411865183516E-4	1
inf	225	2.6038411865183516E-4	1
ffe	225	2.6038411865183516E-4	1
upa	224	2.5922685590227146E-4	1
ron	223	2.5806959315270776E-4	1
cis	223	2.5806959315270776E-4	1
oi_	222	2.5691233040314406E-4	1
lti	221	2.5575506765358036E-4	1
ger	221	2.5575506765358036E-4	1
emo	221	2.5575506765358036E-4	1
rig	220	2.545978049040166E-4	1
eo_	219	2.534405421544529E-4	1
_o_	219	2.534405421544529E-4	1
_ar	219	2.534405421544529E-4	1
rci	218	2.522832794048892E-4	1
rag	218	2.522832794048892E-4	1
ogg	218	2.522832794048892E-4	1
nce	218	2.522832794048892E-4	1
ius	217	2.511260166553255E-4	1
dur	217	2.511260166553255E-4	1
cip	217	2.511260166553255E-4	1
rob	216	2.4996875390576176E-4	1
ogr	216	2.4996875390576176E-4	1
lcu	216	2.4996875390576176E-4	1
eng	216	2.4996875390576176E-4	1
vil	214	2.4765422840663436E-4	1
opp	214	2.4765422840663436E-4	1
odi	214	2.4765422840663436E-4	1
fon	213	2.4649696565707066E-4	1
taz	212	2.4533970290750696E-4	1
pun	212	2.4533970290750696E-4	1
peo	212	2.4533970290750696E-4	1
dec	212	2.4533970290750696E-4	1
rla	211	2.441824401579432E-4	1
nuo	211	2.441824401579432E-4	1
eff	211	2.441824401579432E-4	1
rto	210	2.430251774083795E-4	1
dif	210	2.430251774083795E-4	1
cas	210	2.430251774083795E-4	1
ble	209	2.418679146588158E-4	1
_op	209	2.418679146588158E-4	1
rda	208	2.4071065190925208E-4	1
rad	208	2.4071065190925208E-4	1
avi	207	2.3955338915968838E-4	1
_af	207	2.3955338915968838E-4	1
ze_	206	2.3839612641012465E-4	1
tin	206	2.3839612641012465E-4	1
rec	206	2.3839612641012465E-4	1
orn	206	2.3839612641012465E-4	1
ega	206	2.3839612641012465E-4	1
lan	205	2.3723886366056095E-4	1
ast	205	2.3723886366056095E-4	1
ad_	205	2.3723886366056095E-4	1
ovr	204	2.3608160091099725E-4	1
zi_	203	2.3492433816143352E-4	1
ua_	203	2.3492433816143352E-4	1
su_	203	2.3492433816143352E-4	1
omm	203	2.3492433816143352E-4	1
ubb	202	2.3376707541186982E-4	1
rch	202	2.3376707541186982E-4	1
ier	202	2.3376707541186982E-4	1
cie	202	2.3376707541186982E-4	1
ced	201	2.326098126623061E-4	1
uss	200	2.314525499127424E-4	1
gar	200	2.314525499127424E-4	1
adi	200	2.314525499127424E-4	1
sab	199	2.3029528716317867E-4	1
iri	199	2.3029528716317867E-4	1
uno	198	2.2913802441361497E-4	1
han	198	2.2913802441361497E-4	1
det	198	2.2913802441361497E-4	1
caz	198	2.2913802441361497E-4	1
eva	197	2.2798076166405124E-4	1
rib	196	2.2682349891448754E-4	1
olu	196	2.2682349891448754E-4	1
gol	196	2.2682349891448754E-4	1
dar	194	2.2450897341536012E-4	1
rod	193	2.2335171066579642E-4	1
obl	193	2.2335171066579642E-4	1
bli	193	2.2335171066579642E-4	1
aes	193	2.2335171066579642E-4	1
nut	192	2.221944479162327E-4	1
eno	192	2.221944479162327E-4	1
pae	191	2.21037185166669E-4	1
can	191	2.21037185166669E-4	1
bbl	191	2.21037185166669E-4	1
_el	191	2.21037185166669E-4	1
rdo	190	2.1987992241710526E-4	1
mar	190	2.1987992241710526E-4	1
igu	190	2.1987992241710526E-4	1
_bi	190	2.1987992241710526E-4	1
vat	189	2.1872265966754156E-4	1
nze	189	2.1872265966754156E-4	1
gia	189	2.1872265966754156E-4	1
sos	188	2.1756539691797784E-4	1
ros	188	2.1756539691797784E-4	1
cri	188	2.1756539691797784E-4	1
teg	187	2.1640813416841414E-4	1
vre	186	2.152508714188504E-4	1
ilu	186	2.152508714188504E-4	1
cio	186	2.152508714188504E-4	1
ber	186	2.152508714188504E-4	1
uri	185	2.140936086692867E-4	1
svi	185	2.140936086692867E-4	1
ee_	185	2.140936086692867E-4	1
tir	184	2.12936345919723E-4	1
rna	184	2.12936345919723E-4	1
nic	184	2.12936345919723E-4	1
met	182	2.1062182042059558E-4	1
mag	182	2.1062182042059558E-4	1
diz	182	2.1062182042059558E-4	1
sce	181	2.0946455767103186E-4	1
lup	181	2.0946455767103186E-4	1
ins	181	2.0946455767103186E-4	1
nni	180	2.0830729492146816E-4	1
isu	180	2.0830729492146816E-4	1
asi	180	2.0830729492146816E-4	1
ttr	179	2.0715003217190443E-4	1
sec	178	2.0599276942234073E-4	1
ppl	178	2.0599276942234073E-4	1
obb	178	2.0599276942234073E-4	1
mpl	178	2.0599276942234073E-4	1
_ed	178	2.0599276942234073E-4	1
van	177	2.04835506672777E-4	1
rei	176	2.036782439232133E-4	1
aut	176	2.036782439232133E-4	1
_ob	176	2.036782439232133E-4	1
mic	175	2.0252098117364958E-4	1
cam	175	2.0252098117364958E-4	1
atu	175	2.0252098117364958E-4	1
_ef	175	2.0252098117364958E-4	1
val	174	2.0136371842408588E-4	1
rut	174	2.0136371842408588E-4	1
nam	174	2.0136371842408588E-4	1
mon	174	2.0136371842408588E-4	1
mig	174	2.0136371842408588E-4	1
ga_	174	2.0136371842408588E-4	1
esc	174	2.0136371842408588E-4	1
ul_	173	2.0020645567452218E-4	1
sì_	173	2.0020645567452218E-4	1
rof	173	2.0020645567452218E-4	1
ena	173	2.0020645567452218E-4	1
var	172	1.9904919292495845E-4	1
les	172	1.9904919292495845E-4	1
ing	172	1.9904919292495845E-4	1
ele	172	1.9904919292495845E-4	1
ed_	172	1.9904919292495845E-4	1
_is	172	1.9904919292495845E-4	1
rse	170	1.9673466742583102E-4	1
nis	170	1.9673466742583102E-4	1
dam	170	1.9673466742583102E-4	1
uaz	169	1.9557740467626732E-4	1
get	169	1.9557740467626732E-4	1
ado	169	1.9557740467626732E-4	1
obi	168	1.944201419267036E-4	1
igl	168	1.944201419267036E-4	1
ute	167	1.932628791771399E-4	1
mes	167	1.932628791771399E-4	1
iun	167	1.932628791771399E-4	1
gni	167	1.932628791771399E-4	1
enu	167	1.932628791771399E-4	1
ana	167	1.932628791771399E-4	1
sua	166	1.9210561642757617E-4	1
riv	166	1.9210561642757617E-4	1
erà	166	1.9210561642757617E-4	1
bit	166	1.9210561642757617E-4	1
eni	165	1.9094835367801247E-4	1
rve	164	1.8979109092844877E-4	1
pio	164	1.8979109092844877E-4	1
ifo	164	1.8979109092844877E-4	1
ied	164	1.8979109092844877E-4	1
idi	164	1.8979109092844877E-4	1
emi	164	1.8979109092844877E-4	1
eal	164	1.8979109092844877E-4	1
dot	164	1.8979109092844877E-4	1
dan	164	1.8979109092844877E-4	1
cus	164	1.8979109092844877E-4	1
spa	163	1.8863382817888504E-4	1
rid	162	1.8747656542932134E-4	1
vel	161	1.8631930267975762E-4	1
nqu	161	1.8631930267975762E-4	1
ade	161	1.8631930267975762E-4	1
sat	159	1.840047771806302E-4	1
uir	156	1.8053298893193906E-4	1
rni	156	1.8053298893193906E-4	1
pes	156	1.8053298893193906E-4	1
dim	156	1.8053298893193906E-4	1
pia	155	1.7937572618237536E-4	1
iò_	154	1.7821846343281164E-4	1
ciò	154	1.7821846343281164E-4	1
bas	154	1.7821846343281164E-4	1
une	153	1.7706120068324794E-4	1
suo	153	1.7706120068324794E-4	1
siz	153	1.7706120068324794E-4	1
onf	153	1.7706120068324794E-4	1
ibu	153	1.7706120068324794E-4	1
clu	153	1.7706120068324794E-4	1
_be	153	1.7706120068324794E-4	1
ung	152	1.759039379336842E-4	1
udi	152	1.759039379336842E-4	1
ved	151	1.747466751841205E-4	1
uin	151	1.747466751841205E-4	1
sot	150	1.7358941243455678E-4	1
sor	150	1.7358941243455678E-4	1
lut	150	1.7358941243455678E-4	1
gi_	150	1.7358941243455678E-4	1
ben	150	1.7358941243455678E-4	1
maz	149	1.7243214968499308E-4	1
zaz	149	1.7243214968499308E-4	1
ià_	149	1.7243214968499308E-4	1
già	149	1.7243214968499308E-4	1
gan	149	1.7243214968499308E-4	1
rup	148	1.7127488693542936E-4	1
red	148	1.7127488693542936E-4	1
nso	148	1.7127488693542936E-4	1
lus	148	1.7127488693542936E-4	1
avv	148	1.7127488693542936E-4	1
_ga	148	1.7127488693542936E-4	1
_en	148	1.7127488693542936E-4	1
ogn	146	1.6896036143630193E-4	1
oma	145	1.6780309868673823E-4	1
mit	145	1.6780309868673823E-4	1
pit	144	1.6664583593717453E-4	1
nve	144	1.6664583593717453E-4	1
nei	144	1.6664583593717453E-4	1
ife	144	1.6664583593717453E-4	1
ida	144	1.6664583593717453E-4	1
pra	143	1.654885731876108E-4	1
neg	143	1.654885731876108E-4	1
mio	143	1.654885731876108E-4	1
lte	143	1.654885731876108E-4	1
gru	143	1.654885731876108E-4	1
gna	143	1.654885731876108E-4	1
edo	143	1.654885731876108E-4	1
arm	143	1.654885731876108E-4	1
ace	143	1.654885731876108E-4	1
liv	142	1.643313104380471E-4	1
san	141	1.6317404768848338E-4	1
osc	141	1.6317404768848338E-4	1
_ev	141	1.6317404768848338E-4	1
let	140	1.6201678493891968E-4	1
ho_	140	1.6201678493891968E-4	1
ghi	140	1.6201678493891968E-4	1
_ho	140	1.6201678493891968E-4	1
otr	139	1.6085952218935595E-4	1
ezi	139	1.6085952218935595E-4	1
cap	139	1.6085952218935595E-4	1
zat	138	1.5970225943979225E-4	1
pub	138	1.5970225943979225E-4	1
vvi	137	1.5854499669022852E-4	1
tav	137	1.5854499669022852E-4	1
luz	137	1.5854499669022852E-4	1
len	137	1.5854499669022852E-4	1
oti	136	1.5738773394066482E-4	1
nol	136	1.5738773394066482E-4	1
_ru	136	1.5738773394066482E-4	1
uò_	135	1.5623047119110112E-4	1
può	135	1.5623047119110112E-4	1
nes	135	1.5623047119110112E-4	1
ila	135	1.5623047119110112E-4	1
fet	135	1.5623047119110112E-4	1
cci	134	1.550732084415374E-4	1
tiz	133	1.539159456919737E-4	1
pec	133	1.539159456919737E-4	1
mma	133	1.539159456919737E-4	1
fun	132	1.5275868294240997E-4	1
unz	131	1.5160142019284627E-4	1
tol	131	1.5160142019284627E-4	1
rro	131	1.5160142019284627E-4	1
mia	131	1.5160142019284627E-4	1
gis	131	1.5160142019284627E-4	1
api	131	1.5160142019284627E-4	1
log	130	1.5044415744328254E-4	1
lis	130	1.5044415744328254E-4	1
asc	130	1.5044415744328254E-4	1
ane	130	1.5044415744328254E-4	1
osa	129	1.4928689469371884E-4	1
ogl	129	1.4928689469371884E-4	1
ngr	129	1.4928689469371884E-4	1
nea	129	1.4928689469371884E-4	1
ecc	129	1.4928689469371884E-4	1
ear	129	1.4928689469371884E-4	1
agi	129	1.4928689469371884E-4	1
zar	128	1.4812963194415512E-4	1
_ul	127	1.4697236919459142E-4	1
gat	127	1.4697236919459142E-4	1
rip	127	1.4697236919459142E-4	1
lib	126	1.4581510644502772E-4	1
orz	126	1.4581510644502772E-4	1
ota	126	1.4581510644502772E-4	1
_em	125	1.44657843695464E-4	1
aus	125	1.44657843695464E-4	1
cal	125	1.44657843695464E-4	1
gge	125	1.44657843695464E-4	1
lie	125	1.44657843695464E-4	1
sur	124	1.435005809459003E-4	1
rav	123	1.4234331819633656E-4	1
usi	123	1.4234331819633656E-4	1
età	122	1.4118605544677286E-4	1
ipe	122	1.4118605544677286E-4	1
org	122	1.4118605544677286E-4	1
uo_	122	1.4118605544677286E-4	1
ase	121	1.4002879269720914E-4	1
lev	121	1.4002879269720914E-4	1
rne	121	1.4002879269720914E-4	1
spi	121	1.4002879269720914E-4	1
dob	120	1.3887152994764544E-4	1
don	120	1.3887152994764544E-4	1
bat	119	1.377142671980817E-4	1
cca	119	1.377142671980817E-4	1
uat	119	1.377142671980817E-4	1
ape	118	1.36557004448518E-4	1
ipa	118	1.36557004448518E-4	1
loc	118	1.36557004448518E-4	1
nsu	118	1.36557004448518E-4	1
amp	117	1.3539974169895428E-4	1
tad	117	1.3539974169895428E-4	1
til	117	1.3539974169895428E-4	1
ars	116	1.3424247894939058E-4	1
arà	116	1.3424247894939058E-4	1
ogo	116	1.3424247894939058E-4	1
tab	116	1.3424247894939058E-4	1
iff	115	1.3308521619982688E-4	1
oga	115	1.3308521619982688E-4	1
pac	115	1.3308521619982688E-4	1
pur	115	1.3308521619982688E-4	1
edu	114	1.3192795345026316E-4	1
egg	114	1.3192795345026316E-4	1
lon	114	1.3192795345026316E-4	1
nga	114	1.3192795345026316E-4	1
rga	114	1.3192795345026316E-4	1
due	113	1.3077069070069946E-4	1
egh	113	1.3077069070069946E-4	1
fav	113	1.3077069070069946E-4	1
inu	113	1.3077069070069946E-4	1
raf	113	1.3077069070069946E-4	1
uen	113	1.3077069070069946E-4	1
von	113	1.3077069070069946E-4	1
_os	112	1.2961342795113573E-4	1
ncl	112	1.2961342795113573E-4	1
vid	112	1.2961342795113573E-4	1
alu	111	1.2845616520157203E-4	1
aro	111	1.2845616520157203E-4	1
noi	111	1.2845616520157203E-4	1
oca	111	1.2845616520157203E-4	1
ovo	110	1.272989024520083E-4	1
rvi	110	1.272989024520083E-4	1
ula	110	1.272989024520083E-4	1
nge	109	1.261416397024446E-4	1
las	108	1.2498437695288088E-4	1
nir	108	1.2498437695288088E-4	1
pi_	108	1.2498437695288088E-4	1
sap	108	1.2498437695288088E-4	1
zie	108	1.2498437695288088E-4	1
dit	107	1.2382711420331718E-4	1
eta	107	1.2382711420331718E-4	1
gui	107	1.2382711420331718E-4	1
isa	107	1.2382711420331718E-4	1
mme	107	1.2382711420331718E-4	1
nvi	107	1.2382711420331718E-4	1
sam	107	1.2382711420331718E-4	1
eli	106	1.2266985145375348E-4	1
iba	106	1.2266985145375348E-4	1
idu	106	1.2266985145375348E-4	1
ose	106	1.2266985145375348E-4	1
rri	106	1.2266985145375348E-4	1
vut	106	1.2266985145375348E-4	1
med	105	1.2151258870418975E-4	1
pas	105	1.2151258870418975E-4	1
aso	104	1.2035532595462604E-4	1
iur	104	1.2035532595462604E-4	1
rom	104	1.2035532595462604E-4	1
rò_	104	1.2035532595462604E-4	1
tia	104	1.2035532595462604E-4	1
uis	104	1.2035532595462604E-4	1
vam	104	1.2035532595462604E-4	1
vve	104	1.2035532595462604E-4	1
ibe	103	1.1919806320506232E-4	1
mil	103	1.1919806320506232E-4	1
pat	103	1.1919806320506232E-4	1
tas	103	1.1919806320506232E-4	1
ban	102	1.1804080045549862E-4	1
deb	102	1.1804080045549862E-4	1
efi	102	1.1804080045549862E-4	1
agr	101	1.1688353770593491E-4	1
bre	101	1.1688353770593491E-4	1
gov	101	1.1688353770593491E-4	1
isl	101	1.1688353770593491E-4	1
iud	101	1.1688353770593491E-4	1
rva	101	1.1688353770593491E-4	1
svo	101	1.1688353770593491E-4	1
tif	101	1.1688353770593491E-4	1
usa	101	1.1688353770593491E-4	1
eti	100	1.157262749563712E-4	1
gon	100	1.157262749563712E-4	1
nfo	100	1.157262749563712E-4	1
not	100	1.157262749563712E-4	1
ovv	100	1.157262749563712E-4	1
rtu	100	1.157262749563712E-4	1
rur	100	1.157262749563712E-4	1
sla	100	1.157262749563712E-4	1
uit	100	1.157262749563712E-4	1
aci	99	1.1456901220680748E-4	1
fac	99	1.1456901220680748E-4	1
mpa	99	1.1456901220680748E-4	1
oge	99	1.1456901220680748E-4	1
olg	99	1.1456901220680748E-4	1
tui	99	1.1456901220680748E-4	1
_sf	98	1.1341174945724377E-4	1
arc	98	1.1341174945724377E-4	1
ava	98	1.1341174945724377E-4	1
dop	98	1.1341174945724377E-4	1
pie	98	1.1341174945724377E-4	1
rer	98	1.1341174945724377E-4	1
spr	98	1.1341174945724377E-4	1
ssu	98	1.1341174945724377E-4	1
_er	97	1.1225448670768006E-4	1
uol	97	1.1225448670768006E-4	1
avr	96	1.1109722395811634E-4	1
dip	96	1.1109722395811634E-4	1
equ	96	1.1109722395811634E-4	1
gic	96	1.1109722395811634E-4	1
cet	95	1.0993996120855263E-4	1
erg	95	1.0993996120855263E-4	1
ozi	95	1.0993996120855263E-4	1
peg	95	1.0993996120855263E-4	1
_bu	94	1.0878269845898892E-4	1
cin	93	1.076254357094252E-4	1
fid	93	1.076254357094252E-4	1
nif	93	1.076254357094252E-4	1
odu	93	1.076254357094252E-4	1
ovi	93	1.076254357094252E-4	1
ppi	93	1.076254357094252E-4	1
vig	93	1.076254357094252E-4	1
_ti	92	1.064681729598615E-4	1
bor	92	1.064681729598615E-4	1
ipi	92	1.064681729598615E-4	1
sop	92	1.064681729598615E-4	1
ies	91	1.0531091021029779E-4	1
lei	91	1.0531091021029779E-4	1
mot	91	1.0531091021029779E-4	1
nca	91	1.0531091021029779E-4	1
ode	91	1.0531091021029779E-4	1
osì	91	1.0531091021029779E-4	1
vot	91	1.0531091021029779E-4	1
abo	90	1.0415364746073408E-4	1
dom	90	1.0415364746073408E-4	1
gue	90	1.0415364746073408E-4	1
nen	90	1.0415364746073408E-4	1
ong	90	1.0415364746073408E-4	1
rgo	90	1.0415364746073408E-4	1
sin	90	1.0415364746073408E-4	1
tel	90	1.0415364746073408E-4	1
tun	90	1.0415364746073408E-4	1
vec	90	1.0415364746073408E-4	1
zo_	90	1.0415364746073408E-4	1
arg	89	1.0299638471117037E-4	1
fut	89	1.0299638471117037E-4	1
ism	89	1.0299638471117037E-4	1
nna	89	1.0299638471117037E-4	1
unq	89	1.0299638471117037E-4	1
cch	88	1.0183912196160665E-4	1
ddi	88	1.0183912196160665E-4	1
ghe	88	1.0183912196160665E-4	1
rir	88	1.0183912196160665E-4	1
coo	87	1.0068185921204294E-4	1
luo	87	1.0068185921204294E-4	1
nav	87	1.0068185921204294E-4	1
ndu	87	1.0068185921204294E-4	1
rge	87	1.0068185921204294E-4	1
utu	87	1.0068185921204294E-4	1
_go	86	9.952459646247923E-5	1
bui	86	9.952459646247923E-5	1
pa_	86	9.952459646247923E-5	1
dib	85	9.836733371291551E-5	1
ffr	85	9.836733371291551E-5	1
lid	85	9.836733371291551E-5	1
ltà	85	9.836733371291551E-5	1
poi	85	9.836733371291551E-5	1
rac	85	9.836733371291551E-5	1
sed	85	9.836733371291551E-5	1
uff	85	9.836733371291551E-5	1
_az	84	9.72100709633518E-5	1
ami	84	9.72100709633518E-5	1
ple	84	9.72100709633518E-5	1
_ot	83	9.605280821378809E-5	1
die	83	9.605280821378809E-5	1
sch	83	9.605280821378809E-5	1
tie	83	9.605280821378809E-5	1
vie	83	9.605280821378809E-5	1
_fe	82	9.489554546422439E-5	1
erò	82	9.489554546422439E-5	1
gre	82	9.489554546422439E-5	1
ogi	82	9.489554546422439E-5	1
_to	81	9.373828271466067E-5	1
gaz	81	9.373828271466067E-5	1
lea	81	9.373828271466067E-5	1
dut	80	9.258101996509696E-5	1
lab	80	9.258101996509696E-5	1
uog	80	9.258101996509696E-5	1
bba	79	9.142375721553325E-5	1
cau	79	9.142375721553325E-5	1
cif	79	9.142375721553325E-5	1
cir	79	9.142375721553325E-5	1
coe	79	9.142375721553325E-5	1
mos	79	9.142375721553325E-5	1
reo	79	9.142375721553325E-5	1
riz	79	9.142375721553325E-5	1
sal	79	9.142375721553325E-5	1
siv	79	9.142375721553325E-5	1
tec	79	9.142375721553325E-5	1
uma	79	9.142375721553325E-5	1
ves	79	9.142375721553325E-5	1
_ut	78	9.026649446596953E-5	1
alo	78	9.026649446596953E-5	1
cid	78	9.026649446596953E-5	1
def	78	9.026649446596953E-5	1
rgi	78	9.026649446596953E-5	1
sum	78	9.026649446596953E-5	1
icc	77	8.910923171640582E-5	1
igo	77	8.910923171640582E-5	1
inn	77	8.910923171640582E-5	1
nee	77	8.910923171640582E-5	1
put	77	8.910923171640582E-5	1
tag	77	8.910923171640582E-5	1
eat	76	8.79519689668421E-5	1
eoc	76	8.79519689668421E-5	1
ges	76	8.79519689668421E-5	1
ipo	76	8.79519689668421E-5	1
mmo	76	8.79519689668421E-5	1
pic	76	8.79519689668421E-5	1
sui	76	8.79519689668421E-5	1
tez	76	8.79519689668421E-5	1
_d_	75	8.679470621727839E-5	1
dep	75	8.679470621727839E-5	1
scr	75	8.679470621727839E-5	1
dro	74	8.563744346771468E-5	1
duc	74	8.563744346771468E-5	1
nne	74	8.563744346771468E-5	1
rza	74	8.563744346771468E-5	1
vog	74	8.563744346771468E-5	1
_br	73	8.448018071815097E-5	1
cac	73	8.448018071815097E-5	1
iod	73	8.448018071815097E-5	1
mal	73	8.448018071815097E-5	1
mas	73	8.448018071815097E-5	1
rep	73	8.448018071815097E-5	1
uon	73	8.448018071815097E-5	1
_id	72	8.332291796858727E-5	1
nfi	72	8.332291796858727E-5	1
nia	72	8.332291796858727E-5	1
epu	71	8.216565521902355E-5	1
eto	71	8.216565521902355E-5	1
gor	71	8.216565521902355E-5	1
lge	71	8.216565521902355E-5	1
nim	71	8.216565521902355E-5	1
rrà	71	8.216565521902355E-5	1
urg	71	8.216565521902355E-5	1
adr	70	8.100839246945984E-5	1
bio	70	8.100839246945984E-5	1
egr	70	8.100839246945984E-5	1
etr	70	8.100839246945984E-5	1
los	70	8.100839246945984E-5	1
tuz	70	8.100839246945984E-5	1
buo	69	7.985112971989613E-5	1
ltu	69	7.985112971989613E-5	1
mom	69	7.985112971989613E-5	1
ocr	69	7.985112971989613E-5	1
ril	69	7.985112971989613E-5	1
rlo	69	7.985112971989613E-5	1
ruo	69	7.985112971989613E-5	1
sie	69	7.985112971989613E-5	1
uad	69	7.985112971989613E-5	1
urr	69	7.985112971989613E-5	1
ada	68	7.869386697033241E-5	1
ar_	68	7.869386697033241E-5	1
lot	68	7.869386697033241E-5	1
pal	68	7.869386697033241E-5	1
pin	68	7.869386697033241E-5	1
bra	67	7.75366042207687E-5	1
ira	67	7.75366042207687E-5	1
pei	67	7.75366042207687E-5	1
ton	67	7.75366042207687E-5	1
_ov	66	7.637934147120499E-5	1
cra	66	7.637934147120499E-5	1
dub	66	7.637934147120499E-5	1
emm	66	7.637934147120499E-5	1
ige	66	7.637934147120499E-5	1
imm	66	7.637934147120499E-5	1
lac	66	7.637934147120499E-5	1
ogh	66	7.637934147120499E-5	1
sog	66	7.637934147120499E-5	1
vaz	66	7.637934147120499E-5	1
gin	65	7.522207872164127E-5	1
lig	65	7.522207872164127E-5	1
lud	65	7.522207872164127E-5	1
mai	65	7.522207872164127E-5	1
mul	65	7.522207872164127E-5	1
rsa	65	7.522207872164127E-5	1
rum	65	7.522207872164127E-5	1
suf	65	7.522207872164127E-5	1
tog	65	7.522207872164127E-5	1
enn	64	7.406481597207756E-5	1
inq	64	7.406481597207756E-5	1
pee	64	7.406481597207756E-5	1
rot	64	7.406481597207756E-5	1
rra	64	7.406481597207756E-5	1
rtà	64	7.406481597207756E-5	1
cel	63	7.290755322251386E-5	1
cul	63	7.290755322251386E-5	1
ido	63	7.290755322251386E-5	1
ill	63	7.290755322251386E-5	1
ncr	63	7.290755322251386E-5	1
nun	63	7.290755322251386E-5	1
ofo	63	7.290755322251386E-5	1
cod	62	7.175029047295015E-5	1
daz	62	7.175029047295015E-5	1
irc	62	7.175029047295015E-5	1
ise	62	7.175029047295015E-5	1
lec	62	7.175029047295015E-5	1
ler	62	7.175029047295015E-5	1
ocu	62	7.175029047295015E-5	1
opa	62	7.175029047295015E-5	1
poc	62	7.175029047295015E-5	1
ucc	62	7.175029047295015E-5	1
_ur	61	7.059302772338643E-5	1
dem	61	7.059302772338643E-5	1
erl	61	7.059302772338643E-5	1
fes	61	7.059302772338643E-5	1
ge_	61	7.059302772338643E-5	1
ias	61	7.059302772338643E-5	1
num	61	7.059302772338643E-5	1
ppa	61	7.059302772338643E-5	1
rce	61	7.059302772338643E-5	1
vrà	61	7.059302772338643E-5	1
cil	60	6.943576497382272E-5	1
ffo	60	6.943576497382272E-5	1
fis	60	6.943576497382272E-5	1
gri	60	6.943576497382272E-5	1
hes	60	6.943576497382272E-5	1
omo	60	6.943576497382272E-5	1
rco	60	6.943576497382272E-5	1
smo	60	6.943576497382272E-5	1
sug	60	6.943576497382272E-5	1
tip	60	6.943576497382272E-5	1
uci	60	6.943576497382272E-5	1
ude	60	6.943576497382272E-5	1
viz	60	6.943576497382272E-5	1
fle	59	6.8278502224259E-5	1
lob	59	6.8278502224259E-5	1
nfr	59	6.8278502224259E-5	1
nua	59	6.8278502224259E-5	1
sfo	59	6.8278502224259E-5	1
voc	59	6.8278502224259E-5	1
dag	58	6.712123947469529E-5	1
igi	58	6.712123947469529E-5	1
ofe	58	6.712123947469529E-5	1
zon	58	6.712123947469529E-5	1
acq	57	6.596397672513158E-5	1
arr	57	6.596397672513158E-5	1
cqu	57	6.596397672513158E-5	1
eso	57	6.596397672513158E-5	1
ipr	57	6.596397672513158E-5	1
nib	57	6.596397672513158E-5	1
ppu	57	6.596397672513158E-5	1
atr	56	6.480671397556787E-5	1
bis	56	6.480671397556787E-5	1
cut	56	6.480671397556787E-5	1
dai	56	6.480671397556787E-5	1
nfe	56	6.480671397556787E-5	1
oes	56	6.480671397556787E-5	1
onv	56	6.480671397556787E-5	1
oop	56	6.480671397556787E-5	1
riu	56	6.480671397556787E-5	1
tis	56	6.480671397556787E-5	1
unc	56	6.480671397556787E-5	1
vev	56	6.480671397556787E-5	1
zzi	56	6.480671397556787E-5	1
ipl	55	6.364945122600415E-5	1
tos	55	6.364945122600415E-5	1
doc	54	6.249218847644044E-5	1
ecu	54	6.249218847644044E-5	1
fo_	54	6.249218847644044E-5	1
lap	54	6.249218847644044E-5	1
onn	54	6.249218847644044E-5	1
osp	54	6.249218847644044E-5	1
_zo	53	6.133492572687674E-5	1
ans	53	6.133492572687674E-5	1
cum	53	6.133492572687674E-5	1
fa_	53	6.133492572687674E-5	1
off	53	6.133492572687674E-5	1
hio	52	6.017766297731302E-5	1
pop	52	6.017766297731302E-5	1
sus	52	6.017766297731302E-5	1
usc	52	6.017766297731302E-5	1
add	51	5.902040022774931E-5	1
aum	51	5.902040022774931E-5	1
duz	51	5.902040022774931E-5	1
iga	51	5.902040022774931E-5	1
ios	51	5.902040022774931E-5	1
lau	51	5.902040022774931E-5	1
oco	51	5.902040022774931E-5	1
ovu	51	5.902040022774931E-5	1
pag	51	5.902040022774931E-5	1
ppe	51	5.902040022774931E-5	1
rzo	51	5.902040022774931E-5	1
sup	51	5.902040022774931E-5	1
vio	51	5.902040022774931E-5	1
_io	50	5.78631374781856E-5	1
afo	50	5.78631374781856E-5	1
goz	50	5.78631374781856E-5	1
nfa	50	5.78631374781856E-5	1
oso	50	5.78631374781856E-5	1
rzi	50	5.78631374781856E-5	1
ba_	49	5.6705874728621886E-5	1
erz	49	5.6705874728621886E-5	1
leu	49	5.6705874728621886E-5	1
piu	49	5.6705874728621886E-5	1
vra	49	5.6705874728621886E-5	1
avu	48	5.554861197905817E-5	1
eaz	48	5.554861197905817E-5	1
ngi	48	5.554861197905817E-5	1
pir	48	5.554861197905817E-5	1
pog	48	5.554861197905817E-5	1
suc	48	5.554861197905817E-5	1
sue	48	5.554861197905817E-5	1
ucl	48	5.554861197905817E-5	1
uso	48	5.554861197905817E-5	1
_eq	47	5.439134922949446E-5	1
gim	47	5.439134922949446E-5	1
ofi	47	5.439134922949446E-5	1
oto	47	5.439134922949446E-5	1
ruz	47	5.439134922949446E-5	1
sun	47	5.439134922949446E-5	1
zzo	47	5.439134922949446E-5	1
aco	46	5.323408647993075E-5	1
cle	46	5.323408647993075E-5	1
ifl	46	5.323408647993075E-5	1
ilm	46	5.323408647993075E-5	1
muo	46	5.323408647993075E-5	1
nuc	46	5.323408647993075E-5	1
oba	46	5.323408647993075E-5	1
olp	46	5.323408647993075E-5	1
ugl	46	5.323408647993075E-5	1
dio	45	5.207682373036704E-5	1
lch	45	5.207682373036704E-5	1
mam	45	5.207682373036704E-5	1
mez	45	5.207682373036704E-5	1
mie	45	5.207682373036704E-5	1
nst	45	5.207682373036704E-5	1
rmu	45	5.207682373036704E-5	1
sfa	45	5.207682373036704E-5	1
stu	45	5.207682373036704E-5	1
tul	45	5.207682373036704E-5	1
vin	45	5.207682373036704E-5	1
cad	44	5.0919560980803326E-5	1
net	44	5.0919560980803326E-5	1
rba	44	5.0919560980803326E-5	1
sil	44	5.0919560980803326E-5	1
cem	43	4.976229823123961E-5	1
dea	43	4.976229823123961E-5	1
gal	43	4.976229823123961E-5	1
moc	43	4.976229823123961E-5	1
mor	43	4.976229823123961E-5	1
uoi	43	4.976229823123961E-5	1
cev	42	4.86050354816759E-5	1
ciu	42	4.86050354816759E-5	1
en_	42	4.86050354816759E-5	1
ffa	42	4.86050354816759E-5	1
lpi	42	4.86050354816759E-5	1
sas	42	4.86050354816759E-5	1
_né	41	4.744777273211219E-5	1
alv	41	4.744777273211219E-5	1
bal	41	4.744777273211219E-5	1
iem	41	4.744777273211219E-5	1
né_	41	4.744777273211219E-5	1
sod	41	4.744777273211219E-5	1
sov	41	4.744777273211219E-5	1
st_	41	4.744777273211219E-5	1
agn	40	4.629050998254848E-5	1
ama	40	4.629050998254848E-5	1
cla	40	4.629050998254848E-5	1
epa	40	4.629050998254848E-5	1
eru	40	4.629050998254848E-5	1
gom	40	4.629050998254848E-5	1
ntu	40	4.629050998254848E-5	1
opi	40	4.629050998254848E-5	1
scl	40	4.629050998254848E-5	1
_cl	39	4.5133247232984766E-5	1
_ir	39	4.5133247232984766E-5	1
_ol	39	4.5133247232984766E-5	1
_um	39	4.5133247232984766E-5	1
aio	39	4.5133247232984766E-5	1
ala	39	4.5133247232984766E-5	1
cog	39	4.5133247232984766E-5	1
isf	39	4.5133247232984766E-5	1
nov	39	4.5133247232984766E-5	1
nvo	39	4.5133247232984766E-5	1
pid	39	4.5133247232984766E-5	1
rle	39	4.5133247232984766E-5	1
tac	39	4.5133247232984766E-5	1
upe	39	4.5133247232984766E-5	1
_gu	38	4.397598448342105E-5	1
aga	38	4.397598448342105E-5	1
fas	38	4.397598448342105E-5	1
gur	38	4.397598448342105E-5	1
ilo	38	4.397598448342105E-5	1
nnu	38	4.397598448342105E-5	1
oic	38	4.397598448342105E-5	1
rae	38	4.397598448342105E-5	1
_mu	37	4.281872173385734E-5	1
als	37	4.281872173385734E-5	1
apr	37	4.281872173385734E-5	1
nie	37	4.281872173385734E-5	1
cop	36	4.166145898429363E-5	1
dus	36	4.166145898429363E-5	1
erd	36	4.166145898429363E-5	1
fre	36	4.166145898429363E-5	1
odd	36	4.166145898429363E-5	1
pov	36	4.166145898429363E-5	1
age	35	4.050419623472992E-5	1
apa	35	4.050419623472992E-5	1
bol	35	4.050419623472992E-5	1
coi	35	4.050419623472992E-5	1
ecn	35	4.050419623472992E-5	1
esì	35	4.050419623472992E-5	1
irr	35	4.050419623472992E-5	1
oin	35	4.050419623472992E-5	1
ree	35	4.050419623472992E-5	1
sra	35	4.050419623472992E-5	1
uor	35	4.050419623472992E-5	1
dac	34	3.9346933485166206E-5	1
fus	34	3.9346933485166206E-5	1
mba	34	3.9346933485166206E-5	1
nac	34	3.9346933485166206E-5	1
nef	34	3.9346933485166206E-5	1
rd_	34	3.9346933485166206E-5	1
req	34	3.9346933485166206E-5	1
sag	34	3.9346933485166206E-5	1
trà	34	3.9346933485166206E-5	1
urt	34	3.9346933485166206E-5	1
_of	33	3.818967073560249E-5	1
ael	33	3.818967073560249E-5	1
ang	33	3.818967073560249E-5	1
bad	33	3.818967073560249E-5	1
isr	33	3.818967073560249E-5	1
meg	33	3.818967073560249E-5	1
pan	33	3.818967073560249E-5	1
smi	33	3.818967073560249E-5	1
tev	33	3.818967073560249E-5	1
uce	33	3.818967073560249E-5	1
usp	33	3.818967073560249E-5	1
vic	33	3.818967073560249E-5	1
adu	32	3.703240798603878E-5	1
cab	32	3.703240798603878E-5	1
ebo	32	3.703240798603878E-5	1
fe_	32	3.703240798603878E-5	1
lif	32	3.703240798603878E-5	1
nfl	32	3.703240798603878E-5	1
saz	32	3.703240798603878E-5	1
ses	32	3.703240798603878E-5	1
top	32	3.703240798603878E-5	1
ugg	32	3.703240798603878E-5	1
viv	32	3.703240798603878E-5	1
bi_	31	3.587514523647507E-5	1
eca	31	3.587514523647507E-5	1
erp	31	3.587514523647507E-5	1
hiu	31	3.587514523647507E-5	1
ibr	31	3.587514523647507E-5	1
iov	31	3.587514523647507E-5	1
irà	31	3.587514523647507E-5	1
lsi	31	3.587514523647507E-5	1
oor	31	3.587514523647507E-5	1
rtr	31	3.587514523647507E-5	1
tud	31	3.587514523647507E-5	1
_n_	30	3.471788248691136E-5	1
asf	30	3.471788248691136E-5	1
bro	30	3.471788248691136E-5	1
but	30	3.471788248691136E-5	1
ciz	30	3.471788248691136E-5	1
git	30	3.471788248691136E-5	1
glo	30	3.471788248691136E-5	1
iac	30	3.471788248691136E-5	1
ieg	30	3.471788248691136E-5	1
lir	30	3.471788248691136E-5	1
moz	30	3.471788248691136E-5	1
och	30	3.471788248691136E-5	1
plo	30	3.471788248691136E-5	1
sif	30	3.471788248691136E-5	1
tib	30	3.471788248691136E-5	1
_fl	29	3.3560619737347646E-5	1
_vu	29	3.3560619737347646E-5	1
an_	29	3.3560619737347646E-5	1
dos	29	3.3560619737347646E-5	1
dun	29	3.3560619737347646E-5	1
iug	29	3.3560619737347646E-5	1
lal	29	3.3560619737347646E-5	1
nul	29	3.3560619737347646E-5	1
rab	29	3.3560619737347646E-5	1
uil	29	3.3560619737347646E-5	1
vas	29	3.3560619737347646E-5	1
asa	28	3.240335698778393E-5	1
aur	28	3.240335698778393E-5	1
fig	28	3.240335698778393E-5	1
flu	28	3.240335698778393E-5	1
rmo	28	3.240335698778393E-5	1
sub	28	3.240335698778393E-5	1
ubi	28	3.240335698778393E-5	1
_bo	27	3.124609423822022E-5	1
bbr	27	3.124609423822022E-5	1
cuo	27	3.124609423822022E-5	1
dav	27	3.124609423822022E-5	1
dde	27	3.124609423822022E-5	1
erf	27	3.124609423822022E-5	1
iol	27	3.124609423822022E-5	1
irl	27	3.124609423822022E-5	1
laf	27	3.124609423822022E-5	1
lop	27	3.124609423822022E-5	1
rli	27	3.124609423822022E-5	1
uot	27	3.124609423822022E-5	1
utr	27	3.124609423822022E-5	1
vuo	27	3.124609423822022E-5	1
zit	27	3.124609423822022E-5	1
_sì	26	3.008883148865651E-5	1
arn	26	3.008883148865651E-5	1
bur	26	3.008883148865651E-5	1
cez	26	3.008883148865651E-5	1
fuo	26	3.008883148865651E-5	1
gie	26	3.008883148865651E-5	1
gir	26	3.008883148865651E-5	1
her	26	3.008883148865651E-5	1
iaz	26	3.008883148865651E-5	1
lef	26	3.008883148865651E-5	1
lez	26	3.008883148865651E-5	1
lue	26	3.008883148865651E-5	1
otu	26	3.008883148865651E-5	1
ped	26	3.008883148865651E-5	1
sfr	26	3.008883148865651E-5	1
ugu	26	3.008883148865651E-5	1
vag	26	3.008883148865651E-5	1
_cè	25	2.89315687390928E-5	1
_us	25	2.89315687390928E-5	1
aud	25	2.89315687390928E-5	1
cè_	25	2.89315687390928E-5	1
fi_	25	2.89315687390928E-5	1
fos	25	2.89315687390928E-5	1
fug	25	2.89315687390928E-5	1
ioè	25	2.89315687390928E-5	1
lad	25	2.89315687390928E-5	1
lva	25	2.89315687390928E-5	1
nev	25	2.89315687390928E-5	1
oè_	25	2.89315687390928E-5	1
sfi	25	2.89315687390928E-5	1
toc	25	2.89315687390928E-5	1
ugh	25	2.89315687390928E-5	1
ule	25	2.89315687390928E-5	1
uom	25	2.89315687390928E-5	1
bar	24	2.7774305989529086E-5	1
cim	24	2.7774305989529086E-5	1
dua	24	2.7774305989529086E-5	1
eda	24	2.7774305989529086E-5	1
esu	24	2.7774305989529086E-5	1
fru	24	2.7774305989529086E-5	1
igr	24	2.7774305989529086E-5	1
lco	24	2.7774305989529086E-5	1
lgo	24	2.7774305989529086E-5	1
omb	24	2.7774305989529086E-5	1
tot	24	2.7774305989529086E-5	1
urb	24	2.7774305989529086E-5	1
civ	23	2.6617043239965376E-5	1
enc	23	2.6617043239965376E-5	1
imb	23	2.6617043239965376E-5	1
lag	23	2.6617043239965376E-5	1
oer	23	2.6617043239965376E-5	1
pev	23	2.6617043239965376E-5	1
sud	23	2.6617043239965376E-5	1
use	23	2.6617043239965376E-5	1
cno	22	2.5459780490401663E-5	1
dol	22	2.5459780490401663E-5	1
epo	22	2.5459780490401663E-5	1
erb	22	2.5459780490401663E-5	1
gil	22	2.5459780490401663E-5	1
iav	22	2.5459780490401663E-5	1
luc	22	2.5459780490401663E-5	1
lui	22	2.5459780490401663E-5	1
olv	22	2.5459780490401663E-5	1
pla	22	2.5459780490401663E-5	1
rfe	22	2.5459780490401663E-5	1
ror	22	2.5459780490401663E-5	1
rui	22	2.5459780490401663E-5	1
afi	21	2.430251774083795E-5	1
bab	21	2.430251774083795E-5	1
lve	21	2.430251774083795E-5	1
mir	21	2.430251774083795E-5	1
nai	21	2.430251774083795E-5	1
nsì	21	2.430251774083795E-5	1
rpr	21	2.430251774083795E-5	1
sei	21	2.430251774083795E-5	1
tom	21	2.430251774083795E-5	1
uer	21	2.430251774083795E-5	1
vem	21	2.430251774083795E-5	1
_c_	20	2.314525499127424E-5	1
_eg	20	2.314525499127424E-5	1
_pl	20	2.314525499127424E-5	1
arv	20	2.314525499127424E-5	1
epl	20	2.314525499127424E-5	1
epp	20	2.314525499127424E-5	1
ioc	20	2.314525499127424E-5	1
quo	20	2.314525499127424E-5	1
ref	20	2.314525499127424E-5	1
sfe	20	2.314525499127424E-5	1
ur_	20	2.314525499127424E-5	1
vir	20	2.314525499127424E-5	1
zam	20	2.314525499127424E-5	1
_dr	19	2.1987992241710526E-5	1
_ro	19	2.1987992241710526E-5	1
_uo	19	2.1987992241710526E-5	1
af_	19	2.1987992241710526E-5	1
ded	19	2.1987992241710526E-5	1
fen	19	2.1987992241710526E-5	1
fiu	19	2.1987992241710526E-5	1
fli	19	2.1987992241710526E-5	1
gam	19	2.1987992241710526E-5	1
iei	19	2.1987992241710526E-5	1
nop	19	2.1987992241710526E-5	1
sof	19	2.1987992241710526E-5	1
aia	18	2.0830729492146816E-5	1
bbo	18	2.0830729492146816E-5	1
bue	18	2.0830729492146816E-5	1
dì_	18	2.0830729492146816E-5	1
ean	18	2.0830729492146816E-5	1
iag	18	2.0830729492146816E-5	1
iai	18	2.0830729492146816E-5	1
nep	18	2.0830729492146816E-5	1
oda	18	2.0830729492146816E-5	1
pel	18	2.0830729492146816E-5	1
pis	18	2.0830729492146816E-5	1
pul	18	2.0830729492146816E-5	1
spl	18	2.0830729492146816E-5	1
tet	18	2.0830729492146816E-5	1
uas	18	2.0830729492146816E-5	1
_et	17	1.9673466742583103E-5	1
_sb	17	1.9673466742583103E-5	1
agu	17	1.9673466742583103E-5	1
bon	17	1.9673466742583103E-5	1
cli	17	1.9673466742583103E-5	1
evu	17	1.9673466742583103E-5	1
fil	17	1.9673466742583103E-5	1
ifr	17	1.9673466742583103E-5	1
irm	17	1.9673466742583103E-5	1
lol	17	1.9673466742583103E-5	1
lvo	17	1.9673466742583103E-5	1
nau	17	1.9673466742583103E-5	1
nin	17	1.9673466742583103E-5	1
rai	17	1.9673466742583103E-5	1
sev	17	1.9673466742583103E-5	1
udd	17	1.9673466742583103E-5	1
urc	17	1.9673466742583103E-5	1
_om	16	1.851620399301939E-5	1
_sm	16	1.851620399301939E-5	1
alg	16	1.851620399301939E-5	1
did	16	1.851620399301939E-5	1
dig	16	1.851620399301939E-5	1
edd	16	1.851620399301939E-5	1
edì	16	1.851620399301939E-5	1
efe	16	1.851620399301939E-5	1
elt	16	1.851620399301939E-5	1
fan	16	1.851620399301939E-5	1
fed	16	1.851620399301939E-5	1
hez	16	1.851620399301939E-5	1
iev	16	1.851620399301939E-5	1
lel	16	1.851620399301939E-5	1
lul	16	1.851620399301939E-5	1
mbl	16	1.851620399301939E-5	1
ntà	16	1.851620399301939E-5	1
nui	16	1.851620399301939E-5	1
ofu	16	1.851620399301939E-5	1
olm	16	1.851620399301939E-5	1
orv	16	1.851620399301939E-5	1
som	16	1.851620399301939E-5	1
tau	16	1.851620399301939E-5	1
tod	16	1.851620399301939E-5	1
ugn	16	1.851620399301939E-5	1
vos	16	1.851620399301939E-5	1
zze	16	1.851620399301939E-5	1
_ex	15	1.735894124345568E-5	1
ald	15	1.735894124345568E-5	1
caf	15	1.735894124345568E-5	1
cuz	15	1.735894124345568E-5	1
dra	15	1.735894124345568E-5	1
fal	15	1.735894124345568E-5	1
feb	15	1.735894124345568E-5	1
ggr	15	1.735894124345568E-5	1
gro	15	1.735894124345568E-5	1
iro	15	1.735894124345568E-5	1
nas	15	1.735894124345568E-5	1
orc	15	1.735894124345568E-5	1
orp	15	1.735894124345568E-5	1
rus	15	1.735894124345568E-5	1
sau	15	1.735894124345568E-5	1
voi	15	1.735894124345568E-5	1
_ip	14	1.6201678493891966E-5	1
alb	14	1.6201678493891966E-5	1
arz	14	1.6201678493891966E-5	1
ddo	14	1.6201678493891966E-5	1
doz	14	1.6201678493891966E-5	1
elo	14	1.6201678493891966E-5	1
epi	14	1.6201678493891966E-5	1
fia	14	1.6201678493891966E-5	1
lga	14	1.6201678493891966E-5	1
mec	14	1.6201678493891966E-5	1
mob	14	1.6201678493891966E-5	1
pe_	14	1.6201678493891966E-5	1
rde	14	1.6201678493891966E-5	1
rze	14	1.6201678493891966E-5	1
udo	14	1.6201678493891966E-5	1
zan	14	1.6201678493891966E-5	1
zer	14	1.6201678493891966E-5	1
_ig	13	1.5044415744328255E-5	1
_od	13	1.5044415744328255E-5	1
_uf	13	1.5044415744328255E-5	1
aca	13	1.5044415744328255E-5	1
azz	13	1.5044415744328255E-5	1
bag	13	1.5044415744328255E-5	1
bel	13	1.5044415744328255E-5	1
biz	13	1.5044415744328255E-5	1
cep	13	1.5044415744328255E-5	1
cic	13	1.5044415744328255E-5	1
cni	13	1.5044415744328255E-5	1
fam	13	1.5044415744328255E-5	1
fir	13	1.5044415744328255E-5	1
igh	13	1.5044415744328255E-5	1
irt	13	1.5044415744328255E-5	1
lom	13	1.5044415744328255E-5	1
loq	13	1.5044415744328255E-5	1
là_	13	1.5044415744328255E-5	1
nad	13	1.5044415744328255E-5	1
niv	13	1.5044415744328255E-5	1
oqu	13	1.5044415744328255E-5	1
sme	13	1.5044415744328255E-5	1
veg	13	1.5044415744328255E-5	1
_ep	12	1.3887152994764543E-5	1
_ie	12	1.3887152994764543E-5	1
_it	12	1.3887152994764543E-5	1
_uc	12	1.3887152994764543E-5	1
aug	12	1.3887152994764543E-5	1
boa	12	1.3887152994764543E-5	1
cru	12	1.3887152994764543E-5	1
epe	12	1.3887152994764543E-5	1
etu	12	1.3887152994764543E-5	1
ex_	12	1.3887152994764543E-5	1
fri	12	1.3887152994764543E-5	1
gab	12	1.3887152994764543E-5	1
gne	12	1.3887152994764543E-5	1
iab	12	1.3887152994764543E-5	1
is_	12	1.3887152994764543E-5	1
itr	12	1.3887152994764543E-5	1
ng_	12	1.3887152994764543E-5	1
oar	12	1.3887152994764543E-5	1
ol_	12	1.3887152994764543E-5	1
pez	12	1.3887152994764543E-5	1
rtù	12	1.3887152994764543E-5	1
tù_	12	1.3887152994764543E-5	1
uiv	12	1.3887152994764543E-5	1
uli	12	1.3887152994764543E-5	1
usu	12	1.3887152994764543E-5	1
aer	11	1.2729890245200831E-5	1
buz	11	1.2729890245200831E-5	1
dee	11	1.2729890245200831E-5	1
dre	11	1.2729890245200831E-5	1
eam	11	1.2729890245200831E-5	1
etn	11	1.2729890245200831E-5	1
fit	11	1.2729890245200831E-5	1
het	11	1.2729890245200831E-5	1
icl	11	1.2729890245200831E-5	1
igg	11	1.2729890245200831E-5	1
irs	11	1.2729890245200831E-5	1
lma	11	1.2729890245200831E-5	1
lug	11	1.2729890245200831E-5	1
mbe	11	1.2729890245200831E-5	1
ndr	11	1.2729890245200831E-5	1
nfu	11	1.2729890245200831E-5	1
nue	11	1.2729890245200831E-5	1
pim	11	1.2729890245200831E-5	1
rpe	11	1.2729890245200831E-5	1
ruc	11	1.2729890245200831E-5	1
sba	11	1.2729890245200831E-5	1
sir	11	1.2729890245200831E-5	1
ted	11	1.2729890245200831E-5	1
tig	11	1.2729890245200831E-5	1
tni	11	1.2729890245200831E-5	1
uag	11	1.2729890245200831E-5	1
ulo	11	1.2729890245200831E-5	1
vad	11	1.2729890245200831E-5	1
_là	10	1.157262749563712E-5	1
acu	10	1.157262749563712E-5	1
aor	10	1.157262749563712E-5	1
asm	10	1.157262749563712E-5	1
aul	10	1.157262749563712E-5	1
bus	10	1.157262749563712E-5	1
dil	10	1.157262749563712E-5	1
ebi	10	1.157262749563712E-5	1
epr	10	1.157262749563712E-5	1
ffu	10	1.157262749563712E-5	1
inz	10	1.157262749563712E-5	1
lda	10	1.157262749563712E-5	1
mbo	10	1.157262749563712E-5	1
mut	10	1.157262749563712E-5	1
nem	10	1.157262749563712E-5	1
neo	10	1.157262749563712E-5	1
noc	10	1.157262749563712E-5	1
pil	10	1.157262749563712E-5	1
rao	10	1.157262749563712E-5	1
rcu	10	1.157262749563712E-5	1
rru	10	1.157262749563712E-5	1
seb	10	1.157262749563712E-5	1
tid	10	1.157262749563712E-5	1
uca	10	1.157262749563712E-5	1
uei	10	1.157262749563712E-5	1
ufr	10	1.157262749563712E-5	1
uim	10	1.157262749563712E-5	1
umi	10	1.157262749563712E-5	1
vun	10	1.157262749563712E-5	1
ago	9	1.0415364746073408E-5	1
alz	9	1.0415364746073408E-5	1
arò	9	1.0415364746073408E-5	1
blo	9	1.0415364746073408E-5	1
bun	9	1.0415364746073408E-5	1
ch_	9	1.0415364746073408E-5	1
ck_	9	1.0415364746073408E-5	1
dri	9	1.0415364746073408E-5	1
ead	9	1.0415364746073408E-5	1
faz	9	1.0415364746073408E-5	1
geo	9	1.0415364746073408E-5	1
idd	9	1.0415364746073408E-5	1
ioe	9	1.0415364746073408E-5	1
it_	9	1.0415364746073408E-5	1
lgi	9	1.0415364746073408E-5	1
lur	9	1.0415364746073408E-5	1
mpu	9	1.0415364746073408E-5	1
mè_	9	1.0415364746073408E-5	1
ngh	9	1.0415364746073408E-5	1
nsf	9	1.0415364746073408E-5	1
nuz	9	1.0415364746073408E-5	1
ock	9	1.0415364746073408E-5	1
oec	9	1.0415364746073408E-5	1
omè	9	1.0415364746073408E-5	1
onu	9	1.0415364746073408E-5	1
sai	9	1.0415364746073408E-5	1
sep	9	1.0415364746073408E-5	1
sma	9	1.0415364746073408E-5	1
tus	9	1.0415364746073408E-5	1
uam	9	1.0415364746073408E-5	1
uia	9	1.0415364746073408E-5	1
vet	9	1.0415364746073408E-5	1
_ae	8	9.258101996509695E-6	1
_lh	8	9.258101996509695E-6	1
abu	8	9.258101996509695E-6	1
arb	8	9.258101996509695E-6	1
auf	8	9.258101996509695E-6	1
bet	8	9.258101996509695E-6	1
cro	8	9.258101996509695E-6	1
dab	8	9.258101996509695E-6	1
dum	8	9.258101996509695E-6	1
ech	8	9.258101996509695E-6	1
elu	8	9.258101996509695E-6	1
eog	8	9.258101996509695E-6	1
fab	8	9.258101996509695E-6	1
gev	8	9.258101996509695E-6	1
gog	8	9.258101996509695E-6	1
hin	8	9.258101996509695E-6	1
idr	8	9.258101996509695E-6	1
iec	8	9.258101996509695E-6	1
iez	8	9.258101996509695E-6	1
ifa	8	9.258101996509695E-6	1
ifu	8	9.258101996509695E-6	1
led	8	9.258101996509695E-6	1
luf	8	9.258101996509695E-6	1
lza	8	9.258101996509695E-6	1
mog	8	9.258101996509695E-6	1
ngl	8	9.258101996509695E-6	1
nil	8	9.258101996509695E-6	1
pai	8	9.258101996509695E-6	1
pom	8	9.258101996509695E-6	1
rbi	8	9.258101996509695E-6	1
rpo	8	9.258101996509695E-6	1
rvo	8	9.258101996509695E-6	1
sac	8	9.258101996509695E-6	1
sel	8	9.258101996509695E-6	1
uga	8	9.258101996509695E-6	1
vul	8	9.258101996509695E-6	1
_bl	7	8.100839246945983E-6	1
_ug	7	8.100839246945983E-6	1
ain	7	8.100839246945983E-6	1
bin	7	8.100839246945983E-6	1
ccr	7	8.100839246945983E-6	1
deo	7	8.100839246945983E-6	1
dor	7	8.100839246945983E-6	1
env	7	8.100839246945983E-6	1
eol	7	8.100839246945983E-6	1
gib	7	8.100839246945983E-6	1
gid	7	8.100839246945983E-6	1
lba	7	8.100839246945983E-6	1
lbe	7	8.100839246945983E-6	1
lgr	7	8.100839246945983E-6	1
lha	7	8.100839246945983E-6	1
lsh	7	8.100839246945983E-6	1
mac	7	8.100839246945983E-6	1
nab	7	8.100839246945983E-6	1
obr	7	8.100839246945983E-6	1
om_	7	8.100839246945983E-6	1
onq	7	8.100839246945983E-6	1
rdu	7	8.100839246945983E-6	1
rgl	7	8.100839246945983E-6	1
rug	7	8.100839246945983E-6	1
sez	7	8.100839246945983E-6	1
she	7	8.100839246945983E-6	1
sut	7	8.100839246945983E-6	1
sve	7	8.100839246945983E-6	1
tep	7	8.100839246945983E-6	1
tob	7	8.100839246945983E-6	1
uid	7	8.100839246945983E-6	1
ulg	7	8.100839246945983E-6	1
um_	7	8.100839246945983E-6	1
unu	7	8.100839246945983E-6	1
upi	7	8.100839246945983E-6	1
urs	7	8.100839246945983E-6	1
us_	7	8.100839246945983E-6	1
vac	7	8.100839246945983E-6	1
zis	7	8.100839246945983E-6	1
_sl	6	6.9435764973822716E-6	1
_sé	6	6.9435764973822716E-6	1
apu	6	6.9435764973822716E-6	1
bom	6	6.9435764973822716E-6	1
deu	6	6.9435764973822716E-6	1
edr	6	6.9435764973822716E-6	1
eik	6	6.9435764973822716E-6	1
els	6	6.9435764973822716E-6	1
fau	6	6.9435764973822716E-6	1
flo	6	6.9435764973822716E-6	1
ged	6	6.9435764973822716E-6	1
gig	6	6.9435764973822716E-6	1
god	6	6.9435764973822716E-6	1
hei	6	6.9435764973822716E-6	1
hic	6	6.9435764973822716E-6	1
ikh	6	6.9435764973822716E-6	1
ipu	6	6.9435764973822716E-6	1
ivu	6	6.9435764973822716E-6	1
kh_	6	6.9435764973822716E-6	1
lvi	6	6.9435764973822716E-6	1
mov	6	6.9435764973822716E-6	1
neu	6	6.9435764973822716E-6	1
nt_	6	6.9435764973822716E-6	1
ocl	6	6.9435764973822716E-6	1
ozz	6	6.9435764973822716E-6	1
sva	6	6.9435764973822716E-6	1
sé_	6	6.9435764973822716E-6	1
toi	6	6.9435764973822716E-6	1
uda	6	6.9435764973822716E-6	1
uls	6	6.9435764973822716E-6	1
upl	6	6.9435764973822716E-6	1
vab	6	6.9435764973822716E-6	1
zab	6	6.9435764973822716E-6	1
zal	6	6.9435764973822716E-6	1
zic	6	6.9435764973822716E-6	1
_b_	5	5.78631374781856E-6	1
_eb	5	5.78631374781856E-6	1
_iv	5	5.78631374781856E-6	1
_ni	5	5.78631374781856E-6	1
_sq	5	5.78631374781856E-6	1
ap_	5	5.78631374781856E-6	1
apo	5	5.78631374781856E-6	1
ax_	5	5.78631374781856E-6	1
bo_	5	5.78631374781856E-6	1
bos	5	5.78631374781856E-6	1
boz	5	5.78631374781856E-6	1
cav	5	5.78631374781856E-6	1
coc	5	5.78631374781856E-6	1
dup	5	5.78631374781856E-6	1
dà_	5	5.78631374781856E-6	1
eic	5	5.78631374781856E-6	1
eor	5	5.78631374781856E-6	1
ggo	5	5.78631374781856E-6	1
heg	5	5.78631374781856E-6	1
his	5	5.78631374781856E-6	1
icr	5	5.78631374781856E-6	1
imu	5	5.78631374781856E-6	1
isd	5	5.78631374781856E-6	1
lai	5	5.78631374781856E-6	1
lca	5	5.78631374781856E-6	1
ldi	5	5.78631374781856E-6	1
leq	5	5.78631374781856E-6	1
lof	5	5.78631374781856E-6	1
lso	5	5.78631374781856E-6	1
nag	5	5.78631374781856E-6	1
nap	5	5.78631374781856E-6	1
neq	5	5.78631374781856E-6	1
ngu	5	5.78631374781856E-6	1
nod	5	5.78631374781856E-6	1
sdi	5	5.78631374781856E-6	1
squ	5	5.78631374781856E-6	1
sè_	5	5.78631374781856E-6	1
teo	5	5.78631374781856E-6	1
ttà	5	5.78631374781856E-6	1
tum	5	5.78631374781856E-6	1
ubo	5	5.78631374781856E-6	1
ugi	5	5.78631374781856E-6	1
uie	5	5.78631374781856E-6	1
uio	5	5.78631374781856E-6	1
uip	5	5.78631374781856E-6	1
uoc	5	5.78631374781856E-6	1
vei	5	5.78631374781856E-6	1
_dà	4	4.629050998254847E-6	1
_nn	4	4.629050998254847E-6	1
_sn	4	4.629050998254847E-6	1
_ze	4	4.629050998254847E-6	1
aba	4	4.629050998254847E-6	1
aie	4	4.629050998254847E-6	1
auz	4	4.629050998254847E-6	1
bac	4	4.629050998254847E-6	1
bam	4	4.629050998254847E-6	1
boc	4	4.629050998254847E-6	1
clo	4	4.629050998254847E-6	1
cof	4	4.629050998254847E-6	1
dog	4	4.629050998254847E-6	1
drà	4	4.629050998254847E-6	1
dui	4	4.629050998254847E-6	1
eag	4	4.629050998254847E-6	1
ecl	4	4.629050998254847E-6	1
ecr	4	4.629050998254847E-6	1
eer	4	4.629050998254847E-6	1
elg	4	4.629050998254847E-6	1
et_	4	4.629050998254847E-6	1
fez	4	4.629050998254847E-6	1
fob	4	4.629050998254847E-6	1
gas	4	4.629050998254847E-6	1
gif	4	4.629050998254847E-6	1
gla	4	4.629050998254847E-6	1
gle	4	4.629050998254847E-6	1
him	4	4.629050998254847E-6	1
ii_	4	4.629050998254847E-6	1
ilv	4	4.629050998254847E-6	1
inl	4	4.629050998254847E-6	1
irn	4	4.629050998254847E-6	1
lfo	4	4.629050998254847E-6	1
lod	4	4.629050998254847E-6	1
lsa	4	4.629050998254847E-6	1
lum	4	4.629050998254847E-6	1
mbu	4	4.629050998254847E-6	1
ned	4	4.629050998254847E-6	1
nla	4	4.629050998254847E-6	1
nn_	4	4.629050998254847E-6	1
ntè	4	4.629050998254847E-6	1
oc_	4	4.629050998254847E-6	1
olc	4	4.629050998254847E-6	1
old	4	4.629050998254847E-6	1
olf	4	4.629050998254847E-6	1
pug	4	4.629050998254847E-6	1
rbu	4	4.629050998254847E-6	1
rt_	4	4.629050998254847E-6	1
rud	4	4.629050998254847E-6	1
sbl	4	4.629050998254847E-6	1
seq	4	4.629050998254847E-6	1
sle	4	4.629050998254847E-6	1
spu	4	4.629050998254847E-6	1
ss_	4	4.629050998254847E-6	1
tax	4	4.629050998254847E-6	1
tè_	4	4.629050998254847E-6	1
unn	4	4.629050998254847E-6	1
vii	4	4.629050998254847E-6	1
vim	4	4.629050998254847E-6	1
vrò	4	4.629050998254847E-6	1
vvo	4	4.629050998254847E-6	1
_lì	3	3.4717882486911358E-6	1
_s_	3	3.4717882486911358E-6	1
_th	3	3.4717882486911358E-6	1
_xe	3	3.4717882486911358E-6	1
abr	3	3.4717882486911358E-6	1
acr	3	3.4717882486911358E-6	1
agh	3	3.4717882486911358E-6	1
aid	3	3.4717882486911358E-6	1
anu	3	3.4717882486911358E-6	1
as_	3	3.4717882486911358E-6	1
asu	3	3.4717882486911358E-6	1
aun	3	3.4717882486911358E-6	1
baz	3	3.4717882486911358E-6	1
bby	3	3.4717882486911358E-6	1
bed	3	3.4717882486911358E-6	1
bir	3	3.4717882486911358E-6	1
bov	3	3.4717882486911358E-6	1
bru	3	3.4717882486911358E-6	1
bug	3	3.4717882486911358E-6	1
bul	3	3.4717882486911358E-6	1
cag	3	3.4717882486911358E-6	1
chè	3	3.4717882486911358E-6	1
cot	3	3.4717882486911358E-6	1
cou	3	3.4717882486911358E-6	1
cua	3	3.4717882486911358E-6	1
ds_	3	3.4717882486911358E-6	1
ege	3	3.4717882486911358E-6	1
ein	3	3.4717882486911358E-6	1
eit	3	3.4717882486911358E-6	1
es_	3	3.4717882486911358E-6	1
esb	3	3.4717882486911358E-6	1
ext	3	3.4717882486911358E-6	1
fem	3	3.4717882486911358E-6	1
fio	3	3.4717882486911358E-6	1
foc	3	3.4717882486911358E-6	1
fu_	3	3.4717882486911358E-6	1
fum	3	3.4717882486911358E-6	1
gel	3	3.4717882486911358E-6	1
hè_	3	3.4717882486911358E-6	1
ids	3	3.4717882486911358E-6	1
ilà	3	3.4717882486911358E-6	1
iog	3	3.4717882486911358E-6	1
iop	3	3.4717882486911358E-6	1
iqu	3	3.4717882486911358E-6	1
irò	3	3.4717882486911358E-6	1
isg	3	3.4717882486911358E-6	1
lae	3	3.4717882486911358E-6	1
lde	3	3.4717882486911358E-6	1
lip	3	3.4717882486911358E-6	1
lpa	3	3.4717882486911358E-6	1
lì_	3	3.4717882486911358E-6	1
mid	3	3.4717882486911358E-6	1
mmu	3	3.4717882486911358E-6	1
mus	3	3.4717882486911358E-6	1
nof	3	3.4717882486911358E-6	1
obo	3	3.4717882486911358E-6	1
opt	3	3.4717882486911358E-6	1
opz	3	3.4717882486911358E-6	1
orb	3	3.4717882486911358E-6	1
osè	3	3.4717882486911358E-6	1
out	3	3.4717882486911358E-6	1
pau	3	3.4717882486911358E-6	1
pru	3	3.4717882486911358E-6	1
pzi	3	3.4717882486911358E-6	1
rfi	3	3.4717882486911358E-6	1
rfl	3	3.4717882486911358E-6	1
rgr	3	3.4717882486911358E-6	1
roi	3	3.4717882486911358E-6	1
rpi	3	3.4717882486911358E-6	1
rpl	3	3.4717882486911358E-6	1
rrò	3	3.4717882486911358E-6	1
rtn	3	3.4717882486911358E-6	1
sbo	3	3.4717882486911358E-6	1
sfu	3	3.4717882486911358E-6	1
slo	3	3.4717882486911358E-6	1
sna	3	3.4717882486911358E-6	1
sob	3	3.4717882486911358E-6	1
tea	3	3.4717882486911358E-6	1
the	3	3.4717882486911358E-6	1
tmo	3	3.4717882486911358E-6	1
tne	3	3.4717882486911358E-6	1
uab	3	3.4717882486911358E-6	1
ud_	3	3.4717882486911358E-6	1
uib	3	3.4717882486911358E-6	1
umm	3	3.4717882486911358E-6	1
umo	3	3.4717882486911358E-6	1
ump	3	3.4717882486911358E-6	1
upo	3	3.4717882486911358E-6	1
urd	3	3.4717882486911358E-6	1
urn	3	3.4717882486911358E-6	1
vav	3	3.4717882486911358E-6	1
vib	3	3.4717882486911358E-6	1
vva	3	3.4717882486911358E-6	1
vè_	3	3.4717882486911358E-6	1
xen	3	3.4717882486911358E-6	1
xtr	3	3.4717882486911358E-6	1
zin	3	3.4717882486911358E-6	1
_he	2	2.3145254991274237E-6	1
_sr	2	2.3145254991274237E-6	1
_sè	2	2.3145254991274237E-6	1
_vè	2	2.3145254991274237E-6	1
abe	2	2.3145254991274237E-6	1
abn	2	2.3145254991274237E-6	1
ae_	2	2.3145254991274237E-6	1
aen	2	2.3145254991274237E-6	1
aft	2	2.3145254991274237E-6	1
ail	2	2.3145254991274237E-6	1
alq	2	2.3145254991274237E-6	1
at_	2	2.3145254991274237E-6	1
atl	2	2.3145254991274237E-6	1
aw_	2	2.3145254991274237E-6	1
bee	2	2.3145254991274237E-6	1
bev	2	2.3145254991274237E-6	1
bid	2	2.3145254991274237E-6	1
big	2	2.3145254991274237E-6	1
bno	2	2.3145254991274237E-6	1
boi	2	2.3145254991274237E-6	1
bso	2	2.3145254991274237E-6	1
by_	2	2.3145254991274237E-6	1
cc_	2	2.3145254991274237E-6	1
cec	2	2.3145254991274237E-6	1
cha	2	2.3145254991274237E-6	1
cub	2	2.3145254991274237E-6	1
doi	2	2.3145254991274237E-6	1
dul	2	2.3145254991274237E-6	1
eef	2	2.3145254991274237E-6	1
ef_	2	2.3145254991274237E-6	1
efo	2	2.3145254991274237E-6	1
eiz	2	2.3145254991274237E-6	1
elv	2	2.3145254991274237E-6	1
enf	2	2.3145254991274237E-6	1
eop	2	2.3145254991274237E-6	1
eut	2	2.3145254991274237E-6	1
fag	2	2.3145254991274237E-6	1
fec	2	2.3145254991274237E-6	1
fel	2	2.3145254991274237E-6	1
ffl	2	2.3145254991274237E-6	1
fta	2	2.3145254991274237E-6	1
geg	2	2.3145254991274237E-6	1
gga	2	2.3145254991274237E-6	1
ght	2	2.3145254991274237E-6	1
gma	2	2.3145254991274237E-6	1
gnu	2	2.3145254991274237E-6	1
guo	2	2.3145254991274237E-6	1
hab	2	2.3145254991274237E-6	1
har	2	2.3145254991274237E-6	1
hed	2	2.3145254991274237E-6	1
hil	2	2.3145254991274237E-6	1
hir	2	2.3145254991274237E-6	1
hit	2	2.3145254991274237E-6	1
hiv	2	2.3145254991274237E-6	1
hoc	2	2.3145254991274237E-6	1
iaf	2	2.3145254991274237E-6	1
iap	2	2.3145254991274237E-6	1
iel	2	2.3145254991274237E-6	1
igm	2	2.3145254991274237E-6	1
ioi	2	2.3145254991274237E-6	1
irg	2	2.3145254991274237E-6	1
irv	2	2.3145254991274237E-6	1
itm	2	2.3145254991274237E-6	1
ium	2	2.3145254991274237E-6	1
ket	2	2.3145254991274237E-6	1
law	2	2.3145254991274237E-6	1
lci	2	2.3145254991274237E-6	1
lep	2	2.3145254991274237E-6	1
lho	2	2.3145254991274237E-6	1
lne	2	2.3145254991274237E-6	1
lqu	2	2.3145254991274237E-6	1
mel	2	2.3145254991274237E-6	1
muc	2	2.3145254991274237E-6	1
naf	2	2.3145254991274237E-6	1
nd_	2	2.3145254991274237E-6	1
neb	2	2.3145254991274237E-6	1
nig	2	2.3145254991274237E-6	1
nip	2	2.3145254991274237E-6	1
nog	2	2.3145254991274237E-6	1
nur	2	2.3145254991274237E-6	1
nz_	2	2.3145254991274237E-6	1
obe	2	2.3145254991274237E-6	1
obs	2	2.3145254991274237E-6	1
oia	2	2.3145254991274237E-6	1
oie	2	2.3145254991274237E-6	1
oio	2	2.3145254991274237E-6	1
ois	2	2.3145254991274237E-6	1
opl	2	2.3145254991274237E-6	1
opu	2	2.3145254991274237E-6	1
orl	2	2.3145254991274237E-6	1
osf	2	2.3145254991274237E-6	1
oup	2	2.3145254991274237E-6	1
our	2	2.3145254991274237E-6	1
pad	2	2.3145254991274237E-6	1
pav	2	2.3145254991274237E-6	1
plu	2	2.3145254991274237E-6	1
pod	2	2.3145254991274237E-6	1
prà	2	2.3145254991274237E-6	1
pta	2	2.3145254991274237E-6	1
rau	2	2.3145254991274237E-6	1
rdì	2	2.3145254991274237E-6	1
roa	2	2.3145254991274237E-6	1
rou	2	2.3145254991274237E-6	1
rst	2	2.3145254991274237E-6	1
seu	2	2.3145254991274237E-6	1
sgr	2	2.3145254991274237E-6	1
sho	2	2.3145254991274237E-6	1
sne	2	2.3145254991274237E-6	1
stà	2	2.3145254991274237E-6	1
tap	2	2.3145254991274237E-6	1
tla	2	2.3145254991274237E-6	1
tou	2	2.3145254991274237E-6	1
tov	2	2.3145254991274237E-6	1
trò	2	2.3145254991274237E-6	1
tt_	2	2.3145254991274237E-6	1
tu_	2	2.3145254991274237E-6	1
tue	2	2.3145254991274237E-6	1
tuo	2	2.3145254991274237E-6	1
ty_	2	2.3145254991274237E-6	1
tyf	2	2.3145254991274237E-6	1
uco	2	2.3145254991274237E-6	1
ueg	2	2.3145254991274237E-6	1
uln	2	2.3145254991274237E-6	1
uos	2	2.3145254991274237E-6	1
up_	2	2.3145254991274237E-6	1
uty	2	2.3145254991274237E-6	1
yfr	2	2.3145254991274237E-6	1
zel	2	2.3145254991274237E-6	1
zor	2	2.3145254991274237E-6	1
_hu	1	1.1572627495637119E-6	1
_ib	1	1.1572627495637119E-6	1
_if	1	1.1572627495637119E-6	1
_ja	1	1.1572627495637119E-6	1
_ju	1	1.1572627495637119E-6	1
_km	1	1.1572627495637119E-6	1
_ko	1	1.1572627495637119E-6	1
_m_	1	1.1572627495637119E-6	1
_nc	1	1.1572627495637119E-6	1
_oz	1	1.1572627495637119E-6	1
_pm	1	1.1572627495637119E-6	1
_ps	1	1.1572627495637119E-6	1
_sg	1	1.1572627495637119E-6	1
_sh	1	1.1572627495637119E-6	1
_sk	1	1.1572627495637119E-6	1
_ud	1	1.1572627495637119E-6	1
_wh	1	1.1572627495637119E-6	1
_zi	1	1.1572627495637119E-6	1
_é_	1	1.1572627495637119E-6	1
abl	1	1.1572627495637119E-6	1
abù	1	1.1572627495637119E-6	1
ach	1	1.1572627495637119E-6	1
afe	1	1.1572627495637119E-6	1
afr	1	1.1572627495637119E-6	1
ake	1	1.1572627495637119E-6	1
alf	1	1.1572627495637119E-6	1
alp	1	1.1572627495637119E-6	1
am_	1	1.1572627495637119E-6	1
ams	1	1.1572627495637119E-6	1
amu	1	1.1572627495637119E-6	1
anq	1	1.1572627495637119E-6	1
ark	1	1.1572627495637119E-6	1
arp	1	1.1572627495637119E-6	1
ask	1	1.1572627495637119E-6	1
atm	1	1.1572627495637119E-6	1
au_	1	1.1572627495637119E-6	1
auc	1	1.1572627495637119E-6	1
auo	1	1.1572627495637119E-6	1
aya	1	1.1572627495637119E-6	1
baf	1	1.1572627495637119E-6	1
bec	1	1.1572627495637119E-6	1
bei	1	1.1572627495637119E-6	1
bek	1	1.1572627495637119E-6	1
bib	1	1.1572627495637119E-6	1
bla	1	1.1572627495637119E-6	1
blu	1	1.1572627495637119E-6	1
boo	1	1.1572627495637119E-6	1
bot	1	1.1572627495637119E-6	1
bud	1	1.1572627495637119E-6	1
byi	1	1.1572627495637119E-6	1
bù_	1	1.1572627495637119E-6	1
cea	1	1.1572627495637119E-6	1
ceg	1	1.1572627495637119E-6	1
cib	1	1.1572627495637119E-6	1
cke	1	1.1572627495637119E-6	1
coa	1	1.1572627495637119E-6	1
cto	1	1.1572627495637119E-6	1
cò_	1	1.1572627495637119E-6	1
dad	1	1.1572627495637119E-6	1
dap	1	1.1572627495637119E-6	1
dge	1	1.1572627495637119E-6	1
drò	1	1.1572627495637119E-6	1
du_	1	1.1572627495637119E-6	1
duf	1	1.1572627495637119E-6	1
dè_	1	1.1572627495637119E-6	1
eas	1	1.1572627495637119E-6	1
eau	1	1.1572627495637119E-6	1
ebu	1	1.1572627495637119E-6	1
ec_	1	1.1572627495637119E-6	1
edg	1	1.1572627495637119E-6	1
efa	1	1.1572627495637119E-6	1
efl	1	1.1572627495637119E-6	1
eft	1	1.1572627495637119E-6	1
eio	1	1.1572627495637119E-6	1
eis	1	1.1572627495637119E-6	1
eki	1	1.1572627495637119E-6	1
elh	1	1.1572627495637119E-6	1
em_	1	1.1572627495637119E-6	1
eoa	1	1.1572627495637119E-6	1
eoe	1	1.1572627495637119E-6	1
eof	1	1.1572627495637119E-6	1
eon	1	1.1572627495637119E-6	1
eos	1	1.1572627495637119E-6	1
ety	1	1.1572627495637119E-6	1
ev_	1	1.1572627495637119E-6	1
fai	1	1.1572627495637119E-6	1
fax	1	1.1572627495637119E-6	1
ffs	1	1.1572627495637119E-6	1
fie	1	1.1572627495637119E-6	1
fla	1	1.1572627495637119E-6	1
fmi	1	1.1572627495637119E-6	1
fog	1	1.1572627495637119E-6	1
fol	1	1.1572627495637119E-6	1
foo	1	1.1572627495637119E-6	1
fr_	1	1.1572627495637119E-6	1
fsh	1	1.1572627495637119E-6	1
ft_	1	1.1572627495637119E-6	1
fte	1	1.1572627495637119E-6	1
fur	1	1.1572627495637119E-6	1
gag	1	1.1572627495637119E-6	1
gez	1	1.1572627495637119E-6	1
giv	1	1.1572627495637119E-6	1
giz	1	1.1572627495637119E-6	1
goc	1	1.1572627495637119E-6	1
goi	1	1.1572627495637119E-6	1
gos	1	1.1572627495637119E-6	1
gul	1	1.1572627495637119E-6	1
gus	1	1.1572627495637119E-6	1
hap	1	1.1572627495637119E-6	1
hea	1	1.1572627495637119E-6	1
hel	1	1.1572627495637119E-6	1
hem	1	1.1572627495637119E-6	1
hen	1	1.1572627495637119E-6	1
hip	1	1.1572627495637119E-6	1
hop	1	1.1572627495637119E-6	1
hor	1	1.1572627495637119E-6	1
ht_	1	1.1572627495637119E-6	1
hts	1	1.1572627495637119E-6	1
hum	1	1.1572627495637119E-6	1
ibl	1	1.1572627495637119E-6	1
ick	1	1.1572627495637119E-6	1
idà	1	1.1572627495637119E-6	1
ieq	1	1.1572627495637119E-6	1
ieu	1	1.1572627495637119E-6	1
if_	1	1.1572627495637119E-6	1
ig_	1	1.1572627495637119E-6	1
iin	1	1.1572627495637119E-6	1
iir	1	1.1572627495637119E-6	1
ik_	1	1.1572627495637119E-6	1
ika	1	1.1572627495637119E-6	1
ilt	1	1.1572627495637119E-6	1
iot	1	1.1572627495637119E-6	1
ip_	1	1.1572627495637119E-6	1
ir_	1	1.1572627495637119E-6	1
isv	1	1.1572627495637119E-6	1
ity	1	1.1572627495637119E-6	1
jac	1	1.1572627495637119E-6	1
jur	1	1.1572627495637119E-6	1
jus	1	1.1572627495637119E-6	1
ka_	1	1.1572627495637119E-6	1
kat	1	1.1572627495637119E-6	1
ker	1	1.1572627495637119E-6	1
kis	1	1.1572627495637119E-6	1
km_	1	1.1572627495637119E-6	1
kos	1	1.1572627495637119E-6	1
lay	1	1.1572627495637119E-6	1
ldo	1	1.1572627495637119E-6	1
lfm	1	1.1572627495637119E-6	1
lfu	1	1.1572627495637119E-6	1
lgh	1	1.1572627495637119E-6	1
lhi	1	1.1572627495637119E-6	1
liq	1	1.1572627495637119E-6	1
llf	1	1.1572627495637119E-6	1
llh	1	1.1572627495637119E-6	1
lll	1	1.1572627495637119E-6	1
llm	1	1.1572627495637119E-6	1
lpe	1	1.1572627495637119E-6	1
lpo	1	1.1572627495637119E-6	1
lse	1	1.1572627495637119E-6	1
lst	1	1.1572627495637119E-6	1
lu_	1	1.1572627495637119E-6	1
lua	1	1.1572627495637119E-6	1
lub	1	1.1572627495637119E-6	1
lzi	1	1.1572627495637119E-6	1
løn	1	1.1572627495637119E-6	1
mab	1	1.1572627495637119E-6	1
mad	1	1.1572627495637119E-6	1
mae	1	1.1572627495637119E-6	1
map	1	1.1572627495637119E-6	1
mav	1	1.1572627495637119E-6	1
mea	1	1.1572627495637119E-6	1
mib	1	1.1572627495637119E-6	1
mik	1	1.1572627495637119E-6	1
miz	1	1.1572627495637119E-6	1
mof	1	1.1572627495637119E-6	1
mst	1	1.1572627495637119E-6	1
mò_	1	1.1572627495637119E-6	1
nc_	1	1.1572627495637119E-6	1
ndè	1	1.1572627495637119E-6	1
nha	1	1.1572627495637119E-6	1
nid	1	1.1572627495637119E-6	1
nii	1	1.1572627495637119E-6	1
niq	1	1.1572627495637119E-6	1
nmi	1	1.1572627495637119E-6	1
nob	1	1.1572627495637119E-6	1
noo	1	1.1572627495637119E-6	1
noz	1	1.1572627495637119E-6	1
ns_	1	1.1572627495637119E-6	1
nsc	1	1.1572627495637119E-6	1
nsn	1	1.1572627495637119E-6	1
nu_	1	1.1572627495637119E-6	1
nud	1	1.1572627495637119E-6	1
nus	1	1.1572627495637119E-6	1
nva	1	1.1572627495637119E-6	1
oac	1	1.1572627495637119E-6	1
oal	1	1.1572627495637119E-6	1
oas	1	1.1572627495637119E-6	1
oat	1	1.1572627495637119E-6	1
obu	1	1.1572627495637119E-6	1
ocò	1	1.1572627495637119E-6	1
od_	1	1.1572627495637119E-6	1
oed	1	1.1572627495637119E-6	1
oel	1	1.1572627495637119E-6	1
of_	1	1.1572627495637119E-6	1
oft	1	1.1572627495637119E-6	1
oib	1	1.1572627495637119E-6	1
oim	1	1.1572627495637119E-6	1
oju	1	1.1572627495637119E-6	1
onh	1	1.1572627495637119E-6	1
onz	1	1.1572627495637119E-6	1
oo_	1	1.1572627495637119E-6	1
ood	1	1.1572627495637119E-6	1
oom	1	1.1572627495637119E-6	1
op_	1	1.1572627495637119E-6	1
ops	1	1.1572627495637119E-6	1
opy	1	1.1572627495637119E-6	1
orf	1	1.1572627495637119E-6	1
oru	1	1.1572627495637119E-6	1
osv	1	1.1572627495637119E-6	1
ovè	1	1.1572627495637119E-6	1
oz_	1	1.1572627495637119E-6	1
pab	1	1.1572627495637119E-6	1
pib	1	1.1572627495637119E-6	1
pmi	1	1.1572627495637119E-6	1
psh	1	1.1572627495637119E-6	1
psi	1	1.1572627495637119E-6	1
pti	1	1.1572627495637119E-6	1
pua	1	1.1572627495637119E-6	1
pus	1	1.1572627495637119E-6	1
pyr	1	1.1572627495637119E-6	1
rbe	1	1.1572627495637119E-6	1
rik	1	1.1572627495637119E-6	1
riq	1	1.1572627495637119E-6	1
rke	1	1.1572627495637119E-6	1
rlø	1	1.1572627495637119E-6	1
rm_	1	1.1572627495637119E-6	1
rmò	1	1.1572627495637119E-6	1
roe	1	1.1572627495637119E-6	1
roj	1	1.1572627495637119E-6	1
roz	1	1.1572627495637119E-6	1
rpa	1	1.1572627495637119E-6	1
rpu	1	1.1572627495637119E-6	1
rqu	1	1.1572627495637119E-6	1
rs_	1	1.1572627495637119E-6	1
rsc	1	1.1572627495637119E-6	1
rsh	1	1.1572627495637119E-6	1
rsp	1	1.1572627495637119E-6	1
rtt	1	1.1572627495637119E-6	1
rub	1	1.1572627495637119E-6	1
rue	1	1.1572627495637119E-6	1
sb_	1	1.1572627495637119E-6	1
sbu	1	1.1572627495637119E-6	1
sgi	1	1.1572627495637119E-6	1
sgu	1	1.1572627495637119E-6	1
sha	1	1.1572627495637119E-6	1
shi	1	1.1572627495637119E-6	1
sip	1	1.1572627495637119E-6	1
sk_	1	1.1572627495637119E-6	1
ska	1	1.1572627495637119E-6	1
ssà	1	1.1572627495637119E-6	1
sté	1	1.1572627495637119E-6	1
sà_	1	1.1572627495637119E-6	1
tai	1	1.1572627495637119E-6	1
teb	1	1.1572627495637119E-6	1
tee	1	1.1572627495637119E-6	1
tef	1	1.1572627495637119E-6	1
tii	1	1.1572627495637119E-6	1
ts_	1	1.1572627495637119E-6	1
tub	1	1.1572627495637119E-6	1
tuf	1	1.1572627495637119E-6	1
tup	1	1.1572627495637119E-6	1
té_	1	1.1572627495637119E-6	1
uak	1	1.1572627495637119E-6	1
uba	1	1.1572627495637119E-6	1
ube	1	1.1572627495637119E-6	1
uct	1	1.1572627495637119E-6	1
uec	1	1.1572627495637119E-6	1
uee	1	1.1572627495637119E-6	1
uem	1	1.1572627495637119E-6	1
ufi	1	1.1572627495637119E-6	1
uiz	1	1.1572627495637119E-6	1
umu	1	1.1572627495637119E-6	1
und	1	1.1572627495637119E-6	1
unm	1	1.1572627495637119E-6	1
urp	1	1.1572627495637119E-6	1
urq	1	1.1572627495637119E-6	1
ut_	1	1.1572627495637119E-6	1
uzb	1	1.1572627495637119E-6	1
vip	1	1.1572627495637119E-6	1
whe	1	1.1572627495637119E-6	1
ya_	1	1.1572627495637119E-6	1
yin	1	1.1572627495637119E-6	1
yri	1	1.1572627495637119E-6	1
zbe	1	1.1572627495637119E-6	1
zet	1	1.1572627495637119E-6	1
zig	1	1.1572627495637119E-6	1
zog	1	1.1572627495637119E-6	1
øn_	1	1.1572627495637119E-6	1
