English	2	173691419	557
	1)	e	0	0	0.0
		1)	e_	1	4138977	0.021107536
		2)	en	8	2478253	0.0126383435
		3)	er	11	2158959	0.0110100405
		4)	es	12	2154811	0.0109888865
		5)	ed	24	1582025	0.008067851
		6)	ea	49	1074414	0.0054791877
		7)	ec	59	970583	0.0049496805
		8)	el	69	779557	0.0039755055
		9)	ee	75	714189	0.0036421486
		10)	em	80	680357	0.0034696157
		11)	et	88	610232	0.0031119992
		12)	ev	128	411426	0.0020981487
		13)	eg	140	366423	0.0018686468
		14)	ex	143	361928	0.0018457237
		15)	ep	152	337406	0.0017206689
		16)	ef	170	264277	0.0013477331
		17)	ew	206	179316	9.1445755E-4
		18)	ei	230	129753	6.617012E-4
		19)	eo	253	101894	5.196287E-4
		20)	eq	257	99450	5.0716504E-4
		21)	eb	273	74218	3.7848944E-4
		22)	eu	282	68431	3.4897748E-4
		23)	eh	303	52738	2.6894792E-4
		24)	ey	314	43480	2.217349E-4
		25)	ek	328	27172	1.3856901E-4
		26)	ej	367	12530	6.389922E-5
		27)	e’	437	2231	1.1377428E-5
		28)	ez	459	1329	6.7774995E-6
		29)	e 	523	390	1.9888823E-6
	2)	s	0	0	0.0
		1)	s_	2	3654240	0.018635523
		2)	st	27	1532671	0.00781616
		3)	se	34	1286768	0.006562129
		4)	si	63	920830	0.004695955
		5)	ss	85	655464	0.0033426688
		6)	su	95	581215	0.0029640214
		7)	sa	126	415809	0.0021205007
		8)	sh	130	402171	0.002050951
		9)	so	145	359382	0.0018327399
		10)	sp	147	349125	0.0017804323
		11)	sc	236	125266	6.3881883E-4
		12)	sm	264	85658	4.3682999E-4
		13)	sl	269	77916	3.973481E-4
		14)	sk	281	69163	3.5271046E-4
		15)	sy	284	67759	3.4555048E-4
		16)	sf	331	25936	1.3226578E-4
		17)	sw	348	18798	9.586413E-5
		18)	sb	384	6773	3.454026E-5
		19)	sr	404	4700	2.3968583E-5
		20)	s’	410	3984	2.0317199E-5
		21)	sn	415	3552	1.811413E-5
		22)	sd	429	2645	1.3488702E-5
		23)	sg	431	2459	1.2540158E-5
		24)	sq	445	1869	9.531336E-6
		25)	sv	496	677	3.452496E-6
		26)	sà	505	526	2.6824414E-6
		27)	s 	513	447	2.2795653E-6
	3)	i	0	0	0.0
		1)	in	3	3058187	0.015595832
		2)	io	19	1773341	0.0090435045
		3)	it	25	1580172	0.008058401
		4)	is	55	1001801	0.005108883
		5)	ic	62	939403	0.004790672
		6)	ie	81	679003	0.0034627107
		7)	im	98	557823	0.0028447292
		8)	iv	110	500001	0.0025498543
		9)	ia	124	425692	0.0021709008
		10)	id	134	386250	0.0019697587
		11)	il	136	379102	0.0019333059
		12)	ig	137	375822	0.0019165789
		13)	ir	153	333678	0.0017016572
		14)	if	198	203534	0.001037962
		15)	ib	204	183729	9.369625E-4
		16)	ip	252	105310	5.3704926E-4
		17)	iz	274	73939	3.770666E-4
		18)	ik	365	12679	6.465908E-5
		19)	iu	366	12547	6.398592E-5
		20)	ix	392	5763	2.9389563E-5
		21)	i_	397	5164	2.6334843E-5
		22)	iq	412	3910	1.9939822E-5
		23)	ih	464	1199	6.1145383E-6
		24)	ii	532	331	1.6880002E-6
		25)	ij	533	326	1.6625017E-6
	4)	r	0	0	0.0
		1)	re	4	3038594	0.015495913
		2)	ri	45	1095631	0.005587388
		3)	ro	48	1078404	0.0054995352
		4)	ra	54	1008835	0.0051447544
		5)	r_	64	887307	0.0045249984
		6)	rt	67	799001	0.0040746643
		7)	rs	101	553211	0.0028212094
		8)	ry	139	366931	0.0018712375
		9)	rm	175	253726	0.0012939262
		10)	rd	177	252225	0.0012862715
		11)	rn	184	229336	0.0011695444
		12)	rk	196	209496	0.0010683665
		13)	ru	207	175083	8.9287054E-4
		14)	rg	209	173648	8.8555244E-4
		15)	rr	210	172177	8.780508E-4
		16)	rl	224	140516	7.165892E-4
		17)	rc	234	127200	6.4868166E-4
		18)	rv	265	85582	4.364424E-4
		19)	rp	313	44323	2.2603394E-4
		20)	rf	350	18280	9.322249E-5
		21)	rh	354	16487	8.407873E-5
		22)	rb	358	14544	7.417001E-5
		23)	rw	373	9175	4.6789733E-5
		24)	r’	466	1170	5.966647E-6
		25)	r 	475	1026	5.2322907E-6
	5)	o	0	0	0.0
		1)	on	5	2840238	0.014484358
		2)	or	28	1497928	0.007638981
		3)	ou	53	1011586	0.005158784
		4)	om	78	688611	0.0035117085
		5)	op	91	604383	0.003082171
		6)	ol	103	548115	0.0027952213
		7)	os	119	456239	0.0023266813
		8)	ot	148	343527	0.0017518841
		9)	ow	149	342234	0.0017452902
		10)	oc	164	284977	0.0014532967
		11)	od	167	270092	0.0013773878
		12)	ov	171	262224	0.0013372634
		13)	oo	176	253340	0.0012919577
		14)	ob	201	195077	9.948339E-4
		15)	oi	211	168344	8.585036E-4
		16)	o_	213	166419	8.4868673E-4
		17)	og	217	156842	7.998469E-4
		18)	of	275	73064	3.7260438E-4
		19)	oa	277	71272	3.6346572E-4
		20)	oy	306	50315	2.5659133E-4
		21)	ok	308	46741	2.3836501E-4
		22)	oj	343	20573	1.049161E-4
		23)	oh	349	18310	9.337548E-5
		24)	oe	355	16049	8.1845064E-5
		25)	ox	382	7246	3.6952417E-5
		26)	oz	433	2412	1.2300473E-5
		27)	oq	534	317	1.6166044E-6
	6)	t	0	0	0.0
		1)	ti	6	2733931	0.013942224
		2)	t_	7	2638247	0.013454264
		3)	te	18	1777320	0.009063796
		4)	th	41	1138031	0.005803615
		5)	ta	61	956825	0.004879519
		6)	tr	73	733875	0.0037425412
		7)	ts	96	575513	0.0029349427
		8)	to	125	418151	0.002132444
		9)	tu	133	391420	0.001996124
		10)	ty	141	363218	0.0018523023
		11)	tt	197	206270	0.0010519148
		12)	tl	216	157119	8.0125954E-4
		13)	tw	271	77027	3.928145E-4
		14)	tm	310	46078	2.349839E-4
		15)	tn	341	21324	1.08745975E-4
		16)	tc	344	20067	1.0233565E-4
		17)	tf	389	6057	3.0888874E-5
		18)	tp	413	3789	1.9322757E-5
		19)	tb	414	3778	1.9266661E-5
		20)	td	463	1208	6.160436E-6
		21)	tg	472	1089	5.5535716E-6
		22)	t’	477	1021	5.206792E-6
		23)	t 	548	225	1.1474322E-6
	7)	d	0	0	0.0
		1)	d_	9	2172440	0.011078789
		2)	de	42	1134998	0.0057881474
		3)	di	76	691745	0.003527691
		4)	du	174	256302	0.0013070629
		5)	da	180	244653	0.0012476565
		6)	do	208	174163	8.881788E-4
		7)	ds	214	165046	8.416849E-4
		8)	dr	260	96982	4.9457897E-4
		9)	dy	289	65193	3.3246464E-4
		10)	dg	293	60259	3.0730275E-4
		11)	dm	294	59921	3.0557904E-4
		12)	dd	304	52315	2.6679074E-4
		13)	dl	307	49862	2.5428116E-4
		14)	dv	329	26735	1.3634044E-4
		15)	dw	398	5148	2.6253249E-5
		16)	dj	405	4481	2.285175E-5
		17)	dc	411	3973	2.0261103E-5
		18)	dn	428	2784	1.4197561E-5
		19)	dh	432	2455	1.251976E-5
		20)	df	439	2198	1.12091375E-5
		21)	db	444	1955	9.969911E-6
		22)	dt	447	1659	8.4604E-6
		23)	dp	471	1098	5.599469E-6
		24)	d’	490	781	3.9828647E-6
		25)	dq	507	525	2.6773416E-6
		26)	dé	520	404	2.0602781E-6
		27)	dk	541	253	1.2902237E-6
	8)	_	0	0	0.0
		1)	_c	10	2169814	0.011065397
		2)	_s	14	2067872	0.010545524
		3)	_p	17	1992766	0.010162506
		4)	_a	21	1669008	0.008511438
		5)	_r	29	1493314	0.0076154512
		6)	_m	36	1278902	0.0065220147
		7)	_b	37	1278808	0.006521535
		8)	_t	38	1278395	0.006519429
		9)	_i	43	1132503	0.0057754237
		10)	_e	44	1100540	0.0056124222
		11)	_d	50	1049438	0.0053518172
		12)	_w	56	989078	0.0050439998
		13)	_f	57	986335	0.0050300113
		14)	_l	82	677650	0.0034558107
		15)	_n	93	583110	0.0029736853
		16)	_g	104	530957	0.0027077207
		17)	_o	105	521903	0.0026615479
		18)	_h	116	462097	0.0023565553
		19)	_v	142	362106	0.0018466314
		20)	_u	163	286210	0.0014595847
		21)	_y	239	118123	6.0239166E-4
		22)	_j	242	117038	5.968585E-4
		23)	_q	258	98134	5.004538E-4
		24)	_k	259	97504	4.97241E-4
		25)	_ 	322	32036	1.6337394E-4
		26)	_z	401	4944	2.521291E-5
		27)	_x	456	1391	7.093681E-6
		28)	_–	549	225	1.1474322E-6
	9)	n	0	0	0.0
		1)	n_	13	2120565	0.010814242
		2)	nt	15	2063786	0.010524686
		3)	ng	23	1606111	0.008190682
		4)	ns	51	1041663	0.005312167
		5)	ne	65	864149	0.004406899
		6)	nd	71	749102	0.0038201944
		7)	nc	79	684577	0.0034911362
		8)	na	89	609934	0.0031104796
		9)	ni	113	475824	0.0024265589
		10)	no	132	394728	0.002012994
		11)	nf	229	130697	6.665153E-4
		12)	nv	238	120772	6.159008E-4
		13)	nk	241	117096	5.971543E-4
		14)	nu	245	114380	5.833035E-4
		15)	nn	248	112821	5.753531E-4
		16)	nl	254	101608	5.181702E-4
		17)	nm	276	71609	3.651843E-4
		18)	ny	334	25030	1.2764546E-4
		19)	nh	368	12155	6.198684E-5
		20)	nj	374	9048	4.614207E-5
		21)	nr	385	6507	3.318374E-5
		22)	np	394	5554	2.8323726E-5
		23)	nw	418	3446	1.757356E-5
		24)	nq	419	3303	1.6844304E-5
		25)	nb	434	2315	1.1805802E-5
		26)	n’	446	1720	8.771482E-6
		27)	nx	467	1131	5.767759E-6
		28)	nz	495	718	3.6615836E-6
	10)	y	0	0	0.0
		1)	y_	16	2011315	0.0102571
		2)	ye	228	130869	6.6739245E-4
		3)	ys	240	118048	6.0200924E-4
		4)	yi	309	46287	2.3604975E-4
		5)	ym	316	40715	2.0763422E-4
		6)	yo	317	39778	2.0285581E-4
		7)	yt	357	15796	8.055484E-5
		8)	yp	364	12760	6.5072156E-5
		9)	yl	379	7877	4.0170326E-5
		10)	yc	391	5895	3.0062723E-5
		11)	yn	393	5558	2.8344124E-5
		12)	yb	395	5401	2.7543472E-5
		13)	ya	409	3988	2.0337598E-5
		14)	yw	421	3246	1.6553622E-5
		15)	yr	427	2819	1.437605E-5
		16)	yf	436	2273	1.1591615E-5
		17)	yd	438	2216	1.1300932E-5
		18)	y’	440	2112	1.0770564E-5
		19)	yg	480	952	4.854913E-6
		20)	yh	527	366	1.8664897E-6
	11)	a	0	0	0.0
		1)	at	20	1730533	0.008825197
		2)	al	22	1613008	0.0082258545
		3)	ar	32	1344007	0.006854031
		4)	an	35	1284945	0.006552832
		5)	ac	83	675778	0.0034462642
		6)	as	90	608320	0.0031022485
		7)	ai	115	467523	0.0023842263
		8)	ad	120	450495	0.0022973886
		9)	ab	129	406844	0.0020747818
		10)	ag	135	385265	0.0019647353
		11)	am	144	359438	0.0018330255
		12)	ay	159	299939	0.0015295985
		13)	ap	162	288191	0.0014696872
		14)	ak	169	265503	0.0013539853
		15)	av	243	116467	5.939466E-4
		16)	a_	244	115028	5.8660813E-4
		17)	au	256	100235	5.1116827E-4
		18)	af	262	92590	4.721811E-4
		19)	aw	266	80929	4.127135E-4
		20)	aj	326	29683	1.5137435E-4
		21)	ax	332	25811	1.3162832E-4
		22)	ah	399	5115	2.6084957E-5
		23)	az	416	3516	1.793054E-5
		24)	ae	422	2990	1.5248099E-5
		25)	ao	424	2910	1.4840123E-5
		26)	aq	468	1111	5.665765E-6
		27)	a 	536	290	1.4789126E-6
	12)	c	0	0	0.0
		1)	co	26	1560693	0.007959064
		2)	ce	60	965581	0.004924172
		3)	ct	66	858313	0.0043771374
		4)	ca	84	674665	0.003440588
		5)	ci	94	583092	0.0029735935
		6)	ch	151	337529	0.0017212961
		7)	cu	156	321195	0.0016379977
		8)	cr	166	278189	0.0014186801
		9)	cl	178	251306	0.0012815848
		10)	c_	193	216184	0.0011024732
		11)	cc	215	163839	8.355295E-4
		12)	cy	221	147851	7.5399555E-4
		13)	ck	255	100307	5.1153544E-4
		14)	cs	356	15799	8.0570135E-5
		15)	cq	406	4425	2.2566166E-5
		16)	cp	526	380	1.9378854E-6
	13)	m	0	0	0.0
		1)	me	30	1429289	0.007288943
		2)	ma	77	688910	0.0035132333
		3)	mp	107	513374	0.0026180525
		4)	mi	114	472053	0.002407328
		5)	mo	117	459843	0.0023450607
		6)	m_	165	283374	0.001445122
		7)	mm	190	221834	0.0011312865
		8)	mu	192	219690	0.0011203528
		9)	ms	218	154716	7.8900496E-4
		10)	mb	250	107475	5.480901E-4
		11)	mr	288	65515	3.3410676E-4
		12)	my	333	25344	1.2924676E-4
		13)	mn	376	8700	4.4367378E-5
		14)	ml	390	6057	3.0888874E-5
		15)	mf	425	2870	1.4636134E-5
		16)	mt	491	763	3.89107E-6
		17)	mv	516	414	2.1112753E-6
	14)	g	0	0	0.0
		1)	g_	31	1346125	0.006864832
		2)	ge	99	556746	0.0028392368
		3)	gr	131	401309	0.0020465548
		4)	gi	168	269241	0.0013730479
		5)	ga	172	262021	0.0013362281
		6)	gh	173	261009	0.0013310672
		7)	go	200	195591	9.974551E-4
		8)	gu	222	145892	7.440052E-4
		9)	gn	261	92794	4.7322141E-4
		10)	gs	292	60671	3.094038E-4
		11)	gl	295	59375	3.027946E-4
		12)	gy	297	58862	3.0017845E-4
		13)	gt	335	24852	1.2673771E-4
		14)	gg	339	22974	1.17160474E-4
		15)	gm	388	6166	3.1444742E-5
		16)	gf	476	1025	5.227191E-6
		17)	gd	508	513	2.6161454E-6
		18)	g’	540	274	1.3973174E-6
		19)	gp	545	236	1.2035289E-6
		20)	gb	553	215	1.0964352E-6
	15)	l	0	0	0.0
		1)	le	33	1305061	0.006655418
		2)	l_	40	1163471	0.0059333513
		3)	li	58	971000	0.004951807
		4)	ly	70	762292	0.0038874594
		5)	la	74	715795	0.0036503386
		6)	ll	92	593877	0.0030285937
		7)	lo	118	458461	0.002338013
		8)	ld	154	329996	0.0016828801
		9)	lu	195	215015	0.0010965117
		10)	lt	202	187659	9.570043E-4
		11)	ls	235	125942	6.4226624E-4
		12)	lf	283	67834	3.4593296E-4
		13)	lv	287	66625	3.3976743E-4
		14)	lr	318	36625	1.8677647E-4
		15)	lp	323	31498	1.606303E-4
		16)	lc	325	30491	1.5549491E-4
		17)	lk	337	24280	1.2382068E-4
		18)	lw	347	19289	9.836809E-5
		19)	lm	362	13155	6.7086534E-5
		20)	ln	400	5033	2.5666783E-5
		21)	lb	417	3464	1.7665356E-5
		22)	lg	457	1369	6.9814873E-6
		23)	lh	543	241	1.2290274E-6
		24)	l’	544	239	1.218828E-6
	16)	v	0	0	0.0
		1)	ve	39	1198903	0.0061140438
		2)	vi	121	446204	0.0022755058
		3)	vo	212	167264	8.5299596E-4
		4)	va	223	145640	7.427201E-4
		5)	vu	420	3259	1.6619917E-5
		6)	vy	426	2864	1.4605536E-5
		7)	vr	478	965	4.921209E-6
		8)	v_	484	889	4.533632E-6
	17)	p	0	0	0.0
		1)	pr	46	1088395	0.0055504865
		2)	po	47	1081121	0.005513391
		3)	pe	72	746813	0.0038085212
		4)	pl	106	516525	0.0026341218
		5)	pa	123	427236	0.002178775
		6)	pp	150	338587	0.0017266916
		7)	pt	220	147911	7.543015E-4
		8)	pu	225	139654	7.121933E-4
		9)	p_	232	129188	6.5881986E-4
		10)	pi	237	124643	6.3564174E-4
		11)	ph	298	58602	2.9885254E-4
		12)	pm	300	53787	2.742975E-4
		13)	ps	302	52878	2.6966186E-4
		14)	py	377	8423	4.295476E-5
		15)	pd	442	2067	1.0541077E-5
		16)	pf	451	1551	7.909633E-6
		17)	pb	481	938	4.7835174E-6
		18)	pg	494	741	3.7788766E-6
		19)	pw	498	586	2.9884234E-6
		20)	pc	525	380	1.9378854E-6
		21)	p’	552	217	1.1066346E-6
	18)	b	0	0	0.0
		1)	be	52	1015546	0.0051789787
		2)	bl	122	438830	0.0022379006
		3)	ba	185	227841	0.0011619204
		4)	bo	203	187229	9.5481146E-4
		5)	bi	219	153430	7.8244676E-4
		6)	bu	231	129640	6.6112494E-4
		7)	bs	272	76075	3.8795956E-4
		8)	br	278	71078	3.6247636E-4
		9)	bj	301	53782	2.74272E-4
		10)	bt	338	23595	1.20327386E-4
		11)	b_	363	12925	6.5913606E-5
		12)	bv	370	10481	5.344994E-5
		13)	by	371	10162	5.1823135E-5
		14)	bm	378	8350	4.2582484E-5
		15)	bb	408	4290	2.1877706E-5
		16)	bd	485	878	4.477535E-6
		17)	bc	486	872	4.446937E-6
		18)	bg	517	406	2.0704776E-6
		19)	bh	529	346	1.7644957E-6
		20)	bn	537	287	1.4636134E-6
		21)	bp	538	284	1.4483144E-6
	19)	u	0	0	0.0
		1)	ur	68	794585	0.004052144
		2)	us	86	643743	0.0032828953
		3)	ul	87	613852	0.0031304602
		4)	un	97	572825	0.0029212348
		5)	ut	112	491047	0.0025041916
		6)	ue	161	289762	0.0014776988
		7)	uc	187	226302	0.001154072
		8)	um	189	223381	0.0011391757
		9)	ua	191	220273	0.0011233259
		10)	up	205	181683	9.2652853E-4
		11)	ud	227	138902	7.083583E-4
		12)	ub	233	128076	6.53149E-4
		13)	ui	246	113781	5.802488E-4
		14)	ug	270	77915	3.97343E-4
		15)	uf	330	26010	1.3264315E-4
		16)	uo	369	12106	6.173695E-5
		17)	u_	386	6284	3.2046504E-5
		18)	uy	430	2604	1.3279615E-5
		19)	uv	458	1346	6.8641943E-6
		20)	ux	460	1302	6.6398075E-6
		21)	uk	510	501	2.5549489E-6
		22)	uu	511	458	2.335662E-6
		23)	uz	515	418	2.131674E-6
	20)	h	0	0	0.0
		1)	he	100	553305	0.0028216888
		2)	h_	102	549760	0.0028036102
		3)	ho	108	513320	0.0026177773
		4)	hi	127	412613	0.0021042018
		5)	ha	138	372284	0.0018985362
		6)	ht	199	197272	0.0010060277
		7)	hu	280	69915	3.565454E-4
		8)	hr	324	31360	1.5992655E-4
		9)	hn	327	29677	1.5134376E-4
		10)	hl	346	19400	9.893415E-5
		11)	hs	351	17972	9.165178E-5
		12)	hy	352	16868	8.602171E-5
		13)	hm	375	8776	4.4754954E-5
		14)	hb	383	7100	3.620786E-5
		15)	hc	396	5209	2.656433E-5
		16)	hd	402	4881	2.489163E-5
		17)	hq	441	2090	1.065837E-5
		18)	hw	443	1970	1.0046406E-5
		19)	hf	483	897	4.5744296E-6
		20)	hp	499	567	2.891529E-6
		21)	hh	503	533	2.7181393E-6
		22)	h 	555	213	1.0862358E-6
	21)	f	0	0	0.0
		1)	fi	109	504260	0.002571574
		2)	fo	157	309962	0.0015807127
		3)	fe	160	297728	0.0015183231
		4)	fa	181	240094	0.001224407
		5)	ff	183	235983	0.0012034421
		6)	fu	188	224214	0.0011434238
		7)	fr	247	113233	5.7745416E-4
		8)	f_	279	70519	3.5962564E-4
		9)	fl	286	66669	3.399918E-4
		10)	ft	299	54140	2.7609768E-4
		11)	fy	345	19640	1.0015808E-4
		12)	fs	403	4845	2.4708039E-5
		13)	fd	473	1047	5.339384E-6
		14)	fc	497	655	3.3403026E-6
		15)	fh	519	405	2.0653779E-6
		16)	fw	531	337	1.7185984E-6
		17)	fg	539	276	1.4075168E-6
		18)	fp	547	233	1.1882298E-6
	22)	w	0	0	0.0
		1)	wi	111	497870	0.002538987
		2)	w_	155	326388	0.0016644804
		3)	wo	179	245528	0.0012521187
		4)	we	182	236430	0.0012057218
		5)	wa	186	226586	0.0011555203
		6)	wn	291	61468	3.1346828E-4
		7)	wh	312	44720	2.2805852E-4
		8)	ws	320	32398	1.6522003E-4
		9)	wr	336	24838	1.2666632E-4
		10)	wt	359	14401	7.344076E-5
		11)	wl	360	13470	6.869294E-5
		12)	wu	452	1440	7.343566E-6
		13)	wy	454	1404	7.1599766E-6
		14)	wf	462	1249	6.3695234E-6
		15)	wd	482	919	4.686623E-6
		16)	wp	489	794	4.0491605E-6
		17)	wm	492	758	3.8655717E-6
		18)	wc	493	749	3.819674E-6
		19)	wb	504	527	2.6875412E-6
		20)	wk	550	222	1.1321331E-6
		21)	w’	556	207	1.0556377E-6
	23)	k	0	0	0.0
		1)	ke	146	358558	0.0018285377
		2)	k_	158	303702	0.0015487886
		3)	ki	226	139528	7.1155076E-4
		4)	ks	290	65187	3.3243405E-4
		5)	kn	296	59360	3.027181E-4
		6)	kl	353	16826	8.580753E-5
		7)	ka	361	13425	6.846345E-5
		8)	kg	435	2313	1.1795602E-5
		9)	ky	448	1654	8.434901E-6
		10)	kf	450	1554	7.924931E-6
		11)	kp	455	1394	7.10898E-6
		12)	kr	461	1270	6.4766173E-6
		13)	kw	465	1188	6.058442E-6
		14)	km	469	1109	5.6555655E-6
		15)	kd	470	1098	5.599469E-6
		16)	kt	474	1031	5.2577893E-6
		17)	ko	487	855	4.360242E-6
		18)	kb	509	504	2.5702482E-6
		19)	ku	518	405	2.0653779E-6
		20)	kh	557	205	1.0454382E-6
	24)	q	0	0	0.0
		1)	qu	194	215289	0.001097909
	25)	x	0	0	0.0
		1)	xt	249	108570	5.536743E-4
		2)	xp	251	106310	5.4214895E-4
		3)	xa	305	50369	2.568667E-4
		4)	xi	311	45188	2.3044518E-4
		5)	xc	315	43308	2.2085775E-4
		6)	xe	340	22491	1.1469732E-4
		7)	x_	342	20634	1.0522718E-4
		8)	xu	407	4380	2.2336679E-5
		9)	xh	449	1634	8.332908E-6
		10)	xo	501	550	2.8048341E-6
		11)	xm	522	394	2.0092812E-6
		12)	xy	535	298	1.5197102E-6
	26)	j	0	0	0.0
		1)	je	263	87520	4.463256E-4
		2)	jo	267	79755	4.0672647E-4
		3)	ju	268	78902	4.023764E-4
		4)	ja	453	1433	7.307868E-6
		5)	ji	554	213	1.0862358E-6
	27)	z	0	0	0.0
		1)	ze	285	67465	3.4405116E-4
		2)	za	372	9258	4.721301E-5
		3)	zo	387	6258	3.1913914E-5
		4)	zi	423	2937	1.4977814E-5
		5)	zz	500	557	2.840532E-6
		6)	zu	502	540	2.7538372E-6
		7)	zy	514	426	2.1724716E-6
		8)	zl	524	388	1.978683E-6
	28)	 	0	0	0.0
		1)	 _	319	32451	1.6549032E-4
		2)	  	321	32077	1.6358303E-4
		3)	 –	479	955	4.8702123E-6
		4)	 p	521	398	2.02968E-6
		5)	 a	530	344	1.7542962E-6
		6)	 b	546	233	1.1882298E-6
		7)	 t	551	220	1.1219337E-6
	29)	’	0	0	0.0
		1)	’s	380	7430	3.789076E-5
		2)	’_	381	7357	3.7518483E-5
	30)	–	0	0	0.0
		1)	– 	488	837	4.268448E-6
		2)	–_	528	348	1.7746951E-6
	31)	à	0	0	0.0
		1)	àv	506	525	2.6773416E-6
	32)	é	0	0	0.0
		1)	é_	512	450	2.2948643E-6
		2)	ét	542	250	1.2749247E-6
