English	2	263239665	557
	1)	e	0	0	0.0
		1)	e_	1	10122293	0.03277407
		2)	er	19	2735960	0.008858521
		3)	en	21	2606067	0.008437952
		4)	es	26	2323389	0.0075226943
		5)	ed	48	1584297	0.005129654
		6)	ea	65	1101104	0.0035651664
		7)	ec	73	1043331	0.0033781084
		8)	el	90	793152	0.0025680761
		9)	ee	99	734304	0.0023775375
		10)	em	104	721759	0.002336919
		11)	et	115	639543	0.0020707194
		12)	ev	128	512829	0.0016604433
		13)	eg	161	366423	0.0011864083
		14)	ex	164	361928	0.0011718544
		15)	ef	165	354419	0.0011475417
		16)	ep	168	337406	0.0010924569
		17)	ei	197	248970	8.061178E-4
		18)	ew	220	191781	6.209506E-4
		19)	ey	235	150233	4.8642603E-4
		20)	eo	268	108699	3.519468E-4
		21)	eq	272	103096	3.3380534E-4
		22)	eb	289	74218	2.4030385E-4
		23)	eu	295	69152	2.239011E-4
		24)	eh	314	52738	1.7075567E-4
		25)	ek	337	27172	8.7977794E-5
		26)	ej	371	12531	4.0573006E-5
		27)	e’	437	2231	7.223556E-6
		28)	ez	459	1329	4.3030504E-6
		29)	e 	523	390	1.2627462E-6
	2)	_	0	0	0.0
		1)	_t	2	8891633	0.028789425
		2)	_a	5	5577456	0.018058747
		3)	_i	10	4057366	0.013136984
		4)	_o	14	3467563	0.011227313
		5)	_w	17	2847959	0.009221152
		6)	_s	24	2363583	0.0076528345
		7)	_c	29	2200615	0.007125175
		8)	_p	34	2008418	0.0065028775
		9)	_b	38	1850694	0.005992197
		10)	_f	40	1777906	0.0057565235
		11)	_m	50	1527961	0.004947249
		12)	_r	52	1513273	0.004899692
		13)	_h	58	1283208	0.0041547846
		14)	_d	61	1234139	0.0039959084
		15)	_e	63	1164910	0.0037717582
		16)	_n	76	1018925	0.0032990864
		17)	_l	91	790910	0.002560817
		18)	_g	125	530957	0.0017191384
		19)	_u	141	466154	0.0015093185
		20)	_v	163	362117	0.0011724663
		21)	_y	184	284078	9.197908E-4
		22)	_j	256	120728	3.9089442E-4
		23)	_q	262	115928	3.7535295E-4
		24)	_k	274	97504	3.1569952E-4
		25)	_ 	331	32036	1.0372651E-4
		26)	_z	401	4944	1.6007736E-5
		27)	_x	456	1391	4.503795E-6
		28)	_–	549	225	7.285074E-7
	3)	t	0	0	0.0
		1)	th	3	7214767	0.023360051
		2)	t_	7	4899656	0.01586416
		3)	ti	18	2778274	0.008995526
		4)	to	31	2131883	0.0069026337
		5)	te	39	1837964	0.00595098
		6)	ta	79	979824	0.0031724847
		7)	tr	100	733890	0.002376197
		8)	ts	110	685974	0.0022210542
		9)	tu	155	391420	0.0012673439
		10)	ty	162	365419	0.0011831576
		11)	tt	213	209831	6.7939307E-4
		12)	tl	231	164320	5.3203705E-4
		13)	tw	258	117533	3.805496E-4
		14)	tm	322	46078	1.4919185E-4
		15)	tn	349	21324	6.9043075E-5
		16)	tc	351	20067	6.497315E-5
		17)	tf	391	6057	1.961142E-5
		18)	tp	414	3789	1.2268065E-5
		19)	tb	415	3778	1.2232449E-5
		20)	td	463	1208	3.9112756E-6
		21)	tg	472	1089	3.525976E-6
		22)	t’	477	1021	3.305805E-6
		23)	t 	548	225	7.285074E-7
	4)	s	0	0	0.0
		1)	s_	4	6041611	0.019561594
		2)	st	46	1625243	0.0052622296
		3)	se	53	1487992	0.0048178365
		4)	si	82	957617	0.0031005826
		5)	so	112	676497	0.0021903694
		6)	ss	113	669144	0.0021665618
		7)	su	114	646384	0.002092869
		8)	sa	150	417099	0.0013504877
		9)	sh	151	410898	0.00133041
		10)	sp	166	349125	0.0011304007
		11)	sc	252	125803	4.0732633E-4
		12)	sm	278	85658	2.773444E-4
		13)	sl	285	77916	2.5227727E-4
		14)	sk	294	69163	2.2393672E-4
		15)	sy	297	67759	2.1939083E-4
		16)	sf	341	25936	8.3975865E-5
		17)	sw	355	18802	6.087732E-5
		18)	sb	387	6773	2.1929693E-5
		19)	sr	404	4700	1.5217711E-5
		20)	s’	411	3984	1.2899439E-5
		21)	sn	416	3552	1.1500704E-5
		22)	sd	429	2645	8.5640095E-6
		23)	sg	431	2459	7.961777E-6
		24)	sq	445	1870	6.0547063E-6
		25)	sv	496	677	2.191998E-6
		26)	sà	505	526	1.7030885E-6
		27)	s 	513	447	1.4473014E-6
	5)	h	0	0	0.0
		1)	he	6	5205597	0.016854739
		2)	ha	33	2073541	0.0067137335
		3)	hi	57	1307889	0.004234697
		4)	h_	70	1072342	0.0034720406
		5)	ho	103	728575	0.002358988
		6)	ht	217	199520	6.46008E-4
		7)	hu	281	81293	2.6321135E-4
		8)	hr	284	78941	2.5559604E-4
		9)	hy	319	50081	1.621528E-4
		10)	hn	336	29677	9.6088515E-5
		11)	hl	353	19400	6.281353E-5
		12)	hs	358	17972	5.8189937E-5
		13)	hm	378	8776	2.8415028E-5
		14)	hb	386	7100	2.2988457E-5
		15)	hc	397	5209	1.6865757E-5
		16)	hd	402	4881	1.5803755E-5
		17)	hq	441	2090	6.767025E-6
		18)	hw	443	1970	6.3784873E-6
		19)	hf	483	897	2.9043163E-6
		20)	hp	499	567	1.8358387E-6
		21)	hh	503	533	1.7257532E-6
		22)	h 	555	213	6.896537E-7
	6)	i	0	0	0.0
		1)	in	8	4310863	0.013957759
		2)	is	22	2413971	0.007815981
		3)	it	30	2174676	0.0070411894
		4)	io	41	1775622	0.0057491283
		5)	ic	60	1248672	0.004042964
		6)	il	109	706437	0.0022873094
		7)	ie	111	679057	0.0021986582
		8)	im	120	565979	0.0018325329
		9)	iv	131	507980	0.0016447431
		10)	ir	145	439986	0.0014245914
		11)	ia	148	425696	0.0013783231
		12)	id	153	406095	0.0013148588
		13)	ig	160	378068	0.0012241127
		14)	if	178	300863	9.741375E-4
		15)	i_	206	224119	7.2565494E-4
		16)	ib	223	183729	5.9487973E-4
		17)	ik	261	116809	3.7820544E-4
		18)	ip	271	105310	3.4097387E-4
		19)	iz	288	74474	2.4113273E-4
		20)	iu	370	12547	4.062481E-5
		21)	ix	374	11736	3.7998947E-5
		22)	iq	413	3910	1.2659841E-5
		23)	ih	464	1199	3.8821354E-6
		24)	ii	532	332	1.0749532E-6
		25)	ij	533	326	1.0555264E-6
	7)	n	0	0	0.0
		1)	n_	9	4203374	0.01360973
		2)	nd	28	2232903	0.0072297174
		3)	nt	32	2078890	0.0067310524
		4)	ng	47	1616161	0.0052328235
		5)	ns	72	1053338	0.003410509
		6)	ne	80	971984	0.0031471003
		7)	no	86	845033	0.002736057
		8)	nc	101	733135	0.0023737524
		9)	na	117	609942	0.0019748767
		10)	ni	136	477201	0.0015450866
		11)	nf	248	130697	4.2317217E-4
		12)	ny	249	129652	4.1978864E-4
		13)	nl	253	124776	4.040011E-4
		14)	nv	255	120962	3.9165208E-4
		15)	nk	259	117096	3.791347E-4
		16)	nu	263	114385	3.7035698E-4
		17)	nn	265	112822	3.652963E-4
		18)	nm	291	71609	2.318564E-4
		19)	nh	372	12155	3.935559E-5
		20)	nj	377	9048	2.9295712E-5
		21)	nr	388	6507	2.1068436E-5
		22)	np	395	5554	1.7982802E-5
		23)	nw	408	4358	1.411038E-5
		24)	nq	419	3303	1.0694489E-5
		25)	nb	434	2315	7.495532E-6
		26)	n’	446	1720	5.569035E-6
		27)	nx	467	1131	3.661964E-6
		28)	nz	495	718	2.3247483E-6
	8)	d	0	0	0.0
		1)	d_	11	3874419	0.012544636
		2)	de	62	1207825	0.0039107087
		3)	di	106	711933	0.0023051044
		4)	do	169	331794	0.0010742862
		5)	du	194	256360	8.300452E-4
		6)	da	198	245130	7.9368456E-4
		7)	ds	222	184486	5.973308E-4
		8)	dr	273	98199	3.1794977E-4
		9)	dy	301	65193	2.110826E-4
		10)	dg	305	60259	1.9510725E-4
		11)	dm	306	59921	1.9401286E-4
		12)	dd	315	52315	1.6938607E-4
		13)	dl	316	51576	1.6699333E-4
		14)	dv	338	26735	8.6562875E-5
		15)	dw	398	5149	1.6671487E-5
		16)	dj	405	4481	1.4508631E-5
		17)	dc	412	3973	1.2863822E-5
		18)	dn	428	2784	9.014066E-6
		19)	dh	432	2455	7.948825E-6
		20)	df	439	2198	7.1167083E-6
		21)	db	444	1957	6.336396E-6
		22)	dt	447	1667	5.397431E-6
		23)	dp	471	1098	3.5551163E-6
		24)	d’	490	781	2.5287302E-6
		25)	dq	507	525	1.6998507E-6
		26)	dé	520	404	1.3080755E-6
		27)	dk	541	253	8.1916613E-7
	9)	r	0	0	0.0
		1)	re	12	3695142	0.011964171
		2)	r_	27	2256190	0.0073051164
		3)	ro	59	1264524	0.0040942896
		4)	ri	66	1095631	0.0035474459
		5)	ra	75	1026166	0.0033225315
		6)	rt	87	837805	0.0027126542
		7)	rs	123	554398	0.0017950359
		8)	ry	156	385824	0.0012492251
		9)	rd	173	320990	0.0010393049
		10)	rm	192	261347	8.461921E-4
		11)	rn	205	229336	7.425466E-4
		12)	rk	214	209496	6.783084E-4
		13)	ru	224	175083	5.6688563E-4
		14)	rg	225	173648	5.622394E-4
		15)	rr	227	172177	5.5747654E-4
		16)	rl	241	140516	4.5496423E-4
		17)	rc	251	127737	4.1358825E-4
		18)	rv	279	85582	2.7709833E-4
		19)	rp	324	44323	1.4350949E-4
		20)	rw	334	29931	9.691092E-5
		21)	rf	357	18280	5.9187183E-5
		22)	rh	360	16487	5.3381787E-5
		23)	rb	363	14544	4.709072E-5
		24)	r’	466	1170	3.7882387E-6
		25)	r 	475	1026	3.321994E-6
	10)	o	0	0	0.0
		1)	on	13	3505262	0.011349375
		2)	o_	23	2404432	0.007785096
		3)	or	25	2354296	0.007622765
		4)	of	37	1904979	0.0061679618
		5)	ou	45	1631609	0.005282841
		6)	om	84	905775	0.002932728
		7)	ot	88	822899	0.0026643914
		8)	op	118	606175	0.00196268
		9)	ol	124	548115	0.0017746927
		10)	os	132	503265	0.0016294769
		11)	ow	137	476883	0.0015440569
		12)	ov	177	301897	9.774853E-4
		13)	oc	183	284977	9.227016E-4
		14)	od	187	270100	8.7453274E-4
		15)	oo	193	257824	8.3478534E-4
		16)	ob	219	195077	6.3162245E-4
		17)	oi	228	168374	5.451632E-4
		18)	og	232	156842	5.078247E-4
		19)	oa	292	71274	2.3077174E-4
		20)	oe	310	56630	1.8335723E-4
		21)	oy	318	50315	1.6291045E-4
		22)	ok	320	46741	1.5133852E-4
		23)	oj	350	20573	6.661148E-5
		24)	oh	356	18310	5.9284317E-5
		25)	ox	385	7246	2.3461178E-5
		26)	oz	433	2412	7.8096E-6
		27)	oq	534	317	1.026386E-6
	11)	a	0	0	0.0
		1)	an	15	3078483	0.009967546
		2)	at	16	2947943	0.009544882
		3)	al	36	1968558	0.0063738185
		4)	ar	42	1760688	0.0057007745
		5)	as	56	1325110	0.0042904555
		6)	a_	81	967025	0.003131044
		7)	ac	108	706480	0.0022874486
		8)	ad	134	497051	0.0016093571
		9)	ai	135	490990	0.0015897327
		10)	av	138	473712	0.0015337898
		11)	am	149	423559	0.0013714039
		12)	ab	152	406844	0.001317284
		13)	ag	157	385265	0.0012474152
		14)	ay	176	305928	9.90537E-4
		15)	ap	181	288191	9.331079E-4
		16)	ak	190	265503	8.596485E-4
		17)	au	226	173025	5.602222E-4
		18)	af	260	116989	3.7878825E-4
		19)	aw	277	86903	2.8137548E-4
		20)	aj	335	29683	9.610794E-5
		21)	ax	342	25811	8.357113E-5
		22)	ah	399	5115	1.6561402E-5
		23)	az	417	3516	1.1384143E-5
		24)	ae	422	2990	9.6810545E-6
		25)	ao	424	2910	9.4220295E-6
		26)	aq	468	1111	3.5972078E-6
		27)	a 	536	290	9.389652E-7
	12)	y	0	0	0.0
		1)	y_	20	2659000	0.008609339
		2)	yo	216	200648	6.4966024E-4
		3)	ye	245	135775	4.3961377E-4
		4)	ys	257	118048	3.8221708E-4
		5)	yi	321	46287	1.4986855E-4
		6)	ym	326	40715	1.3182747E-4
		7)	yt	361	15800	5.115741E-5
		8)	yp	369	12760	4.1314466E-5
		9)	yl	382	7877	2.5504236E-5
		10)	yc	393	5895	1.9086894E-5
		11)	yn	394	5558	1.7995753E-5
		12)	yb	396	5401	1.7487417E-5
		13)	ya	410	3988	1.291239E-5
		14)	yw	421	3246	1.0509934E-5
		15)	yr	427	2819	9.127389E-6
		16)	yf	436	2273	7.3595443E-6
		17)	yd	438	2216	7.1749887E-6
		18)	y’	440	2112	6.8382565E-6
		19)	yg	480	952	3.082396E-6
		20)	yh	527	366	1.1850387E-6
	13)	f	0	0	0.0
		1)	f_	35	2004490	0.0064901593
		2)	fo	77	1010748	0.003272611
		3)	fi	130	511813	0.0016571537
		4)	fe	175	309290	0.0010014225
		5)	fr	189	267303	8.6547656E-4
		6)	ff	199	243248	7.8759104E-4
		7)	fa	202	240226	7.7780633E-4
		8)	fu	204	231835	7.506379E-4
		9)	ft	283	78987	2.5574496E-4
		10)	fl	299	66669	2.1586161E-4
		11)	fy	352	19640	6.35906E-5
		12)	fs	403	4845	1.5687194E-5
		13)	fd	473	1047	3.389988E-6
		14)	fc	497	655	2.120766E-6
		15)	fh	519	405	1.3113134E-6
		16)	fw	531	337	1.0911423E-6
		17)	fg	539	276	8.936358E-7
		18)	fp	547	233	7.5440994E-7
	14)	v	0	0	0.0
		1)	ve	43	1705082	0.005520733
		2)	vi	144	447259	0.00144814
		3)	vo	229	167276	5.41608E-4
		4)	va	239	145643	4.7156448E-4
		5)	vu	420	3259	1.0552026E-5
		6)	vy	426	2864	9.273091E-6
		7)	vr	478	965	3.1244874E-6
		8)	v_	484	885	2.8654626E-6
	15)	l	0	0	0.0
		1)	l_	44	1634490	0.0052921693
		2)	le	55	1341475	0.004343442
		3)	li	69	1078686	0.0034925812
		4)	ll	71	1053958	0.0034125166
		5)	ly	92	789603	0.0025565852
		6)	la	105	716094	0.002318577
		7)	ld	133	499590	0.001617578
		8)	lo	140	470484	0.0015233381
		9)	ls	180	293328	9.497406E-4
		10)	lu	212	215017	6.9618435E-4
		11)	lt	215	202767	6.565212E-4
		12)	lf	290	73020	2.3642495E-4
		13)	lv	298	67369	2.1812807E-4
		14)	lr	327	36625	1.1858482E-4
		15)	lp	332	31498	1.01984566E-4
		16)	lc	333	30491	9.872409E-5
		17)	lk	345	24280	7.8614044E-5
		18)	lw	354	19292	6.246385E-5
		19)	lm	367	13155	4.25934E-5
		20)	ln	400	5033	1.6295902E-5
		21)	lb	418	3464	1.1215777E-5
		22)	lg	457	1369	4.432563E-6
		23)	lh	543	241	7.803124E-7
		24)	l’	544	239	7.738368E-7
	16)	c	0	0	0.0
		1)	co	49	1565916	0.0050701397
		2)	ce	74	1038561	0.003362664
		3)	ct	85	858315	0.0027790617
		4)	ch	95	762567	0.0024690477
		5)	ca	97	750989	0.0024315603
		6)	ci	119	583093	0.0018879449
		7)	cu	172	321197	0.0010399751
		8)	cr	185	278189	9.007234E-4
		9)	cl	196	251306	8.136813E-4
		10)	c_	211	216186	6.9996936E-4
		11)	cc	230	165197	5.3487666E-4
		12)	cy	237	147851	4.7871357E-4
		13)	ck	264	113987	3.6906835E-4
		14)	cs	362	15799	5.1154173E-5
		15)	cq	406	4425	1.4327313E-5
		16)	cp	526	380	1.2303681E-6
	17)	m	0	0	0.0
		1)	me	51	1522257	0.0049287803
		2)	ma	98	739069	0.0023929656
		3)	m_	122	555723	0.0017993259
		4)	mp	127	513374	0.0016622079
		5)	mo	129	512262	0.0016586075
		6)	mi	139	472312	0.0015292569
		7)	mu	195	254894	8.2529854E-4
		8)	mm	209	221839	7.182727E-4
		9)	ms	233	154716	5.009411E-4
		10)	my	266	109706	3.5520727E-4
		11)	mb	269	107475	3.4798373E-4
		12)	mr	300	65515	2.1212517E-4
		13)	mn	379	8700	2.8168954E-5
		14)	ml	392	6057	1.961142E-5
		15)	mf	425	2870	9.2925175E-6
		16)	mt	491	763	2.4704498E-6
		17)	mv	516	414	1.3404537E-6
	18)	g	0	0	0.0
		1)	g_	54	1354779	0.004386518
		2)	ge	121	556746	0.0018026383
		3)	gr	154	401309	0.0012993626
		4)	gh	171	326210	0.0010562063
		5)	gi	188	269279	8.7187445E-4
		6)	ga	191	262021	8.4837445E-4
		7)	go	218	195591	6.3328666E-4
		8)	gu	238	145892	4.723707E-4
		9)	gn	275	92794	3.004494E-4
		10)	gl	303	60733	1.9664197E-4
		11)	gs	304	60671	1.9644122E-4
		12)	gy	308	58862	1.9058402E-4
		13)	gt	343	24852	8.0466074E-5
		14)	gg	347	22974	7.438547E-5
		15)	gm	390	6166	1.9964342E-5
		16)	gf	476	1025	3.3187562E-6
		17)	gd	508	513	1.660997E-6
		18)	g’	540	274	8.871602E-7
		19)	gp	545	236	7.6412334E-7
		20)	gb	553	215	6.9612935E-7
	19)	b	0	0	0.0
		1)	be	64	1116034	0.003613507
		2)	bl	146	438830	0.0014208485
		3)	bu	182	288182	9.330788E-4
		4)	by	186	274325	8.8821247E-4
		5)	ba	201	241522	7.820026E-4
		6)	bo	208	222249	7.1960024E-4
		7)	bi	234	153432	4.967838E-4
		8)	bs	287	76075	2.4631646E-4
		9)	br	293	71078	2.3013711E-4
		10)	bj	312	53782	1.7413594E-4
		11)	bt	346	23595	7.639614E-5
		12)	b_	368	12917	4.18228E-5
		13)	bv	375	10481	3.3935496E-5
		14)	bm	381	8350	2.7035721E-5
		15)	bb	409	4290	1.3890209E-5
		16)	bd	485	878	2.8427978E-6
		17)	bc	486	872	2.823371E-6
		18)	bg	517	406	1.3145512E-6
		19)	bh	529	346	1.1202826E-6
		20)	bn	537	287	9.292517E-7
		21)	bp	538	284	9.1953825E-7
	20)	p	0	0	0.0
		1)	pr	67	1089501	0.0035275982
		2)	po	68	1083027	0.0035066365
		3)	pe	96	752016	0.0024348856
		4)	pl	126	516526	0.0016724134
		5)	pa	147	435940	0.0014114913
		6)	pp	167	340379	0.0011020828
		7)	p_	221	190373	6.163918E-4
		8)	pt	236	147911	4.7890784E-4
		9)	pu	242	140192	4.5391519E-4
		10)	pi	254	124646	4.0358017E-4
		11)	ph	309	58602	1.8974219E-4
		12)	pm	311	53787	1.7415213E-4
		13)	ps	313	52878	1.7120896E-4
		14)	py	380	8423	2.727208E-5
		15)	pd	442	2067	6.692555E-6
		16)	pf	451	1551	5.0218446E-6
		17)	pb	481	938	3.0370666E-6
		18)	pg	494	741	2.399218E-6
		19)	pw	498	586	1.8973572E-6
		20)	pc	525	380	1.2303681E-6
		21)	p’	552	217	7.0260495E-7
	21)	u	0	0	0.0
		1)	ur	78	999724	0.0032369173
		2)	us	89	804116	0.0026035756
		3)	ul	93	783446	0.00253665
		4)	ut	107	708497	0.0022939793
		5)	un	116	622897	0.0020168226
		6)	uc	170	326402	0.001056828
		7)	ue	179	293510	9.503299E-4
		8)	up	200	242885	7.864157E-4
		9)	um	207	223579	7.239065E-4
		10)	ua	210	220277	7.1321527E-4
		11)	ug	240	140870	4.561104E-4
		12)	ud	244	138902	4.497384E-4
		13)	u_	246	134800	4.364569E-4
		14)	ui	247	131546	4.2592105E-4
		15)	ub	250	128076	4.1468587E-4
		16)	uf	340	26010	8.421546E-5
		17)	uo	373	12106	3.9196937E-5
		18)	uy	430	2607	8.440973E-6
		19)	uv	458	1346	4.3580935E-6
		20)	ux	460	1307	4.231819E-6
		21)	uk	510	501	1.6221433E-6
		22)	uu	511	458	1.4829174E-6
		23)	uz	515	419	1.3566428E-6
	22)	w	0	0	0.0
		1)	we	83	924817	0.0029943825
		2)	wi	94	767702	0.0024856739
		3)	wh	102	728989	0.0023603286
		4)	wo	143	454004	0.0014699791
		5)	wa	158	381982	0.0012367854
		6)	w_	159	378700	0.0012261589
		7)	wn	286	76948	2.4914308E-4
		8)	ws	329	32398	1.04898594E-4
		9)	wr	344	24838	8.0420745E-5
		10)	wt	364	14401	4.6627712E-5
		11)	wl	365	13470	4.3613312E-5
		12)	wu	452	1440	4.6624477E-6
		13)	wy	454	1404	4.5458864E-6
		14)	wf	462	1249	4.044026E-6
		15)	wd	482	919	2.975548E-6
		16)	wp	489	794	2.5708218E-6
		17)	wm	492	758	2.4542605E-6
		18)	wc	493	749	2.4251203E-6
		19)	wb	504	527	1.7063263E-6
		20)	wk	550	222	7.18794E-7
		21)	w’	556	207	6.702268E-7
	23)	k	0	0	0.0
		1)	ke	142	462688	0.0014980963
		2)	k_	174	317381	0.0010276197
		3)	ki	243	139529	4.5176852E-4
		4)	ks	302	65187	2.1106318E-4
		5)	kn	307	59360	1.9219646E-4
		6)	kl	359	16826	5.4479406E-5
		7)	ka	366	13425	4.346761E-5
		8)	kg	435	2313	7.4890563E-6
		9)	ky	448	1654	5.355339E-6
		10)	kf	450	1554	5.031558E-6
		11)	kp	455	1394	4.5135084E-6
		12)	kr	461	1270	4.1120197E-6
		13)	kw	465	1188	3.846519E-6
		14)	km	469	1109	3.5907321E-6
		15)	kd	470	1098	3.5551163E-6
		16)	kt	474	1031	3.338183E-6
		17)	ko	487	855	2.7683282E-6
		18)	kb	509	504	1.6318567E-6
		19)	ku	518	405	1.3113134E-6
		20)	kh	557	205	6.637512E-7
	24)	q	0	0	0.0
		1)	qu	203	236731	7.664902E-4
	25)	x	0	0	0.0
		1)	xt	267	108834	3.523839E-4
		2)	xp	270	106310	3.4421167E-4
		3)	xa	317	50370	1.6308854E-4
		4)	xi	323	45189	1.4631344E-4
		5)	xc	325	43308	1.4022311E-4
		6)	x_	339	26346	8.530336E-5
		7)	xe	348	22491	7.2821604E-5
		8)	xu	407	4380	1.4181612E-5
		9)	xh	449	1634	5.290583E-6
		10)	xo	501	550	1.780796E-6
		11)	xm	522	394	1.2756975E-6
		12)	xy	535	298	9.648676E-7
	26)	j	0	0	0.0
		1)	je	276	87524	2.8338615E-4
		2)	ju	280	82588	2.6740434E-4
		3)	jo	282	79756	2.5823485E-4
		4)	ja	453	1433	4.639783E-6
		5)	ji	554	213	6.896537E-7
	27)	z	0	0	0.0
		1)	ze	296	68001	2.2017438E-4
		2)	za	376	9258	2.9975652E-5
		3)	zo	389	6258	2.026222E-5
		4)	zi	423	2937	9.50945E-6
		5)	zz	500	557	1.8034607E-6
		6)	zu	502	540	1.7484178E-6
		7)	zy	514	426	1.3793074E-6
		8)	zl	524	388	1.2562706E-6
	28)	 	0	0	0.0
		1)	 _	328	32445	1.0505077E-4
		2)	  	330	32077	1.0385926E-4
		3)	 –	479	955	3.0921094E-6
		4)	 p	521	398	1.2886487E-6
		5)	 a	530	344	1.1138069E-6
		6)	 b	546	233	7.5440994E-7
		7)	 t	551	221	7.155562E-7
	29)	’	0	0	0.0
		1)	’s	383	7430	2.4056935E-5
		2)	’_	384	7357	2.3820574E-5
	30)	–	0	0	0.0
		1)	– 	488	837	2.7100477E-6
		2)	–_	528	348	1.1267582E-6
	31)	à	0	0	0.0
		1)	àv	506	525	1.6998507E-6
	32)	é	0	0	0.0
		1)	é_	512	450	1.4570148E-6
		2)	ét	542	250	8.0945273E-7
