e_	10122293	0.03277407004365913	3
_t	8891633	0.028789425750125087	2
th	7214767	0.023360050831040004	2
s_	6041611	0.01956159361229135	2
_a	5577456	0.0180587475198976	2
he	5205597	0.01685473841718095	2
t_	4899656	0.01586415932969286	2
in	4310863	0.013957758969298607	2
n_	4203374	0.013609729919465446	2
_i	4057366	0.013136983633724203	2
d_	3874419	0.01254463585320873	2
re	3695142	0.011964170838491503	2
on	3505262	0.01134937531539313	2
_o	3467563	0.011227313084377301	2
an	3078483	0.00996754564111253	2
at	2947943	0.00954488181350951	2
_w	2847959	0.009221152534062135	2
ti	2778274	0.008995525685383442	2
er	2735960	0.00885852095732159	2
y_	2659000	0.008609339034751279	2
en	2606067	0.008437951993334773	2
is	2413971	0.007815981481405632	2
o_	2404432	0.0077850960037627245	2
_s	2363583	0.007652834668587638	2
or	2354296	0.007622765119277471	2
es	2323389	0.007522694099515509	2
r_	2256190	0.00730511644859552	2
nd	2232903	0.007229717547466428	2
_c	2200615	0.007125175110928614	2
it	2174676	0.007041189535440681	2
to	2131883	0.0069026338959844525	2
nt	2078890	0.006731052585917294	2
ha	2073541	0.006713733535711621	2
_p	2008418	0.006502877580104209	2
f_	2004490	0.0064901594591081566	2
al	1968558	0.006373818439854045	2
of	1904979	0.006167961664190092	2
_b	1850694	0.005992197102512216	2
te	1837964	0.0059509797704654374	2
_f	1777906	0.005756523326783943	2
io	1775622	0.0057491281668157704	2
ar	1760688	0.005700774699668356	2
ve	1705082	0.00552073298986528	2
l_	1634490	0.00529216944675089	2
ou	1631609	0.005282841313708725	2
st	1625243	0.005262229409874491	2
ng	1616161	0.0052328236117873865	2
ed	1584297	0.005129654007047516	2
co	1565916	0.005070139805920114	2
_m	1527961	0.004947248695328168	2
me	1522257	0.004928780222272801	2
_r	1513273	0.004899691729648428	2
se	1487992	0.004817836633695985	2
g_	1354779	0.004386518137706394	2
le	1341475	0.004343442302235039	2
as	1325110	0.004290455527769562	2
hi	1307889	0.004234697187221442	2
_h	1283208	0.004154784777775524	2
ro	1264524	0.004094289519962326	2
ic	1248672	0.004042963742459928	2
_d	1234139	0.003995908637461041	2
de	1207825	0.00391070888290653	2
_e	1164910	0.003771758230527308	2
be	1116034	0.003613506987705757	2
ea	1101104	0.003565166471801719	2
ri	1095631	0.0035474459330513642	2
pr	1089501	0.003527598152576364	2
po	1083027	0.003506636565170956	2
li	1078686	0.0034925812282962454	2
h_	1072342	0.0034720405563005846	2
ll	1053958	0.0034125166417406498	2
ns	1053338	0.00341050919901724	2
ec	1043331	0.0033781084258992424	2
ce	1038561	0.003362664068172366	2
ra	1026166	0.003322531402758398	2
_n	1018925	0.0032990864144354817	2
fo	1010748	0.0032726108351623863	2
ur	999724	0.003236917208415828	2
ta	979824	0.0031724847726160724	2
ne	971984	0.003147100335597475	2
a_	967025	0.0031310440316210434	2
si	957617	0.003100582707198727	2
we	924817	0.0029943825115086773	2
om	905775	0.0029327281174132526	2
ct	858315	0.0027790616147471015	2
no	845033	0.00273605701111432	2
rt	837805	0.0027126541143323787	2
ot	822899	0.0026643913058886017	2
us	804116	0.0026035755048018274	2
el	793152	0.0025680761467059216	2
_l	790910	0.0025608169747932054	2
ly	789603	0.0025565851560198243	2
ul	783446	0.002536649954652031	2
wi	767702	0.002485673860720807	2
ch	762567	0.0024690477020357948	2
pe	752016	0.0024348855598185473	2
ca	750989	0.0024315603280815447	2
ma	739069	0.0023929656228185757	2
ee	734304	0.0023775374541459204	2
tr	733890	0.002376197000456418	2
nc	733135	0.00237375245326904	2
wh	728989	0.0023603284895089504	2
ho	728575	0.002358988035819448	2
em	721759	0.002336919117105321	2
la	716094	0.0023185769186728775	2
di	711933	0.0023051043877501246	2
ut	708497	0.0022939792696894234	2
ac	706480	0.002287448605216654	2
il	706437	0.002287309379350353	2
ts	685974	0.002221054056045308	2
ie	679057	0.002198658118435915	2
so	676497	0.002190369322674741	2
ss	669144	0.002166561699537273	2
su	646384	0.00209286912472308	2
et	639543	0.0020707192607378475	2
un	622897	0.0020168226614251474	2
na	609942	0.001974876821938422	2
op	606175	0.0019626799884882875	2
ci	583093	0.001887944838582259	2
im	565979	0.0018325329437944692	2
ge	556746	0.0018026382362698891	2
m_	555723	0.0017993259557762635	2
rs	554398	0.0017950358564076867	2
ol	548115	0.0017746926908735227	2
_g	530957	0.0017191383324085877	2
pl	516526	0.00167241348411581	2
mp	513374	0.0016622079043348637	2
ev	512829	0.0016604432974247699	2
mo	512262	0.0016586074586761035	2
fi	511813	0.0016571536816070538	2
iv	507980	0.0016447431526412013	2
os	503265	0.0016294768745107567	2
ld	499590	0.0016175779196582892	2
ad	497051	0.001609357117924843	2
ai	490990	0.0015897327463980932	2
ni	477201	0.0015450865726672977	2
ow	476883	0.0015440569488188393	2
av	473712	0.0015337898506318532	2
mi	472312	0.0015292569154499607	2
lo	470484	0.001523338197226747	2
_u	466154	0.0015093184762713229	2
ke	462688	0.001498096223885295	2
wo	454004	0.0014699790745141856	2
vi	447259	0.001448140040369997	2
ir	439986	0.0014245914421000662	2
bl	438830	0.0014208485327641606	2
pa	435940	0.0014114912594243973	2
ia	425696	0.001378323125136322	2
am	423559	0.0013714039233622478	2
sa	417099	0.0013504876653086587	2
sh	410898	0.0013304100002637198	2
ab	406844	0.001317283915101297	2
id	406095	0.0013148587947789847	2
gr	401309	0.0012993626320786011	2
tu	391420	0.00126734392064022	2
ry	385824	0.0012492251311560275	2
ag	385265	0.0012474151948941147	2
wa	381982	0.0012367854618925771	2
w_	378700	0.0012261589667018839	2
ig	378068	0.0012241126702483439	2
eg	366423	0.001186408362967532	2
ty	365419	0.0011831576008799463	2
_v	362117	0.0011724663494723688	2
ex	361928	0.0011718544032228134	2
ef	354419	0.0011475416815936491	2
sp	349125	0.0011304007109844076	2
pp	340379	0.0011020828173409572	2
ep	337406	0.0010924568057011244	2
do	331794	0.0010742862112434245	2
uc	326402	0.0010568279351714505	2
gh	326210	0.0010562062754893623	2
cu	321197	0.0010399751297273435	2
rd	320990	0.0010393049028825923	2
k_	317381	0.0010276196435458425	2
fe	309290	0.001001422516005349	2
ay	305928	9.905369959471188E-4	1
ov	301897	9.77485380434113E-4	1
if	300863	9.741374840212011E-4	1
ue	293510	9.503298608837336E-4	1
ls	293328	9.497405793100876E-4	1
ap	288191	9.331079450033868E-4	1
bu	288182	9.330788047057889E-4	1
oc	284977	9.227016209500997E-4	1
_y	284078	9.197908290011559E-4	1
cr	278189	9.007233609396101E-4	1
by	274325	8.882124598375872E-4	1
od	270100	8.745327090208049E-4	1
gi	269279	8.718744663177094E-4	1
fr	267303	8.654765520895528E-4	1
ak	265503	8.596484925699769E-4	1
ga	262021	8.483744352104417E-4	1
rm	261347	8.46192150701445E-4	1
oo	257824	8.347853430972973E-4	1
du	256360	8.300451880213756E-4	1
mu	254894	8.252985573237654E-4	1
cl	251306	8.136812920147441E-4	1
ei	248970	8.061177658826724E-4	1
da	245130	7.936845722409104E-4	1
ff	243248	7.875910122321095E-4	1
up	242885	7.864156868956616E-4	1
ba	241522	7.820025507150049E-4	1
fa	240226	7.778063478609104E-4	1
qu	236731	7.664901989604004E-4	1
fu	231835	7.50637877067154E-4	1
rn	229336	7.425465877674761E-4	1
i_	224119	7.256549285932387E-4	1
um	223579	7.239065107373659E-4	1
bo	222249	7.196002223145682E-4	1
mm	221839	7.182727198684426E-4	1
ua	220277	7.132152593297883E-4	1
c_	216186	6.999693751661301E-4	1
lu	215017	6.9618437428925E-4	1
tt	209831	6.79393087251183E-4	1
rk	209496	6.78308420618373E-4	1
lt	202767	6.565211914476918E-4	1
yo	200648	6.496602702688132E-4	1
ht	199520	6.460080196365456E-4	1
go	195591	6.332866608296492E-4	1
ob	195077	6.316224260557258E-4	1
ew	191781	6.209506015132136E-4	1
p_	190373	6.163917638445676E-4	1
ds	184486	5.973307714047102E-4	1
ib	183729	5.948797485956441E-4	1
ru	175083	5.668856360366145E-4	1
rg	173648	5.622393774751749E-4	1
au	173025	5.602222213192328E-4	1
rr	172177	5.574765577233436E-4	1
oi	168374	5.451631630828175E-4	1
vo	167276	5.416080467758762E-4	1
cc	165197	5.34876638030766E-4	1
tl	164320	5.320370779203949E-4	1
og	156842	5.078247284274012E-4	1
ms	154716	5.009411425726133E-4	1
bi	153432	4.967837934486491E-4	1
ey	150233	4.864260365580251E-4	1
pt	147911	4.789078397777722E-4	1
cy	147851	4.787135711271197E-4	1
gu	145892	4.723706996833146E-4	1
va	145643	4.7156448478310656E-4	1
ug	140870	4.561104136236978E-4	1
rl	140516	4.549642285848479E-4	1
pu	140192	4.5391517787132427E-4	1
ki	139529	4.517685092816138E-4	1
ud	138902	4.4973840188229484E-4	1
ye	135775	4.396137673724538E-4	1
u_	134800	4.3645690179935025E-4	1
ui	131546	4.259210653122947E-4	1
nf	130697	4.231721639055614E-4	1
ny	129652	4.197886515733632E-4	1
ub	128076	4.1468586168289006E-4	1
rc	127737	4.135882438067033E-4	1
sc	125803	4.073263176340034E-4	1
nl	124776	4.040010858970009E-4	1
pi	124646	4.0358017048725377E-4	1
nv	120962	3.9165207533718846E-4	1
_j	120728	3.908944275996436E-4	1
ys	118048	3.822170945371639E-4	1
tw	117533	3.8054962195239637E-4	1
nk	117096	3.791346986134771E-4	1
af	116989	3.7878825285314675E-4	1
ik	116809	3.782054469011892E-4	1
_q	115928	3.753529355474412E-4	1
nu	114385	3.70356993414827E-4	1
ck	113987	3.690683446988319E-4	1
nn	112822	3.652962950653286E-4	1
my	109706	3.5520727647477386E-4	1
xt	108834	3.5238390541862376E-4	1
eo	108699	3.519468009546556E-4	1
mb	107475	3.4798372048134397E-4	1
xp	106310	3.442116708478407E-4	1
ip	105310	3.4097386000363184E-4	1
eq	103096	3.3380534679455353E-4	1
dr	98199	3.179497870904629E-4	1
_k	97504	3.156995085537377E-4	1
gn	92794	3.0044941947751414E-4	1
je	87524	2.833861563285336E-4	1
aw	86903	2.8137547579427995E-4	1
sm	85658	2.773444012932399E-4	1
rv	85582	2.7709832766908006E-4	1
ju	82588	2.674043220015188E-4	1
hu	81293	2.632113569582684E-4	1
jo	79756	2.5823484169071944E-4	1
ft	78987	2.5574496515152285E-4	1
hr	78941	2.555960258526892E-4	1
sl	77916	2.5227726973737515E-4	1
wn	76948	2.49143068840181E-4	1
bs	76075	2.463164599731867E-4	1
iz	74474	2.4113272481160838E-4	1
eb	74218	2.4030384523549093E-4	1
lf	73020	2.3642494784412873E-4	1
nm	71609	2.3185639674295008E-4	1
oa	71274	2.3077173011014013E-4	1
br	71078	2.301371191846752E-4	1
sk	69163	2.2393671141801528E-4	1
eu	69152	2.23901095498729E-4	1
ze	68001	2.2017437521704462E-4	1
sy	67759	2.193908249927461E-4	1
lv	67369	2.1812807876350464E-4	1
fl	66669	2.1586161117255847E-4	1
mr	65515	2.1212517745834147E-4	1
dy	65193	2.1108260236650623E-4	1
ks	65187	2.1106317550144098E-4	1
gl	60733	1.9664196600133486E-4	1
gs	60671	1.9644122172899391E-4	1
dg	60259	1.9510724366117986E-4	1
dm	59921	1.9401286359583728E-4	1
kn	59360	1.9219645171223614E-4	1
gy	58862	1.9058402191182014E-4	1
ph	58602	1.8974219109232584E-4	1
oe	56630	1.8335722810754602E-4	1
pm	53787	1.7415213187746032E-4	1
bj	53782	1.7413594282323928E-4	1
ps	52878	1.712089618200745E-4	1
eh	52738	1.7075566830188527E-4	1
dd	52315	1.6938607431478492E-4	1
dl	51576	1.669933321009146E-4	1
xa	50370	1.6308853222279875E-4	1
oy	50315	1.6291045262636726E-4	1
hy	50081	1.621528048888224E-4	1
ok	46741	1.513385166691649E-4	1
yi	46287	1.498685505458941E-4	1
tm	46078	1.4919184807945444E-4	1
xi	45189	1.463134342389528E-4	1
rp	44323	1.4350949004786795E-4	1
xc	43308	1.40223112040996E-4	1
ym	40715	1.318274685219625E-4	1
lr	36625	1.1858482216914838E-4	1
 _	32445	1.0505077284035548E-4	1
ws	32398	1.0489859573067766E-4	1
  	32077	1.0385925844968663E-4	1
_ 	32036	1.0372650820507407E-4	1
lp	31498	1.0198456597088972E-4	1
lc	30491	9.872409045077142E-5	1
rw	29931	9.691091637801448E-5	1
aj	29683	9.610793928865069E-5	1
hn	29677	9.608851242358544E-5	1
ek	27172	8.797779625884232E-5	1
dv	26735	8.656287291992306E-5	1
x_	26346	8.530336450152582E-5	1
uf	26010	8.421546005787166E-5	1
sf	25936	8.39758620554002E-5	1
ax	25811	8.35711356998741E-5	1
gt	24852	8.046607510027783E-5	1
wr	24838	8.042074574845891E-5	1
lk	24280	7.861404729739039E-5	1
bt	23595	7.639614686910734E-5	1
gg	22974	7.438546633485365E-5	1
xe	22491	7.282160369710079E-5	1
tn	21324	6.904307844190908E-5	1
oj	20573	6.661148249790825E-5	1
tc	20067	6.497315021073859E-5	1
fy	19640	6.359060498026141E-5	1
hl	19400	6.28135303776513E-5	1
lw	19292	6.246384680647675E-5	1
sw	18802	6.0877319492814414E-5	1
oh	18310	5.928431655746367E-5	1
rf	18280	5.918718223213741E-5	1
hs	17972	5.818993649212109E-5	1
kl	16826	5.447940526465777E-5	1
rh	16487	5.3381787388470976E-5	1
yt	15800	5.115741133849951E-5	1
cs	15799	5.11541735276553E-5	1
rb	14544	4.709072091817322E-5	1
wt	14401	4.6627713967451355E-5	1
wl	13470	4.361331207149293E-5	1
ka	13425	4.346761058350354E-5	1
lm	13155	4.2593401655567154E-5	1
b_	12917	4.182280267464545E-5	1
yp	12760	4.131446637210467E-5	1
iu	12547	4.062481266228819E-5	1
ej	12531	4.0573007688780845E-5	1
nh	12155	3.9355590811358324E-5	1
uo	12106	3.919693807999209E-5	1
ix	11736	3.7998948067634826E-5	1
bv	10481	3.393549545815274E-5	1
za	9258	2.9975652795685346E-5	1
nj	9048	2.929571251840149E-5	1
hm	8776	2.841502796877669E-5	1
mn	8700	2.8168954344616817E-5	1
py	8423	2.727208074077097E-5	1
bm	8350	2.703572054914373E-5	1
yl	7877	2.5504236019832952E-5	1
’s	7430	2.4056934572471605E-5	1
’_	7357	2.382057438084436E-5	1
ox	7246	2.346117737713718E-5	1
hb	7100	2.2988456993882692E-5	1
sb	6773	2.1929692847826403E-5	1
nr	6507	2.1068435163266853E-5	1
zo	6258	2.0262220263058857E-5	1
gm	6166	1.9964341665391645E-5	1
tf	6057	1.961142028337288E-5	1
ml	6057	1.961142028337288E-5	1
yc	5895	1.908689492661105E-5	1
yn	5558	1.7995752672112675E-5	1
np	5554	1.798280142873584E-5	1
yb	5401	1.7487416369571888E-5	1
hc	5209	1.6865756687483795E-5	1
dw	5149	1.6671488036831264E-5	1
ah	5115	1.6561402468128163E-5	1
ln	5033	1.6295901978903038E-5	1
_z	4944	1.6007736813768453E-5	1
hd	4881	1.58037547305833E-5	1
fs	4845	1.568719354019178E-5	1
sr	4700	1.52177109677815E-5	1
dj	4481	1.4508630392899765E-5	1
cq	4425	1.4327312985624072E-5	1
xu	4380	1.4181611497634674E-5	1
nw	4358	1.411037965906208E-5	1
bb	4290	1.3890208521655879E-5	1
ya	3988	1.2912389646704812E-5	1
s’	3984	1.2899438403327978E-5	1
dc	3973	1.2863822484041681E-5	1
iq	3910	1.2659840400856524E-5	1
tp	3789	1.2268065288707256E-5	1
tb	3778	1.2232449369420959E-5	1
sn	3552	1.1500704118629764E-5	1
az	3516	1.1384142928238245E-5	1
lb	3464	1.1215776764339385E-5	1
nq	3303	1.0694489218421764E-5	1
vu	3259	1.0552025541276576E-5	1
yw	3246	1.0509934000301861E-5	1
ae	2990	9.6810544241844E-6	1
zi	2937	9.509450449441332E-6	1
ao	2910	9.422029556647695E-6	1
mf	2870	9.292517122879342E-6	1
vy	2864	9.273090257814088E-6	1
yr	2819	9.12738876982469E-6	1
dn	2784	9.014065390277381E-6	1
sd	2645	8.564009682932354E-6	1
uy	2607	8.44097287085242E-6	1
sg	2459	7.961776865909512E-6	1
dh	2455	7.948825622532676E-6	1
oz	2412	7.809599756231698E-6	1
nb	2315	7.4955321043434406E-6	1
kg	2313	7.489056482655023E-6	1
yf	2273	7.35954404888667E-6	1
e’	2231	7.223555993429899E-6	1
yd	2216	7.174988830766767E-6	1
df	2198	7.116708235571007E-6	1
y’	2112	6.838256502969048E-6	1
hq	2090	6.767024664396454E-6	1
pd	2067	6.692555014979651E-6	1
hw	1970	6.378487363091395E-6	1
db	1957	6.33639582211668E-6	1
sq	1870	6.054706278670511E-6	1
n’	1720	5.5690346520391874E-6	1
dt	1667	5.397430677296119E-6	1
ky	1654	5.355339136321404E-6	1
xh	1634	5.290582919437228E-6	1
kf	1554	5.031558051900521E-6	1
pf	1551	5.0218446193678945E-6	1
wu	1440	4.6624476156607146E-6	1
ja	1433	4.639782939751253E-6	1
wy	1404	4.5458864252691966E-6	1
kp	1394	4.513508316827108E-6	1
_x	1391	4.5037948842944825E-6	1
lg	1369	4.4325630457218874E-6	1
uv	1346	4.358093396305084E-6	1
ez	1329	4.303050611953535E-6	1
ux	1307	4.2318187733809405E-6	1
kr	1270	4.1120197721452135E-6	1
wf	1249	4.044025744416828E-6	1
td	1208	3.9112754998042666E-6	1
ih	1199	3.8821352022063864E-6	1
kw	1188	3.846519282920089E-6	1
r’	1170	3.7882386877243307E-6	1
nx	1131	3.6619640648001864E-6	1
aq	1111	3.5972078479160096E-6	1
km	1109	3.5907322262275922E-6	1
kd	1098	3.555116306941295E-6	1
dp	1098	3.555116306941295E-6	1
tg	1089	3.5259760093434154E-6	1
fd	1047	3.389987953886645E-6	1
kt	1031	3.3381829803793032E-6	1
r 	1026	3.321993926158259E-6	1
gf	1025	3.3187561153140502E-6	1
t’	1021	3.305804871937215E-6	1
vr	965	3.1244874646615206E-6	1
 –	955	3.0921093562194324E-6	1
yg	952	3.0823959236868057E-6	1
pb	938	3.0370665718678823E-6	1
wd	919	2.9755481658279144E-6	1
hf	897	2.90431632725532E-6	1
v_	885	2.865462597124814E-6	1
bd	878	2.8427979212153523E-6	1
bc	872	2.8233710561500993E-6	1
ko	855	2.768328271798549E-6	1
– 	837	2.7100476766027906E-6	1
wp	794	2.5708218103018107E-6	1
d’	781	2.5287302693270958E-6	1
mt	763	2.470449674131337E-6	1
wm	758	2.4542606199102927E-6	1
wc	749	2.4251203223124134E-6	1
pg	741	2.3992178355587426E-6	1
nz	718	2.32474818614194E-6	1
sv	677	2.1919979415293778E-6	1
fc	655	2.1207661029567836E-6	1
pw	586	1.8973571547063743E-6	1
hp	567	1.8358387486664064E-6	1
zz	557	1.8034606402243182E-6	1
xo	550	1.7807959643148563E-6	1
zu	540	1.748417855872768E-6	1
hh	533	1.7257531799633062E-6	1
wb	527	1.7063263148980532E-6	1
sà	526	1.7030885040538445E-6	1
àv	525	1.6998506932096356E-6	1
dq	525	1.6998506932096356E-6	1
gd	513	1.6609969630791296E-6	1
kb	504	1.63185666548125E-6	1
uk	501	1.6221432329486238E-6	1
uu	458	1.482917366647644E-6	1
é_	450	1.4570148798939732E-6	1
s 	447	1.447301447361347E-6	1
zy	426	1.3793074196329615E-6	1
uz	419	1.3566427437234995E-6	1
mv	414	1.3404536895024554E-6	1
bg	406	1.3145512027487848E-6	1
ku	405	1.311313391904576E-6	1
fh	405	1.311313391904576E-6	1
dé	404	1.3080755810603673E-6	1
 p	398	1.2886487159951143E-6	1
xm	394	1.2756974726182788E-6	1
e 	390	1.2627462292414437E-6	1
zl	388	1.2562706075530258E-6	1
pc	380	1.2303681207993552E-6	1
cp	380	1.2303681207993552E-6	1
yh	366	1.1850387689804316E-6	1
–_	348	1.1267581737846726E-6	1
bh	346	1.120282552096255E-6	1
 a	344	1.1138069304078374E-6	1
fw	337	1.0911422544983755E-6	1
ii	332	1.0749532002773314E-6	1
ij	326	1.0555263352120784E-6	1
oq	317	1.026386037614199E-6	1
xy	298	9.648676315742312E-7	1
a 	290	9.389651448205606E-7	1
bn	287	9.292517122879341E-7	1
bp	284	9.195382797553076E-7	1
fg	276	8.93635793001637E-7	1
g’	274	8.871601713132193E-7	1
dk	253	8.191661435848339E-7	1
ét	250	8.094527110522074E-7	1
lh	241	7.803124134543279E-7	1
l’	239	7.738367917659103E-7	1
gp	236	7.641233592332838E-7	1
 b	233	7.544099267006573E-7	1
fp	233	7.544099267006573E-7	1
t 	225	7.285074399469866E-7	1
_–	225	7.285074399469866E-7	1
wk	222	7.187940074143602E-7	1
 t	221	7.155561965701513E-7	1
p’	217	7.02604953193316E-7	1
gb	215	6.961293315048984E-7	1
ji	213	6.896537098164807E-7	1
h 	213	6.896537098164807E-7	1
w’	207	6.702268447512277E-7	1
kh	205	6.637512230628101E-7	1
 m	195	6.313731146207218E-7	1
lq	191	6.184218712438864E-7	1
 s	188	6.0870843871126E-7	1
_‘	187	6.054706278670511E-7	1
”_	186	6.022328170228423E-7	1
z_	185	5.989950061786335E-7	1
mg	184	5.957571953344246E-7	1
m’	183	5.925193844902158E-7	1
aï	182	5.89281573646007E-7	1
à_	180	5.828059519575893E-7	1
n 	179	5.795681411133805E-7	1
ïv	178	5.763303302691717E-7	1
iw	175	5.666168977365452E-7	1
 i	173	5.601412760481275E-7	1
qa	165	5.342387892944569E-7	1
k’	159	5.148119242292039E-7	1
a’	159	5.148119242292039E-7	1
 c	157	5.083363025407862E-7	1
 w	155	5.018606808523686E-7	1
sé	155	5.018606808523686E-7	1
és	149	4.824338157871156E-7	1
êt	146	4.727203832544891E-7	1
xf	146	4.727203832544891E-7	1
hv	145	4.694825724102803E-7	1
mh	142	4.597691398776538E-7	1
mc	140	4.5329351818923617E-7	1
tv	139	4.500557073450273E-7	1
_é	139	4.500557073450273E-7	1
fm	138	4.468178965008185E-7	1
rq	137	4.4358008565660967E-7	1
ém	136	4.403422748124008E-7	1
hé	134	4.3386665312398317E-7	1
_à	134	4.3386665312398317E-7	1
ué	132	4.273910314355655E-7	1
tj	132	4.273910314355655E-7	1
q_	132	4.273910314355655E-7	1
c’	132	4.273910314355655E-7	1
ré	131	4.2415322059135666E-7	1
tz	130	4.2091540974714787E-7	1
 o	127	4.1120197721452137E-7	1
tk	126	4.079641663703125E-7	1
ww	125	4.047263555261037E-7	1
o 	122	3.950129229934772E-7	1
h’	120	3.8853730130505956E-7	1
d 	119	3.852994904608507E-7	1
aa	118	3.820616796166419E-7	1
cd	118	3.820616796166419E-7	1
y 	118	3.820616796166419E-7	1
gw	116	3.7558605792822427E-7	1
hg	113	3.6587262539559776E-7	1
kk	111	3.593970037071801E-7	1
yu	105	3.399701386419271E-7	1
rz	103	3.3349451695350946E-7	1
 f	103	3.3349451695350946E-7	1
sj	100	3.2378108442088296E-7	1
gc	95	3.075920301998388E-7	1
mw	95	3.075920301998388E-7	1
rè	94	3.0435421935563E-7	1
fb	93	3.0111640851142116E-7	1
dê	91	2.946407868230035E-7	1
hk	90	2.9140297597879466E-7	1
cm	88	2.84927354290377E-7	1
o’	87	2.8168954344616816E-7	1
té	87	2.8168954344616816E-7	1
rj	86	2.7845173260195936E-7	1
xb	86	2.7845173260195936E-7	1
yz	84	2.719761109135417E-7	1
i 	83	2.6873830006933286E-7	1
pk	83	2.6873830006933286E-7	1
él	81	2.622626783809152E-7	1
bw	80	2.5902486753670636E-7	1
…_	78	2.525492458482887E-7	1
gk	75	2.428358133156622E-7	1
èc	73	2.3636019162724456E-7	1
pn	72	2.3312238078303573E-7	1
 l	72	2.3312238078303573E-7	1
 d	71	2.298845699388269E-7	1
 r	70	2.2664675909461808E-7	1
­_	70	2.2664675909461808E-7	1
b­	68	2.201711374062004E-7	1
í_	67	2.1693332656199158E-7	1
zf	66	2.1369551571778276E-7	1
cf	65	2.1045770487357393E-7	1
 h	64	2.072198940293651E-7	1
tá	63	2.0398208318515626E-7	1
 g	62	2.0074427234094743E-7	1
mé	57	1.8455521811990328E-7	1
·_	56	1.8131740727569446E-7	1
_·	55	1.7807959643148563E-7	1
l 	55	1.7807959643148563E-7	1
zb	55	1.7807959643148563E-7	1
 k	55	1.7807959643148563E-7	1
g 	54	1.748417855872768E-7	1
xr	53	1.7160397474306798E-7	1
yy	53	1.7160397474306798E-7	1
 e	53	1.7160397474306798E-7	1
á_	53	1.7160397474306798E-7	1
bf	52	1.6836616389885913E-7	1
xd	51	1.651283530546503E-7	1
ég	51	1.651283530546503E-7	1
 v	49	1.5865273136623266E-7	1
ça	49	1.5865273136623266E-7	1
_•	48	1.5541492052202383E-7	1
cz	48	1.5541492052202383E-7	1
iè	48	1.5541492052202383E-7	1
án	48	1.5541492052202383E-7	1
•_	48	1.5541492052202383E-7	1
j_	47	1.52177109677815E-7	1
lz	47	1.52177109677815E-7	1
m 	47	1.52177109677815E-7	1
xs	47	1.52177109677815E-7	1
ée	47	1.52177109677815E-7	1
kc	46	1.4893929883360616E-7	1
aí	45	1.4570148798939733E-7	1
ér	45	1.4570148798939733E-7	1
fé	44	1.424636771451885E-7	1
èr	43	1.3922586630097968E-7	1
_τ	42	1.3598805545677086E-7	1
 n	42	1.3598805545677086E-7	1
ép	42	1.3598805545677086E-7	1
lj	41	1.32750244612562E-7	1
éi	41	1.32750244612562E-7	1
yq	40	1.2951243376835318E-7	1
ái	40	1.2951243376835318E-7	1
éa	40	1.2951243376835318E-7	1
τh	40	1.2951243376835318E-7	1
xl	39	1.2627462292414435E-7	1
zv	39	1.2627462292414435E-7	1
’i	39	1.2627462292414435E-7	1
aç	38	1.2303681207993553E-7	1
ío	38	1.2303681207993553E-7	1
cb	37	1.197990012357267E-7	1
s”	37	1.197990012357267E-7	1
wg	37	1.197990012357267E-7	1
e”	36	1.1656119039151787E-7	1
f 	36	1.1656119039151787E-7	1
pé	36	1.1656119039151787E-7	1
wq	36	1.1656119039151787E-7	1
yk	35	1.1332337954730904E-7	1
x’	34	1.100855687031002E-7	1
éj	34	1.100855687031002E-7	1
ón	34	1.100855687031002E-7	1
zw	33	1.0684775785889138E-7	1
’t	33	1.0684775785889138E-7	1
iy	31	1.0037213617047372E-7	1
pq	30	9.713432532626489E-8	1
sz	30	9.713432532626489E-8	1
u’	30	9.713432532626489E-8	1
wv	30	9.713432532626489E-8	1
‘w	30	9.713432532626489E-8	1
dz	29	9.389651448205607E-8	1
 …	29	9.389651448205607E-8	1
ú_	29	9.389651448205607E-8	1
fn	28	9.065870363784723E-8	1
jà	28	9.065870363784723E-8	1
lé	28	9.065870363784723E-8	1
uq	28	9.065870363784723E-8	1
yv	28	9.065870363784723E-8	1
zh	27	8.74208927936384E-8	1
 j	27	8.74208927936384E-8	1
_ê	26	8.418308194942957E-8	1
gé	26	8.418308194942957E-8	1
ó_	26	8.418308194942957E-8	1
‘t	26	8.418308194942957E-8	1
uh	25	8.094527110522074E-8	1
éc	25	8.094527110522074E-8	1
f’	24	7.770746026101192E-8	1
iú	24	7.770746026101192E-8	1
md	24	7.770746026101192E-8	1
vs	24	7.770746026101192E-8	1
ès	24	7.770746026101192E-8	1
né	23	7.446964941680308E-8	1
pv	23	7.446964941680308E-8	1
cn	22	7.123183857259425E-8	1
cé	22	7.123183857259425E-8	1
uj	22	7.123183857259425E-8	1
_á	21	6.799402772838543E-8	1
tq	21	6.799402772838543E-8	1
úi	21	6.799402772838543E-8	1
ún	21	6.799402772838543E-8	1
gj	20	6.475621688417659E-8	1
ní	20	6.475621688417659E-8	1
qi	20	6.475621688417659E-8	1
xn	20	6.475621688417659E-8	1
y”	20	6.475621688417659E-8	1
zn	20	6.475621688417659E-8	1
_μ	19	6.151840603996776E-8	1
lá	19	6.151840603996776E-8	1
t”	19	6.151840603996776E-8	1
vc	19	6.151840603996776E-8	1
xw	19	6.151840603996776E-8	1
zp	19	6.151840603996776E-8	1
zs	19	6.151840603996776E-8	1
_…	18	5.8280595195758933E-8	1
n”	18	5.8280595195758933E-8	1
yx	18	5.8280595195758933E-8	1
én	18	5.8280595195758933E-8	1
üs	18	5.8280595195758933E-8	1
cú	17	5.50427843515501E-8	1
hü	17	5.50427843515501E-8	1
i’	17	5.50427843515501E-8	1
k 	17	5.50427843515501E-8	1
rá	17	5.50427843515501E-8	1
rö	17	5.50427843515501E-8	1
μe	17	5.50427843515501E-8	1
–t	17	5.50427843515501E-8	1
‘a	17	5.50427843515501E-8	1
_ó	16	5.180497350734128E-8	1
há	16	5.180497350734128E-8	1
ió	16	5.180497350734128E-8	1
mó	16	5.180497350734128E-8	1
qv	16	5.180497350734128E-8	1
rí	16	5.180497350734128E-8	1
r–	16	5.180497350734128E-8	1
sx	16	5.180497350734128E-8	1
 y	16	5.180497350734128E-8	1
ór	16	5.180497350734128E-8	1
ôt	16	5.180497350734128E-8	1
ös	16	5.180497350734128E-8	1
ło	16	5.180497350734128E-8	1
bö	15	4.8567162663132446E-8	1
rü	15	4.8567162663132446E-8	1
uw	15	4.8567162663132446E-8	1
w 	15	4.8567162663132446E-8	1
ür	15	4.8567162663132446E-8	1
cô	14	4.5329351818923614E-8	1
gł	14	4.5329351818923614E-8	1
ná	14	4.5329351818923614E-8	1
nç	14	4.5329351818923614E-8	1
xx	14	4.5329351818923614E-8	1
ín	14	4.5329351818923614E-8	1
ít	14	4.5329351818923614E-8	1
ön	14	4.5329351818923614E-8	1
ör	14	4.5329351818923614E-8	1
üb	14	4.5329351818923614E-8	1
‘i	14	4.5329351818923614E-8	1
_µ	13	4.209154097471478E-8	1
cj	13	4.209154097471478E-8	1
e–	13	4.209154097471478E-8	1
js	13	4.209154097471478E-8	1
rx	13	4.209154097471478E-8	1
tí	13	4.209154097471478E-8	1
µg	13	4.209154097471478E-8	1
éb	13	4.209154097471478E-8	1
ía	13	4.209154097471478E-8	1
ói	13	4.209154097471478E-8	1
’a	13	4.209154097471478E-8	1
_ì	12	3.885373013050596E-8	1
fá	12	3.885373013050596E-8	1
fü	12	3.885373013050596E-8	1
kj	12	3.885373013050596E-8	1
qs	12	3.885373013050596E-8	1
sí	12	3.885373013050596E-8	1
u 	12	3.885373013050596E-8	1
ás	12	3.885373013050596E-8	1
éd	12	3.885373013050596E-8	1
öm	12	3.885373013050596E-8	1
ła	12	3.885373013050596E-8	1
‘s	12	3.885373013050596E-8	1
gv	11	3.5615919286297126E-8	1
jd	11	3.5615919286297126E-8	1
jö	11	3.5615919286297126E-8	1
lè	11	3.5615919286297126E-8	1
má	11	3.5615919286297126E-8	1
o”	11	3.5615919286297126E-8	1
ró	11	3.5615919286297126E-8	1
r”	11	3.5615919286297126E-8	1
vá	11	3.5615919286297126E-8	1
 z	11	3.5615919286297126E-8	1
ár	11	3.5615919286297126E-8	1
át	11	3.5615919286297126E-8	1
är	11	3.5615919286297126E-8	1
èm	11	3.5615919286297126E-8	1
ìg	11	3.5615919286297126E-8	1
‘e	11	3.5615919286297126E-8	1
’c	11	3.5615919286297126E-8	1
bq	10	3.2378108442088295E-8	1
cg	10	3.2378108442088295E-8	1
dá	10	3.2378108442088295E-8	1
dí	10	3.2378108442088295E-8	1
hö	10	3.2378108442088295E-8	1
rê	10	3.2378108442088295E-8	1
s…	10	3.2378108442088295E-8	1
tê	10	3.2378108442088295E-8	1
vé	10	3.2378108442088295E-8	1
 u	10	3.2378108442088295E-8	1
ál	10	3.2378108442088295E-8	1
éf	10	3.2378108442088295E-8	1
’é	10	3.2378108442088295E-8	1
bé	9	2.9140297597879467E-8	1
hí	9	2.9140297597879467E-8	1
jk	9	2.9140297597879467E-8	1
oï	9	2.9140297597879467E-8	1
vv	9	2.9140297597879467E-8	1
ß_	9	2.9140297597879467E-8	1
än	9	2.9140297597879467E-8	1
–c	9	2.9140297597879467E-8	1
‘c	9	2.9140297597879467E-8	1
‘f	9	2.9140297597879467E-8	1
‘p	9	2.9140297597879467E-8	1
’e	9	2.9140297597879467E-8	1
_ô	8	2.590248675367064E-8	1
ał	8	2.590248675367064E-8	1
bk	8	2.590248675367064E-8	1
d”	8	2.590248675367064E-8	1
fj	8	2.590248675367064E-8	1
là	8	2.590248675367064E-8	1
lü	8	2.590248675367064E-8	1
sú	8	2.590248675367064E-8	1
s–	8	2.590248675367064E-8	1
tú	8	2.590248675367064E-8	1
vl	8	2.590248675367064E-8	1
­s	8	2.590248675367064E-8	1
°_	8	2.590248675367064E-8	1
ác	8	2.590248675367064E-8	1
ôl	8	2.590248675367064E-8	1
‘b	8	2.590248675367064E-8	1
‘n	8	2.590248675367064E-8	1
_°	7	2.2664675909461807E-8	1
_ß	7	2.2664675909461807E-8	1
_í	7	2.2664675909461807E-8	1
dx	7	2.2664675909461807E-8	1
e…	7	2.2664675909461807E-8	1
fk	7	2.2664675909461807E-8	1
fv	7	2.2664675909461807E-8	1
fä	7	2.2664675909461807E-8	1
gz	7	2.2664675909461807E-8	1
hj	7	2.2664675909461807E-8	1
hä	7	2.2664675909461807E-8	1
jt	7	2.2664675909461807E-8	1
kv	7	2.2664675909461807E-8	1
lx	7	2.2664675909461807E-8	1
l–	7	2.2664675909461807E-8	1
l”	7	2.2664675909461807E-8	1
n–	7	2.2664675909461807E-8	1
p 	7	2.2664675909461807E-8	1
pä	7	2.2664675909461807E-8	1
rô	7	2.2664675909461807E-8	1
rú	7	2.2664675909461807E-8	1
tà	7	2.2664675909461807E-8	1
uí	7	2.2664675909461807E-8	1
wz	7	2.2664675909461807E-8	1
xq	7	2.2664675909461807E-8	1
­c	7	2.2664675909461807E-8	1
ât	7	2.2664675909461807E-8	1
ão	7	2.2664675909461807E-8	1
è_	7	2.2664675909461807E-8	1
év	7	2.2664675909461807E-8	1
ï_	7	2.2664675909461807E-8	1
ôh	7	2.2664675909461807E-8	1
ög	7	2.2664675909461807E-8	1
üh	7	2.2664675909461807E-8	1
ć_	7	2.2664675909461807E-8	1
–b	7	2.2664675909461807E-8	1
–e	7	2.2664675909461807E-8	1
–s	7	2.2664675909461807E-8	1
_å	6	1.942686506525298E-8	1
añ	6	1.942686506525298E-8	1
b’	6	1.942686506525298E-8	1
cí	6	1.942686506525298E-8	1
gö	6	1.942686506525298E-8	1
g–	6	1.942686506525298E-8	1
hó	6	1.942686506525298E-8	1
hú	6	1.942686506525298E-8	1
h–	6	1.942686506525298E-8	1
ié	6	1.942686506525298E-8	1
iö	6	1.942686506525298E-8	1
jv	6	1.942686506525298E-8	1
l­	6	1.942686506525298E-8	1
lí	6	1.942686506525298E-8	1
mí	6	1.942686506525298E-8	1
m”	6	1.942686506525298E-8	1
oë	6	1.942686506525298E-8	1
pj	6	1.942686506525298E-8	1
só	6	1.942686506525298E-8	1
tó	6	1.942686506525298E-8	1
t–	6	1.942686506525298E-8	1
ví	6	1.942686506525298E-8	1
xg	6	1.942686506525298E-8	1
xk	6	1.942686506525298E-8	1
yj	6	1.942686506525298E-8	1
zk	6	1.942686506525298E-8	1
zt	6	1.942686506525298E-8	1
å_	6	1.942686506525298E-8	1
ær	6	1.942686506525298E-8	1
ço	6	1.942686506525298E-8	1
ña	6	1.942686506525298E-8	1
óg	6	1.942686506525298E-8	1
ół	6	1.942686506525298E-8	1
öd	6	1.942686506525298E-8	1
öl	6	1.942686506525298E-8	1
‘_	6	1.942686506525298E-8	1
_â	5	1.6189054221044147E-8	1
_д	5	1.6189054221044147E-8	1
ań	5	1.6189054221044147E-8	1
bê	5	1.6189054221044147E-8	1
cw	5	1.6189054221044147E-8	1
c 	5	1.6189054221044147E-8	1
cè	5	1.6189054221044147E-8	1
dú	5	1.6189054221044147E-8	1
e­	5	1.6189054221044147E-8	1
fê	5	1.6189054221044147E-8	1
jæ	5	1.6189054221044147E-8	1
kx	5	1.6189054221044147E-8	1
lä	5	1.6189054221044147E-8	1
lö	5	1.6189054221044147E-8	1
mä	5	1.6189054221044147E-8	1
mü	5	1.6189054221044147E-8	1
nó	5	1.6189054221044147E-8	1
nú	5	1.6189054221044147E-8	1
oí	5	1.6189054221044147E-8	1
q’	5	1.6189054221044147E-8	1
sò	5	1.6189054221044147E-8	1
s‘	5	1.6189054221044147E-8	1
 q	5	1.6189054221044147E-8	1
áb	5	1.6189054221044147E-8	1
âc	5	1.6189054221044147E-8	1
äl	5	1.6189054221044147E-8	1
ës	5	1.6189054221044147E-8	1
íl	5	1.6189054221044147E-8	1
òl	5	1.6189054221044147E-8	1
üg	5	1.6189054221044147E-8	1
œu	5	1.6189054221044147E-8	1
и_	5	1.6189054221044147E-8	1
–i	5	1.6189054221044147E-8	1
‘d	5	1.6189054221044147E-8	1
‘h	5	1.6189054221044147E-8	1
‘o	5	1.6189054221044147E-8	1
’ 	5	1.6189054221044147E-8	1
’ê	5	1.6189054221044147E-8	1
…’	5	1.6189054221044147E-8	1
_è	4	1.295124337683532E-8	1
_ε	4	1.295124337683532E-8	1
có	4	1.295124337683532E-8	1
eá	4	1.295124337683532E-8	1
fó	4	1.295124337683532E-8	1
f”	4	1.295124337683532E-8	1
g”	4	1.295124337683532E-8	1
jc	4	1.295124337683532E-8	1
jn	4	1.295124337683532E-8	1
kó	4	1.295124337683532E-8	1
ló	4	1.295124337683532E-8	1
mè	4	1.295124337683532E-8	1
nœ	4	1.295124337683532E-8	1
o­	4	1.295124337683532E-8	1
oś	4	1.295124337683532E-8	1
o–	4	1.295124337683532E-8	1
pá	4	1.295124337683532E-8	1
pâ	4	1.295124337683532E-8	1
sł	4	1.295124337683532E-8	1
tx	4	1.295124337683532E-8	1
wä	4	1.295124337683532E-8	1
xj	4	1.295124337683532E-8	1
y–	4	1.295124337683532E-8	1
zc	4	1.295124337683532E-8	1
zm	4	1.295124337683532E-8	1
zá	4	1.295124337683532E-8	1
zą	4	1.295124337683532E-8	1
 −	4	1.295124337683532E-8	1
­b	4	1.295124337683532E-8	1
ág	4	1.295124337683532E-8	1
áv	4	1.295124337683532E-8	1
â_	4	1.295124337683532E-8	1
äf	4	1.295124337683532E-8	1
èl	4	1.295124337683532E-8	1
êm	4	1.295124337683532E-8	1
êp	4	1.295124337683532E-8	1
ís	4	1.295124337683532E-8	1
ño	4	1.295124337683532E-8	1
öt	4	1.295124337683532E-8	1
úl	4	1.295124337683532E-8	1
če	4	1.295124337683532E-8	1
ń_	4	1.295124337683532E-8	1
ńs	4	1.295124337683532E-8	1
ść	4	1.295124337683532E-8	1
а_	4	1.295124337683532E-8	1
на	4	1.295124337683532E-8	1
–o	4	1.295124337683532E-8	1
–r	4	1.295124337683532E-8	1
–u	4	1.295124337683532E-8	1
‘l	4	1.295124337683532E-8	1
‘m	4	1.295124337683532E-8	1
‘r	4	1.295124337683532E-8	1
‘y	4	1.295124337683532E-8	1
’l	4	1.295124337683532E-8	1
−_	4	1.295124337683532E-8	1
_ç	3	9.71343253262649E-9	1
_î	3	9.71343253262649E-9	1
_ö	3	9.71343253262649E-9	1
_œ	3	9.71343253262649E-9	1
_ο	3	9.71343253262649E-9	1
_н	3	9.71343253262649E-9	1
bz	3	9.71343253262649E-9	1
bâ	3	9.71343253262649E-9	1
cv	3	9.71343253262649E-9	1
cł	3	9.71343253262649E-9	1
d­	3	9.71343253262649E-9	1
d´	3	9.71343253262649E-9	1
dó	3	9.71343253262649E-9	1
dü	3	9.71343253262649E-9	1
gó	3	9.71343253262649E-9	1
gü	3	9.71343253262649E-9	1
h”	3	9.71343253262649E-9	1
ić	3	9.71343253262649E-9	1
jm	3	9.71343253262649E-9	1
kö	3	9.71343253262649E-9	1
k”	3	9.71343253262649E-9	1
mk	3	9.71343253262649E-9	1
m–	3	9.71343253262649E-9	1
n‘	3	9.71343253262649E-9	1
n…	3	9.71343253262649E-9	1
pô	3	9.71343253262649E-9	1
pö	3	9.71343253262649E-9	1
qf	3	9.71343253262649E-9	1
rç	3	9.71343253262649E-9	1
sá	3	9.71343253262649E-9	1
sü	3	9.71343253262649E-9	1
t­	3	9.71343253262649E-9	1
vä	3	9.71343253262649E-9	1
x 	3	9.71343253262649E-9	1
y—	3	9.71343253262649E-9	1
zq	3	9.71343253262649E-9	1
 ő	3	9.71343253262649E-9	1
 ‘	3	9.71343253262649E-9	1
 ’	3	9.71343253262649E-9	1
´_	3	9.71343253262649E-9	1
ád	3	9.71343253262649E-9	1
áf	3	9.71343253262649E-9	1
äc	3	9.71343253262649E-9	1
äh	3	9.71343253262649E-9	1
äk	3	9.71343253262649E-9	1
åt	3	9.71343253262649E-9	1
æ_	3	9.71343253262649E-9	1
èn	3	9.71343253262649E-9	1
ët	3	9.71343253262649E-9	1
íc	3	9.71343253262649E-9	1
ír	3	9.71343253262649E-9	1
íu	3	9.71343253262649E-9	1
ïk	3	9.71343253262649E-9	1
ò_	3	9.71343253262649E-9	1
ós	3	9.71343253262649E-9	1
öc	3	9.71343253262649E-9	1
ök	3	9.71343253262649E-9	1
ü_	3	9.71343253262649E-9	1
üc	3	9.71343253262649E-9	1
ün	3	9.71343253262649E-9	1
ý_	3	9.71343253262649E-9	1
ąc	3	9.71343253262649E-9	1
ąd	3	9.71343253262649E-9	1
ł_	3	9.71343253262649E-9	1
ły	3	9.71343253262649E-9	1
őr	3	9.71343253262649E-9	1
œn	3	9.71343253262649E-9	1
śn	3	9.71343253262649E-9	1
şe	3	9.71343253262649E-9	1
ι_	3	9.71343253262649E-9	1
να	3	9.71343253262649E-9	1
ο_	3	9.71343253262649E-9	1
το	3	9.71343253262649E-9	1
до	3	9.71343253262649E-9	1
е_	3	9.71343253262649E-9	1
та	3	9.71343253262649E-9	1
–w	3	9.71343253262649E-9	1
–y	3	9.71343253262649E-9	1
—t	3	9.71343253262649E-9	1
‘…	3	9.71343253262649E-9	1
’p	3	9.71343253262649E-9	1
’r	3	9.71343253262649E-9	1
”’	3	9.71343253262649E-9	1
_ø	2	6.47562168841766E-9	1
_ü	2	6.47562168841766E-9	1
_č	2	6.47562168841766E-9	1
_ł	2	6.47562168841766E-9	1
_δ	2	6.47562168841766E-9	1
_ι	2	6.47562168841766E-9	1
_κ	2	6.47562168841766E-9	1
_ν	2	6.47562168841766E-9	1
_в	2	6.47562168841766E-9	1
_г	2	6.47562168841766E-9	1
_з	2	6.47562168841766E-9	1
_о	2	6.47562168841766E-9	1
_т	2	6.47562168841766E-9	1
a­	2	6.47562168841766E-9	1
aţ	2	6.47562168841766E-9	1
aź	2	6.47562168841766E-9	1
a…	2	6.47562168841766E-9	1
bí	2	6.47562168841766E-9	1
bó	2	6.47562168841766E-9	1
cà	2	6.47562168841766E-9	1
cò	2	6.47562168841766E-9	1
d…	2	6.47562168841766E-9	1
eà	2	6.47562168841766E-9	1
eë	2	6.47562168841766E-9	1
eñ	2	6.47562168841766E-9	1
eś	2	6.47562168841766E-9	1
fq	2	6.47562168841766E-9	1
f­	2	6.47562168841766E-9	1
fí	2	6.47562168841766E-9	1
f…	2	6.47562168841766E-9	1
gå	2	6.47562168841766E-9	1
hâ	2	6.47562168841766E-9	1
iß	2	6.47562168841766E-9	1
iù	2	6.47562168841766E-9	1
iś	2	6.47562168841766E-9	1
iš	2	6.47562168841766E-9	1
i–	2	6.47562168841766E-9	1
jä	2	6.47562168841766E-9	1
jø	2	6.47562168841766E-9	1
kq	2	6.47562168841766E-9	1
ké	2	6.47562168841766E-9	1
kõ	2	6.47562168841766E-9	1
ký	2	6.47562168841766E-9	1
lë	2	6.47562168841766E-9	1
lú	2	6.47562168841766E-9	1
l…	2	6.47562168841766E-9	1
mz	2	6.47562168841766E-9	1
mê	2	6.47562168841766E-9	1
nö	2	6.47562168841766E-9	1
oß	2	6.47562168841766E-9	1
oñ	2	6.47562168841766E-9	1
où	2	6.47562168841766E-9	1
oń	2	6.47562168841766E-9	1
pú	2	6.47562168841766E-9	1
qw	2	6.47562168841766E-9	1
râ	2	6.47562168841766E-9	1
rã	2	6.47562168841766E-9	1
rò	2	6.47562168841766E-9	1
s´	2	6.47562168841766E-9	1
sö	2	6.47562168841766E-9	1
s—	2	6.47562168841766E-9	1
tä	2	6.47562168841766E-9	1
tü	2	6.47562168841766E-9	1
tė	2	6.47562168841766E-9	1
uş	2	6.47562168841766E-9	1
vg	2	6.47562168841766E-9	1
vn	2	6.47562168841766E-9	1
w–	2	6.47562168841766E-9	1
y­	2	6.47562168841766E-9	1
zó	2	6.47562168841766E-9	1
zö	2	6.47562168841766E-9	1
z’	2	6.47562168841766E-9	1
­d	2	6.47562168841766E-9	1
­e	2	6.47562168841766E-9	1
­i	2	6.47562168841766E-9	1
­p	2	6.47562168841766E-9	1
°°	2	6.47562168841766E-9	1
ßo	2	6.47562168841766E-9	1
àt	2	6.47562168841766E-9	1
áh	2	6.47562168841766E-9	1
ám	2	6.47562168841766E-9	1
ân	2	6.47562168841766E-9	1
ät	2	6.47562168841766E-9	1
äu	2	6.47562168841766E-9	1
èb	2	6.47562168841766E-9	1
èt	2	6.47562168841766E-9	1
èv	2	6.47562168841766E-9	1
éu	2	6.47562168841766E-9	1
ël	2	6.47562168841766E-9	1
ën	2	6.47562168841766E-9	1
íd	2	6.47562168841766E-9	1
íe	2	6.47562168841766E-9	1
ík	2	6.47562168841766E-9	1
ím	2	6.47562168841766E-9	1
ív	2	6.47562168841766E-9	1
îl	2	6.47562168841766E-9	1
ñé	2	6.47562168841766E-9	1
ód	2	6.47562168841766E-9	1
ót	2	6.47562168841766E-9	1
ów	2	6.47562168841766E-9	1
õi	2	6.47562168841766E-9	1
öh	2	6.47562168841766E-9	1
ør	2	6.47562168841766E-9	1
ù_	2	6.47562168841766E-9	1
ùn	2	6.47562168841766E-9	1
úb	2	6.47562168841766E-9	1
úd	2	6.47562168841766E-9	1
úp	2	6.47562168841766E-9	1
úr	2	6.47562168841766E-9	1
ül	2	6.47562168841766E-9	1
üm	2	6.47562168841766E-9	1
ė_	2	6.47562168841766E-9	1
ęs	2	6.47562168841766E-9	1
łę	2	6.47562168841766E-9	1
ńc	2	6.47562168841766E-9	1
śl	2	6.47562168841766E-9	1
ţi	2	6.47562168841766E-9	1
źd	2	6.47562168841766E-9	1
ατ	2	6.47562168841766E-9	1
εu	2	6.47562168841766E-9	1
εί	2	6.47562168841766E-9	1
λο	2	6.47562168841766E-9	1
ν_	2	6.47562168841766E-9	1
οc	2	6.47562168841766E-9	1
ς_	2	6.47562168841766E-9	1
ан	2	6.47562168841766E-9	1
в_	2	6.47562168841766E-9	1
де	2	6.47562168841766E-9	1
ем	2	6.47562168841766E-9	1
ен	2	6.47562168841766E-9	1
зе	2	6.47562168841766E-9	1
й_	2	6.47562168841766E-9	1
ло	2	6.47562168841766E-9	1
об	2	6.47562168841766E-9	1
ой	2	6.47562168841766E-9	1
ос	2	6.47562168841766E-9	1
па	2	6.47562168841766E-9	1
ра	2	6.47562168841766E-9	1
ст	2	6.47562168841766E-9	1
тв	2	6.47562168841766E-9	1
–f	2	6.47562168841766E-9	1
–l	2	6.47562168841766E-9	1
–m	2	6.47562168841766E-9	1
–p	2	6.47562168841766E-9	1
‘g	2	6.47562168841766E-9	1
‘v	2	6.47562168841766E-9	1
‘’	2	6.47562168841766E-9	1
’h	2	6.47562168841766E-9	1
’’	2	6.47562168841766E-9	1
_ä	1	3.23781084420883E-9	1
_æ	1	3.23781084420883E-9	1
_ú	1	3.23781084420883E-9	1
_ý	1	3.23781084420883E-9	1
_ś	1	3.23781084420883E-9	1
_ş	1	3.23781084420883E-9	1
_ʻ	1	3.23781084420883E-9	1
_β	1	3.23781084420883E-9	1
_σ	1	3.23781084420883E-9	1
_χ	1	3.23781084420883E-9	1
_и	1	3.23781084420883E-9	1
_п	1	3.23781084420883E-9	1
_с	1	3.23781084420883E-9	1
_ч	1	3.23781084420883E-9	1
_ш	1	3.23781084420883E-9	1
_“	1	3.23781084420883E-9	1
aß	1	3.23781084420883E-9	1
aë	1	3.23781084420883E-9	1
aó	1	3.23781084420883E-9	1
ać	1	3.23781084420883E-9	1
aś	1	3.23781084420883E-9	1
aż	1	3.23781084420883E-9	1
a–	1	3.23781084420883E-9	1
b 	1	3.23781084420883E-9	1
bá	1	3.23781084420883E-9	1
bä	1	3.23781084420883E-9	1
bæ	1	3.23781084420883E-9	1
bł	1	3.23781084420883E-9	1
cx	1	3.23781084420883E-9	1
cá	1	3.23781084420883E-9	1
cö	1	3.23781084420883E-9	1
c–	1	3.23781084420883E-9	1
dö	1	3.23781084420883E-9	1
dē	1	3.23781084420883E-9	1
dł	1	3.23781084420883E-9	1
dœ	1	3.23781084420883E-9	1
dź	1	3.23781084420883E-9	1
dž	1	3.23781084420883E-9	1
d–	1	3.23781084420883E-9	1
d—	1	3.23781084420883E-9	1
d‘	1	3.23781084420883E-9	1
eß	1	3.23781084420883E-9	1
eç	1	3.23781084420883E-9	1
eé	1	3.23781084420883E-9	1
eľ	1	3.23781084420883E-9	1
eł	1	3.23781084420883E-9	1
eń	1	3.23781084420883E-9	1
eş	1	3.23781084420883E-9	1
e—	1	3.23781084420883E-9	1
få	1	3.23781084420883E-9	1
fæ	1	3.23781084420883E-9	1
fö	1	3.23781084420883E-9	1
gx	1	3.23781084420883E-9	1
gá	1	3.23781084420883E-9	1
gâ	1	3.23781084420883E-9	1
gè	1	3.23781084420883E-9	1
g…	1	3.23781084420883E-9	1
hx	1	3.23781084420883E-9	1
hã	1	3.23781084420883E-9	1
h…	1	3.23781084420883E-9	1
i­	1	3.23781084420883E-9	1
iá	1	3.23781084420883E-9	1
iã	1	3.23781084420883E-9	1
iñ	1	3.23781084420883E-9	1
iń	1	3.23781084420883E-9	1
jw	1	3.23781084420883E-9	1
já	1	3.23781084420883E-9	1
jó	1	3.23781084420883E-9	1
jü	1	3.23781084420883E-9	1
ją	1	3.23781084420883E-9	1
k­	1	3.23781084420883E-9	1
kä	1	3.23781084420883E-9	1
kü	1	3.23781084420883E-9	1
kż	1	3.23781084420883E-9	1
lã	1	3.23781084420883E-9	1
lò	1	3.23781084420883E-9	1
lů	1	3.23781084420883E-9	1
mq	1	3.23781084420883E-9	1
mæ	1	3.23781084420883E-9	1
më	1	3.23781084420883E-9	1
m…	1	3.23781084420883E-9	1
n­	1	3.23781084420883E-9	1
n°	1	3.23781084420883E-9	1
nå	1	3.23781084420883E-9	1
nè	1	3.23781084420883E-9	1
nî	1	3.23781084420883E-9	1
nă	1	3.23781084420883E-9	1
nč	1	3.23781084420883E-9	1
oû	1	3.23781084420883E-9	1
oč	1	3.23781084420883E-9	1
oğ	1	3.23781084420883E-9	1
oł	1	3.23781084420883E-9	1
oš	1	3.23781084420883E-9	1
ož	1	3.23781084420883E-9	1
o…	1	3.23781084420883E-9	1
px	1	3.23781084420883E-9	1
p­	1	3.23781084420883E-9	1
på	1	3.23781084420883E-9	1
pè	1	3.23781084420883E-9	1
pó	1	3.23781084420883E-9	1
pü	1	3.23781084420883E-9	1
př	1	3.23781084420883E-9	1
pū	1	3.23781084420883E-9	1
p”	1	3.23781084420883E-9	1
qm	1	3.23781084420883E-9	1
qr	1	3.23781084420883E-9	1
q 	1	3.23781084420883E-9	1
r­	1	3.23781084420883E-9	1
r´	1	3.23781084420883E-9	1
rà	1	3.23781084420883E-9	1
rä	1	3.23781084420883E-9	1
rë	1	3.23781084420883E-9	1
rč	1	3.23781084420883E-9	1
rů	1	3.23781084420883E-9	1
rž	1	3.23781084420883E-9	1
r…	1	3.23781084420883E-9	1
s­	1	3.23781084420883E-9	1
s·	1	3.23781084420883E-9	1
sã	1	3.23781084420883E-9	1
sä	1	3.23781084420883E-9	1
så	1	3.23781084420883E-9	1
sè	1	3.23781084420883E-9	1
sì	1	3.23781084420883E-9	1
sû	1	3.23781084420883E-9	1
t´	1	3.23781084420883E-9	1
tâ	1	3.23781084420883E-9	1
tå	1	3.23781084420883E-9	1
tæ	1	3.23781084420883E-9	1
tè	1	3.23781084420883E-9	1
tõ	1	3.23781084420883E-9	1
tö	1	3.23781084420883E-9	1
tý	1	3.23781084420883E-9	1
tě	1	3.23781084420883E-9	1
t—	1	3.23781084420883E-9	1
t…	1	3.23781084420883E-9	1
uê	1	3.23781084420883E-9	1
uñ	1	3.23781084420883E-9	1
uč	1	3.23781084420883E-9	1
uš	1	3.23781084420883E-9	1
uǎ	1	3.23781084420883E-9	1
vb	1	3.23781084420883E-9	1
vd	1	3.23781084420883E-9	1
vf	1	3.23781084420883E-9	1
vm	1	3.23781084420883E-9	1
vp	1	3.23781084420883E-9	1
vw	1	3.23781084420883E-9	1
væ	1	3.23781084420883E-9	1
vè	1	3.23781084420883E-9	1
vö	1	3.23781084420883E-9	1
vý	1	3.23781084420883E-9	1
wj	1	3.23781084420883E-9	1
wx	1	3.23781084420883E-9	1
wë	1	3.23781084420883E-9	1
w…	1	3.23781084420883E-9	1
xv	1	3.23781084420883E-9	1
yá	1	3.23781084420883E-9	1
yè	1	3.23781084420883E-9	1
yö	1	3.23781084420883E-9	1
yń	1	3.23781084420883E-9	1
y…	1	3.23781084420883E-9	1
zd	1	3.23781084420883E-9	1
zè	1	3.23781084420883E-9	1
zé	1	3.23781084420883E-9	1
zì	1	3.23781084420883E-9	1
zü	1	3.23781084420883E-9	1
zī	1	3.23781084420883E-9	1
zł	1	3.23781084420883E-9	1
 x	1	3.23781084420883E-9	1
 š	1	3.23781084420883E-9	1
­f	1	3.23781084420883E-9	1
­g	1	3.23781084420883E-9	1
­l	1	3.23781084420883E-9	1
­m	1	3.23781084420883E-9	1
´e	1	3.23781084420883E-9	1
´s	1	3.23781084420883E-9	1
´w	1	3.23781084420883E-9	1
´é	1	3.23781084420883E-9	1
ße	1	3.23781084420883E-9	1
ßl	1	3.23781084420883E-9	1
àc	1	3.23781084420883E-9	1
àl	1	3.23781084420883E-9	1
áz	1	3.23781084420883E-9	1
áé	1	3.23781084420883E-9	1
áê	1	3.23781084420883E-9	1
áñ	1	3.23781084420883E-9	1
ä_	1	3.23781084420883E-9	1
äi	1	3.23781084420883E-9	1
äm	1	3.23781084420883E-9	1
äs	1	3.23781084420883E-9	1
äy	1	3.23781084420883E-9	1
ää	1	3.23781084420883E-9	1
åe	1	3.23781084420883E-9	1
ån	1	3.23781084420883E-9	1
år	1	3.23781084420883E-9	1
åõ	1	3.23781084420883E-9	1
æk	1	3.23781084420883E-9	1
æs	1	3.23781084420883E-9	1
ç_	1	3.23781084420883E-9	1
çi	1	3.23781084420883E-9	1
çà	1	3.23781084420883E-9	1
çã	1	3.23781084420883E-9	1
èd	1	3.23781084420883E-9	1
èg	1	3.23781084420883E-9	1
èp	1	3.23781084420883E-9	1
éh	1	3.23781084420883E-9	1
éo	1	3.23781084420883E-9	1
éq	1	3.23781084420883E-9	1
é 	1	3.23781084420883E-9	1
éá	1	3.23781084420883E-9	1
éí	1	3.23781084420883E-9	1
éó	1	3.23781084420883E-9	1
é’	1	3.23781084420883E-9	1
êá	1	3.23781084420883E-9	1
êï	1	3.23781084420883E-9	1
ëe	1	3.23781084420883E-9	1
ëi	1	3.23781084420883E-9	1
ëá	1	3.23781084420883E-9	1
ì_	1	3.23781084420883E-9	1
ìl	1	3.23781084420883E-9	1
ìý	1	3.23781084420883E-9	1
íá	1	3.23781084420883E-9	1
îm	1	3.23781084420883E-9	1
în	1	3.23781084420883E-9	1
ïf	1	3.23781084420883E-9	1
ïr	1	3.23781084420883E-9	1
ïs	1	3.23781084420883E-9	1
ïý	1	3.23781084420883E-9	1
ñe	1	3.23781084420883E-9	1
ñi	1	3.23781084420883E-9	1
òn	1	3.23781084420883E-9	1
òp	1	3.23781084420883E-9	1
óv	1	3.23781084420883E-9	1
óô	1	3.23781084420883E-9	1
óż	1	3.23781084420883E-9	1
ôü	1	3.23781084420883E-9	1
ôþ	1	3.23781084420883E-9	1
õe	1	3.23781084420883E-9	1
õ÷	1	3.23781084420883E-9	1
öb	1	3.23781084420883E-9	1
öi	1	3.23781084420883E-9	1
öv	1	3.23781084420883E-9	1
öw	1	3.23781084420883E-9	1
öö	1	3.23781084420883E-9	1
÷á	1	3.23781084420883E-9	1
ø_	1	3.23781084420883E-9	1
øn	1	3.23781084420883E-9	1
úc	1	3.23781084420883E-9	1
út	1	3.23781084420883E-9	1
ûr	1	3.23781084420883E-9	1
ût	1	3.23781084420883E-9	1
üp	1	3.23781084420883E-9	1
üt	1	3.23781084420883E-9	1
üë	1	3.23781084420883E-9	1
ýc	1	3.23781084420883E-9	1
ýs	1	3.23781084420883E-9	1
ýz	1	3.23781084420883E-9	1
ýñ	1	3.23781084420883E-9	1
þ_	1	3.23781084420883E-9	1
ă_	1	3.23781084420883E-9	1
ćs	1	3.23781084420883E-9	1
či	1	3.23781084420883E-9	1
čm	1	3.23781084420883E-9	1
čn	1	3.23781084420883E-9	1
ēs	1	3.23781084420883E-9	1
ě_	1	3.23781084420883E-9	1
ğa	1	3.23781084420883E-9	1
īl	1	3.23781084420883E-9	1
ľ_	1	3.23781084420883E-9	1
łb	1	3.23781084420883E-9	1
łg	1	3.23781084420883E-9	1
łk	1	3.23781084420883E-9	1
łu	1	3.23781084420883E-9	1
łó	1	3.23781084420883E-9	1
łą	1	3.23781084420883E-9	1
ře	1	3.23781084420883E-9	1
ś_	1	3.23781084420883E-9	1
şi	1	3.23781084420883E-9	1
šp	1	3.23781084420883E-9	1
št	1	3.23781084420883E-9	1
šu	1	3.23781084420883E-9	1
ší	1	3.23781084420883E-9	1
šč	1	3.23781084420883E-9	1
ūc	1	3.23781084420883E-9	1
ů_	1	3.23781084420883E-9	1
ůž	1	3.23781084420883E-9	1
ź_	1	3.23781084420883E-9	1
ża	1	3.23781084420883E-9	1
że	1	3.23781084420883E-9	1
żn	1	3.23781084420883E-9	1
ži	1	3.23781084420883E-9	1
žk	1	3.23781084420883E-9	1
žu	1	3.23781084420883E-9	1
ží	1	3.23781084420883E-9	1
ǎ_	1	3.23781084420883E-9	1
ʻb	1	3.23781084420883E-9	1
άτ	1	3.23781084420883E-9	1
έλ	1	3.23781084420883E-9	1
έφ	1	3.23781084420883E-9	1
ή_	1	3.23781084420883E-9	1
ί_	1	3.23781084420883E-9	1
ίν	1	3.23781084420883E-9	1
αι	1	3.23781084420883E-9	1
αλ	1	3.23781084420883E-9	1
ας	1	3.23781084420883E-9	1
β_	1	3.23781084420883E-9	1
δή	1	3.23781084420883E-9	1
δε	1	3.23781084420883E-9	1
δη	1	3.23781084420883E-9	1
ε_	1	3.23781084420883E-9	1
ευ	1	3.23781084420883E-9	1
ημ	1	3.23781084420883E-9	1
ηρ	1	3.23781084420883E-9	1
ιδ	1	3.23781084420883E-9	1
ιε	1	3.23781084420883E-9	1
ιν	1	3.23781084420883E-9	1
κέ	1	3.23781084420883E-9	1
κο	1	3.23781084420883E-9	1
κύ	1	3.23781084420883E-9	1
λλ	1	3.23781084420883E-9	1
μά	1	3.23781084420883E-9	1
μέ	1	3.23781084420883E-9	1
μα	1	3.23781084420883E-9	1
νό	1	3.23781084420883E-9	1
οn	1	3.23781084420883E-9	1
οι	1	3.23781084420883E-9	1
οκ	1	3.23781084420883E-9	1
ον	1	3.23781084420883E-9	1
ος	1	3.23781084420883E-9	1
ρη	1	3.23781084420883E-9	1
ρι	1	3.23781084420883E-9	1
ρο	1	3.23781084420883E-9	1
ρώ	1	3.23781084420883E-9	1
σι	1	3.23781084420883E-9	1
τu	1	3.23781084420883E-9	1
τω	1	3.23781084420883E-9	1
υρ	1	3.23781084420883E-9	1
φα	1	3.23781084420883E-9	1
χρ	1	3.23781084420883E-9	1
ων	1	3.23781084420883E-9	1
ό_	1	3.23781084420883E-9	1
ύρ	1	3.23781084420883E-9	1
ώ_	1	3.23781084420883E-9	1
ае	1	3.23781084420883E-9	1
аз	1	3.23781084420883E-9	1
ам	1	3.23781084420883E-9	1
ар	1	3.23781084420883E-9	1
ас	1	3.23781084420883E-9	1
ат	1	3.23781084420883E-9	1
аш	1	3.23781084420883E-9	1
ая	1	3.23781084420883E-9	1
ає	1	3.23781084420883E-9	1
бр	1	3.23781084420883E-9	1
бъ	1	3.23781084420883E-9	1
ве	1	3.23781084420883E-9	1
вь	1	3.23781084420883E-9	1
ві	1	3.23781084420883E-9	1
га	1	3.23781084420883E-9	1
го	1	3.23781084420883E-9	1
да	1	3.23781084420883E-9	1
ет	1	3.23781084420883E-9	1
еч	1	3.23781084420883E-9	1
еш	1	3.23781084420883E-9	1
жо	1	3.23781084420883E-9	1
зл	1	3.23781084420883E-9	1
ки	1	3.23781084420883E-9	1
ко	1	3.23781084420883E-9	1
кр	1	3.23781084420883E-9	1
ла	1	3.23781084420883E-9	1
ле	1	3.23781084420883E-9	1
ли	1	3.23781084420883E-9	1
ме	1	3.23781084420883E-9	1
мл	1	3.23781084420883E-9	1
мо	1	3.23781084420883E-9	1
н_	1	3.23781084420883E-9	1
нк	1	3.23781084420883E-9	1
но	1	3.23781084420883E-9	1
нт	1	3.23781084420883E-9	1
ов	1	3.23781084420883E-9	1
ок	1	3.23781084420883E-9	1
оп	1	3.23781084420883E-9	1
ор	1	3.23781084420883E-9	1
от	1	3.23781084420883E-9	1
ош	1	3.23781084420883E-9	1
р_	1	3.23781084420883E-9	1
рд	1	3.23781084420883E-9	1
ре	1	3.23781084420883E-9	1
рл	1	3.23781084420883E-9	1
сл	1	3.23781084420883E-9	1
сн	1	3.23781084420883E-9	1
ти	1	3.23781084420883E-9	1
тк	1	3.23781084420883E-9	1
тр	1	3.23781084420883E-9	1
ты	1	3.23781084420883E-9	1
ті	1	3.23781084420883E-9	1
уж	1	3.23781084420883E-9	1
ут	1	3.23781084420883E-9	1
ча	1	3.23781084420883E-9	1
чу	1	3.23781084420883E-9	1
ши	1	3.23781084420883E-9	1
шл	1	3.23781084420883E-9	1
шу	1	3.23781084420883E-9	1
шь	1	3.23781084420883E-9	1
ър	1	3.23781084420883E-9	1
ы_	1	3.23781084420883E-9	1
ь_	1	3.23781084420883E-9	1
ье	1	3.23781084420883E-9	1
ю_	1	3.23781084420883E-9	1
я_	1	3.23781084420883E-9	1
є_	1	3.23781084420883E-9	1
іт	1	3.23781084420883E-9	1
ію	1	3.23781084420883E-9	1
–d	1	3.23781084420883E-9	1
–g	1	3.23781084420883E-9	1
–h	1	3.23781084420883E-9	1
–v	1	3.23781084420883E-9	1
—_	1	3.23781084420883E-9	1
—a	1	3.23781084420883E-9	1
—b	1	3.23781084420883E-9	1
—m	1	3.23781084420883E-9	1
—o	1	3.23781084420883E-9	1
’m	1	3.23781084420883E-9	1
’w	1	3.23781084420883E-9	1
’y	1	3.23781084420883E-9	1
’”	1	3.23781084420883E-9	1
“s	1	3.23781084420883E-9	1
…o	1	3.23781084420883E-9	1
…p	1	3.23781084420883E-9	1
… 	1	3.23781084420883E-9	1
