o_	33758	0.028022472432421664	2
s_	29872	0.024796708824613423	2
a_	20044	0.01663849865025949	2
es	18112	0.0150347479322241	2
en	17779	0.014758325060016137	2
nt	17119	0.014210459907892246	2
re	16386	0.013601997549548592	2
_p	16343	0.013566303304789005	2
te	15136	0.012564374155374557	2
os	14877	0.012349378588101697	2
er	13798	0.01145370207425067	2
e_	13650	0.011330847464380464	2
_a	12632	0.01048580697216513	2
ra	12565	0.010430190358237402	2
_c	12470	0.010351330980280175	2
de	12312	0.010220175383256577	2
ão	12283	0.01019610252051174	2
ta	11798	0.009793504643572214	2
co	11671	0.009688082106724132	2
r_	11533	0.009573528484007318	2
ar	11283	0.009366003805172511	2
or	10975	0.009110333400848028	2
as	10648	0.008838891120932101	2
ad	10029	0.00832506001613712	2
me	9943	0.008253671526617946	2
_d	9869	0.008192244221682842	2
se	9497	0.00788344749957665	2
_e	9334	0.0077481414089763554	2
to	9315	0.00773236953338491	2
ri	9238	0.0076684519323037895	2
pr	9205	0.007641058674697595	2
on	9146	0.007592082850492581	2
_s	8920	0.007404480540825915	2
ia	8751	0.007264193857933586	2
da	8690	0.007213557836297893	2
ti	8652	0.007182014085115002	2
st	8408	0.00697946999857223	2
am	8203	0.006809299761927688	2
_r	8073	0.006701386928933589	2
ro	8052	0.006683954855911465	2
do	7960	0.006607585774100256	2
ci	7926	0.006579362417778722	2
in	7816	0.006488051559091407	2
po	7769	0.006449036919470463	2
em	7422	0.0061609926652477515	2
_t	7340	0.006092924570589934	2
is	7116	0.0059069824583539475	2
al	6881	0.005711909260249229	2
ec	6753	0.005605656624685808	2
ca	6696	0.0055583409979114715	2
an	6656	0.005525137049297903	2
m_	6591	0.0054711806328008525	2
ic	6295	0.0052254714130604415	2
id	6240	0.005179815983716783	2
çã	6062	0.005032058412386401	2
_f	6040	0.005013796240648938	2
pe	5894	0.004892601828209411	2
_n	5887	0.004886791137202036	2
ve	5778	0.00479631037723006	2
_i	5744	0.0047680870209085265	2
tr	5568	0.004621989647008822	2
aç	5425	0.004503285530715313	2
io	5385	0.004470081582101743	2
di	5349	0.004440198028349531	2
ma	5280	0.004382921216991124	2
at	5202	0.0043181735171946645	2
it	5118	0.00424844522510617	2
ss	5040	0.00418369752530971	2
la	4804	0.003987794228489652	2
nc	4784	0.003971192254182868	2
li	4778	0.003966211661890832	2
mo	4756	0.003947949490153369	2
im	4748	0.0039413087004306555	2
_m	4699	0.003900633863379033	2
ei	4534	0.0037636675753480605	2
na	4528	0.003758686983056025	2
el	4472	0.0037122014549970284	2
ir	4416	0.0036657159269380315	2
nd	4197	0.0034839243082787404	2
ce	4032	0.003346958020247768	2
ns	4002	0.003322055058787591	2
si	3976	0.003300472492188771	2
pa	3807	0.0031601858092964417	2
so	3689	0.0030622341608864127	2
eg	3680	0.0030547632724483597	2
om	3639	0.003020729225119451	2
ol	3585	0.002975903894491133	2
l_	3584	0.0029750737957757937	2
iv	3482	0.0028904037268111926	2
ac	3440	0.0028555395807669448	2
va	3380	0.002805733657846591	2
_v	3338	0.0027708695118023436	2
sa	3302	0.0027409859580501315	2
mp	3274	0.002717743194020633	2
vi	3166	0.0026280925327639964	2
ur	3145	0.0026106604597418725	2
ct	2993	0.0024844854550103096	2
ni	2981	0.002474524270426239	2
rt	2948	0.0024471310128200445	2
fi	2935	0.0024363397295206345	2
ho	2932	0.002433849433374617	2
le	2929	0.0024313591372285993	2
qu	2928	0.00243052903851326	2
no	2915	0.00241973775521385	2
õe	2913	0.0024180775577831715	2
_o	2901	0.002408116373199101	2
tu	2890	0.0023989852873303693	2
vo	2844	0.002360800746424765	2
nh	2823	0.002343368673402641	2
é_	2767	0.0022968831453436442	2
sp	2756	0.002287752059474913	2
rm	2726	0.002262849098014736	2
un	2684	0.0022279849519704882	2
ut	2648	0.002198101398218276	2
ap	2646	0.002196441200787598	2
nã	2629	0.002182329522626831	2
_é	2571	0.0021341837971371558	2
mi	2555	0.002120902217691728	2
fo	2460	0.002042042839734501	2
_l	2340	0.0019424309938937939	2
á_	2283	0.0018951153671194578	2
ai	2265	0.0018801735902433518	2
oc	2248	0.0018660619120825848	2
gr	2237	0.0018569308262138533	2
ev	2237	0.0018569308262138533	2
gu	2207	0.0018320278647536766	2
ga	2190	0.0018179161865929097	2
ua	2178	0.0018079550020088388	2
ex	2176	0.0018062948045781603	2
op	2159	0.0017921831264173936	2
fe	2098	0.0017415471047817007	2
_g	2090	0.0017349063150589867	2
lo	2078	0.001724945130474916	2
cu	2068	0.0017166441433215237	2
go	2049	0.0017008722677300785	2
_à	2020	0.0016767994049852407	2
fa	1977	0.001641105160225654	2
ef	1948	0.0016170322974808165	2
ab	1943	0.0016128818039041202	2
mb	1941	0.001611221606473442	2
ul	1940	0.0016103915077581026	2
ue	1907	0.001582998250151908	2
çõ	1857	0.0015414933143849466	2
il	1781	0.0014784058120191654	2
iz	1769	0.0014684446274350945	2
ou	1760	0.0014609737389970415	2
gi	1744	0.0014476921595516139	2
ba	1723	0.00143026008652949	2
ig	1707	0.0014169785070840624	2
ui	1658	0.0013763036700324403	2
ob	1647	0.0013671725841637088	2
_q	1621	0.0013455900175648888	2
ne	1593	0.0013223472535353904	2
à_	1568	0.0013015947856519097	2
lh	1551	0.0012874831074911428	2
su	1538	0.0012766918241917328	2
lt	1536	0.0012750316267610543	2
rá	1514	0.0012567694550235913	2
et	1513	0.0012559393563082522	2
od	1493	0.0012393373820014676	2
cr	1465	0.0012160946179719692	2
ed	1452	0.0012053033346725592	2
ha	1451	0.00120447323595722	2
sã	1448	0.0012019829398112023	2
us	1443	0.0011978324462345062	2
u_	1441	0.0011961722488038277	2
pl	1426	0.0011837207680737392	2
ov	1426	0.0011837207680737392	2
bi	1412	0.0011720993860589901	2
rd	1388	0.0011521770168908486	2
ep	1378	0.0011438760297374565	2
lu	1354	0.001123953660569315	2
ça	1351	0.0011214633644232972	2
av	1350	0.001120633265707958	2
_h	1350	0.001120633265707958	2
ár	1312	0.0010890895145250674	2
ên	1301	0.001079958428656336	2
za	1291	0.0010716574415029435	2
oi	1288	0.001069167145356926	2
iç	1282	0.0010641865530648905	2
_b	1251	0.0010384534928893744	2
ém	1242	0.0010309826044513214	2
au	1203	9.986087545530915E-4	1
nç	1176	9.761960892389322E-4	1
mu	1176	9.761960892389322E-4	1
sc	1167	9.687252008008792E-4	1
ag	1166	9.6789510208554E-4	1
if	1158	9.612543123628262E-4	1
eu	1158	9.612543123628262E-4	1
rr	1157	9.604242136474869E-4	1
ie	1154	9.579339175014692E-4	1
_j	1105	9.172590804498471E-4	1
tá	1101	9.139386855884902E-4	1
cl	1086	9.014872048584018E-4	1
rg	1085	9.006571061430626E-4	1
az	1073	8.906959215589918E-4	1
ze	1055	8.757541446828856E-4	1
rc	1050	8.716036511061896E-4	1
um	1045	8.674531575294934E-4	1
ru	1028	8.533414793687265E-4	1
be	1011	8.392298012079596E-4	1
ít	1010	8.383997024926204E-4	1
ge	1003	8.325890114852458E-4	1
ea	968	8.035355564483728E-4	1
je	956	7.935743718643021E-4	1
i_	954	7.919141744336237E-4	1
nv	952	7.902539770029452E-4	1
ot	945	7.844432859955706E-4	1
br	944	7.836131872802313E-4	1
og	930	7.719918052654822E-4	1
pu	925	7.67841311688786E-4	1
bé	917	7.612005219660722E-4	1
lí	912	7.57050028389376E-4	1
fu	911	7.562199296740368E-4	1
ju	906	7.520694360973407E-4	1
ib	902	7.487490412359838E-4	1
tã	895	7.429383502286092E-4	1
ór	865	7.180353887684324E-4	1
rn	857	7.113945990457185E-4	1
xi	856	7.105645003303792E-4	1
he	848	7.039237106076654E-4	1
lm	847	7.030936118923262E-4	1
ud	834	6.923023285929162E-4	1
z_	832	6.906421311622379E-4	1
du	829	6.881518350162201E-4	1
ív	813	6.748702555707924E-4	1
tó	810	6.723799594247748E-4	1
ej	775	6.433265043879018E-4	1
pi	773	6.416663069572234E-4	1
rs	766	6.358556159498488E-4	1
bo	761	6.317051223731526E-4	1
ez	735	6.101225557743326E-4	1
ja	733	6.084623583436543E-4	1
té	732	6.07632259628315E-4	1
bl	720	5.976710750442443E-4	1
up	719	5.96840976328905E-4	1
nf	708	5.877098904601735E-4	1
lv	704	5.843894955988166E-4	1
ço	691	5.735982122994066E-4	1
uç	655	5.437146585471945E-4	1
rv	652	5.412243624011768E-4	1
eq	630	5.229621906637137E-4	1
rí	614	5.09680611218286E-4	1
fr	598	4.963990317728584E-4	1
_u	584	4.847776497581092E-4	1
nu	579	4.806271561814131E-4	1
rê	564	4.681756754513247E-4	1
aí	547	4.540639972905578E-4	1
nó	544	4.515737011445401E-4	1
ís	540	4.482533062831832E-4	1
áv	540	4.482533062831832E-4	1
ér	537	4.4576301013716553E-4	1
íc	528	4.3829212169911244E-4	1
ip	523	4.341416281224163E-4	1
ng	515	4.275008383997025E-4	1
eb	511	4.2418044353834556E-4	1
oj	506	4.200299499616494E-4	1
já	503	4.1753965381563176E-4	1
ug	488	4.0508817308554336E-4	1
sá	471	3.909764949247765E-4	1
cç	458	3.801852116253665E-4	1
ró	453	3.7603471804867035E-4	1
bu	446	3.7022402704129574E-4	1
xe	443	3.677337308952781E-4	1
sm	441	3.660735334645996E-4	1
rç	432	3.5860264502654657E-4	1
af	429	3.5611234888052886E-4	1
às	426	3.536220527345112E-4	1
ní	416	3.4532106558111893E-4	1
há	411	3.411705720044228E-4	1
cí	411	3.411705720044228E-4	1
bs	410	3.4034047328908355E-4	1
xt	409	3.395103745737443E-4	1
oa	400	3.320394861356913E-4	1
bj	399	3.3120938742035204E-4	1
ch	398	3.303792887050128E-4	1
ub	397	3.2954918998967357E-4	1
sí	392	3.2539869641297743E-4	1
_ú	390	3.2373849898229896E-4	1
xp	383	3.179278079749244E-4	1
ós	382	3.1709770925958516E-4	1
tê	381	3.162676105442459E-4	1
sf	368	3.0547632724483594E-4	1
xa	366	3.038161298141575E-4	1
íd	363	3.013258336681398E-4	1
ân	362	3.0049573495280057E-4	1
zo	360	2.9883553752212214E-4	1
of	360	2.9883553752212214E-4	1
rã	333	2.76422872207963E-4	1
eç	323	2.6812188505457066E-4	1
iõ	321	2.6646168762389224E-4	1
iã	315	2.6148109533185687E-4	1
óm	305	2.531801081784646E-4	1
dã	298	2.4736941717109E-4	1
ín	285	2.3657813387168003E-4	1
át	285	2.3657813387168003E-4	1
só	281	2.332577390103231E-4	1
zi	276	2.2910724543362697E-4	1
uz	272	2.2578685057227004E-4	1
uí	271	2.2495675185693083E-4	1
eo	270	2.241266531415916E-4	1
óp	262	2.1748586341887777E-4	1
âm	257	2.1333536984218164E-4	1
ál	256	2.125052711268424E-4	1
sl	256	2.125052711268424E-4	1
ix	256	2.125052711268424E-4	1
fl	254	2.1084507369616395E-4	1
sõ	250	2.0752467883480702E-4	1
tâ	249	2.0669458011946781E-4	1
íp	246	2.0420428397345013E-4	1
oo	245	2.033741852581109E-4	1
aj	244	2.0254408654277168E-4	1
gn	239	1.9839359296607552E-4	1
úl	238	1.975634942507363E-4	1
uc	238	1.975634942507363E-4	1
ás	236	1.9590329682005783E-4	1
ó_	234	1.9424309938937938E-4	1
ná	234	1.9424309938937938E-4	1
xc	232	1.9258290195870093E-4	1
mí	228	1.89262507097344E-4	1
iu	225	1.8677221095132632E-4	1
iá	217	1.801314212286125E-4	1
pt	216	1.7930132251327329E-4	1
_á	215	1.7847122379793405E-4	1
oe	214	1.776411250825948E-4	1
nq	208	1.7266053279055946E-4	1
ux	204	1.6934013792920254E-4	1
úb	198	1.6435954563716717E-4	1
êm	197	1.6352944692182795E-4	1
pú	197	1.6352944692182795E-4	1
tõ	194	1.6103915077581027E-4	1
xí	192	1.593789533451318E-4	1
vá	190	1.5771875591445334E-4	1
vr	190	1.5771875591445334E-4	1
_â	190	1.5771875591445334E-4	1
dr	188	1.560585584837749E-4	1
íl	185	1.535682623377572E-4	1
tí	184	1.5273816362241797E-4	1
ee	184	1.5273816362241797E-4	1
_z	180	1.4941776876106107E-4	1
ía	175	1.4526727518436494E-4	1
óx	174	1.444371764690257E-4	1
dú	174	1.444371764690257E-4	1
iê	171	1.41946880323008E-4	1
nj	170	1.4111678160766877E-4	1
ês	168	1.3945658417699032E-4	1
nú	168	1.3945658417699032E-4	1
vé	166	1.3779638674631188E-4	1
rl	165	1.3696628803097264E-4	1
uê	164	1.3613618931563343E-4	1
jo	163	1.353060906002942E-4	1
lé	162	1.3447599188495495E-4	1
és	161	1.3364589316961574E-4	1
uv	159	1.3198569573893726E-4	1
ré	159	1.3198569573893726E-4	1
pó	158	1.3115559702359805E-4	1
ám	156	1.2949539959291958E-4	1
ác	156	1.2949539959291958E-4	1
ld	156	1.2949539959291958E-4	1
má	155	1.2866530087758037E-4	1
uf	154	1.2783520216224113E-4	1
hi	154	1.2783520216224113E-4	1
mé	152	1.2617500473156268E-4	1
dê	149	1.23684708585545E-4	1
dm	147	1.2202451115486653E-4	1
úm	146	1.211944124395273E-4	1
rb	145	1.2036431372418808E-4	1
eí	145	1.2036431372418808E-4	1
ún	142	1.178740175781704E-4	1
íf	139	1.1538372143215271E-4	1
úd	136	1.1289342528613502E-4	1
éc	135	1.120633265707958E-4	1
n_	135	1.120633265707958E-4	1
ég	134	1.1123322785545657E-4	1
hõ	130	1.0791283299409966E-4	1
fí	130	1.0791283299409966E-4	1
sé	125	1.0376233941740351E-4	1
cá	123	1.0210214198672506E-4	1
ío	123	1.0210214198672506E-4	1
uo	119	9.878174712536815E-5	1
pç	118	9.795164841002891E-5	1
gê	116	9.629145097935047E-5	1
iq	116	9.629145097935047E-5	1
mó	116	9.629145097935047E-5	1
zã	114	9.4631253548672E-5	1
gl	112	9.297105611799355E-5	1
lg	112	9.297105611799355E-5	1
xo	112	9.297105611799355E-5	1
ã_	105	8.716036511061896E-5	1
cn	104	8.633026639527973E-5	1
hã	103	8.55001676799405E-5	1
lc	102	8.467006896460127E-5	1
sq	101	8.383997024926205E-5	1
ló	99	8.217977281858358E-5	1
ág	99	8.217977281858358E-5	1
éd	99	8.217977281858358E-5	1
óg	99	8.217977281858358E-5	1
põ	98	8.134967410324436E-5	1
úv	96	7.96894766725659E-5	1
aq	92	7.636908181120898E-5	1
hu	91	7.553898309586976E-5	1
rf	90	7.470888438053054E-5	1
ét	88	7.304868694985207E-5	1
­s	87	7.221858823451285E-5	1
ír	87	7.221858823451285E-5	1
pô	86	7.138848951917362E-5	1
oç	85	7.055839080383439E-5	1
ól	85	7.055839080383439E-5	1
óv	85	7.055839080383439E-5	1
dá	84	6.972829208849516E-5	1
bt	83	6.889819337315594E-5	1
rp	83	6.889819337315594E-5	1
ús	81	6.723799594247748E-5	1
_ó	79	6.557779851179903E-5	1
ms	79	6.557779851179903E-5	1
í_	79	6.557779851179903E-5	1
b_	78	6.474769979645979E-5	1
aú	77	6.391760108112056E-5	1
ví	73	6.059720621976365E-5	1
zm	73	6.059720621976365E-5	1
_ê	68	5.644671264306751E-5	1
vê	68	5.644671264306751E-5	1
lá	67	5.5616613927728286E-5	1
rq	67	5.5616613927728286E-5	1
mã	65	5.395641649704983E-5	1
gé	64	5.31263177817106E-5	1
câ	63	5.2296219066371375E-5	1
vã	63	5.2296219066371375E-5	1
ód	61	5.063602163569292E-5	1
pé	60	4.980592292035369E-5	1
có	59	4.897582420501446E-5	1
ox	59	4.897582420501446E-5	1
ê_	59	4.897582420501446E-5	1
ax	58	4.814572548967523E-5	1
eú	58	4.814572548967523E-5	1
fé	58	4.814572548967523E-5	1
­l	58	4.814572548967523E-5	1
êl	58	4.814572548967523E-5	1
gí	57	4.7315626774336E-5	1
bv	56	4.648552805899678E-5	1
ué	56	4.648552805899678E-5	1
ón	56	4.648552805899678E-5	1
pí	55	4.5655429343657546E-5	1
râ	55	4.5655429343657546E-5	1
ót	55	4.5655429343657546E-5	1
êx	54	4.482533062831832E-5	1
ôr	54	4.482533062831832E-5	1
ae	53	4.399523191297909E-5	1
r­	53	4.399523191297909E-5	1
a­	52	4.3165133197639866E-5	1
én	52	4.3165133197639866E-5	1
oz	51	4.2335034482300635E-5	1
o­	51	4.2335034482300635E-5	1
íb	50	4.150493576696141E-5	1
út	49	4.067483705162218E-5	1
ls	45	3.735444219026527E-5	1
zê	42	3.486414604424758E-5	1
zõ	42	3.486414604424758E-5	1
sê	41	3.403404732890836E-5	1
áx	41	3.403404732890836E-5	1
bm	40	3.3203948613569126E-5	1
dí	40	3.3203948613569126E-5	1
áf	40	3.3203948613569126E-5	1
cê	38	3.154375118289067E-5	1
úr	36	2.9883553752212214E-5	1
_x	35	2.9053455036872987E-5	1
dé	35	2.9053455036872987E-5	1
sv	35	2.9053455036872987E-5	1
cc	34	2.8223356321533755E-5	1
­m	34	2.8223356321533755E-5	1
g_	33	2.7393257606194528E-5	1
nr	33	2.7393257606194528E-5	1
sn	33	2.7393257606194528E-5	1
lp	32	2.65631588908553E-5	1
xã	32	2.65631588908553E-5	1
ím	32	2.65631588908553E-5	1
_­	31	2.5733060175516072E-5	1
gã	31	2.5733060175516072E-5	1
mm	31	2.5733060175516072E-5	1
vu	31	2.5733060175516072E-5	1
­_	31	2.5733060175516072E-5	1
év	31	2.5733060175516072E-5	1
íz	31	2.5733060175516072E-5	1
ij	30	2.4902961460176844E-5	1
dq	29	2.4072862744837616E-5	1
fá	29	2.4072862744837616E-5	1
gá	29	2.4072862744837616E-5	1
mn	29	2.4072862744837616E-5	1
vó	29	2.4072862744837616E-5	1
eá	28	2.324276402949839E-5	1
mê	28	2.324276402949839E-5	1
oq	28	2.324276402949839E-5	1
sd	28	2.324276402949839E-5	1
d_	27	2.241266531415916E-5	1
uj	27	2.241266531415916E-5	1
àq	26	2.1582566598819933E-5	1
e­	25	2.0752467883480705E-5	1
dv	24	1.9922369168141474E-5	1
né	24	1.9922369168141474E-5	1
sr	24	1.9922369168141474E-5	1
áp	24	1.9922369168141474E-5	1
ió	23	1.9092270452802246E-5	1
lê	23	1.9092270452802246E-5	1
­n	23	1.9092270452802246E-5	1
c_	22	1.826217173746302E-5	1
oó	22	1.826217173746302E-5	1
pá	22	1.826217173746302E-5	1
ób	22	1.826217173746302E-5	1
óf	22	1.826217173746302E-5	1
_í	21	1.743207302212379E-5	1
oá	21	1.743207302212379E-5	1
ép	21	1.743207302212379E-5	1
ôs	21	1.743207302212379E-5	1
mú	20	1.6601974306784563E-5	1
ao	19	1.5771875591445335E-5	1
bá	19	1.5771875591445335E-5	1
dó	19	1.5771875591445335E-5	1
pc	19	1.5771875591445335E-5	1
lç	18	1.4941776876106107E-5	1
m­	18	1.4941776876106107E-5	1
tn	18	1.4941776876106107E-5	1
êe	18	1.4941776876106107E-5	1
rú	17	1.4111678160766878E-5	1
sb	17	1.4111678160766878E-5	1
íg	17	1.4111678160766878E-5	1
cé	16	1.328157944542765E-5	1
nâ	16	1.328157944542765E-5	1
sg	16	1.328157944542765E-5	1
áb	16	1.328157944542765E-5	1
á­	16	1.328157944542765E-5	1
tc	15	1.2451480730088422E-5	1
­f	15	1.2451480730088422E-5	1
nl	14	1.1621382014749194E-5	1
t_	14	1.1621382014749194E-5	1
gm	13	1.0791283299409966E-5	1
lb	13	1.0791283299409966E-5	1
zu	13	1.0791283299409966E-5	1
ãe	13	1.0791283299409966E-5	1
çá	13	1.0791283299409966E-5	1
ê­	13	1.0791283299409966E-5	1
bú	12	9.961184584070737E-6	1
fó	12	9.961184584070737E-6	1
lâ	12	9.961184584070737E-6	1
nê	12	9.961184584070737E-6	1
uá	12	9.961184584070737E-6	1
zá	12	9.961184584070737E-6	1
dâ	11	9.13108586873151E-6	1
u­	11	9.13108586873151E-6	1
xõ	11	9.13108586873151E-6	1
éi	11	9.13108586873151E-6	1
él	10	8.300987153392281E-6	1
óc	10	8.300987153392281E-6	1
gó	9	7.470888438053054E-6	1
k_	9	7.470888438053054E-6	1
rz	9	7.470888438053054E-6	1
x_	9	7.470888438053054E-6	1
ói	9	7.470888438053054E-6	1
ôd	9	7.470888438053054E-6	1
bó	8	6.640789722713825E-6	1
ck	8	6.640789722713825E-6	1
nn	8	6.640789722713825E-6	1
ps	8	6.640789722713825E-6	1
ãs	8	6.640789722713825E-6	1
úc	8	6.640789722713825E-6	1
bb	7	5.810691007374597E-6	1
bd	7	5.810691007374597E-6	1
cã	7	5.810691007374597E-6	1
mv	7	5.810691007374597E-6	1
vâ	7	5.810691007374597E-6	1
w_	7	5.810691007374597E-6	1
­d	7	5.810691007374597E-6	1
­e	7	5.810691007374597E-6	1
aé	6	4.9805922920353685E-6	1
ft	6	4.9805922920353685E-6	1
hí	6	4.9805922920353685E-6	1
i­	6	4.9805922920353685E-6	1
oí	6	4.9805922920353685E-6	1
tm	6	4.9805922920353685E-6	1
ts	6	4.9805922920353685E-6	1
ád	6	4.9805922920353685E-6	1
áu	6	4.9805922920353685E-6	1
éf	6	4.9805922920353685E-6	1
éu	6	4.9805922920353685E-6	1
_k	5	4.150493576696141E-6	1
by	5	4.150493576696141E-6	1
cú	5	4.150493576696141E-6	1
dj	5	4.150493576696141E-6	1
ke	5	4.150493576696141E-6	1
p_	5	4.150493576696141E-6	1
pâ	5	4.150493576696141E-6	1
sh	5	4.150493576696141E-6	1
s­	5	4.150493576696141E-6	1
sç	5	4.150493576696141E-6	1
tú	5	4.150493576696141E-6	1
uã	5	4.150493576696141E-6	1
xu	5	4.150493576696141E-6	1
y_	5	4.150493576696141E-6	1
zs	5	4.150493576696141E-6	1
éb	5	4.150493576696141E-6	1
êu	5	4.150493576696141E-6	1
ôl	5	4.150493576696141E-6	1
aa	4	3.3203948613569125E-6	1
eã	4	3.3203948613569125E-6	1
eó	4	3.3203948613569125E-6	1
f_	4	3.3203948613569125E-6	1
fô	4	3.3203948613569125E-6	1
ll	4	3.3203948613569125E-6	1
pê	4	3.3203948613569125E-6	1
rj	4	3.3203948613569125E-6	1
rõ	4	3.3203948613569125E-6	1
sk	4	3.3203948613569125E-6	1
éa	4	3.3203948613569125E-6	1
bp	3	2.4902961460176842E-6	1
bê	3	2.4902961460176842E-6	1
ew	3	2.4902961460176842E-6	1
ff	3	2.4902961460176842E-6	1
fâ	3	2.4902961460176842E-6	1
gâ	3	2.4902961460176842E-6	1
gú	3	2.4902961460176842E-6	1
ié	3	2.4902961460176842E-6	1
ks	3	2.4902961460176842E-6	1
lf	3	2.4902961460176842E-6	1
ln	3	2.4902961460176842E-6	1
mâ	3	2.4902961460176842E-6	1
ow	3	2.4902961460176842E-6	1
v_	3	2.4902961460176842E-6	1
xá	3	2.4902961460176842E-6	1
xé	3	2.4902961460176842E-6	1
yi	3	2.4902961460176842E-6	1
zí	3	2.4902961460176842E-6	1
­c	3	2.4902961460176842E-6	1
­g	3	2.4902961460176842E-6	1
­á	3	2.4902961460176842E-6	1
áq	3	2.4902961460176842E-6	1
óe	3	2.4902961460176842E-6	1
_w	2	1.6601974306784562E-6	1
ah	2	1.6601974306784562E-6	1
ak	2	1.6601974306784562E-6	1
aw	2	1.6601974306784562E-6	1
ay	2	1.6601974306784562E-6	1
bí	2	1.6601974306784562E-6	1
cq	2	1.6601974306784562E-6	1
ds	2	1.6601974306784562E-6	1
gh	2	1.6601974306784562E-6	1
h_	2	1.6601974306784562E-6	1
ht	2	1.6601974306784562E-6	1
hó	2	1.6601974306784562E-6	1
iâ	2	1.6601974306784562E-6	1
jó	2	1.6601974306784562E-6	1
jú	2	1.6601974306784562E-6	1
kn	2	1.6601974306784562E-6	1
ko	2	1.6601974306784562E-6	1
mõ	2	1.6601974306784562E-6	1
nz	2	1.6601974306784562E-6	1
py	2	1.6601974306784562E-6	1
pã	2	1.6601974306784562E-6	1
sú	2	1.6601974306784562E-6	1
tt	2	1.6601974306784562E-6	1
ty	2	1.6601974306784562E-6	1
we	2	1.6601974306784562E-6	1
ye	2	1.6601974306784562E-6	1
zn	2	1.6601974306784562E-6	1
zé	2	1.6601974306784562E-6	1
­a	2	1.6601974306784562E-6	1
­i	2	1.6601974306784562E-6	1
­o	2	1.6601974306784562E-6	1
­q	2	1.6601974306784562E-6	1
­r	2	1.6601974306784562E-6	1
­v	2	1.6601974306784562E-6	1
­ã	2	1.6601974306784562E-6	1
é­	2	1.6601974306784562E-6	1
íq	2	1.6601974306784562E-6	1
úp	2	1.6601974306784562E-6	1
aá	1	8.300987153392281E-7	1
aó	1	8.300987153392281E-7	1
bn	1	8.300987153392281E-7	1
cô	1	8.300987153392281E-7	1
cõ	1	8.300987153392281E-7	1
db	1	8.300987153392281E-7	1
dt	1	8.300987153392281E-7	1
dõ	1	8.300987153392281E-7	1
fs	1	8.300987153392281E-7	1
fú	1	8.300987153392281E-7	1
hé	1	8.300987153392281E-7	1
hê	1	8.300987153392281E-7	1
hú	1	8.300987153392281E-7	1
ii	1	8.300987153392281E-7	1
ik	1	8.300987153392281E-7	1
iè	1	8.300987153392281E-7	1
iú	1	8.300987153392281E-7	1
km	1	8.300987153392281E-7	1
lq	1	8.300987153392281E-7	1
lr	1	8.300987153392281E-7	1
l­	1	8.300987153392281E-7	1
lã	1	8.300987153392281E-7	1
lõ	1	8.300987153392281E-7	1
md	1	8.300987153392281E-7	1
mf	1	8.300987153392281E-7	1
ml	1	8.300987153392281E-7	1
np	1	8.300987153392281E-7	1
ok	1	8.300987153392281E-7	1
ph	1	8.300987153392281E-7	1
pm	1	8.300987153392281E-7	1
pp	1	8.300987153392281E-7	1
qú	1	8.300987153392281E-7	1
rh	1	8.300987153392281E-7	1
rk	1	8.300987153392281E-7	1
rw	1	8.300987153392281E-7	1
th	1	8.300987153392281E-7	1
tl	1	8.300987153392281E-7	1
t­	1	8.300987153392281E-7	1
võ	1	8.300987153392281E-7	1
wh	1	8.300987153392281E-7	1
wo	1	8.300987153392281E-7	1
x­	1	8.300987153392281E-7	1
yr	1	8.300987153392281E-7	1
z­	1	8.300987153392281E-7	1
­b	1	8.300987153392281E-7	1
­p	1	8.300987153392281E-7	1
­u	1	8.300987153392281E-7	1
áa	1	8.300987153392281E-7	1
án	1	8.300987153392281E-7	1
çu	1	8.300987153392281E-7	1
çó	1	8.300987153392281E-7	1
çô	1	8.300987153392281E-7	1
èr	1	8.300987153392281E-7	1
éo	1	8.300987153392281E-7	1
óa	1	8.300987153392281E-7	1
óq	1	8.300987153392281E-7	1
ôe	1	8.300987153392281E-7	1
ôm	1	8.300987153392281E-7	1
ô­	1	8.300987153392281E-7	1
úe	1	8.300987153392281E-7	1
úz	1	8.300987153392281E-7	1
