Portuguese	4	502288	992
	1)	m	0	0	0.0
		1)	me	0	0	0.0
			1)	men	0	0	0.0
				1)	ment	1	6224	0.0051665343
			2)	med	0	0	0.0
				1)	medi	443	373	3.0962683E-4
			3)	mei	0	0	0.0
				1)	meir	523	340	2.8223355E-4
			4)	mer	0	0	0.0
				1)	merc	532	336	2.7891315E-4
			5)	mel	0	0	0.0
				1)	melh	568	321	2.664617E-4
		2)	mo	0	0	0.0
			1)	mos	0	0	0.0
				1)	mos_	9	2884	0.0023940047
		3)	mb	0	0	0.0
			1)	mbé	0	0	0.0
				1)	mbém	105	908	7.5372966E-4
			2)	mbi	0	0	0.0
				1)	mbie	943	210	1.7432072E-4
		4)	mp	0	0	0.0
			1)	mpr	0	0	0.0
				1)	mpre	132	776	6.441566E-4
			2)	mpo	0	0	0.0
				1)	mpor	193	619	5.138311E-4
			3)	mpl	0	0	0.0
				1)	mple	780	249	2.0669457E-4
		5)	ma	0	0	0.0
			1)	mas	0	0	0.0
				1)	mas_	139	754	6.258944E-4
			2)	mai	0	0	0.0
				1)	maio	665	286	2.3740824E-4
			3)	mar	0	0	0.0
				1)	mar_	798	245	2.0337419E-4
			4)	mat	0	0	0.0
				1)	maté	823	240	1.992237E-4
			5)	maç	0	0	0.0
				1)	maçã	842	236	1.959033E-4
		6)	mu	0	0	0.0
			1)	mun	0	0	0.0
				1)	muni	347	439	3.6441334E-4
		7)	mi	0	0	0.0
			1)	min	0	0	0.0
				1)	mina	566	322	2.672918E-4
			2)	mis	0	0	0.0
				1)	miss	598	308	2.556704E-4
			3)	mit	0	0	0.0
				1)	miti	948	209	1.7349063E-4
		8)	mí	0	0	0.0
			1)	mín	0	0	0.0
				1)	míni	942	210	1.7432072E-4
	2)	ç	0	0	0.0
		1)	çã	0	0	0.0
			1)	ção	0	0	0.0
				1)	ção_	2	6057	0.005027908
		2)	çõ	0	0	0.0
			1)	çõe	0	0	0.0
				1)	ções	22	1857	0.0015414933
		3)	ço	0	0	0.0
			1)	ços	0	0	0.0
				1)	ços_	708	274	2.2744705E-4
	3)	e	0	0	0.0
		1)	en	0	0	0.0
			1)	ent	0	0	0.0
				1)	ente	3	5203	0.004319004
				2)	ento	16	2295	0.0019050766
				3)	enta	19	1912	0.0015871488
				4)	enti	372	422	3.5030165E-4
				5)	entr	533	336	2.7891315E-4
			2)	enh	0	0	0.0
				1)	enho	29	1592	0.0013215172
				2)	enha	583	313	2.598209E-4
			3)	end	0	0	0.0
				1)	ende	241	531	4.4078243E-4
				2)	endo	560	324	2.68952E-4
			4)	env	0	0	0.0
				1)	envo	267	502	4.1670955E-4
			5)	ena	0	0	0.0
				1)	enas	454	368	3.0547634E-4
			6)	enç	0	0	0.0
				1)	ençã	576	316	2.623112E-4
			7)	enc	0	0	0.0
				1)	enci	649	290	2.4072862E-4
				2)	enco	881	226	1.8760232E-4
			8)	ens	0	0	0.0
				1)	ensa	772	252	2.0918487E-4
				2)	enso	777	250	2.0752467E-4
		2)	es	0	0	0.0
			1)	ese	0	0	0.0
				1)	esen	48	1247	0.0010351331
			2)	esp	0	0	0.0
				1)	espe	80	1044	8.666231E-4
				2)	espo	265	504	4.1836975E-4
			3)	est	0	0	0.0
				1)	esta	131	780	6.47477E-4
				2)	estã	162	678	5.628069E-4
				3)	estr	370	423	3.5113175E-4
				4)	está	445	373	3.0962683E-4
				5)	esti	581	314	2.60651E-4
				6)	esto	950	209	1.7349063E-4
			4)	ess	0	0	0.0
				1)	esso	167	668	5.5450597E-4
				2)	esse	563	323	2.681219E-4
				3)	essá	617	302	2.506898E-4
				4)	essi	732	265	2.1997617E-4
			5)	esa	0	0	0.0
				1)	esas	843	236	1.959033E-4
			6)	eso	0	0	0.0
				1)	esol	876	227	1.8843242E-4
		3)	el	0	0	0.0
			1)	ela	0	0	0.0
				1)	elat	56	1173	9.737058E-4
				2)	elaç	984	202	1.6767994E-4
			2)	elh	0	0	0.0
				1)	elho	596	310	2.573306E-4
		4)	em	0	0	0.0
			1)	emo	0	0	0.0
				1)	emos	58	1160	9.629145E-4
			2)	emp	0	0	0.0
				1)	empr	195	617	5.121709E-4
				2)	empl	932	212	1.7598092E-4
				3)	empo	971	204	1.6934014E-4
			3)	eme	0	0	0.0
				1)	emen	283	488	4.0508818E-4
			4)	ema	0	0	0.0
				1)	ema_	414	389	3.229084E-4
				2)	emas	578	315	2.614811E-4
		5)	ei	0	0	0.0
			1)	eit	0	0	0.0
				1)	eito	112	870	7.221859E-4
				2)	eita	324	453	3.7603473E-4
			2)	eir	0	0	0.0
				1)	eiro	176	641	5.320933E-4
				2)	eira	237	533	4.4244263E-4
			3)	eis	0	0	0.0
				1)	eis_	307	470	3.901464E-4
			4)	eia	0	0	0.0
				1)	eia_	367	425	3.5279195E-4
			5)	eio	0	0	0.0
				1)	eio_	933	212	1.7598092E-4
		6)	ec	0	0	0.0
			1)	ect	0	0	0.0
				1)	ecti	118	835	6.931324E-4
				2)	ecto	150	724	6.009915E-4
				3)	ecta	847	235	1.950732E-4
			2)	eci	0	0	0.0
				1)	ecis	204	589	4.8892817E-4
				2)	ecid	784	248	2.0586447E-4
				3)	ecia	885	225	1.8677222E-4
			3)	eco	0	0	0.0
				1)	econ	205	588	4.8809804E-4
			4)	ece	0	0	0.0
				1)	eces	231	546	4.532339E-4
				2)	ecer	341	441	3.6607354E-4
		7)	eu	0	0	0.0
			1)	eur	0	0	0.0
				1)	euro	174	642	5.329234E-4
		8)	ep	0	0	0.0
			1)	epu	0	0	0.0
				1)	eput	192	620	5.146612E-4
		9)	er	0	0	0.0
			1)	erá	0	0	0.0
				1)	erá_	200	602	4.997194E-4
			2)	era	0	0	0.0
				1)	eraç	206	587	4.8726794E-4
				2)	eram	570	321	2.664617E-4
			3)	eri	0	0	0.0
				1)	eria	254	514	4.2667074E-4
			4)	ero	0	0	0.0
				1)	ero_	323	454	3.7686483E-4
			5)	erm	0	0	0.0
				1)	ermi	374	421	3.4947155E-4
				2)	ermo	737	262	2.1748587E-4
			6)	ere	0	0	0.0
				1)	erem	409	392	3.253987E-4
				2)	eres	492	353	2.9302484E-4
				3)	eren	853	232	1.925829E-4
			7)	erc	0	0	0.0
				1)	erca	440	378	3.137773E-4
			8)	erd	0	0	0.0
				1)	erda	676	282	2.3408784E-4
			9)	ern	0	0	0.0
				1)	erna	744	259	2.1499557E-4
				2)	erno	826	240	1.992237E-4
			10)	erv	0	0	0.0
				1)	ervi	813	242	2.008839E-4
			11)	erã	0	0	0.0
				1)	erão	926	213	1.7681102E-4
			12)	erg	0	0	0.0
				1)	ergu	939	211	1.7515082E-4
		10)	ef	0	0	0.0
			1)	efe	0	0	0.0
				1)	efer	301	475	3.942969E-4
			2)	efo	0	0	0.0
				1)	efor	556	325	2.697821E-4
			3)	efi	0	0	0.0
				1)	efic	830	239	1.983936E-4
		11)	eg	0	0	0.0
			1)	egu	0	0	0.0
				1)	egur	348	439	3.6441334E-4
				2)	egui	510	347	2.8804425E-4
				3)	egun	892	223	1.8511202E-4
			2)	egr	0	0	0.0
				1)	egra	628	298	2.473694E-4
			3)	egi	0	0	0.0
				1)	egis	650	290	2.4072862E-4
				2)	egiõ	699	277	2.2993734E-4
			4)	ego	0	0	0.0
				1)	ego_	904	219	1.8179162E-4
			5)	ega	0	0	0.0
				1)	egas	905	219	1.8179162E-4
		12)	ev	0	0	0.0
			1)	eve	0	0	0.0
				1)	ever	358	429	3.5611234E-4
				2)	eve_	507	348	2.8887435E-4
				3)	evem	644	292	2.4238882E-4
			2)	evi	0	0	0.0
				1)	evid	884	225	1.8677222E-4
		13)	ed	0	0	0.0
			1)	edi	0	0	0.0
				1)	edid	364	426	3.5362205E-4
		14)	ej	0	0	0.0
			1)	eja	0	0	0.0
				1)	eja_	438	380	3.154375E-4
		15)	eb	0	0	0.0
			1)	eba	0	0	0.0
				1)	ebat	460	366	3.0381614E-4
		16)	ex	0	0	0.0
			1)	exi	0	0	0.0
				1)	exis	506	348	2.8887435E-4
		17)	ea	0	0	0.0
			1)	eal	0	0	0.0
				1)	eali	827	240	1.992237E-4
		18)	et	0	0	0.0
			1)	ete	0	0	0.0
				1)	eten	880	226	1.8760232E-4
		19)	eq	0	0	0.0
			1)	equ	0	0	0.0
				1)	eque	888	224	1.8594212E-4
	4)	n	0	0	0.0
		1)	nt	0	0	0.0
			1)	nte	0	0	0.0
				1)	nte_	4	5115	0.004245955
				2)	nter	89	972	8.0685597E-4
				3)	ntes	93	957	7.944045E-4
				4)	ntem	489	353	2.9302484E-4
				5)	nten	801	244	2.0254409E-4
			2)	nto	0	0	0.0
				1)	nto_	11	2713	0.002252058
				2)	ntos	199	610	5.063602E-4
			3)	nta	0	0	0.0
				1)	ntar	190	625	5.188117E-4
				2)	nta_	375	419	3.4781135E-4
				3)	ntad	514	346	2.8721415E-4
				4)	ntaç	529	338	2.8057335E-4
				5)	ntan	626	298	2.473694E-4
			4)	ntr	0	0	0.0
				1)	ntra	308	466	3.86826E-4
				2)	ntro	363	426	3.5362205E-4
				3)	ntri	976	203	1.6851004E-4
			5)	nti	0	0	0.0
				1)	ntid	545	330	2.739326E-4
				2)	ntin	821	240	1.992237E-4
		2)	nã	0	0	0.0
			1)	não	0	0	0.0
				1)	não_	13	2620	0.0021748587
		3)	nc	0	0	0.0
			1)	nci	0	0	0.0
				1)	ncia	21	1896	0.0015738672
				2)	ncio	632	296	2.4570923E-4
			2)	nco	0	0	0.0
				1)	ncor	430	382	3.170977E-4
				2)	ncon	959	205	1.7017024E-4
			3)	ncl	0	0	0.0
				1)	nclu	544	332	2.7559279E-4
			4)	nce	0	0	0.0
				1)	ncei	741	260	2.1582567E-4
			5)	ncí	0	0	0.0
				1)	ncíp	822	240	1.992237E-4
		4)	nh	0	0	0.0
			1)	nho	0	0	0.0
				1)	nhor	35	1488	0.0012351869
			2)	nha	0	0	0.0
				1)	nha_	654	289	2.3989852E-4
			3)	nhe	0	0	0.0
				1)	nhec	868	228	1.892625E-4
		5)	nd	0	0	0.0
			1)	ndo	0	0	0.0
				1)	ndo_	69	1092	9.064678E-4
			2)	nda	0	0	0.0
				1)	nda_	234	542	4.499135E-4
				2)	ndam	977	203	1.6851004E-4
			3)	nde	0	0	0.0
				1)	nde_	490	353	2.9302484E-4
				2)	nder	747	259	2.1499557E-4
		6)	no	0	0	0.0
			1)	nos	0	0	0.0
				1)	nos_	156	701	5.818992E-4
			2)	nov	0	0	0.0
				1)	nova	637	293	2.4321892E-4
				2)	novo	864	229	1.900926E-4
			3)	nom	0	0	0.0
				1)	nome	751	258	2.1416547E-4
		7)	na	0	0	0.0
			1)	nas	0	0	0.0
				1)	nas_	179	634	5.262826E-4
			2)	nal	0	0	0.0
				1)	nal_	250	518	4.2999114E-4
				2)	nali	954	207	1.7183044E-4
			3)	nai	0	0	0.0
				1)	nais	415	388	3.220783E-4
			4)	nac	0	0	0.0
				1)	naci	425	383	3.179278E-4
			5)	nan	0	0	0.0
				1)	nanc	565	322	2.672918E-4
			6)	nar	0	0	0.0
				1)	nar_	846	235	1.950732E-4
			7)	nad	0	0	0.0
				1)	nado	983	202	1.6767994E-4
		8)	ne	0	0	0.0
			1)	nec	0	0	0.0
				1)	nece	218	567	4.7066598E-4
		9)	nv	0	0	0.0
			1)	nvo	0	0	0.0
				1)	nvol	266	502	4.1670955E-4
		10)	nç	0	0	0.0
			1)	nça	0	0	0.0
				1)	nça_	332	447	3.7105414E-4
			2)	nçã	0	0	0.0
				1)	nção	483	356	2.9551514E-4
		11)	ns	0	0	0.0
			1)	nst	0	0	0.0
				1)	nsti	353	434	3.6026284E-4
				2)	nstr	496	352	2.9219475E-4
			2)	nsi	0	0	0.0
				1)	nsid	405	398	3.303793E-4
			3)	nso	0	0	0.0
				1)	nso_	852	232	1.925829E-4
			4)	nsa	0	0	0.0
				1)	nsab	937	211	1.7515082E-4
		12)	ni	0	0	0.0
			1)	nic	0	0	0.0
				1)	nici	355	432	3.5860264E-4
				2)	nica	837	238	1.975635E-4
			2)	nit	0	0	0.0
				1)	nitá	713	273	2.2661695E-4
			3)	nid	0	0	0.0
				1)	nida	899	221	1.8345182E-4
		13)	ní	0	0	0.0
			1)	nív	0	0	0.0
				1)	níve	580	314	2.60651E-4
		14)	nó	0	0	0.0
			1)	nóm	0	0	0.0
				1)	nómi	673	283	2.3491794E-4
			2)	nós	0	0	0.0
				1)	nós_	867	228	1.892625E-4
		15)	nf	0	0	0.0
			1)	nfo	0	0	0.0
				1)	nfor	958	206	1.7100034E-4
	5)	_	0	0	0.0
		1)	_c	0	0	0.0
			1)	_co	0	0	0.0
				1)	_con	5	4932	0.004094047
				2)	_com	26	1688	0.0014012066
				3)	_col	210	578	4.7979705E-4
				4)	_cor	728	267	2.2163635E-4
				5)	_coo	972	204	1.6934014E-4
			2)	_cr	0	0	0.0
				1)	_cri	335	445	3.6939394E-4
			3)	_ca	0	0	0.0
				1)	_car	384	411	3.4117058E-4
				2)	_cas	512	347	2.8804425E-4
			4)	_ci	0	0	0.0
				1)	_cid	562	324	2.68952E-4
			5)	_cl	0	0	0.0
				1)	_cla	624	299	2.481995E-4
		2)	_p	0	0	0.0
			1)	_pr	0	0	0.0
				1)	_pro	7	3439	0.0028547095
				2)	_pre	27	1656	0.0013746435
				3)	_pri	117	851	7.06414E-4
				4)	_pró	377	416	3.4532105E-4
			2)	_pe	0	0	0.0
				1)	_per	50	1235	0.001025172
				2)	_pen	380	413	3.4283078E-4
				3)	_pes	572	319	2.648015E-4
			3)	_pa	0	0	0.0
				1)	_par	53	1204	9.994388E-4
				2)	_paí	340	443	3.6773374E-4
				3)	_pas	575	317	2.631413E-4
			4)	_po	0	0	0.0
				1)	_pos	60	1151	9.554436E-4
				2)	_pol	109	891	7.39618E-4
				3)	_pod	141	750	6.2257407E-4
				4)	_por	339	443	3.6773374E-4
				5)	_pon	387	408	3.386803E-4
				6)	_poi	900	221	1.8345182E-4
		3)	_n	0	0	0.0
			1)	_nã	0	0	0.0
				1)	_não	14	2616	0.0021715383
			2)	_ne	0	0	0.0
				1)	_nec	247	521	4.3248144E-4
			3)	_no	0	0	0.0
				1)	_nov	288	485	4.0259789E-4
				2)	_nom	734	263	2.1831597E-4
			4)	_ní	0	0	0.0
				1)	_nív	669	285	2.3657814E-4
			5)	_na	0	0	0.0
				1)	_nac	861	230	1.909227E-4
			6)	_nó	0	0	0.0
				1)	_nós	871	228	1.892625E-4
		4)	_s	0	0	0.0
			1)	_se	0	0	0.0
				1)	_sen	20	1901	0.0015780176
				2)	_ser	138	758	6.292148E-4
				3)	_seg	154	705	5.852196E-4
				4)	_sej	325	453	3.7603473E-4
				5)	_sem	761	257	2.1333537E-4
				6)	_sec	963	205	1.7017024E-4
			2)	_sã	0	0	0.0
				1)	_são	300	476	3.95127E-4
			3)	_so	0	0	0.0
				1)	_soc	429	383	3.179278E-4
				2)	_sob	760	257	2.1333537E-4
				3)	_sol	816	242	2.008839E-4
			4)	_su	0	0	0.0
				1)	_sub	603	306	2.540102E-4
			5)	_si	0	0	0.0
				1)	_sit	701	277	2.2993734E-4
				2)	_sim	786	248	2.0586447E-4
			6)	_só	0	0	0.0
				1)	_só_	851	233	1.93413E-4
		5)	_e	0	0	0.0
			1)	_es	0	0	0.0
				1)	_est	28	1608	0.0013347988
				2)	_esp	144	746	6.1925367E-4
				3)	_esc	951	209	1.7349063E-4
			2)	_eu	0	0	0.0
				1)	_eur	185	629	5.221321E-4
			3)	_ex	0	0	0.0
				1)	_exi	286	486	4.0342798E-4
				2)	_exp	432	382	3.170977E-4
				3)	_exe	447	372	3.0879673E-4
				4)	_exc	856	231	1.917528E-4
				5)	_ext	906	219	1.8179162E-4
			4)	_en	0	0	0.0
				1)	_ent	290	485	4.0259789E-4
				2)	_enc	524	340	2.8223355E-4
			5)	_em	0	0	0.0
				1)	_emp	302	475	3.942969E-4
			6)	_ec	0	0	0.0
				1)	_eco	359	429	3.5611234E-4
			7)	_ef	0	0	0.0
				1)	_efe	600	308	2.556704E-4
			8)	_el	0	0	0.0
				1)	_ele	664	287	2.3823832E-4
		6)	_r	0	0	0.0
			1)	_re	0	0	0.0
				1)	_res	33	1504	0.0012484684
				2)	_rel	36	1471	0.0012210752
				3)	_reg	100	925	7.678413E-4
				4)	_ref	102	913	7.578801E-4
				5)	_rec	123	819	6.7985087E-4
				6)	_rea	391	407	3.378502E-4
				7)	_rep	540	334	2.7725298E-4
		7)	_t	0	0	0.0
			1)	_tr	0	0	0.0
				1)	_tra	38	1447	0.0012011528
			2)	_te	0	0	0.0
				1)	_ter	61	1131	9.3884167E-4
				2)	_tem	75	1074	8.91526E-4
				3)	_ten	285	486	4.0342798E-4
			3)	_ta	0	0	0.0
				1)	_tam	103	912	7.5705E-4
			4)	_to	0	0	0.0
				1)	_tom	767	256	2.1250527E-4
				2)	_tor	986	201	1.6684984E-4
		8)	_d	0	0	0.0
			1)	_de	0	0	0.0
				1)	_des	43	1415	0.0011745897
				2)	_dev	72	1087	9.023173E-4
				3)	_dep	155	705	5.852196E-4
				4)	_dec	235	538	4.465931E-4
				5)	_deb	433	382	3.170977E-4
				6)	_dem	488	354	2.9385494E-4
				7)	_def	547	329	2.731025E-4
			2)	_di	0	0	0.0
				1)	_dir	142	749	6.2174397E-4
				2)	_dis	147	728	6.043119E-4
				3)	_diz	403	400	3.320395E-4
				4)	_dif	607	305	2.531801E-4
				5)	_dia	783	249	2.0669457E-4
			3)	_da	0	0	0.0
				1)	_dar	912	217	1.8013142E-4
		9)	_i	0	0	0.0
			1)	_in	0	0	0.0
				1)	_int	52	1216	0.0010094
				2)	_ins	212	574	4.7647665E-4
				3)	_ini	366	426	3.5362205E-4
				4)	_inc	449	370	3.0713654E-4
				5)	_ind	477	358	2.9717534E-4
				6)	_inf	550	327	2.714423E-4
			2)	_im	0	0	0.0
				1)	_imp	79	1051	8.7243377E-4
		10)	_f	0	0	0.0
			1)	_fo	0	0	0.0
				1)	_for	68	1100	9.131086E-4
				2)	_foi	313	463	3.843357E-4
			2)	_fi	0	0	0.0
				1)	_fin	261	505	4.1919985E-4
			3)	_fa	0	0	0.0
				1)	_fac	262	505	4.1919985E-4
				2)	_faz	269	497	4.1255905E-4
				3)	_fal	738	262	2.1748587E-4
			4)	_fu	0	0	0.0
				1)	_fun	289	485	4.0259789E-4
		11)	_q	0	0	0.0
			1)	_qu	0	0	0.0
				1)	_que	81	1044	8.666231E-4
				2)	_qua	379	413	3.4283078E-4
		12)	_a	0	0	0.0
			1)	_as	0	0	0.0
				1)	_ass	84	1013	8.4089E-4
			2)	_ap	0	0	0.0
				1)	_apr	121	822	6.8234117E-4
				2)	_ape	385	409	3.3951038E-4
				3)	_apl	441	378	3.137773E-4
				4)	_apo	470	362	3.0049574E-4
			3)	_al	0	0	0.0
				1)	_alt	278	491	4.0757848E-4
				2)	_ali	762	257	2.1333537E-4
				3)	_ala	916	216	1.7930132E-4
			4)	_ac	0	0	0.0
				1)	_aco	310	465	3.859959E-4
				2)	_act	315	460	3.818454E-4
				3)	_ace	608	305	2.531801E-4
			5)	_ai	0	0	0.0
				1)	_ain	461	366	3.0381614E-4
			6)	_an	0	0	0.0
				1)	_ano	464	365	3.0298604E-4
				2)	_ant	923	214	1.7764112E-4
			7)	_au	0	0	0.0
				1)	_aut	513	347	2.8804425E-4
			8)	_ag	0	0	0.0
				1)	_agr	625	299	2.481995E-4
				2)	_ago	964	205	1.7017024E-4
			9)	_am	0	0	0.0
				1)	_amb	678	282	2.3408784E-4
			10)	_at	0	0	0.0
				1)	_atr	684	281	2.3325774E-4
				2)	_ate	988	200	1.6601974E-4
		13)	_v	0	0	0.0
			1)	_ve	0	0	0.0
				1)	_ver	207	583	4.8394754E-4
				2)	_vez	421	385	3.19588E-4
			2)	_vi	0	0	0.0
				1)	_vis	397	403	3.345298E-4
			3)	_vo	0	0	0.0
				1)	_vot	809	243	2.0171399E-4
		14)	_o	0	0	0.0
			1)	_ou	0	0	0.0
				1)	_out	249	519	4.3082124E-4
			2)	_ob	0	0	0.0
				1)	_obj	439	380	3.154375E-4
			3)	_or	0	0	0.0
				1)	_ori	915	216	1.7930132E-4
		15)	_g	0	0	0.0
			1)	_gr	0	0	0.0
				1)	_gra	282	489	4.0591828E-4
				2)	_gru	768	256	2.1250527E-4
			2)	_go	0	0	0.0
				1)	_gos	327	452	3.7520463E-4
		16)	_j	0	0	0.0
			1)	_já	0	0	0.0
				1)	_já_	284	488	4.0508818E-4
		17)	_à	0	0	0.0
			1)	_às	0	0	0.0
				1)	_às_	365	426	3.5362205E-4
		18)	_h	0	0	0.0
			1)	_há	0	0	0.0
				1)	_há_	400	401	3.328696E-4
			2)	_ho	0	0	0.0
				1)	_hoj	810	243	2.0171399E-4
		19)	_m	0	0	0.0
			1)	_me	0	0	0.0
				1)	_mer	467	363	3.0132584E-4
				2)	_med	527	339	2.8140345E-4
				3)	_mel	683	281	2.3325774E-4
				4)	_mes	819	241	2.000538E-4
			2)	_ma	0	0	0.0
				1)	_man	469	362	3.0049574E-4
				2)	_mai	592	311	2.581607E-4
				3)	_mat	640	293	2.4321892E-4
		20)	_b	0	0	0.0
			1)	_be	0	0	0.0
				1)	_bem	621	301	2.498597E-4
			2)	_ba	0	0	0.0
				1)	_bas	787	248	2.0586447E-4
		21)	_l	0	0	0.0
			1)	_le	0	0	0.0
				1)	_leg	646	291	2.4155872E-4
			2)	_lu	0	0	0.0
				1)	_lug	663	287	2.3823832E-4
		22)	_ú	0	0	0.0
			1)	_úl	0	0	0.0
				1)	_últ	850	234	1.942431E-4
	6)	a	0	0	0.0
		1)	aç	0	0	0.0
			1)	açã	0	0	0.0
				1)	ação	6	4060	0.0033702007
			2)	açõ	0	0	0.0
				1)	açõe	67	1105	9.172591E-4
		2)	am	0	0	0.0
			1)	ame	0	0	0.0
				1)	amen	8	3156	0.0026197915
			2)	amb	0	0	0.0
				1)	ambé	107	908	7.5372966E-4
				2)	ambi	716	273	2.2661695E-4
			3)	amo	0	0	0.0
				1)	amos	135	767	6.366857E-4
			4)	ama	0	0	0.0
				1)	ama_	481	357	2.9634524E-4
		3)	ad	0	0	0.0
			1)	ado	0	0	0.0
				1)	ado_	17	2154	0.0017880326
				2)	ados	63	1125	9.3386107E-4
				3)	ador	360	428	3.5528225E-4
			2)	ade	0	0	0.0
				1)	ade_	18	2038	0.0016917412
				2)	ades	170	648	5.37904E-4
			3)	ada	0	0	0.0
				1)	ada_	55	1178	9.778563E-4
				2)	adas	146	735	6.101226E-4
				3)	adam	935	212	1.7598092E-4
			4)	adã	0	0	0.0
				1)	adão	745	259	2.1499557E-4
		4)	ai	0	0	0.0
			1)	ais	0	0	0.0
				1)	ais_	42	1424	0.0011820606
			2)	ain	0	0	0.0
				1)	aind	456	368	3.0547634E-4
			3)	aio	0	0	0.0
				1)	aior	667	286	2.3740824E-4
		5)	an	0	0	0.0
			1)	ant	0	0	0.0
				1)	ante	49	1240	0.0010293224
				2)	anto	373	422	3.5030165E-4
				3)	anti	715	273	2.2661695E-4
			2)	anç	0	0	0.0
				1)	ança	215	570	4.7315628E-4
			3)	and	0	0	0.0
				1)	ando	417	387	3.212482E-4
				2)	ande	472	359	2.9800544E-4
			4)	ano	0	0	0.0
				1)	anos	455	368	3.0547634E-4
				2)	ano_	771	253	2.1001497E-4
			5)	anc	0	0	0.0
				1)	ance	674	283	2.3491794E-4
			6)	ans	0	0	0.0
				1)	ansp	870	228	1.892625E-4
		6)	at	0	0	0.0
			1)	ati	0	0	0.0
				1)	ativ	54	1187	9.853272E-4
			2)	ató	0	0	0.0
				1)	atór	198	612	5.080204E-4
			3)	ate	0	0	0.0
				1)	ate_	500	351	2.9136465E-4
			4)	até	0	0	0.0
				1)	atér	828	240	1.992237E-4
		7)	al	0	0	0.0
			1)	alm	0	0	0.0
				1)	alme	153	710	5.893701E-4
			2)	ali	0	0	0.0
				1)	aliz	381	412	3.4200068E-4
				2)	alid	559	325	2.697821E-4
			3)	alt	0	0	0.0
				1)	alte	420	385	3.19588E-4
			4)	alh	0	0	0.0
				1)	alho	509	348	2.8887435E-4
			5)	ala	0	0	0.0
				1)	alar	561	324	2.68952E-4
		8)	ar	0	0	0.0
			1)	art	0	0	0.0
				1)	arti	182	631	5.237923E-4
				2)	arte	503	350	2.9053455E-4
			2)	ari	0	0	0.0
				1)	aria	184	630	5.229622E-4
			3)	ara	0	0	0.0
				1)	aram	558	325	2.697821E-4
			4)	are	0	0	0.0
				1)	arec	727	267	2.2163635E-4
				2)	arem	844	236	1.959033E-4
			5)	arg	0	0	0.0
				1)	arga	785	248	2.0586447E-4
		9)	ap	0	0	0.0
			1)	apr	0	0	0.0
				1)	apre	252	517	4.2916104E-4
				2)	apro	605	305	2.531801E-4
			2)	apl	0	0	0.0
				1)	apli	494	353	2.9302484E-4
			3)	apo	0	0	0.0
				1)	apoi	571	319	2.648015E-4
			4)	ape	0	0	0.0
				1)	apen	630	297	2.465393E-4
		10)	ac	0	0	0.0
			1)	act	0	0	0.0
				1)	acto	258	508	4.2169014E-4
				2)	actu	790	247	2.0503438E-4
			2)	aci	0	0	0.0
				1)	acio	294	479	3.976173E-4
			3)	aco	0	0	0.0
				1)	acor	791	247	2.0503438E-4
		11)	ab	0	0	0.0
			1)	aba	0	0	0.0
				1)	abal	268	498	4.1338915E-4
			2)	abo	0	0	0.0
				1)	abor	573	318	2.639714E-4
			3)	abi	0	0	0.0
				1)	abil	606	305	2.531801E-4
		12)	as	0	0	0.0
			1)	ase	0	0	0.0
				1)	ase_	277	492	4.0840858E-4
			2)	ass	0	0	0.0
				1)	assi	329	449	3.7271433E-4
				2)	asse	476	358	2.9717534E-4
				3)	assa	622	300	2.490296E-4
				4)	assu	815	242	2.008839E-4
			3)	aso	0	0	0.0
				1)	aso_	725	268	2.2246645E-4
		13)	az	0	0	0.0
			1)	aze	0	0	0.0
				1)	azer	487	354	2.9385494E-4
		14)	au	0	0	0.0
			1)	aut	0	0	0.0
				1)	auto	557	325	2.697821E-4
		15)	aí	0	0	0.0
			1)	aís	0	0	0.0
				1)	aíse	618	302	2.506898E-4
		16)	ag	0	0	0.0
			1)	age	0	0	0.0
				1)	agem	914	216	1.7930132E-4
			2)	agr	0	0	0.0
				1)	agra	961	205	1.7017024E-4
			3)	ago	0	0	0.0
				1)	agor	962	205	1.7017024E-4
		17)	av	0	0	0.0
			1)	avo	0	0	0.0
				1)	avor	921	215	1.7847122E-4
	7)	õ	0	0	0.0
		1)	õe	0	0	0.0
			1)	ões	0	0	0.0
				1)	ões_	10	2812	0.0023342376
	8)	d	0	0	0.0
		1)	da	0	0	0.0
			1)	dad	0	0	0.0
				1)	dade	12	2660	0.0022080627
				2)	dadã	724	268	2.2246645E-4
			2)	das	0	0	0.0
				1)	das_	45	1328	0.0011023711
			3)	dam	0	0	0.0
				1)	dame	248	520	4.3165134E-4
			4)	dar	0	0	0.0
				1)	dar_	395	404	3.353599E-4
		2)	do	0	0	0.0
			1)	dos	0	0	0.0
				1)	dos_	31	1571	0.0013040851
			2)	dor	0	0	0.0
				1)	dore	714	273	2.2661695E-4
		3)	de	0	0	0.0
			1)	dev	0	0	0.0
				1)	deve	110	890	7.387879E-4
			2)	des	0	0	0.0
				1)	dese	130	783	6.499673E-4
				2)	des_	140	754	6.258944E-4
			3)	dep	0	0	0.0
				1)	depu	197	615	5.105107E-4
			4)	dec	0	0	0.0
				1)	deci	427	383	3.179278E-4
			5)	den	0	0	0.0
				1)	dent	431	382	3.170977E-4
			6)	deb	0	0	0.0
				1)	deba	459	367	3.0464624E-4
			7)	dem	0	0	0.0
				1)	dem_	498	352	2.9219475E-4
				2)	demo	511	347	2.8804425E-4
			8)	der	0	0	0.0
				1)	dera	517	344	2.8555395E-4
				2)	der_	700	277	2.2993734E-4
		4)	di	0	0	0.0
			1)	dir	0	0	0.0
				1)	dire	161	680	5.644671E-4
			2)	did	0	0	0.0
				1)	dida	396	403	3.345298E-4
			3)	dis	0	0	0.0
				1)	disp	413	391	3.245686E-4
				2)	disc	979	203	1.6851004E-4
			4)	diz	0	0	0.0
				1)	dize	623	299	2.481995E-4
			5)	dic	0	0	0.0
				1)	dica	690	279	2.3159754E-4
			6)	dia	0	0	0.0
				1)	dia_	849	234	1.942431E-4
		5)	dã	0	0	0.0
			1)	dão	0	0	0.0
				1)	dãos	838	238	1.975635E-4
	9)	i	0	0	0.0
		1)	id	0	0	0.0
			1)	ida	0	0	0.0
				1)	idad	15	2400	0.0019922368
				2)	ida_	213	573	4.7564655E-4
				3)	idas	279	490	4.0674838E-4
			2)	ido	0	0	0.0
				1)	ido_	91	966	8.018754E-4
				2)	idos	666	286	2.3740824E-4
			3)	ide	0	0	0.0
				1)	ider	343	440	3.6524344E-4
				2)	iden	672	284	2.3574804E-4
		2)	ic	0	0	0.0
			1)	ica	0	0	0.0
				1)	ica_	41	1428	0.001185381
				2)	icas	260	507	4.2086004E-4
				3)	icaç	338	443	3.6773374E-4
				4)	icar	555	325	2.697821E-4
				5)	icad	635	295	2.4487913E-4
				6)	icam	978	203	1.6851004E-4
			2)	ico	0	0	0.0
				1)	ico_	169	648	5.37904E-4
				2)	icos	424	384	3.187579E-4
			3)	ici	0	0	0.0
				1)	icia	264	504	4.1836975E-4
			4)	icu	0	0	0.0
				1)	icul	706	276	2.2910725E-4
		3)	in	0	0	0.0
			1)	int	0	0	0.0
				1)	inte	46	1288	0.0010691672
			2)	ini	0	0	0.0
				1)	inic	371	422	3.5030165E-4
			3)	ind	0	0	0.0
				1)	inda	437	380	3.154375E-4
			4)	ins	0	0	0.0
				1)	inst	444	373	3.0962683E-4
			5)	ina	0	0	0.0
				1)	inan	521	342	2.8389375E-4
				2)	inal	720	270	2.2412665E-4
				3)	inad	874	227	1.8843242E-4
			6)	inc	0	0	0.0
				1)	incí	825	240	1.992237E-4
				2)	incl	970	204	1.6934014E-4
		4)	it	0	0	0.0
			1)	ito	0	0	0.0
				1)	ito_	64	1116	9.263902E-4
				2)	itos	525	339	2.8140345E-4
			2)	itu	0	0	0.0
				1)	itui	519	343	2.8472385E-4
				2)	itua	638	293	2.4321892E-4
			3)	ita	0	0	0.0
				1)	itar	590	311	2.581607E-4
				2)	ita_	627	298	2.473694E-4
				3)	itam	969	204	1.6934014E-4
			4)	itá	0	0	0.0
				1)	itár	604	305	2.531801E-4
			5)	iti	0	0	0.0
				1)	itiv	802	244	2.0254409E-4
		5)	io	0	0	0.0
			1)	ion	0	0	0.0
				1)	iona	82	1038	8.616425E-4
			2)	ios	0	0	0.0
				1)	ios_	92	962	7.98555E-4
			3)	ior	0	0	0.0
				1)	ior_	610	304	2.5235E-4
		6)	im	0	0	0.0
			1)	ime	0	0	0.0
				1)	imen	83	1034	8.583221E-4
				2)	imei	526	339	2.8140345E-4
			2)	imp	0	0	0.0
				1)	impo	151	722	5.993313E-4
				2)	impl	886	224	1.8594212E-4
			3)	imo	0	0	0.0
				1)	imo_	781	249	2.0669457E-4
				2)	imos	887	224	1.8594212E-4
			4)	ima	0	0	0.0
				1)	ima_	956	207	1.7183044E-4
		7)	ia	0	0	0.0
			1)	ias	0	0	0.0
				1)	ias_	86	1002	8.317589E-4
			2)	ial	0	0	0.0
				1)	ial_	225	556	4.615349E-4
			3)	iat	0	0	0.0
				1)	iati	491	353	2.9302484E-4
			4)	iar	0	0	0.0
				1)	iar_	539	334	2.7725298E-4
			5)	iaç	0	0	0.0
				1)	iaçã	682	281	2.3325774E-4
			6)	iai	0	0	0.0
				1)	iais	770	255	2.1167517E-4
			7)	iad	0	0	0.0
				1)	iado	894	222	1.8428192E-4
		8)	iv	0	0	0.0
			1)	iva	0	0	0.0
				1)	iva_	99	925	7.678413E-4
				2)	ivam	389	407	3.378502E-4
				3)	ivas	497	352	2.9219475E-4
			2)	ivo	0	0	0.0
				1)	ivo_	238	532	4.4161253E-4
				2)	ivos	412	391	3.245686E-4
			3)	ive	0	0	0.0
				1)	iver	955	207	1.7183044E-4
		9)	ie	0	0	0.0
			1)	ien	0	0	0.0
				1)	ient	143	746	6.1925367E-4
		10)	if	0	0	0.0
			1)	ifi	0	0	0.0
				1)	ific	159	683	5.669574E-4
		11)	is	0	0	0.0
			1)	ist	0	0	0.0
				1)	ista	209	581	4.8228735E-4
				2)	iste	242	530	4.3995233E-4
			2)	isp	0	0	0.0
				1)	ispo	686	280	2.3242764E-4
			3)	isã	0	0	0.0
				1)	isão	775	251	2.0835477E-4
			4)	isl	0	0	0.0
				1)	isla	911	217	1.8013142E-4
		12)	iç	0	0	0.0
			1)	içã	0	0	0.0
				1)	ição	224	559	4.640252E-4
			2)	içõ	0	0	0.0
				1)	içõe	407	397	3.295492E-4
		13)	il	0	0	0.0
			1)	ili	0	0	0.0
				1)	ilid	233	545	4.524038E-4
				2)	iliz	620	301	2.498597E-4
		14)	iz	0	0	0.0
			1)	iza	0	0	0.0
				1)	izaç	251	517	4.2916104E-4
				2)	izad	697	277	2.2993734E-4
				3)	izar	913	216	1.7930132E-4
			2)	ize	0	0	0.0
				1)	izer	633	296	2.4570923E-4
		15)	ir	0	0	0.0
			1)	iro	0	0	0.0
				1)	iro_	330	448	3.7188423E-4
				2)	iros	938	211	1.7515082E-4
			2)	ira	0	0	0.0
				1)	ira_	479	357	2.9634524E-4
			3)	ire	0	0	0.0
				1)	irec	501	350	2.9053455E-4
				2)	irei	520	343	2.8472385E-4
		16)	iõ	0	0	0.0
			1)	iõe	0	0	0.0
				1)	iões	569	321	2.664617E-4
		17)	iã	0	0	0.0
			1)	ião	0	0	0.0
				1)	ião_	595	310	2.573306E-4
		18)	ib	0	0	0.0
			1)	ibi	0	0	0.0
				1)	ibil	615	303	2.515199E-4
		19)	ig	0	0	0.0
			1)	igo	0	0	0.0
				1)	igo_	794	246	2.0420429E-4
			2)	igu	0	0	0.0
				1)	igua	893	222	1.8428192E-4
	10)	r	0	0	0.0
		1)	ri	0	0	0.0
			1)	ria	0	0	0.0
				1)	ria_	23	1836	0.0015240612
				2)	rias	435	381	3.162676E-4
			2)	rio	0	0	0.0
				1)	rio_	51	1232	0.0010226816
				2)	rios	318	459	3.810153E-4
				3)	rior	660	287	2.3823832E-4
			3)	rim	0	0	0.0
				1)	rime	406	397	3.295492E-4
			4)	rib	0	0	0.0
				1)	ribu	452	369	3.0630644E-4
			5)	rid	0	0	0.0
				1)	rida	530	337	2.7974325E-4
			6)	rin	0	0	0.0
				1)	rinc	534	335	2.7808308E-4
		2)	re	0	0	0.0
			1)	rel	0	0	0.0
				1)	rela	40	1428	0.001185381
			2)	res	0	0	0.0
				1)	res_	70	1091	9.056377E-4
				2)	resp	98	930	7.719918E-4
				3)	rese	115	860	7.138849E-4
				4)	ress	312	464	3.851658E-4
				5)	rest	707	275	2.2827715E-4
				6)	reso	858	230	1.909227E-4
				7)	resa	957	206	1.7100034E-4
			3)	reg	0	0	0.0
				1)	regi	187	626	5.196418E-4
				2)	rego	820	240	1.992237E-4
				3)	regu	925	213	1.7681102E-4
			4)	rec	0	0	0.0
				1)	rece	245	523	4.3414164E-4
				2)	reci	273	493	4.0923868E-4
				3)	reco	394	404	3.353599E-4
				4)	rect	398	402	3.336997E-4
			5)	ref	0	0	0.0
				1)	refe	309	465	3.859959E-4
				2)	refo	554	325	2.697821E-4
			6)	rem	0	0	0.0
				1)	rem_	356	431	3.5777254E-4
				2)	remo	401	400	3.320395E-4
			7)	rei	0	0	0.0
				1)	reit	471	360	2.9883554E-4
			8)	rea	0	0	0.0
				1)	real	535	335	2.7808308E-4
			9)	ren	0	0	0.0
				1)	rent	613	303	2.515199E-4
			10)	rev	0	0	0.0
				1)	reve	769	255	2.1167517E-4
		3)	ro	0	0	0.0
			1)	ros	0	0	0.0
				1)	ros_	119	827	6.8649166E-4
			2)	rop	0	0	0.0
				1)	ropo	189	625	5.188117E-4
				2)	rope	228	553	4.590446E-4
			3)	rog	0	0	0.0
				1)	rogr	194	618	5.13001E-4
			4)	roc	0	0	0.0
				1)	roce	342	440	3.6524344E-4
			5)	rob	0	0	0.0
				1)	robl	593	310	2.573306E-4
			6)	rod	0	0	0.0
				1)	rodu	722	269	2.2329655E-4
			7)	rov	0	0	0.0
				1)	rova	733	263	2.1831597E-4
			8)	roj	0	0	0.0
				1)	roje	754	257	2.1333537E-4
			9)	rol	0	0	0.0
				1)	rolo	947	209	1.7349063E-4
		4)	ra	0	0	0.0
			1)	raç	0	0	0.0
				1)	raçã	128	799	6.632489E-4
				2)	raçõ	653	289	2.3989852E-4
			2)	ram	0	0	0.0
				1)	ram_	129	797	6.615887E-4
				2)	rama	223	559	4.640252E-4
				3)	rame	793	246	2.0420429E-4
			3)	ras	0	0	0.0
				1)	ras_	178	634	5.262826E-4
			4)	rar	0	0	0.0
				1)	rar_	191	623	5.171515E-4
			5)	rab	0	0	0.0
				1)	raba	274	493	4.0923868E-4
			6)	ran	0	0	0.0
				1)	rans	322	454	3.7686483E-4
				2)	rand	418	385	3.19588E-4
				3)	rant	634	295	2.4487913E-4
				4)	ranç	688	279	2.3159754E-4
			7)	rat	0	0	0.0
				1)	rata	465	364	3.0215594E-4
			8)	rad	0	0	0.0
				1)	rado	484	355	2.9468504E-4
				2)	rada	896	221	1.8345182E-4
			9)	ral	0	0	0.0
				1)	ral_	486	354	2.9385494E-4
		5)	rm	0	0	0.0
			1)	rma	0	0	0.0
				1)	rma_	201	598	4.96399E-4
				2)	rmaç	890	223	1.8511202E-4
			2)	rmo	0	0	0.0
				1)	rmos	326	452	3.7520463E-4
			3)	rmi	0	0	0.0
				1)	rmit	740	260	2.1582567E-4
		6)	rt	0	0	0.0
			1)	rta	0	0	0.0
				1)	rtan	263	504	4.1836975E-4
			2)	rte	0	0	0.0
				1)	rte_	352	436	3.6192304E-4
			3)	rti	0	0	0.0
				1)	rtic	703	276	2.2910725E-4
		7)	rê	0	0	0.0
			1)	rên	0	0	0.0
				1)	rênc	295	478	3.967872E-4
		8)	rã	0	0	0.0
			1)	rão	0	0	0.0
				1)	rão_	543	333	2.7642288E-4
		9)	rc	0	0	0.0
			1)	rca	0	0	0.0
				1)	rcad	601	307	2.548403E-4
		10)	rd	0	0	0.0
			1)	rda	0	0	0.0
				1)	rdad	641	292	2.4238882E-4
			2)	rdo	0	0	0.0
				1)	rdo_	766	256	2.1250527E-4
		11)	ru	0	0	0.0
			1)	rup	0	0	0.0
				1)	rupo	765	256	2.1250527E-4
		12)	rr	0	0	0.0
			1)	rrê	0	0	0.0
				1)	rrên	796	245	2.0337419E-4
		13)	ró	0	0	0.0
			1)	róp	0	0	0.0
				1)	rópr	835	238	1.975635E-4
		14)	rs	0	0	0.0
			1)	rse	0	0	0.0
				1)	rse_	946	209	1.7349063E-4
		15)	rg	0	0	0.0
			1)	rgu	0	0	0.0
				1)	rgun	991	200	1.6601974E-4
	11)	c	0	0	0.0
		1)	co	0	0	0.0
			1)	con	0	0	0.0
				1)	cont	24	1745	0.0014485222
				2)	cons	32	1513	0.0012559394
				3)	conc	101	917	7.612005E-4
				4)	conf	597	310	2.573306E-4
				5)	conó	677	282	2.3408784E-4
				6)	cond	742	260	2.1582567E-4
				7)	conh	759	257	2.1333537E-4
				8)	conv	927	213	1.7681102E-4
			2)	com	0	0	0.0
				1)	comp	152	720	5.976711E-4
				2)	comu	186	628	5.21302E-4
				3)	come	869	228	1.892625E-4
			3)	cor	0	0	0.0
				1)	corr	220	564	4.6817568E-4
				2)	cord	333	446	3.7022404E-4
			4)	cos	0	0	0.0
				1)	cos_	299	476	3.95127E-4
			5)	col	0	0	0.0
				1)	cole	448	370	3.0713654E-4
		2)	ci	0	0	0.0
			1)	cia	0	0	0.0
				1)	cia_	37	1460	0.0012119442
				2)	cial	177	639	5.304331E-4
				3)	ciat	508	348	2.8887435E-4
				4)	cias	668	285	2.3657814E-4
			2)	cio	0	0	0.0
				1)	cion	96	933	7.744821E-4
				2)	cio_	895	222	1.8428192E-4
			3)	cid	0	0	0.0
				1)	cida	239	532	4.4161253E-4
			4)	cie	0	0	0.0
				1)	cien	818	241	2.000538E-4
			5)	cim	0	0	0.0
				1)	cime	831	239	1.983936E-4
			6)	cip	0	0	0.0
				1)	cipa	848	235	1.950732E-4
		3)	ce	0	0	0.0
			1)	ces	0	0	0.0
				1)	cess	85	1011	8.392298E-4
			2)	cer	0	0	0.0
				1)	cer_	390	407	3.378502E-4
			3)	cen	0	0	0.0
				1)	cent	416	388	3.220783E-4
			4)	cei	0	0	0.0
				1)	ceir	493	353	2.9302484E-4
				2)	ceit	920	215	1.7847122E-4
		4)	ct	0	0	0.0
			1)	cti	0	0	0.0
				1)	ctiv	90	971	8.0602587E-4
			2)	cto	0	0	0.0
				1)	cto_	164	674	5.594865E-4
				2)	ctos	599	308	2.556704E-4
				3)	ctor	758	257	2.1333537E-4
			3)	ctu	0	0	0.0
				1)	ctua	645	291	2.4155872E-4
		5)	ca	0	0	0.0
			1)	cas	0	0	0.0
				1)	cas_	244	525	4.3580183E-4
				2)	caso	586	312	2.589908E-4
			2)	cad	0	0	0.0
				1)	cado	246	523	4.3414164E-4
			3)	caç	0	0	0.0
				1)	caçã	392	405	3.3619E-4
			4)	car	0	0	0.0
				1)	car_	531	337	2.7974325E-4
		6)	cl	0	0	0.0
			1)	cla	0	0	0.0
				1)	clar	357	431	3.5777254E-4
			2)	clu	0	0	0.0
				1)	clus	980	203	1.6851004E-4
		7)	cç	0	0	0.0
			1)	cçã	0	0	0.0
				1)	cção	564	323	2.681219E-4
		8)	cr	0	0	0.0
			1)	cri	0	0	0.0
				1)	cria	711	274	2.2744705E-4
		9)	cu	0	0	0.0
			1)	cul	0	0	0.0
				1)	cula	789	247	2.0503438E-4
				2)	cult	799	245	2.0337419E-4
				3)	culo	944	210	1.7432072E-4
		10)	cí	0	0	0.0
			1)	cíp	0	0	0.0
				1)	cípi	795	246	2.0420429E-4
	12)	t	0	0	0.0
		1)	to	0	0	0.0
			1)	tos	0	0	0.0
				1)	tos_	25	1737	0.0014418815
			2)	tor	0	0	0.0
				1)	tor_	579	314	2.60651E-4
				2)	tori	763	256	2.1250527E-4
				3)	torn	982	202	1.6767994E-4
			3)	tou	0	0	0.0
				1)	tou_	611	303	2.515199E-4
			4)	tom	0	0	0.0
				1)	toma	764	256	2.1250527E-4
		2)	ti	0	0	0.0
			1)	tiv	0	0	0.0
				1)	tiva	30	1591	0.001320687
				2)	tivo	114	865	7.180354E-4
			2)	tic	0	0	0.0
				1)	tica	73	1081	8.973367E-4
				2)	tico	499	351	2.9136465E-4
			3)	tit	0	0	0.0
				1)	titu	259	507	4.2086004E-4
			4)	tid	0	0	0.0
				1)	tido	393	404	3.353599E-4
			5)	tir	0	0	0.0
				1)	tir_	482	356	2.9551514E-4
			6)	tim	0	0	0.0
				1)	timo	854	231	1.917528E-4
			7)	tin	0	0	0.0
				1)	tinu	917	215	1.7847122E-4
			8)	til	0	0	0.0
				1)	tili	953	207	1.7183044E-4
		3)	te	0	0	0.0
			1)	tes	0	0	0.0
				1)	tes_	65	1115	9.255601E-4
			2)	ter	0	0	0.0
				1)	ter_	181	631	5.237923E-4
				2)	tera	378	415	3.4449095E-4
				3)	term	518	343	2.8472385E-4
				4)	tern	582	313	2.598209E-4
				5)	tere	652	289	2.3989852E-4
				6)	teri	729	266	2.2080627E-4
				7)	terr	889	223	1.8511202E-4
			3)	tem	0	0	0.0
				1)	tem_	208	582	4.8311744E-4
				2)	temo	473	358	2.9717534E-4
				3)	tema	588	311	2.581607E-4
				4)	teme	718	271	2.2495675E-4
				5)	temp	721	269	2.2329655E-4
			4)	ten	0	0	0.0
				1)	tend	331	447	3.7105414E-4
				2)	tent	451	369	3.0630644E-4
				3)	tenh	750	258	2.1416547E-4
				4)	tenç	910	217	1.8013142E-4
		4)	ta	0	0	0.0
			1)	tar	0	0	0.0
				1)	tar_	76	1071	8.890357E-4
				2)	tari	287	485	4.0259789E-4
				3)	tare	966	204	1.6934014E-4
			2)	tad	0	0	0.0
				1)	tado	88	979	8.1266667E-4
				2)	tada	303	473	3.926367E-4
			3)	tan	0	0	0.0
				1)	tant	97	930	7.719918E-4
			4)	tam	0	0	0.0
				1)	tamb	104	908	7.5372966E-4
				2)	tame	317	459	3.810153E-4
			5)	tas	0	0	0.0
				1)	tas_	157	697	5.785788E-4
			6)	taç	0	0	0.0
				1)	taçã	221	562	4.6651548E-4
			7)	tal	0	0	0.0
				1)	tal_	679	281	2.3325774E-4
			8)	tai	0	0	0.0
				1)	tais	773	251	2.0835477E-4
		5)	tã	0	0	0.0
			1)	tão	0	0	0.0
				1)	tão_	111	882	7.321471E-4
		6)	tó	0	0	0.0
			1)	tór	0	0	0.0
				1)	tóri	133	775	6.433265E-4
		7)	tu	0	0	0.0
			1)	tur	0	0	0.0
				1)	tura	137	758	6.292148E-4
			2)	tua	0	0	0.0
				1)	tuaç	691	278	2.3076744E-4
				2)	tual	981	202	1.6767994E-4
			3)	tud	0	0	0.0
				1)	tudo	857	230	1.909227E-4
		8)	tr	0	0	0.0
			1)	tra	0	0	0.0
				1)	trat	240	531	4.4078243E-4
				2)	trab	270	493	4.0923868E-4
				3)	tran	276	492	4.0840858E-4
			2)	tri	0	0	0.0
				1)	trib	450	369	3.0630644E-4
			3)	tro	0	0	0.0
				1)	trol	726	267	2.2163635E-4
				2)	tros	746	259	2.1499557E-4
				3)	tro_	779	249	2.0669457E-4
		9)	tá	0	0	0.0
			1)	tár	0	0	0.0
				1)	tári	410	391	3.245686E-4
		10)	té	0	0	0.0
			1)	tér	0	0	0.0
				1)	téri	647	290	2.4072862E-4
		11)	tâ	0	0	0.0
			1)	tân	0	0	0.0
				1)	tânc	965	204	1.6934014E-4
	13)	s	0	0	0.0
		1)	se	0	0	0.0
			1)	sen	0	0	0.0
				1)	senh	34	1489	0.001236017
				2)	sent	71	1089	9.039775E-4
				3)	senv	334	445	3.6939394E-4
			2)	seg	0	0	0.0
				1)	segu	77	1067	8.857153E-4
			3)	ses	0	0	0.0
				1)	ses_	232	545	4.524038E-4
			4)	sej	0	0	0.0
				1)	seja	256	509	4.2252024E-4
			5)	ser	0	0	0.0
				1)	serv	434	381	3.162676E-4
				2)	será	788	247	2.0503438E-4
			6)	sem	0	0	0.0
				1)	semp	753	257	2.1333537E-4
		2)	sã	0	0	0.0
			1)	são	0	0	0.0
				1)	são_	39	1441	0.0011961722
		3)	st	0	0	0.0
			1)	sta	0	0	0.0
				1)	sta_	108	905	7.5123936E-4
				2)	star	172	646	5.362438E-4
				3)	stas	382	411	3.4117058E-4
			2)	stã	0	0	0.0
				1)	stão	158	688	5.711079E-4
			3)	sti	0	0	0.0
				1)	stit	314	461	3.826755E-4
			4)	str	0	0	0.0
				1)	stru	351	436	3.6192304E-4
				2)	stra	422	384	3.187579E-4
			5)	stá	0	0	0.0
				1)	stá_	495	352	2.9219475E-4
			6)	sto	0	0	0.0
				1)	sto_	536	334	2.7725298E-4
				2)	stos	878	226	1.8760232E-4
			7)	ste	0	0	0.0
				1)	stem	612	303	2.515199E-4
		4)	sp	0	0	0.0
			1)	spe	0	0	0.0
				1)	spec	163	676	5.611467E-4
				2)	spei	423	384	3.187579E-4
				3)	sper	687	279	2.3159754E-4
			2)	spo	0	0	0.0
				1)	spon	271	493	4.0923868E-4
				2)	spos	804	243	2.0171399E-4
		5)	ss	0	0	0.0
			1)	sso	0	0	0.0
				1)	sso_	202	590	4.8975827E-4
				2)	ssoa	865	228	1.892625E-4
			2)	ssã	0	0	0.0
				1)	ssão	474	358	2.9717534E-4
			3)	ssi	0	0	0.0
				1)	ssim	567	321	2.664617E-4
			4)	ssá	0	0	0.0
				1)	ssár	589	311	2.581607E-4
			5)	sse	0	0	0.0
				1)	sse_	602	306	2.540102E-4
				2)	ssem	941	210	1.7432072E-4
			6)	ssí	0	0	0.0
				1)	ssív	692	278	2.3076744E-4
			7)	ssa	0	0	0.0
				1)	ssa_	990	200	1.6601974E-4
		6)	si	0	0	0.0
			1)	sid	0	0	0.0
				1)	side	272	493	4.0923868E-4
				2)	sida	936	211	1.7515082E-4
			2)	sis	0	0	0.0
				1)	sist	361	427	3.5445215E-4
			3)	sim	0	0	0.0
				1)	sim_	505	348	2.8887435E-4
			4)	sit	0	0	0.0
				1)	situ	702	276	2.2910725E-4
			5)	siç	0	0	0.0
				1)	siçã	805	243	2.0171399E-4
		7)	so	0	0	0.0
			1)	sos	0	0	0.0
				1)	sos_	291	484	4.017678E-4
			2)	soc	0	0	0.0
				1)	soci	346	439	3.6441334E-4
			3)	sol	0	0	0.0
				1)	solu	577	315	2.614811E-4
		8)	sa	0	0	0.0
			1)	sas	0	0	0.0
				1)	sas_	297	476	3.95127E-4
			2)	sar	0	0	0.0
				1)	sar_	723	268	2.2246645E-4
			3)	sab	0	0	0.0
				1)	sabi	902	220	1.8262172E-4
		9)	sí	0	0	0.0
			1)	sív	0	0	0.0
				1)	síve	551	326	2.706122E-4
		10)	sá	0	0	0.0
			1)	sár	0	0	0.0
				1)	sári	552	326	2.706122E-4
		11)	sõ	0	0	0.0
			1)	sõe	0	0	0.0
				1)	sões	776	250	2.0752467E-4
		12)	su	0	0	0.0
			1)	sul	0	0	0.0
				1)	sult	967	204	1.6934014E-4
	14)	p	0	0	0.0
		1)	pr	0	0	0.0
			1)	pre	0	0	0.0
				1)	pres	44	1405	0.0011662887
				2)	prec	296	478	3.967872E-4
				3)	preg	800	244	2.0254409E-4
				4)	pret	928	212	1.7598092E-4
			2)	pro	0	0	0.0
				1)	prop	134	768	6.375158E-4
				2)	prog	196	615	5.105107E-4
				3)	proc	253	515	4.2750084E-4
				4)	prov	368	424	3.5196185E-4
				5)	prob	584	312	2.589908E-4
				6)	prom	694	277	2.2993734E-4
				7)	proj	755	257	2.1333537E-4
			3)	pri	0	0	0.0
				1)	prim	388	407	3.378502E-4
				2)	prin	537	334	2.7725298E-4
				3)	prio	879	226	1.8760232E-4
			4)	pró	0	0	0.0
				1)	próp	836	238	1.975635E-4
		2)	po	0	0	0.0
			1)	por	0	0	0.0
				1)	port	57	1161	9.637446E-4
			2)	pos	0	0	0.0
				1)	post	94	948	7.869336E-4
				2)	poss	148	727	6.034818E-4
				3)	posi	306	470	3.901464E-4
			3)	pol	0	0	0.0
				1)	polí	122	819	6.7985087E-4
			4)	pod	0	0	0.0
				1)	pode	149	725	6.018216E-4
			5)	pon	0	0	0.0
				1)	pont	402	400	3.320395E-4
				2)	pons	636	294	2.4404902E-4
			6)	poi	0	0	0.0
				1)	pois	897	221	1.8345182E-4
		3)	pa	0	0	0.0
			1)	par	0	0	0.0
				1)	part	124	816	6.773606E-4
				2)	pare	655	288	2.3906842E-4
			2)	paí	0	0	0.0
				1)	país	337	443	3.6773374E-4
			3)	pas	0	0	0.0
				1)	pass	475	358	2.9717534E-4
		4)	pu	0	0	0.0
			1)	put	0	0	0.0
				1)	puta	188	626	5.196418E-4
		5)	pl	0	0	0.0
			1)	pli	0	0	0.0
				1)	plic	298	476	3.95127E-4
		6)	pe	0	0	0.0
			1)	per	0	0	0.0
				1)	pera	305	471	3.909765E-4
				2)	perm	609	304	2.5235E-4
				3)	peri	642	292	2.4238882E-4
				4)	perg	992	200	1.6601974E-4
			2)	pen	0	0	0.0
				1)	pens	369	423	3.5113175E-4
				2)	pena	457	367	3.0464624E-4
			3)	pei	0	0	0.0
				1)	peit	419	385	3.19588E-4
				2)	peia	661	287	2.3823832E-4
			4)	pec	0	0	0.0
				1)	pect	458	367	3.0464624E-4
				2)	peci	929	212	1.7598092E-4
			5)	pes	0	0	0.0
				1)	pess	859	230	1.909227E-4
	15)	ê	0	0	0.0
		1)	ên	0	0	0.0
			1)	ênc	0	0	0.0
				1)	ênci	47	1263	0.0010484147
	16)	h	0	0	0.0
		1)	ho	0	0	0.0
			1)	hor	0	0	0.0
				1)	hor_	59	1159	9.620844E-4
				2)	hora	280	490	4.0674838E-4
			2)	hoj	0	0	0.0
				1)	hoje	807	243	2.0171399E-4
	17)	o	0	0	0.0
		1)	os	0	0	0.0
			1)	ost	0	0	0.0
				1)	osta	62	1125	9.3386107E-4
				2)	osto	709	274	2.2744705E-4
			2)	osi	0	0	0.0
				1)	osiç	546	329	2.731025E-4
			3)	oss	0	0	0.0
				1)	ossí	812	242	2.008839E-4
				2)	ossa	866	228	1.892625E-4
		2)	or	0	0	0.0
			1)	orm	0	0	0.0
				1)	orma	74	1075	8.923561E-4
			2)	ora	0	0	0.0
				1)	ora_	95	935	7.761423E-4
				2)	oram	930	212	1.7598092E-4
			3)	ore	0	0	0.0
				1)	ores	136	762	6.325352E-4
			4)	ort	0	0	0.0
				1)	orta	166	670	5.5616617E-4
				2)	ortu	840	237	1.967334E-4
				3)	orte	922	214	1.7764112E-4
			5)	ord	0	0	0.0
				1)	ordo	629	297	2.465393E-4
				2)	orde	689	279	2.3159754E-4
				3)	orda	855	231	1.917528E-4
			6)	orr	0	0	0.0
				1)	orre	704	276	2.2910725E-4
				2)	orrê	797	245	2.0337419E-4
			7)	ori	0	0	0.0
				1)	oria	731	265	2.1997617E-4
				2)	orid	974	203	1.6851004E-4
			8)	orç	0	0	0.0
				1)	orça	845	235	1.950732E-4
		3)	ol	0	0	0.0
			1)	olí	0	0	0.0
				1)	olít	126	809	6.715499E-4
			2)	olv	0	0	0.0
				1)	olvi	399	402	3.336997E-4
			3)	ole	0	0	0.0
				1)	oleg	548	328	2.722724E-4
			4)	olu	0	0	0.0
				1)	oluç	680	281	2.3325774E-4
		4)	on	0	0	0.0
			1)	ont	0	0	0.0
				1)	ontr	127	808	6.707198E-4
				2)	onte	222	562	4.6651548E-4
				3)	onta	376	417	3.4615115E-4
				4)	onto	442	376	3.121171E-4
				5)	onti	774	251	2.0835477E-4
			2)	ons	0	0	0.0
				1)	onst	217	567	4.7066598E-4
				2)	onsi	354	432	3.5860264E-4
				3)	onse	468	362	3.0049574E-4
				4)	onsa	863	229	1.900926E-4
			3)	ona	0	0	0.0
				1)	onal	411	391	3.245686E-4
				2)	onai	528	338	2.8057335E-4
			4)	onc	0	0	0.0
				1)	onco	538	334	2.7725298E-4
				2)	once	882	225	1.8677222E-4
			5)	onó	0	0	0.0
				1)	onóm	675	282	2.3408784E-4
			6)	onh	0	0	0.0
				1)	onhe	756	257	2.1333537E-4
		5)	ou	0	0	0.0
			1)	out	0	0	0.0
				1)	outr	219	564	4.6817568E-4
		6)	og	0	0	0.0
			1)	ogr	0	0	0.0
				1)	ogra	227	554	4.598747E-4
		7)	op	0	0	0.0
			1)	opo	0	0	0.0
				1)	opos	229	549	4.557242E-4
				2)	opor	985	201	1.6684984E-4
			2)	ope	0	0	0.0
				1)	opei	656	288	2.3906842E-4
				2)	opeu	739	261	2.1665577E-4
				3)	oper	975	203	1.6851004E-4
		8)	om	0	0	0.0
			1)	omu	0	0	0.0
				1)	omun	293	479	3.976173E-4
			2)	ome	0	0	0.0
				1)	omen	631	296	2.4570923E-4
				2)	ome_	898	221	1.8345182E-4
			3)	omp	0	0	0.0
				1)	ompr	860	230	1.909227E-4
		9)	oc	0	0	0.0
			1)	oci	0	0	0.0
				1)	ocia	328	451	3.7437453E-4
			2)	oce	0	0	0.0
				1)	oces	648	290	2.4072862E-4
			3)	ocu	0	0	0.0
				1)	ocup	968	204	1.6934014E-4
		10)	ob	0	0	0.0
			1)	obj	0	0	0.0
				1)	obje	436	380	3.154375E-4
			2)	obl	0	0	0.0
				1)	oble	594	310	2.573306E-4
			3)	obr	0	0	0.0
				1)	obre	883	225	1.8677222E-4
		11)	od	0	0	0.0
			1)	ode	0	0	0.0
				1)	oder	446	372	3.0879673E-4
				2)	ode_	681	281	2.3325774E-4
		12)	oi	0	0	0.0
			1)	ois	0	0	0.0
				1)	ois_	553	326	2.706122E-4
		13)	oj	0	0	0.0
			1)	oje	0	0	0.0
				1)	ojec	757	257	2.1333537E-4
				2)	oje_	806	243	2.0171399E-4
		14)	ov	0	0	0.0
			1)	ove	0	0	0.0
				1)	over	841	236	1.959033E-4
	18)	f	0	0	0.0
		1)	fo	0	0	0.0
			1)	for	0	0	0.0
				1)	form	66	1108	9.197494E-4
				2)	forç	639	293	2.4321892E-4
				3)	fora	710	274	2.2744705E-4
			2)	foi	0	0	0.0
				1)	foi_	321	455	3.776949E-4
		2)	fi	0	0	0.0
			1)	fic	0	0	0.0
				1)	fica	116	858	7.122247E-4
				2)	fici	782	249	2.0669457E-4
			2)	fin	0	0	0.0
				1)	fina	255	510	4.2335034E-4
			3)	fir	0	0	0.0
				1)	firm	918	215	1.7847122E-4
		3)	fa	0	0	0.0
			1)	fac	0	0	0.0
				1)	fact	404	399	3.312094E-4
			2)	faz	0	0	0.0
				1)	faze	408	393	3.262288E-4
			3)	fav	0	0	0.0
				1)	favo	919	215	1.7847122E-4
		4)	fe	0	0	0.0
			1)	fer	0	0	0.0
				1)	fere	453	368	3.0547634E-4
				2)	feri	662	287	2.3823832E-4
			2)	fei	0	0	0.0
				1)	feit	502	350	2.9053455E-4
			3)	fec	0	0	0.0
				1)	fect	875	227	1.8843242E-4
		5)	fu	0	0	0.0
			1)	fun	0	0	0.0
				1)	fund	480	357	2.9634524E-4
	19)	v	0	0	0.0
		1)	ve	0	0	0.0
			1)	vel	0	0	0.0
				1)	vel_	78	1055	8.7575417E-4
			2)	ver	0	0	0.0
				1)	ver_	311	464	3.851658E-4
				2)	veri	839	237	1.967334E-4
			3)	vei	0	0	0.0
				1)	veis	478	357	2.9634524E-4
			4)	vez	0	0	0.0
				1)	vez_	522	341	2.8306365E-4
			5)	vem	0	0	0.0
				1)	vem_	940	210	1.7432072E-4
		2)	vo	0	0	0.0
			1)	vos	0	0	0.0
				1)	vos_	243	526	4.3663193E-4
			2)	vol	0	0	0.0
				1)	volv	257	508	4.2169014E-4
		3)	va	0	0	0.0
			1)	vas	0	0	0.0
				1)	vas_	281	489	4.0591828E-4
			2)	vam	0	0	0.0
				1)	vame	345	439	3.6441334E-4
		4)	vi	0	0	0.0
			1)	vid	0	0	0.0
				1)	vida	292	480	3.984474E-4
			2)	vis	0	0	0.0
				1)	vist	516	344	2.8555395E-4
			3)	vim	0	0	0.0
				1)	vime	541	333	2.7642288E-4
	20)	l	0	0	0.0
		1)	li	0	0	0.0
			1)	lid	0	0	0.0
				1)	lida	87	989	8.209676E-4
			2)	liz	0	0	0.0
				1)	liza	160	680	5.644671E-4
			3)	lic	0	0	0.0
				1)	lica	214	571	4.7398638E-4
		2)	lm	0	0	0.0
			1)	lme	0	0	0.0
				1)	lmen	120	822	6.8234117E-4
		3)	lí	0	0	0.0
			1)	lít	0	0	0.0
				1)	líti	125	810	6.7238E-4
		4)	la	0	0	0.0
			1)	lat	0	0	0.0
				1)	lati	216	568	4.7149608E-4
				2)	lató	236	535	4.441028E-4
			2)	laç	0	0	0.0
				1)	laçã	349	438	3.6358324E-4
			3)	lam	0	0	0.0
				1)	lame	574	317	2.631413E-4
			4)	lar	0	0	0.0
				1)	lar_	671	284	2.3574804E-4
				2)	lara	696	277	2.2993734E-4
				3)	larg	873	227	1.8843242E-4
			5)	lad	0	0	0.0
				1)	lado	872	228	1.892625E-4
		5)	le	0	0	0.0
			1)	leg	0	0	0.0
				1)	lega	383	411	3.4117058E-4
				2)	legi	743	259	2.1499557E-4
			2)	lem	0	0	0.0
				1)	lema	614	303	2.515199E-4
			3)	lev	0	0	0.0
				1)	leva	817	241	2.000538E-4
		6)	lt	0	0	0.0
			1)	lte	0	0	0.0
				1)	lter	426	383	3.179278E-4
			2)	ltu	0	0	0.0
				1)	ltur	695	277	2.2993734E-4
			3)	lti	0	0	0.0
				1)	ltim	829	239	1.983936E-4
		7)	lh	0	0	0.0
			1)	lho	0	0	0.0
				1)	lho_	549	327	2.714423E-4
				2)	lhor	705	276	2.2910725E-4
		8)	lv	0	0	0.0
			1)	lvi	0	0	0.0
				1)	lvim	585	312	2.589908E-4
		9)	lu	0	0	0.0
			1)	lug	0	0	0.0
				1)	luga	657	288	2.3906842E-4
			2)	luç	0	0	0.0
				1)	luçã	824	240	1.992237E-4
		10)	lo	0	0	0.0
			1)	los	0	0	0.0
				1)	los_	693	278	2.3076744E-4
			2)	loc	0	0	0.0
				1)	loca	717	272	2.2578685E-4
	21)	b	0	0	0.0
		1)	bé	0	0	0.0
			1)	bém	0	0	0.0
				1)	bém_	106	908	7.5372966E-4
		2)	bi	0	0	0.0
			1)	bil	0	0	0.0
				1)	bili	175	642	5.329234E-4
			2)	bie	0	0	0.0
				1)	bien	945	210	1.7432072E-4
		3)	ba	0	0	0.0
			1)	bal	0	0	0.0
				1)	balh	275	493	4.0923868E-4
			2)	bat	0	0	0.0
				1)	bate	350	438	3.6358324E-4
			3)	bas	0	0	0.0
				1)	base	934	212	1.7598092E-4
		4)	bj	0	0	0.0
			1)	bje	0	0	0.0
				1)	bjec	428	383	3.179278E-4
		5)	be	0	0	0.0
			1)	bem	0	0	0.0
				1)	bem_	587	312	2.589908E-4
		6)	bl	0	0	0.0
			1)	ble	0	0	0.0
				1)	blem	591	311	2.581607E-4
			2)	bli	0	0	0.0
				1)	blic	814	242	2.008839E-4
		7)	bo	0	0	0.0
			1)	bor	0	0	0.0
				1)	bora	658	288	2.3906842E-4
	22)	í	0	0	0.0
		1)	ít	0	0	0.0
			1)	íti	0	0	0.0
				1)	ític	113	866	7.188655E-4
		2)	ív	0	0	0.0
			1)	íve	0	0	0.0
				1)	ível	173	643	5.337535E-4
		3)	ís	0	0	0.0
			1)	íse	0	0	0.0
				1)	íses	616	302	2.506898E-4
		4)	íp	0	0	0.0
			1)	ípi	0	0	0.0
				1)	ípio	792	246	2.0420429E-4
		5)	íc	0	0	0.0
			1)	íci	0	0	0.0
				1)	ício	952	207	1.7183044E-4
	23)	á	0	0	0.0
		1)	ár	0	0	0.0
			1)	ári	0	0	0.0
				1)	ário	145	736	6.109527E-4
				2)	ária	362	426	3.5362205E-4
		2)	áv	0	0	0.0
			1)	áve	0	0	0.0
				1)	ável	485	354	2.9385494E-4
		3)	át	0	0	0.0
			1)	áti	0	0	0.0
				1)	átic	685	280	2.3242764E-4
	24)	ó	0	0	0.0
		1)	ór	0	0	0.0
			1)	óri	0	0	0.0
				1)	ório	165	673	5.586564E-4
		2)	óm	0	0	0.0
			1)	ómi	0	0	0.0
				1)	ómic	670	284	2.3574804E-4
		3)	óp	0	0	0.0
			1)	ópr	0	0	0.0
				1)	ópri	833	238	1.975635E-4
	25)	q	0	0	0.0
		1)	qu	0	0	0.0
			1)	que	0	0	0.0
				1)	ques	168	666	5.5284577E-4
				2)	quer	319	456	3.78525E-4
			2)	qua	0	0	0.0
				1)	quad	903	220	1.8262172E-4
	26)	u	0	0	0.0
		1)	ue	0	0	0.0
			1)	ues	0	0	0.0
				1)	uest	171	646	5.362438E-4
			2)	uer	0	0	0.0
				1)	uer_	989	200	1.6601974E-4
		2)	ut	0	0	0.0
			1)	uta	0	0	0.0
				1)	utad	180	633	5.254525E-4
			2)	utr	0	0	0.0
				1)	utro	462	365	3.0298604E-4
			3)	utu	0	0	0.0
				1)	utur	515	344	2.8555395E-4
			4)	uto	0	0	0.0
				1)	utor	735	262	2.1748587E-4
			5)	uti	0	0	0.0
				1)	util	924	213	1.7681102E-4
		3)	uç	0	0	0.0
			1)	uçã	0	0	0.0
				1)	ução	203	589	4.8892817E-4
		4)	ur	0	0	0.0
			1)	uro	0	0	0.0
				1)	urop	226	555	4.607048E-4
			2)	ura	0	0	0.0
				1)	ura_	304	471	3.909765E-4
				2)	uran	752	257	2.1333537E-4
				3)	ural	803	243	2.0171399E-4
		5)	um	0	0	0.0
			1)	ume	0	0	0.0
				1)	umen	386	408	3.386803E-4
		6)	un	0	0	0.0
			1)	und	0	0	0.0
				1)	undo	463	365	3.0298604E-4
				2)	unda	542	333	2.7642288E-4
			2)	unt	0	0	0.0
				1)	unto	619	301	2.498597E-4
				2)	unta	811	242	2.008839E-4
			3)	uni	0	0	0.0
				1)	unit	712	273	2.2661695E-4
			4)	unc	0	0	0.0
				1)	unci	719	270	2.2412665E-4
		7)	ug	0	0	0.0
			1)	uga	0	0	0.0
				1)	ugar	651	289	2.3989852E-4
		8)	ui	0	0	0.0
			1)	uir	0	0	0.0
				1)	uir_	749	258	2.1416547E-4
			2)	uin	0	0	0.0
				1)	uint	973	203	1.6851004E-4
		9)	ua	0	0	0.0
			1)	uaç	0	0	0.0
				1)	uaçã	778	249	2.0669457E-4
			2)	ual	0	0	0.0
				1)	ualm	901	220	1.8262172E-4
		10)	ul	0	0	0.0
			1)	ult	0	0	0.0
				1)	ulta	834	238	1.975635E-4
			2)	ula	0	0	0.0
				1)	ular	877	226	1.8760232E-4
		11)	ud	0	0	0.0
			1)	udo	0	0	0.0
				1)	udo_	909	218	1.8096152E-4
	27)	j	0	0	0.0
		1)	je	0	0	0.0
			1)	jec	0	0	0.0
				1)	ject	183	630	5.229622E-4
		2)	ju	0	0	0.0
			1)	jus	0	0	0.0
				1)	just	960	205	1.7017024E-4
	28)	z	0	0	0.0
		1)	ze	0	0	0.0
			1)	zer	0	0	0.0
				1)	zer_	211	577	4.7896695E-4
		2)	za	0	0	0.0
			1)	zaç	0	0	0.0
				1)	zaçã	316	459	3.810153E-4
	29)	g	0	0	0.0
		1)	gr	0	0	0.0
			1)	gra	0	0	0.0
				1)	gram	230	549	4.557242E-4
				2)	gran	466	364	3.0215594E-4
				3)	grad	862	229	1.900926E-4
			2)	gru	0	0	0.0
				1)	grup	736	262	2.1748587E-4
		2)	go	0	0	0.0
			1)	gos	0	0	0.0
				1)	gost	320	455	3.776949E-4
			2)	gor	0	0	0.0
				1)	gora	949	209	1.7349063E-4
		3)	gu	0	0	0.0
			1)	gur	0	0	0.0
				1)	gura	336	444	3.6856384E-4
			2)	gun	0	0	0.0
				1)	gund	891	223	1.8511202E-4
				2)	gunt	987	200	1.6601974E-4
			3)	gua	0	0	0.0
				1)	gual	931	212	1.7598092E-4
		4)	ga	0	0	0.0
			1)	gar	0	0	0.0
				1)	gar_	344	440	3.6524344E-4
			2)	gas	0	0	0.0
				1)	gas_	808	243	2.0171399E-4
		5)	ge	0	0	0.0
			1)	gem	0	0	0.0
				1)	gem_	643	292	2.4238882E-4
		6)	gi	0	0	0.0
			1)	giõ	0	0	0.0
				1)	giõe	698	277	2.2993734E-4
			2)	gis	0	0	0.0
				1)	gisl	907	218	1.8096152E-4
	30)	x	0	0	0.0
		1)	xi	0	0	0.0
			1)	xis	0	0	0.0
				1)	xist	504	349	2.8970445E-4
	31)	ã	0	0	0.0
		1)	ão	0	0	0.0
			1)	ãos	0	0	0.0
				1)	ãos_	659	287	2.3823832E-4
	32)	é	0	0	0.0
		1)	ér	0	0	0.0
			1)	éri	0	0	0.0
				1)	éria	730	265	2.1997617E-4
	33)	â	0	0	0.0
		1)	ân	0	0	0.0
			1)	ânc	0	0	0.0
				1)	ânci	748	258	2.1416547E-4
		2)	âm	0	0	0.0
			1)	âmb	0	0	0.0
				1)	âmbi	908	218	1.8096152E-4
	34)	ú	0	0	0.0
		1)	úl	0	0	0.0
			1)	últ	0	0	0.0
				1)	últi	832	238	1.975635E-4
