e_	103509	0.03310242534932814	3
_t	88667	0.028355918310957292	2
th	72089	0.023054234327524337	2
s_	61549	0.019683517161075827	2
_a	56433	0.018047408145558698	2
he	52353	0.01674261440370766	2
t_	48663	0.015562543593062975	2
in	43600	0.013943384104094398	2
n_	42457	0.013577849974943483	2
_i	41383	0.01323438221054446	2
d_	39137	0.012516106047750974	2
re	37953	0.012137460020704007	2
on	35555	0.011370573894978815	2
_o	34944	0.011175174636088869	2
an	30756	0.009835842236365305	2
_w	30619	0.00979202930924923	2
at	29078	0.009299213829790296	2
er	28471	0.009105093780451184	2
ti	28045	0.008968857963287325	2
y_	27162	0.008686472454940643	2
en	26675	0.00853072869212656	2
is	25716	0.008224038202314026	2
_s	25235	0.008070213253826196	2
o_	24228	0.007748172249403648	2
es	23400	0.007483375872380939	2
r_	22831	0.007301408313774752	2
or	22556	0.007213462657154891	2
nd	22448	0.007178923999282364	2
_c	22329	0.007140867515145042	2
it	21974	0.007027337667508493	2
to	21561	0.006895259281384847	2
nt	21548	0.006891101850344635	2
_p	20657	0.006606157922896284	2
f_	20543	0.006569700450697505	2
al	20201	0.0064603280341011685	2
ha	20158	0.006446576531429699	2
of	19513	0.00624030399135766	2
_b	18529	0.00592561844185241	2
te	18525	0.005924339232301576	2
io	18312	0.0058562213237196474	2
ar	17933	0.005735016218778093	2
ve	17895	0.005722863728045167	2
_f	17289	0.005529063481093763	2
ou	17256	0.005518510002299379	2
st	17225	0.005508596128280413	2
l_	17016	0.005441757429249319	2
co	16498	0.00527609979241627	2
_m	15792	0.005050319306694008	2
ed	15697	0.005019938079861692	2
me	15683	0.005015460846433771	2
ng	15454	0.004942226099648505	2
se	15190	0.004857798269293438	2
_r	14966	0.004786162534446714	2
hi	14868	0.004754821900451273	2
ic	14017	0.0044826700685112655	2
as	13522	0.004324367886595515	2
le	13157	0.0042076400150818805	2
g_	13080	0.0041830152312283195	2
_d	12917	0.00413088744203182	2
_h	12698	0.0040608507191236395	2
de	12628	0.004038464551984038	2
ro	12418	0.003971306050565235	2
_e	11638	0.003721860188152537	2
h_	11554	0.0036949967875850153	2
li	11444	0.003659818524937071	2
be	11361	0.0036332749267572583	2
pr	11289	0.00361024915484224	2
ce	10874	0.003477531163943176	2
ea	10823	0.0034612212421700384	2
po	10796	0.0034525865777019064	2
ec	10767	0.0034433123084583574	2
ll	10676	0.003414210291176876	2
ri	10552	0.003374554795101011	2
ra	10425	0.0033339398918620206	2
ta	10376	0.0033182695748643	2
ur	10312	0.0032978022220509504	2
ns	10310	0.003297162617275533	2
_n	10185	0.00325718731881196	2
fo	10004	0.0031993030866367053	2
a_	9973	0.0031893892126177393	2
ne	9526	0.0030464375453120008	2
si	9462	0.0030259701924986514	2
we	9443	0.0030198939471321883	2
om	9138	0.002922354218881069	2
ct	8764	0.0028027481258780574	2
no	8588	0.002746462905641346	2
wh	8557	0.00273654903162238	2
ly	8334	0.002665233099163365	2
ch	8321	0.0026610756681231533	2
us	8189	0.00261886175294562	2
wi	8055	0.0025760082329926693	2
ot	8044	0.0025724904067278747	2
el	8031	0.002568332975687663	2
_l	7879	0.002519723012755958	2
rt	7828	0.0025034130909828197	2
ul	7814	0.0024989358575549	2
ca	7725	0.0024704734450488354	2
pe	7692	0.002459919966254452	2
nc	7680	0.002456082337601949	2
ma	7303	0.002335516837435812	2
ee	7238	0.0023147296822347537	2
ut	7203	0.002303536598664953	2
ho	7133	0.002281150431525352	2
em	7110	0.0022737949766080544	2
tr	7089	0.002267079126466174	2
so	7033	0.0022491701927544933	2
ac	6985	0.002233819678144481	2
di	6969	0.0022287028399411435	2
il	6944	0.002220707780248429	2
la	6834	0.0021855295176004845	2
ss	6650	0.0021266858782621042	2
ie	6630	0.0021202898305079324	2
ts	6400	0.0020467352813349575	2
ci	6345	0.0020291461500109853	2
op	6277	0.0020073995876468014	2
na	6171	0.001973500534549691	2
un	6103	0.001951753972185507	2
et	6042	0.0019322460265352834	2
su	5912	0.0018906717161331669	2
ol	5820	0.001861249896463977	2
m_	5620	0.0017972894189222596	2
iv	5477	0.0017515576774799317	2
rs	5407	0.0017291715103403306	2
im	5311	0.0016984704811203062	2
pl	5293	0.0016927140381415517	2
os	5234	0.001673845697266745	2
mp	5214	0.0016674496495125732	2
ge	5201	0.0016632922184723615	2
ev	5184	0.0016578555778813157	2
fi	5154	0.001648261506250058	2
mo	5120	0.001637388225067966	2
_g	5110	0.0016341902011908801	2
ld	5053	0.0016159614650914907	2
lo	4964	0.0015874990525854265	2
ni	4926	0.0015753465618525001	2
ai	4842	0.0015484831612849789	2
ad	4769	0.0015251375869822518	2
av	4744	0.0015171425272895373	2
_u	4743	0.0015168227249018286	2
vi	4717	0.0015085078628214053	2
mi	4680	0.0014966751744761877	2
am	4634	0.0014819642646415926	2
wo	4591	0.0014682127619701235	2
bl	4570	0.0014614969118282432	2
ia	4569	0.0014611771094405345	2
ow	4562	0.0014589384927265743	2
ke	4528	0.0014480652115444824	2
ir	4429	0.0014164047751613323	2
sa	4369	0.001397216631898817	2
pa	4271	0.0013658759979033755	2
sh	4233	0.0013537235071704493	2
id	4198	0.0013425304236006487	2
wa	4153	0.0013281393161537623	2
ab	4102	0.0013118293943806243	2
tu	3930	0.0012568233836947474	2
eg	3909	0.0012501075335528671	2
gr	3874	0.0012389144499830665	2
w_	3810	0.0012184470971697168	2
ef	3779	0.0012085332231507506	2
ty	3757	0.0012014975706211618	2
ex	3747	0.001198299546744076	2
ry	3675	0.0011752737748290576	2
sp	3572	0.001142334128895073	2
ag	3462	0.0011071558662471286	2
do	3452	0.0011039578423700427	2
_v	3431	0.0010972419922281624	2
rd	3345	0.001069738986885224	2
fe	3330	0.001064941951069595	2
ig	3263	0.0010435151910931197	2
pp	3197	0.001022408233504353	2
ep	3172	0.0010144131738116383	2
cu	3170	0.001013773569036221	2
ay	3154	0.0010086567308328837	2
k_	3153	0.0010083369284451752	2
_y	3145	0.0010057785093435065	2
ov	3143	0.0010051389045680893	2
oc	3133	0.0010019408806910034	2
if	3130	0.0010009814735278777	2
gh	3052	9.760368872866079E-4	1
ue	2958	9.459754628420007E-4	1
ap	2947	9.424576365772063E-4	1
gi	2898	9.267873195794855E-4	1
uc	2861	9.149546312342677E-4	1
bu	2850	9.114368049694733E-4	1
ak	2820	9.018427333382157E-4	1
ls	2804	8.967258951348782E-4	1
by	2780	8.890506378298722E-4	1
mu	2706	8.653852611394368E-4	1
qu	2663	8.516337584679674E-4	1
rm	2614	8.359634414702468E-4	1
da	2602	8.321258128177436E-4	1
mm	2535	8.106990528412684E-4	1
od	2512	8.033435979239708E-4	1
cr	2506	8.014247835977193E-4	1
fa	2504	8.007851788223022E-4	1
oo	2503	8.004653764345936E-4	1
ff	2495	7.979069573329249E-4	1
ga	2482	7.937495262927132E-4	1
rn	2429	7.767999997441581E-4	1
fr	2416	7.726425687039465E-4	1
cl	2366	7.566524493185171E-4	1
ei	2330	7.451395633610079E-4	1
yo	2321	7.422613418716306E-4	1
ba	2273	7.269108272616185E-4	1
i_	2242	7.169969532426523E-4	1
up	2232	7.137989293655665E-4	1
ua	2184	6.984484147555543E-4	1
c_	2167	6.930117741645083E-4	1
bo	2111	6.751028404528274E-4	1
fu	2100	6.71585014188033E-4	1
du	2097	6.706256070249071E-4	1
ew	2076	6.639097568830268E-4	1
lu	2049	6.552750924148949E-4	1
tt	2024	6.472800327221803E-4	1
go	2017	6.450414160082202E-4	1
ib	2002	6.402443801925914E-4	1
um	1976	6.319295181121681E-4	1
ob	1917	6.130611772373615E-4	1
ht	1846	5.903552077100518E-4	1
rk	1831	5.85558171894423E-4	1
au	1825	5.836393575681715E-4	1
p_	1784	5.705274596721194E-4	1
ds	1774	5.673294357950335E-4	1
ru	1772	5.666898310196164E-4	1
lt	1761	5.631720047548219E-4	1
og	1738	5.558165498375244E-4	1
oi	1648	5.270343349437516E-4	1
rr	1641	5.247957182297915E-4	1
cy	1637	5.23516508678957E-4	1
cc	1634	5.225571015158313E-4	1
u_	1616	5.168006585370767E-4	1
rg	1556	4.976125152745615E-4	1
ms	1551	4.960135033360186E-4	1
va	1542	4.931352818466413E-4	1
bi	1522	4.8673923409246956E-4	1
tl	1499	4.793837791751721E-4	1
nv	1469	4.697897075439145E-4	1
_j	1462	4.6755109082995437E-4	1
rl	1442	4.611550430757826E-4	1
ny	1425	4.5571840248473665E-4	1
gu	1420	4.541193905461937E-4	1
vo	1417	4.531599833830679E-4	1
pu	1415	4.5252037860765075E-4	1
ki	1408	4.5028176189369063E-4	1
ui	1407	4.4996195950598207E-4	1
pt	1402	4.483629475674391E-4	1
sc	1396	4.464441332411876E-4	1
ub	1389	4.442055165272275E-4	1
_q	1384	4.4260650458868454E-4	1
nl	1376	4.4004808548701586E-4	1
ug	1375	4.3972828309930725E-4	1
ey	1346	4.3045401385575827E-4	1
pi	1335	4.269361875909638E-4	1
ye	1306	4.1766191834741477E-4	1
ud	1278	4.0870745149157434E-4	1
nf	1267	4.051896252267799E-4	1
ip	1223	3.9111832016760204E-4	1
rc	1220	3.9015891300447626E-4	1
tw	1191	3.808846437609272E-4	1
xt	1176	3.760876079452984E-4	1
ik	1176	3.760876079452984E-4	1
ys	1173	3.751282007821727E-4	1
my	1157	3.700113625788353E-4	1
nk	1152	3.6841235064029234E-4	1
af	1146	3.6649353631404083E-4	1
nn	1114	3.5625985990736606E-4	1
rv	1106	3.5370144080569733E-4	1
eq	1084	3.466657882761084E-4	1
ju	1078	3.447469739498569E-4	1
nu	1051	3.3611230948172503E-4	1
je	1033	3.303558665029705E-4	1
ck	1028	3.2875685456442756E-4	1
xp	1005	3.2140139964713E-4	1
nm	996	3.1852317815775274E-4	1
mb	996	3.1852317815775274E-4	1
eo	993	3.17563770994627E-4	1
_k	978	3.127667351789982E-4	1
mr	949	3.0349246593544917E-4	1
aw	889	2.843043226729339E-4	1
sm	860	2.7503005342938494E-4	1
dr	857	2.7407064626625916E-4	1
wn	845	2.702330176137561E-4	1
ft	836	2.673547961243788E-4	1
sl	830	2.654359817981273E-4	1
sk	787	2.5168447912665806E-4	1
gn	773	2.472072456987378E-4	1
bs	771	2.4656764092332065E-4	1
jo	755	2.4145080271998327E-4	1
pm	739	2.3633396451664586E-4	1
eb	733	2.3441515019039435E-4	1
hr	722	2.308973239255999E-4	1
lf	715	2.2865870721163977E-4	1
dy	707	2.261002881099711E-4	1
lv	705	2.2546068333455393E-4	1
fl	704	2.2514088094684531E-4	1
sy	700	2.2386167139601098E-4	1
dm	676	2.161864140910049E-4	1
hu	672	2.1490720454017055E-4	1
bj	650	2.0787155201058163E-4	1
oa	646	2.0659234245974726E-4	1
oy	645	2.0627254007203868E-4	1
ph	635	2.030745161949528E-4	1
br	634	2.0275471380724422E-4	1
ks	618	1.9763787560390684E-4	1
kn	610	1.9507945650223813E-4	1
oe	582	1.861249896463977E-4	1
xa	565	1.806883490553517E-4	1
dd	562	1.7972894189222595E-4	1
dl	548	1.7525170846430574E-4	1
gs	541	1.7301309175034562E-4	1
eh	535	1.710942774240941E-4	1
hy	532	1.7013487026096833E-4	1
ym	519	1.659774392207567E-4	1
eu	506	1.6182000818054507E-4	1
ps	504	1.611804034051279E-4	1
xc	498	1.5926158907887637E-4	1
gl	487	1.557437628140819E-4	1
ze	482	1.5414475087553899E-4	1
xi	477	1.5254573893699606E-4	1
yi	470	1.5030712222303594E-4	1
dg	459	1.4678929595824148E-4	1
ok	449	1.435912720811556E-4	1
iz	443	1.416724577549041E-4	1
tm	436	1.3943384104094398E-4	1
rp	433	1.3847443387781822E-4	1
lr	412	1.317585837359379E-4	1
gy	352	1.1257044047342266E-4	1
uf	339	1.0841300943321103E-4	1
x_	321	1.0265656645445646E-4	1
ax	319	1.0201696167903929E-4	1
oh	306	9.785953063882765E-5	1
lc	300	9.594071631257613E-5	1
aj	289	9.242289004778167E-5	1
hn	287	9.17832852723645E-5	1
rw	286	9.146348288465591E-5	1
ws	285	9.114368049694733E-5	1
sf	282	9.018427333382156E-5	1
xe	269	8.602684229360993E-5	1
oj	263	8.410802796735841E-5	1
dv	249	7.963079453943818E-5	1
rf	241	7.707237543776949E-5	1
lp	240	7.675257305006091E-5	1
bt	238	7.611296827464374E-5	1
lk	233	7.45139563361008E-5	1
ek	229	7.323474678526645E-5	1
tc	219	7.003672290818057E-5	1
gg	207	6.619909425567753E-5	1
gt	194	6.20416632154659E-5	1
tn	193	6.172186082775732E-5	1
sw	192	6.140205844004873E-5	1
hl	188	6.012284888921438E-5	1
fy	188	6.012284888921438E-5	1
yp	183	5.852383695067144E-5	1
lw	179	5.724462739983709E-5	1
hs	175	5.5965417849002744E-5	1
rb	157	5.020897487024818E-5	1
rh	155	4.9569370094831E-5	1
kl	151	4.8290160543996656E-5	1
yt	150	4.7970358156288064E-5	1
cs	149	4.765055576857948E-5	1
uo	141	4.509213666691078E-5	1
b_	135	4.317332234065926E-5	1
iu	131	4.189411278982491E-5	1
wr	130	4.157431040211632E-5	1
wl	123	3.9335693688156215E-5	1
ix	117	3.741687936190469E-5	1
wt	113	3.613766981107034E-5	1
bv	111	3.549806503565317E-5	1
nh	110	3.517826264794458E-5	1
hm	106	3.3899053097110234E-5	1
yc	105	3.357925070940165E-5	1
ej	103	3.293964593398447E-5	1
lm	103	3.293964593398447E-5	1
bm	102	3.261984354627589E-5	1
mn	88	2.8142610118355664E-5	1
fs	83	2.654359817981273E-5	1
_z	82	2.6223795792104142E-5	1
ox	82	2.6223795792104142E-5	1
py	79	2.526438862897838E-5	1
sb	77	2.462478385356121E-5	1
ka	69	2.206636475189251E-5	1
nj	68	2.1746562364183922E-5	1
hb	66	2.110695758876675E-5	1
np	66	2.110695758876675E-5	1
_x	65	2.078715520105816E-5	1
nr	62	1.98277480379324E-5	1
tf	60	1.9188143262515227E-5	1
sn	59	1.886834087480664E-5	1
dw	58	1.854853848709805E-5	1
cq	56	1.7908933711680878E-5	1
ml	55	1.758913132397229E-5	1
yn	53	1.6949526548555117E-5	1
zo	53	1.6949526548555117E-5	1
hc	52	1.662972416084653E-5	1
yb	52	1.662972416084653E-5	1
yl	52	1.662972416084653E-5	1
ah	49	1.5670316997720768E-5	1
vy	45	1.439110744688642E-5	1
hd	44	1.4071305059177832E-5	1
nw	44	1.4071305059177832E-5	1
ya	42	1.343170028376066E-5	1
bb	41	1.3111897896052071E-5	1
yw	41	1.3111897896052071E-5	1
dj	37	1.1832688345217724E-5	1
az	35	1.1193083569800549E-5	1
iq	35	1.1193083569800549E-5	1
nq	35	1.1193083569800549E-5	1
sd	35	1.1193083569800549E-5	1
gm	33	1.0553478794383375E-5	1
ln	33	1.0553478794383375E-5	1
df	32	1.0233676406674788E-5	1
kg	32	1.0233676406674788E-5	1
lb	32	1.0233676406674788E-5	1
tb	31	9.9138740189662E-6	1
dc	28	8.954466855840439E-6	1
mf	28	8.954466855840439E-6	1
tp	28	8.954466855840439E-6	1
ao	27	8.634664468131852E-6	1
sg	27	8.634664468131852E-6	1
aq	26	8.314862080423264E-6	1
hw	26	8.314862080423264E-6	1
sr	26	8.314862080423264E-6	1
yr	25	7.995059692714678E-6	1
dh	24	7.675257305006091E-6	1
yd	24	7.675257305006091E-6	1
vu	23	7.355454917297503E-6	1
ae	22	7.035652529588916E-6	1
wu	22	7.035652529588916E-6	1
yf	22	7.035652529588916E-6	1
za	22	7.035652529588916E-6	1
ky	20	6.396047754171742E-6	1
nx	20	6.396047754171742E-6	1
oz	20	6.396047754171742E-6	1
pd	20	6.396047754171742E-6	1
hq	19	6.076245366463155E-6	1
uy	18	5.756442978754568E-6	1
xh	18	5.756442978754568E-6	1
td	17	5.4366405910459805E-6	1
dt	16	5.116838203337394E-6	1
kw	16	5.116838203337394E-6	1
kf	15	4.797035815628807E-6	1
uv	15	4.797035815628807E-6	1
zi	15	4.797035815628807E-6	1
sq	14	4.4772334279202195E-6	1
wy	14	4.4772334279202195E-6	1
xu	14	4.4772334279202195E-6	1
dn	13	4.157431040211632E-6	1
wp	13	4.157431040211632E-6	1
zu	13	4.157431040211632E-6	1
ko	12	3.837628652503046E-6	1
kr	12	3.837628652503046E-6	1
pg	12	3.837628652503046E-6	1
ux	12	3.837628652503046E-6	1
yg	12	3.837628652503046E-6	1
ja	10	3.198023877085871E-6	1
kh	10	3.198023877085871E-6	1
lg	10	3.198023877085871E-6	1
nb	10	3.198023877085871E-6	1
sà	10	3.198023877085871E-6	1
àv	10	3.198023877085871E-6	1
dp	9	2.878221489377284E-6	1
ez	9	2.878221489377284E-6	1
gf	9	2.878221489377284E-6	1
v_	9	2.878221489377284E-6	1
wf	9	2.878221489377284E-6	1
db	8	2.558419101668697E-6	1
gd	8	2.558419101668697E-6	1
ih	8	2.558419101668697E-6	1
kp	8	2.558419101668697E-6	1
vr	8	2.558419101668697E-6	1
wb	8	2.558419101668697E-6	1
wd	8	2.558419101668697E-6	1
fd	7	2.2386167139601097E-6	1
kt	7	2.2386167139601097E-6	1
mt	7	2.2386167139601097E-6	1
pb	7	2.2386167139601097E-6	1
pf	7	2.2386167139601097E-6	1
pw	7	2.2386167139601097E-6	1
xo	7	2.2386167139601097E-6	1
km	6	1.918814326251523E-6	1
sv	6	1.918814326251523E-6	1
wc	6	1.918814326251523E-6	1
dq	5	1.5990119385429356E-6	1
dé	5	1.5990119385429356E-6	1
fc	5	1.5990119385429356E-6	1
fw	5	1.5990119385429356E-6	1
hh	5	1.5990119385429356E-6	1
kb	5	1.5990119385429356E-6	1
kd	5	1.5990119385429356E-6	1
ku	5	1.5990119385429356E-6	1
tg	5	1.5990119385429356E-6	1
wm	5	1.5990119385429356E-6	1
bd	4	1.2792095508343485E-6	1
ii	4	1.2792095508343485E-6	1
pk	4	1.2792095508343485E-6	1
wk	4	1.2792095508343485E-6	1
xm	4	1.2792095508343485E-6	1
zy	4	1.2792095508343485E-6	1
zz	4	1.2792095508343485E-6	1
_é	3	9.594071631257614E-7	1
bp	3	9.594071631257614E-7	1
fg	3	9.594071631257614E-7	1
fh	3	9.594071631257614E-7	1
gw	3	9.594071631257614E-7	1
hf	3	9.594071631257614E-7	1
hp	3	9.594071631257614E-7	1
mü	3	9.594071631257614E-7	1
ré	3	9.594071631257614E-7	1
uu	3	9.594071631257614E-7	1
uz	3	9.594071631257614E-7	1
xy	3	9.594071631257614E-7	1
yu	3	9.594071631257614E-7	1
z_	3	9.594071631257614E-7	1
zl	3	9.594071631257614E-7	1
é_	3	9.594071631257614E-7	1
él	3	9.594071631257614E-7	1
ém	3	9.594071631257614E-7	1
üs	3	9.594071631257614E-7	1
_ê	2	6.396047754171743E-7	1
aï	2	6.396047754171743E-7	1
bn	2	6.396047754171743E-7	1
bé	2	6.396047754171743E-7	1
cp	2	6.396047754171743E-7	1
fp	2	6.396047754171743E-7	1
gc	2	6.396047754171743E-7	1
gp	2	6.396047754171743E-7	1
iè	2	6.396047754171743E-7	1
iö	2	6.396047754171743E-7	1
lq	2	6.396047754171743E-7	1
mc	2	6.396047754171743E-7	1
mv	2	6.396047754171743E-7	1
nz	2	6.396047754171743E-7	1
tj	2	6.396047754171743E-7	1
té	2	6.396047754171743E-7	1
xr	2	6.396047754171743E-7	1
yh	2	6.396047754171743E-7	1
èc	2	6.396047754171743E-7	1
éj	2	6.396047754171743E-7	1
êt	2	6.396047754171743E-7	1
ïv	2	6.396047754171743E-7	1
öl	2	6.396047754171743E-7	1
_î	1	3.1980238770858713E-7	1
aa	1	3.1980238770858713E-7	1
bc	1	3.1980238770858713E-7	1
bf	1	3.1980238770858713E-7	1
bg	1	3.1980238770858713E-7	1
bö	1	3.1980238770858713E-7	1
cf	1	3.1980238770858713E-7	1
cn	1	3.1980238770858713E-7	1
cè	1	3.1980238770858713E-7	1
fm	1	3.1980238770858713E-7	1
fé	1	3.1980238770858713E-7	1
fü	1	3.1980238770858713E-7	1
gb	1	3.1980238770858713E-7	1
hv	1	3.1980238770858713E-7	1
ij	1	3.1980238770858713E-7	1
jà	1	3.1980238770858713E-7	1
jö	1	3.1980238770858713E-7	1
kc	1	3.1980238770858713E-7	1
lh	1	3.1980238770858713E-7	1
l­	1	3.1980238770858713E-7	1
oq	1	3.1980238770858713E-7	1
rq	1	3.1980238770858713E-7	1
rz	1	3.1980238770858713E-7	1
râ	1	3.1980238770858713E-7	1
rè	1	3.1980238770858713E-7	1
sj	1	3.1980238770858713E-7	1
tq	1	3.1980238770858713E-7	1
tv	1	3.1980238770858713E-7	1
tz	1	3.1980238770858713E-7	1
t­	1	3.1980238770858713E-7	1
ué	1	3.1980238770858713E-7	1
wä	1	3.1980238770858713E-7	1
xd	1	3.1980238770858713E-7	1
xf	1	3.1980238770858713E-7	1
xn	1	3.1980238770858713E-7	1
zw	1	3.1980238770858713E-7	1
­c	1	3.1980238770858713E-7	1
­s	1	3.1980238770858713E-7	1
à_	1	3.1980238770858713E-7	1
âc	1	3.1980238770858713E-7	1
äh	1	3.1980238770858713E-7	1
èr	1	3.1980238770858713E-7	1
ès	1	3.1980238770858713E-7	1
éb	1	3.1980238770858713E-7	1
ée	1	3.1980238770858713E-7	1
éf	1	3.1980238770858713E-7	1
ér	1	3.1980238770858713E-7	1
és	1	3.1980238770858713E-7	1
ét	1	3.1980238770858713E-7	1
îl	1	3.1980238770858713E-7	1
ög	1	3.1980238770858713E-7	1
ör	1	3.1980238770858713E-7	1
üh	1	3.1980238770858713E-7	1
