Dutch	3	2396332	1367
	1)	e	0	0	0.0
		1)	en	0	0	0.0
			1)	en_	1	92412	0.026542809
			2)	ens	90	5256	0.0015096416
			3)	end	98	5113	0.0014685688
			4)	ent	108	4771	0.0013703387
			5)	ene	291	1739	4.9948E-4
			6)	eni	317	1619	4.650133E-4
			7)	enk	338	1520	4.3657824E-4
			8)	eno	402	1304	3.7453818E-4
			9)	enw	551	967	2.777442E-4
			10)	enh	567	930	2.6711696E-4
			11)	eng	581	911	2.6165973E-4
			12)	enl	615	848	2.435647E-4
			13)	ena	752	642	1.8439686E-4
			14)	enb	1041	360	1.0340011E-4
			15)	enn	1063	344	9.880455E-5
			16)	enr	1180	282	8.099675E-5
			17)	enz	1301	225	6.462507E-5
			18)	env	1351	207	5.9455066E-5
		2)	et	0	0	0.0
			1)	et_	5	28475	0.008178662
			2)	ete	128	4110	0.0011804847
			3)	etr	292	1735	4.983311E-4
			4)	ett	726	685	1.9674744E-4
			5)	ets	894	489	1.4045181E-4
			6)	eta	925	465	1.3355848E-4
			7)	etg	967	418	1.2005902E-4
		3)	er	0	0	0.0
			1)	er_	9	18308	0.0052584703
			2)	ere	55	7424	0.00213234
			3)	ers	62	6904	0.0019829844
			4)	erk	115	4495	0.0012910652
			5)	erd	120	4282	0.0012298869
			6)	eri	130	4023	0.0011554962
			7)	erv	276	1848	5.307872E-4
			8)	erg	293	1721	4.9431E-4
			9)	ern	322	1583	4.5467328E-4
			10)	ert	323	1578	4.5323715E-4
			11)	erh	337	1520	4.3657824E-4
			12)	era	345	1482	4.256638E-4
			13)	erw	423	1255	3.6046427E-4
			14)	erm	426	1246	3.5787927E-4
			15)	erl	449	1194	3.429437E-4
			16)	erb	453	1172	3.366248E-4
			17)	erz	468	1143	3.2829534E-4
			18)	ero	561	939	2.6970197E-4
			19)	erp	631	826	2.3724581E-4
			20)	err	886	493	1.4160071E-4
			21)	eru	948	438	1.2580348E-4
		4)	ee	0	0	0.0
			1)	een	16	14645	0.004206374
			2)	eer	53	7531	0.0021630728
			3)	eel	150	3527	0.0010130339
			4)	eef	207	2521	7.24088E-4
			5)	ee_	494	1075	3.0876423E-4
			6)	eed	547	970	2.7860585E-4
			7)	eem	640	814	2.3379915E-4
			8)	ees	869	510	1.464835E-4
			9)	eet	1008	387	1.1115512E-4
			10)	eek	1026	371	1.0655956E-4
		5)	el	0	0	0.0
			1)	eli	51	7949	0.002283132
			2)	ele	64	6810	0.0019559856
			3)	el_	82	5875	0.0016874324
			4)	eld	190	2847	8.177225E-4
			5)	ela	228	2333	6.7009014E-4
			6)	ell	233	2270	6.519951E-4
			7)	els	454	1169	3.3576315E-4
			8)	elf	568	929	2.6682974E-4
			9)	elk	628	831	2.3868193E-4
			10)	elo	829	554	1.5912128E-4
			11)	elt	941	447	1.2838848E-4
		6)	ei	0	0	0.0
			1)	eid	74	6379	0.0018321925
			2)	eit	304	1677	4.8167218E-4
			3)	ein	487	1095	3.1450868E-4
			4)	eil	682	746	2.14268E-4
			5)	eig	718	691	1.9847076E-4
			6)	eis	1108	316	9.076232E-5
			7)	eik	1121	308	8.846454E-5
			8)	ei_	1122	308	8.846454E-5
		7)	ed	0	0	0.0
			1)	ede	97	5140	0.0014763238
			2)	ed_	378	1369	3.9320765E-4
			3)	edi	401	1305	3.748254E-4
			4)	edr	685	743	2.1340634E-4
			5)	eds	815	562	1.6141907E-4
			6)	eda	871	505	1.4504738E-4
			7)	edu	1082	336	9.6506774E-5
		8)	eg	0	0	0.0
			1)	ege	107	4827	0.0013864231
			2)	egi	302	1681	4.8282108E-4
			3)	egg	571	926	2.6596806E-4
			4)	ega	606	859	2.4672414E-4
			5)	egd	621	840	2.4126693E-4
			6)	egr	704	709	2.0364078E-4
			7)	eg_	804	582	1.6716351E-4
		9)	ez	0	0	0.0
			1)	eze	131	3992	0.0011465923
			2)	ezi	600	873	2.5074527E-4
			3)	ezo	987	400	1.14889015E-4
		10)	es	0	0	0.0
			1)	est	134	3904	0.0011213168
			2)	es_	199	2690	7.726286E-4
			3)	esc	432	1235	3.547198E-4
			4)	esl	531	993	2.8521198E-4
			5)	esp	690	734	2.1082134E-4
			6)	eso	985	402	1.1546346E-4
			7)	ess	1145	299	8.587954E-5
			8)	ese	1239	257	7.381619E-5
			9)	esu	1300	225	6.462507E-5
		11)	ev	0	0	0.0
			1)	eve	136	3893	0.0011181573
			2)	evo	287	1773	5.0924555E-4
			3)	eva	465	1149	3.300187E-4
			4)	evr	605	860	2.4701137E-4
			5)	evi	751	645	1.8525853E-4
		12)	em	0	0	0.0
			1)	eme	151	3521	0.0010113105
			2)	ema	512	1028	2.9526476E-4
			3)	em_	633	822	2.3609692E-4
			4)	emo	792	592	1.7003574E-4
			5)	emi	875	501	1.4389849E-4
			6)	emm	878	500	1.4361127E-4
			7)	emd	1052	349	1.00240664E-4
			8)	emt	1342	209	6.002951E-5
		13)	ec	0	0	0.0
			1)	ech	157	3449	9.906305E-4
			2)	ect	371	1388	3.9866488E-4
			3)	eco	499	1066	3.0617922E-4
			4)	eci	1071	340	9.765566E-5
		14)	ek	0	0	0.0
			1)	eke	161	3280	9.420899E-4
			2)	ek_	450	1194	3.429437E-4
			3)	ekk	695	727	2.0881079E-4
			4)	eko	697	720	2.0680022E-4
			5)	ekt	968	417	1.19771794E-4
			6)	eks	1083	335	9.621955E-5
		15)	ef	0	0	0.0
			1)	eft	184	2989	8.5850817E-4
			2)	eff	676	755	2.1685302E-4
			3)	ef_	715	696	1.9990688E-4
		16)	eb	0	0	0.0
			1)	ebb	243	2170	6.232729E-4
			2)	ebr	532	991	2.8463753E-4
			3)	ebi	575	918	2.6367028E-4
			4)	eba	769	617	1.7721631E-4
			5)	eb_	831	551	1.5825962E-4
			6)	ebe	899	483	1.3872849E-4
			7)	ebo	1306	223	6.4050626E-5
		17)	eu	0	0	0.0
			1)	eur	329	1562	4.486416E-4
			2)	euw	447	1206	3.4639038E-4
			3)	eun	620	840	2.4126693E-4
			4)	eu_	1279	233	6.692285E-5
		18)	ep	0	0	0.0
			1)	epa	580	912	2.6194696E-4
			2)	epe	677	753	2.1627857E-4
			3)	ep_	1296	226	6.4912296E-5
			4)	ept	1325	217	6.2327286E-5
			5)	epr	1329	215	6.175284E-5
		19)	ew	0	0	0.0
			1)	ewe	641	813	2.3351192E-4
			2)	ewo	1133	304	8.731565E-5
			3)	ewi	1224	263	7.553952E-5
		20)	eh	0	0	0.0
			1)	eho	742	659	1.8927964E-4
			2)	ehe	858	524	1.5050461E-4
			3)	eha	913	474	1.3614348E-4
		21)	ea	0	0	0.0
			1)	eau	974	412	1.1833568E-4
			2)	eac	1103	319	9.162399E-5
	2)	d	0	0	0.0
		1)	de	0	0	0.0
			1)	de_	2	46251	0.013284329
			2)	den	28	11920	0.0034236927
			3)	der	43	8884	0.002551685
			4)	del	132	3986	0.001144869
			5)	dez	191	2844	8.168609E-4
			6)	dee	451	1188	3.4122038E-4
			7)	dem	517	1014	2.9124366E-4
			8)	deb	799	586	1.683124E-4
			9)	ded	1005	389	1.1172956E-4
			10)	des	1081	337	9.679399E-5
		2)	da	0	0	0.0
			1)	dat	33	10700	0.0030732811
			2)	daa	168	3188	9.156654E-4
			3)	dan	258	2001	5.747323E-4
			4)	dag	975	409	1.1747402E-4
			5)	dac	986	401	1.1517623E-4
			6)	dam	1264	248	7.123119E-5
		3)	di	0	0	0.0
			1)	die	67	6643	0.0019080193
			2)	dit	158	3354	9.6334436E-4
			3)	dig	182	3017	8.6655037E-4
			4)	din	318	1613	4.6328994E-4
			5)	dis	957	430	1.2350568E-4
			6)	dia	1160	291	8.3581755E-5
		4)	dt	0	0	0.0
			1)	dt_	227	2338	6.715263E-4
		5)	do	0	0	0.0
			1)	doo	249	2084	5.985717E-4
			2)	doe	259	1991	5.7186006E-4
		6)	ds	0	0	0.0
			1)	dst	439	1213	3.4840094E-4
			2)	ds_	601	871	2.5017082E-4
			3)	dse	907	478	1.3729237E-4
		7)	dd	0	0	0.0
			1)	dde	535	990	2.843503E-4
		8)	dr	0	0	0.0
			1)	dra	564	936	2.688403E-4
			2)	dri	652	797	2.2891635E-4
			3)	dru	909	476	1.3671792E-4
			4)	dre	1248	253	7.26673E-5
		9)	du	0	0	0.0
			1)	dui	673	758	2.1771468E-4
			2)	dus	686	742	2.1311911E-4
			3)	dur	976	408	1.1718679E-4
			4)	duc	1042	360	1.0340011E-4
		10)	dh	0	0	0.0
			1)	dhe	919	468	1.3442014E-4
		11)	dz	0	0	0.0
			1)	dza	1029	370	1.0627234E-4
		12)	dp	0	0	0.0
			1)	dpu	1080	337	9.679399E-5
		13)	dg	0	0	0.0
			1)	dge	1240	257	7.381619E-5
	3)	_	0	0	0.0
		1)	_d	0	0	0.0
			1)	_de	3	45213	0.0129861925
			2)	_da	20	14128	0.00405788
			3)	_di	37	9718	0.0027912285
			4)	_do	143	3691	0.0010601383
			5)	_du	347	1476	4.2394045E-4
			6)	_dr	693	731	2.0995967E-4
		2)	_h	0	0	0.0
			1)	_he	6	25194	0.0072362847
			2)	_ho	217	2431	6.98238E-4
			3)	_ha	255	2029	5.827745E-4
			4)	_hi	305	1675	4.8109776E-4
			5)	_hu	369	1393	4.0010098E-4
		3)	_v	0	0	0.0
			1)	_va	7	21789	0.0062582917
			2)	_vo	22	12639	0.0036302055
			3)	_ve	32	10821	0.003108035
			4)	_vr	226	2346	6.7382405E-4
			5)	_vi	342	1507	4.3284436E-4
			6)	_vl	1170	286	8.214564E-5
		4)	_i	0	0	0.0
			1)	_in	13	15656	0.004496756
			2)	_is	63	6863	0.0019712083
			3)	_ik	94	5210	0.0014964294
			4)	_ie	756	639	1.835352E-4
			5)	_im	870	507	1.4562183E-4
		5)	_b	0	0	0.0
			1)	_be	15	14968	0.004299147
			2)	_bi	162	3261	9.366327E-4
			3)	_bu	471	1141	3.2772092E-4
			4)	_bl	637	817	2.3466081E-4
			5)	_br	737	663	1.9042855E-4
			6)	_bo	764	627	1.8008852E-4
			7)	_ba	820	559	1.6055739E-4
		6)	_g	0	0	0.0
			1)	_ge	18	14233	0.004088038
			2)	_gr	242	2197	6.310279E-4
			3)	_ga	375	1372	3.9406933E-4
			4)	_go	421	1261	3.6218762E-4
		7)	_e	0	0	0.0
			1)	_en	19	14217	0.004083443
			2)	_ee	27	11927	0.0034257032
			3)	_er	129	4103	0.001178474
			4)	_ec	295	1707	4.902889E-4
			5)	_ei	513	1027	2.9497754E-4
			6)	_el	778	606	1.7405686E-4
			7)	_ev	795	590	1.6946129E-4
			8)	_ex	1095	325	9.334732E-5
			9)	_eu	1215	267	7.668842E-5
			10)	_ef	1322	218	6.261451E-5
		8)	_t	0	0	0.0
			1)	_te	34	10558	0.0030324955
			2)	_to	103	4930	0.001416007
			3)	_tw	592	894	2.5677696E-4
			4)	_ti	634	821	2.358097E-4
			5)	_tu	716	694	1.9933244E-4
			6)	_tr	731	677	1.9444965E-4
			7)	_ta	953	433	1.2436736E-4
		9)	_m	0	0	0.0
			1)	_me	39	9406	0.0027016152
			2)	_mo	75	6317	0.0018143847
			3)	_ma	87	5364	0.0015406617
			4)	_mi	91	5227	0.0015013121
		10)	_o	0	0	0.0
			1)	_op	45	8306	0.0023856703
			2)	_on	50	7971	0.0022894507
			3)	_ov	122	4226	0.0012138024
			4)	_om	125	4165	0.0011962819
			5)	_oo	148	3554	0.0010207889
			6)	_of	368	1394	4.003882E-4
			7)	_or	887	493	1.4160071E-4
		11)	_w	0	0	0.0
			1)	_we	47	8067	0.0023170242
			2)	_wi	66	6712	0.0019278376
			3)	_wa	84	5526	0.0015871917
			4)	_wo	99	5058	0.0014527716
		12)	_z	0	0	0.0
			1)	_zi	59	7376	0.0021185535
			2)	_zo	105	4898	0.001406816
			3)	_ze	176	3088	8.869432E-4
			4)	_za	278	1828	5.2504276E-4
			5)	_zu	533	991	2.8463753E-4
			6)	_zw	1330	215	6.175284E-5
		13)	_a	0	0	0.0
			1)	_aa	68	6621	0.0019017004
			2)	_al	73	6387	0.0018344903
			3)	_af	315	1620	4.6530052E-4
			4)	_an	325	1575	4.5237548E-4
			5)	_ac	602	871	2.5017082E-4
			6)	_am	678	753	2.1627857E-4
			7)	_ar	680	752	2.1599134E-4
			8)	_au	999	391	1.1230401E-4
			9)	_ad	1244	255	7.324175E-5
			10)	_as	1335	211	6.0603954E-5
		14)	_s	0	0	0.0
			1)	_st	81	5898	0.0016940385
			2)	_so	343	1507	4.3284436E-4
			3)	_sp	469	1143	3.2829534E-4
			4)	_sc	472	1139	3.2714647E-4
			5)	_sa	598	875	2.5131973E-4
			6)	_sl	691	733	2.1053411E-4
			7)	_si	849	533	1.5308961E-4
			8)	_se	903	479	1.375796E-4
			9)	_su	1094	327	9.392177E-5
			10)	_sy	1227	262	7.5252305E-5
			11)	_sn	1231	258	7.410342E-5
		15)	_n	0	0	0.0
			1)	_ni	86	5486	0.0015757028
			2)	_na	142	3720	0.0010684679
			3)	_no	201	2676	7.686075E-4
			4)	_nu	485	1101	3.16232E-4
			5)	_ne	534	991	2.8463753E-4
		16)	_r	0	0	0.0
			1)	_re	109	4744	0.0013625837
			2)	_ri	509	1038	2.98137E-4
			3)	_ra	666	770	2.2116135E-4
			4)	_ro	826	556	1.5969573E-4
			5)	_ru	1198	275	7.8986195E-5
		17)	_c	0	0	0.0
			1)	_co	118	4368	0.001254588
			2)	_cr	1084	333	9.5645104E-5
			3)	_cu	1277	234	6.721007E-5
		18)	_u	0	0	0.0
			1)	_ui	140	3778	0.0010851268
			2)	_u_	321	1586	4.5553493E-4
			3)	_uw	947	439	1.2609069E-4
		19)	_p	0	0	0.0
			1)	_pr	164	3239	9.303138E-4
			2)	_pl	404	1300	3.7338928E-4
			3)	_po	419	1266	3.6362372E-4
			4)	_pa	483	1105	3.173809E-4
			5)	_pe	713	697	2.001941E-4
			6)	_pu	786	600	1.7233352E-4
		20)	_l	0	0	0.0
			1)	_la	210	2474	7.1058853E-4
			2)	_li	256	2020	5.801895E-4
			3)	_le	357	1444	4.1474935E-4
			4)	_lo	916	469	1.3470737E-4
		21)	_k	0	0	0.0
			1)	_ka	222	2366	6.795685E-4
			2)	_ku	272	1860	5.342339E-4
			3)	_ko	298	1691	4.856933E-4
			4)	_kr	684	745	2.1398079E-4
			5)	_kw	717	692	1.9875799E-4
			6)	_ke	766	626	1.7980131E-4
			7)	_kl	933	457	1.3126069E-4
			8)	_ki	1174	285	8.185842E-5
		22)	_j	0	0	0.0
			1)	_ja	556	956	2.7458475E-4
			2)	_ju	813	563	1.6170628E-4
		23)	_f	0	0	0.0
			1)	_fi	772	614	1.7635463E-4
			2)	_fe	924	466	1.338457E-4
			3)	_fu	1019	380	1.0914456E-4
			4)	_fr	1030	370	1.0627234E-4
			5)	_fo	1242	256	7.3528965E-5
			6)	_fa	1290	228	6.548674E-5
	4)	a	0	0	0.0
		1)	an	0	0	0.0
			1)	an_	4	28609	0.008217149
			2)	and	56	7406	0.00212717
			3)	ang	139	3850	0.0011058068
			4)	ant	213	2449	7.03408E-4
			5)	ank	496	1074	3.08477E-4
			6)	ani	658	785	2.2546969E-4
			7)	ans	720	690	1.9818355E-4
			8)	ann	732	674	1.9358798E-4
			9)	anc	735	672	1.9301355E-4
			10)	anv	1048	350	1.0052788E-4
			11)	ane	1192	276	7.927342E-5
			12)	anz	1274	237	6.807174E-5
			13)	anp	1308	223	6.4050626E-5
		2)	at	0	0	0.0
			1)	at_	17	14339	0.004118484
			2)	ati	119	4305	0.001236493
			3)	ate	189	2865	8.228925E-4
			4)	ats	383	1358	3.900482E-4
			5)	atr	783	601	1.7262074E-4
			6)	atu	880	499	1.4332404E-4
			7)	att	1001	390	1.1201679E-4
		3)	aa	0	0	0.0
			1)	aar	24	12280	0.0035270927
			2)	aan	41	9065	0.0026036722
			3)	aat	133	3980	0.0011431457
			4)	aal	253	2047	5.879445E-4
			5)	aag	314	1622	4.6587494E-4
			6)	aak	382	1364	3.9177152E-4
			7)	aad	958	429	1.2321847E-4
			8)	aam	960	428	1.2293125E-4
			9)	aas	1272	243	6.9795075E-5
		4)	ar	0	0	0.0
			1)	ar_	70	6538	0.0018778609
			2)	ard	248	2093	6.0115673E-4
			3)	ari	271	1862	5.348084E-4
			4)	art	354	1445	4.1503657E-4
			5)	aro	455	1169	3.3576315E-4
			6)	are	459	1161	3.3346537E-4
			7)	arm	787	598	1.7175908E-4
			8)	arb	790	593	1.7032296E-4
			9)	ara	817	561	1.6113184E-4
			10)	ark	836	546	1.568235E-4
			11)	arv	902	479	1.375796E-4
			12)	arl	1010	386	1.108679E-4
			13)	ars	1307	223	6.4050626E-5
		5)	al	0	0	0.0
			1)	al_	104	4917	0.0014122732
			2)	als	147	3555	0.0010210761
			3)	all	218	2425	6.965146E-4
			4)	ale	232	2312	6.640585E-4
			5)	ali	409	1289	3.7022986E-4
			6)	alt	889	492	1.4131349E-4
			7)	ald	900	483	1.3872849E-4
			8)	alg	1164	289	8.300731E-5
		6)	am	0	0	0.0
			1)	ame	180	3057	8.780393E-4
			2)	amm	707	706	2.027791E-4
			3)	amp	1153	295	8.4730644E-5
			4)	am_	1249	253	7.26673E-5
			5)	amb	1361	203	5.8306174E-5
		7)	ag	0	0	0.0
			1)	ag_	200	2680	7.697564E-4
			2)	age	297	1693	4.8626776E-4
			3)	ags	1112	313	8.9900655E-5
		8)	ac	0	0	0.0
			1)	ach	236	2249	6.459635E-4
			2)	act	497	1068	3.0675367E-4
		9)	ak	0	0	0.0
			1)	ake	261	1974	5.6697725E-4
			2)	ak_	482	1105	3.173809E-4
			3)	akt	644	811	2.3293747E-4
			4)	akk	893	490	1.4073904E-4
		10)	as	0	0	0.0
			1)	as_	408	1290	3.7051705E-4
			2)	ast	427	1246	3.5787927E-4
			3)	ass	819	559	1.6055739E-4
			4)	asi	1169	286	8.214564E-5
		11)	ap	0	0	0.0
			1)	app	429	1242	3.567304E-4
			2)	ap_	765	626	1.7980131E-4
		12)	ad	0	0	0.0
			1)	ade	440	1213	3.4840094E-4
			2)	ad_	784	601	1.7262074E-4
			3)	adr	1319	219	6.290174E-5
		13)	ai	0	0	0.0
			1)	air	681	747	2.1455523E-4
		14)	au	0	0	0.0
			1)	aut	694	730	2.0967245E-4
			2)	au_	1117	309	8.875176E-5
		15)	af	0	0	0.0
			1)	afg	699	717	2.0593856E-4
			2)	af_	996	397	1.14027345E-4
	5)	v	0	0	0.0
		1)	va	0	0	0.0
			1)	van	8	21556	0.0061913687
			2)	vaa	452	1182	3.3949703E-4
			3)	val	570	927	2.662553E-4
			4)	vas	921	467	1.3413292E-4
			5)	vat	1038	363	1.0426178E-4
		2)	ve	0	0	0.0
			1)	ver	12	16037	0.004606188
			2)	ven	144	3679	0.0010566917
			3)	vee	514	1023	2.9382866E-4
			4)	ve_	760	635	1.8238631E-4
			5)	vei	983	404	1.160379E-4
			6)	ves	1025	371	1.0655956E-4
			7)	vel	1049	349	1.00240664E-4
			8)	vea	1241	256	7.3528965E-5
		3)	vo	0	0	0.0
			1)	voo	31	10837	0.0031126307
			2)	vol	219	2416	6.939296E-4
			3)	voe	270	1879	5.3969113E-4
			4)	vor	359	1437	4.1273877E-4
		4)	vi	0	0	0.0
			1)	vin	390	1333	3.8286764E-4
			2)	vis	811	565	1.6228073E-4
			3)	vie	1166	287	8.243287E-5
			4)	vij	1332	212	6.0891176E-5
			5)	vit	1348	207	5.9455066E-5
		5)	vr	0	0	0.0
			1)	vra	428	1243	3.5701762E-4
			2)	vro	461	1154	3.314548E-4
			3)	vri	842	539	1.5481295E-4
			4)	vre	1007	387	1.1115512E-4
		6)	vl	0	0	0.0
			1)	vla	1310	221	6.347618E-5
	6)	i	0	0	0.0
		1)	in	0	0	0.0
			1)	ing	10	17457	0.0050140438
			2)	in_	29	11201	0.0032171796
			3)	ind	209	2484	7.134608E-4
			4)	ins	313	1628	4.675983E-4
			5)	int	430	1236	3.5500704E-4
			6)	ini	486	1099	3.1565755E-4
			7)	inn	539	988	2.8377585E-4
			8)	ina	596	885	2.5419195E-4
			9)	inz	853	527	1.5136627E-4
			10)	ine	927	463	1.3298403E-4
			11)	inv	1032	368	1.05697894E-4
			12)	inf	1096	323	9.2772876E-5
			13)	inc	1152	295	8.4730644E-5
		2)	ie	0	0	0.0
			1)	ie_	35	10440	0.0029986033
			2)	iet	102	4932	0.0014165816
			3)	ien	173	3089	8.872304E-4
			4)	ier	244	2145	6.1609235E-4
			5)	ieu	277	1841	5.2877667E-4
			6)	ied	307	1656	4.7564053E-4
			7)	ies	334	1534	4.4059937E-4
			8)	iek	399	1309	3.7597428E-4
			9)	iev	611	854	2.4528804E-4
			10)	ief	741	660	1.8956687E-4
			11)	iep	1237	257	7.381619E-5
			12)	iee	1238	257	7.381619E-5
			13)	iem	1263	248	7.123119E-5
			14)	iez	1287	229	6.577396E-5
		3)	ij	0	0	0.0
			1)	ijk	40	9083	0.0026088422
			2)	ijn	49	8014	0.0023018015
			3)	ij_	52	7613	0.002186625
			4)	ijd	229	2326	6.680796E-4
			5)	ijz	457	1162	3.3375257E-4
			6)	ijv	609	855	2.4557527E-4
			7)	ijf	616	844	2.4241582E-4
			8)	ijg	860	523	1.5021738E-4
			9)	ijs	877	500	1.4361127E-4
			10)	ije	1013	384	1.10293455E-4
			11)	ijl	1323	217	6.2327286E-5
		4)	is	0	0	0.0
			1)	is_	46	8200	0.0023552247
			2)	isc	214	2447	7.028335E-4
			3)	iss	269	1894	5.439995E-4
			4)	ist	340	1516	4.3542936E-4
			5)	ise	619	842	2.4184138E-4
			6)	ism	937	451	1.2953737E-4
			7)	isi	1099	321	9.219843E-5
			8)	isa	1188	278	7.9847865E-5
		5)	it	0	0	0.0
			1)	it_	78	6105	0.0017534936
			2)	ite	175	3088	8.869432E-4
			3)	iti	263	1970	5.658284E-4
			4)	itt	656	789	2.2661858E-4
			5)	itg	714	696	1.9990688E-4
			6)	its	814	562	1.6141907E-4
			7)	itu	888	492	1.4131349E-4
			8)	itv	936	452	1.2982459E-4
			9)	ita	1009	386	1.108679E-4
			10)	itb	1165	288	8.272009E-5
		6)	ik	0	0	0.0
			1)	ik_	85	5521	0.0015857556
			2)	ikk	444	1209	3.4725203E-4
			3)	ike	782	601	1.7262074E-4
			4)	ikt	1046	354	1.0167678E-4
		7)	id	0	0	0.0
			1)	id_	116	4459	0.0012807252
			2)	ids	265	1952	5.606584E-4
			3)	ide	316	1619	4.650133E-4
			4)	idi	519	1011	2.9038198E-4
			5)	idd	617	844	2.4241582E-4
		8)	ig	0	0	0.0
			1)	ige	153	3478	9.9896E-4
			2)	ig_	245	2111	6.063268E-4
			3)	igh	583	908	2.6079806E-4
			4)	igd	688	741	2.128319E-4
			5)	igi	890	491	1.4102626E-4
			6)	igt	1201	274	7.869898E-5
		9)	ic	0	0	0.0
			1)	ich	154	3474	9.978111E-4
			2)	ici	1055	348	9.995344E-5
			3)	ica	1267	247	7.094396E-5
		10)	il	0	0	0.0
			1)	ili	324	1576	4.526627E-4
			2)	ill	344	1492	4.28536E-4
			3)	il_	349	1467	4.2135545E-4
			4)	ilj	1230	258	7.410342E-5
		11)	io	0	0	0.0
			1)	ion	385	1349	3.874632E-4
			2)	ios	1200	274	7.869898E-5
			3)	iod	1364	201	5.773173E-5
		12)	ia	0	0	0.0
			1)	ial	548	969	2.7831862E-4
			2)	iat	993	398	1.1431457E-4
			3)	iaa	1185	279	8.013508E-5
			4)	ia_	1243	255	7.324175E-5
		13)	ir	0	0	0.0
			1)	ire	703	710	2.03928E-4
		14)	ië	0	0	0.0
			1)	iël	821	558	1.6027017E-4
		15)	iv	0	0	0.0
			1)	ive	908	476	1.3671792E-4
			2)	ivi	1140	300	8.616676E-5
		16)	im	0	0	0.0
			1)	imm	945	441	1.2666514E-4
			2)	imi	1305	224	6.4337844E-5
			3)	ime	1350	207	5.9455066E-5
		17)	if	0	0	0.0
			1)	ifi	1129	306	8.78901E-5
		18)	ip	0	0	0.0
			1)	ipe	1286	229	6.577396E-5
		19)	ib	0	0	0.0
			1)	ibe	1324	217	6.2327286E-5
	7)	h	0	0	0.0
		1)	he	0	0	0.0
			1)	het	11	17053	0.0048980056
			2)	hee	95	5198	0.0014929827
			3)	hei	155	3470	9.966622E-4
			4)	heb	194	2798	8.0364867E-4
			5)	her	299	1689	4.8511886E-4
			6)	he_	332	1542	4.4289714E-4
			7)	hed	653	793	2.2776746E-4
			8)	hel	750	647	1.8583298E-4
			9)	hem	1144	299	8.587954E-5
			10)	hen	1347	208	5.9742288E-5
		2)	ht	0	0	0.0
			1)	hte	183	2991	8.590826E-4
			2)	ht_	202	2598	7.462041E-4
			3)	hts	664	773	2.2202302E-4
			4)	hti	730	678	1.9473687E-4
			5)	htl	866	512	1.4705793E-4
		3)	ha	0	0	0.0
			1)	han	301	1688	4.8483163E-4
			2)	hap	406	1297	3.7252763E-4
			3)	haa	590	896	2.5735138E-4
			4)	had	800	585	1.6802519E-4
			5)	har	995	398	1.1431457E-4
			6)	hal	1256	250	7.180563E-5
		4)	hi	0	0	0.0
			1)	hie	353	1450	4.1647267E-4
			2)	hij	822	558	1.6027017E-4
			3)	hil	906	478	1.3729237E-4
			4)	hik	1075	338	9.708122E-5
		5)	ho	0	0	0.0
			1)	hou	384	1355	3.8918652E-4
			2)	hoo	507	1052	3.021581E-4
			3)	hoe	587	900	2.5850028E-4
			4)	hog	1341	209	6.002951E-5
		6)	hu	0	0	0.0
			1)	hun	613	853	2.4500082E-4
			2)	hui	964	425	1.2206958E-4
			3)	hul	994	398	1.1431457E-4
		7)	hr	0	0	0.0
			1)	hri	1078	337	9.679399E-5
	8)	o	0	0	0.0
		1)	oo	0	0	0.0
			1)	oor	14	15397	0.004422365
			2)	ook	179	3070	8.817732E-4
			3)	oog	712	698	2.0048133E-4
			4)	oop	885	493	1.4160071E-4
			5)	ood	895	486	1.3959015E-4
			6)	oon	926	463	1.3298403E-4
			7)	oot	939	448	1.2867569E-4
			8)	oof	944	441	1.2666514E-4
			9)	ooi	1225	262	7.5252305E-5
			10)	oos	1303	224	6.4337844E-5
		2)	or	0	0	0.0
			1)	or_	44	8479	0.0024353599
			2)	ord	58	7388	0.002122
			3)	orm	300	1688	4.8483163E-4
			4)	org	311	1634	4.6932162E-4
			5)	ort	335	1533	4.4031214E-4
			6)	ors	484	1103	3.1680646E-4
			7)	orz	508	1046	3.0043477E-4
			8)	ori	706	707	2.0306633E-4
			9)	ore	761	631	1.8123742E-4
			10)	orb	847	537	1.542385E-4
			11)	ora	892	490	1.4073904E-4
			12)	orl	1194	275	7.8986195E-5
			13)	ork	1312	221	6.347618E-5
			14)	orw	1363	201	5.773173E-5
		3)	op	0	0	0.0
			1)	op_	72	6401	0.0018385114
			2)	ope	559	940	2.699892E-4
			3)	opg	827	555	1.594085E-4
			4)	opl	963	426	1.223568E-4
			5)	opt	1191	277	7.956064E-5
			6)	opm	1265	247	7.094396E-5
			7)	opn	1359	203	5.8306174E-5
		4)	ov	0	0	0.0
			1)	ove	88	5341	0.0015340556
		5)	on	0	0	0.0
			1)	ond	92	5211	0.0014967166
			2)	ont	206	2532	7.2724745E-4
			3)	ons	280	1821	5.230322E-4
			4)	ona	431	1235	3.547198E-4
			5)	onz	434	1221	3.506987E-4
			6)	ono	541	983	2.8233975E-4
			7)	one	661	777	2.2317191E-4
			8)	onc	710	700	2.0105577E-4
			9)	ong	744	658	1.8899243E-4
			10)	on_	882	496	1.4246238E-4
			11)	onf	1070	340	9.765566E-5
			12)	oni	1254	250	7.180563E-5
			13)	onv	1282	231	6.63484E-5
		6)	oe	0	0	0.0
			1)	oet	117	4445	0.0012767041
			2)	oed	267	1928	5.5376504E-4
			3)	oer	303	1679	4.8224663E-4
			4)	oen	355	1444	4.1474935E-4
			5)	oel	438	1214	3.4868816E-4
			6)	oeg	481	1106	3.1766813E-4
			7)	oek	505	1056	3.03307E-4
			8)	oe_	579	913	2.6223419E-4
			9)	oep	669	764	2.1943802E-4
			10)	oei	808	570	1.6371685E-4
			11)	oev	1074	338	9.708122E-5
			12)	oem	1126	307	8.8177316E-5
			13)	oef	1186	278	7.9847865E-5
			14)	oes	1213	267	7.668842E-5
		7)	om	0	0	0.0
			1)	om_	127	4129	0.0011859419
			2)	ome	235	2263	6.499846E-4
			3)	omm	320	1597	4.5869438E-4
			4)	omi	488	1092	3.13647E-4
			5)	oms	501	1058	3.0388145E-4
			6)	omd	834	548	1.5739795E-4
			7)	omt	1035	367	1.0541067E-4
			8)	omp	1221	265	7.6113975E-5
		8)	ok	0	0	0.0
			1)	ok_	178	3071	8.820604E-4
			2)	okk	1100	320	9.191121E-5
			3)	oke	1168	287	8.243287E-5
		9)	ot	0	0	0.0
			1)	ot_	231	2318	6.6578184E-4
			2)	ote	506	1054	3.0273254E-4
			3)	oti	1211	268	7.697564E-5
			4)	ots	1270	244	7.00823E-5
		10)	ou	0	0	0.0
			1)	ouw	273	1856	5.33085E-4
			2)	oud	283	1786	5.1297946E-4
			3)	ou_	473	1135	3.2599756E-4
		11)	og	0	0	0.0
			1)	og_	306	1669	4.793744E-4
			2)	oge	326	1574	4.5208828E-4
			3)	ogr	708	703	2.0191744E-4
			4)	ogi	1012	384	1.10293455E-4
		12)	of	0	0	0.0
			1)	of_	346	1479	4.2480213E-4
			2)	off	1022	377	1.082829E-4
			3)	ofd	1253	251	7.209286E-5
		13)	ol	0	0	0.0
			1)	oli	502	1058	3.0388145E-4
			2)	olg	503	1058	3.0388145E-4
			3)	oll	599	873	2.5074527E-4
			4)	olk	865	513	1.4734516E-4
			5)	olu	911	475	1.3643071E-4
			6)	ole	946	440	1.2637791E-4
			7)	ol_	981	405	1.1632513E-4
			8)	olo	1163	289	8.300731E-5
			9)	old	1181	281	8.0709535E-5
		14)	oc	0	0	0.0
			1)	oci	595	888	2.550536E-4
			2)	oce	791	592	1.7003574E-4
			3)	och	861	520	1.4935572E-4
			4)	ocr	1016	382	1.0971901E-4
		15)	oa	0	0	0.0
			1)	oal	647	808	2.320758E-4
		16)	ob	0	0	0.0
			1)	obl	702	715	2.0536411E-4
		17)	os	0	0	0.0
			1)	ost	768	623	1.7893963E-4
			2)	os_	891	490	1.4073904E-4
			3)	oss	1085	332	9.535788E-5
			4)	osi	1190	277	7.956064E-5
		18)	od	0	0	0.0
			1)	ode	770	615	1.7664186E-4
			2)	odi	835	548	1.5739795E-4
			3)	odu	1077	337	9.679399E-5
			4)	odz	1116	309	8.875176E-5
			5)	oda	1209	269	7.726286E-5
		19)	oj	0	0	0.0
			1)	oje	1246	254	7.295452E-5
		20)	ow	0	0	0.0
			1)	owe	1317	219	6.290174E-5
		21)	oz	0	0	0.0
			1)	oze	1358	203	5.8306174E-5
	9)	g	0	0	0.0
		1)	ge	0	0	0.0
			1)	gen	21	13647	0.003919726
			2)	gel	101	4948	0.0014211771
			3)	gev	160	3281	9.4237714E-4
			4)	ge_	203	2558	7.3471526E-4
			5)	geb	211	2461	7.068546E-4
			6)	ger	216	2432	6.985252E-4
			7)	ges	268	1924	5.5261614E-4
			8)	gem	350	1467	4.2135545E-4
			9)	gee	370	1388	3.9866488E-4
			10)	gez	411	1283	3.685065E-4
			11)	ged	522	1007	2.8923308E-4
			12)	gew	572	925	2.6568084E-4
			13)	geh	696	722	2.0737467E-4
			14)	gek	773	613	1.760674E-4
			15)	get	823	558	1.6027017E-4
			16)	geg	868	511	1.4677072E-4
			17)	gep	1024	372	1.0684678E-4
			18)	gea	1127	307	8.8177316E-5
			19)	gec	1334	211	6.0603954E-5
		2)	gr	0	0	0.0
			1)	gro	240	2235	6.419424E-4
			2)	gra	397	1314	3.774104E-4
			3)	gri	448	1195	3.4323093E-4
			4)	gre	997	395	1.134529E-4
		3)	gi	0	0	0.0
			1)	gin	266	1933	5.5520114E-4
			2)	gio	725	686	1.9703466E-4
			3)	gie	923	466	1.338457E-4
			4)	gis	1011	385	1.1058067E-4
		4)	ga	0	0	0.0
			1)	gaa	328	1571	4.512266E-4
			2)	gan	643	812	2.332247E-4
			3)	gas	1079	337	9.679399E-5
		5)	gd	0	0	0.0
			1)	gd_	415	1278	3.670704E-4
			2)	gde	863	514	1.4763238E-4
			3)	gdh	1293	227	6.5199514E-5
		6)	go	0	0	0.0
			1)	goe	416	1276	3.6649595E-4
		7)	gg	0	0	0.0
			1)	gge	510	1037	2.9784977E-4
		8)	gh	0	0	0.0
			1)	ghe	591	896	2.5735138E-4
		9)	gt	0	0	0.0
			1)	gt_	623	839	2.409797E-4
		10)	gs	0	0	0.0
			1)	gst	793	591	1.6974851E-4
			2)	gsp	962	427	1.2264402E-4
			3)	gsb	1268	246	7.0656744E-5
	10)	n	0	0	0.0
		1)	ng	0	0	0.0
			1)	ng_	23	12369	0.0035526555
			2)	nge	65	6780	0.0019473687
			3)	ngs	262	1970	5.658284E-4
			4)	ngr	538	989	2.8406308E-4
			5)	ngi	1234	257	7.381619E-5
		2)	nd	0	0	0.0
			1)	nde	26	12098	0.0034748183
			2)	nd_	156	3464	9.949389E-4
			3)	ndi	462	1154	3.314548E-4
			4)	nda	463	1153	3.3116757E-4
			5)	nds	632	822	2.3609692E-4
			6)	ndp	1059	345	9.9091776E-5
			7)	ndh	1114	311	8.9326204E-5
			8)	ndu	1183	280	8.042231E-5
			9)	ndb	1320	218	6.261451E-5
		3)	ni	0	0	0.0
			1)	nie	79	6063	0.0017414303
			2)	nin	363	1429	4.10441E-4
			3)	nis	410	1288	3.6994263E-4
			4)	nig	771	615	1.7664186E-4
			5)	nit	825	556	1.5969573E-4
			6)	niv	1113	311	8.9326204E-5
		4)	ne	0	0	0.0
			1)	nen	114	4556	0.0013085859
			2)	nem	379	1367	3.926332E-4
			3)	ne_	574	923	2.6510638E-4
			4)	ner	610	854	2.4528804E-4
			5)	nee	670	762	2.1886357E-4
			6)	nel	914	471	1.352818E-4
			7)	net	1053	348	9.995344E-5
		5)	ns	0	0	0.0
			1)	ns_	138	3878	0.001113849
			2)	nst	224	2349	6.7468575E-4
			3)	nse	420	1264	3.6304927E-4
			4)	nsc	698	719	2.06513E-4
			5)	nsp	930	461	1.324096E-4
			6)	nsi	1298	225	6.462507E-5
		6)	nt	0	0	0.0
			1)	nte	149	3530	0.0010138955
			2)	nt_	181	3020	8.674121E-4
			3)	ntw	279	1823	5.2360666E-4
			4)	nti	352	1458	4.1877045E-4
			5)	nta	614	849	2.4385193E-4
			6)	ntr	618	842	2.4184138E-4
			7)	nts	1233	257	7.381619E-5
		7)	nn	0	0	0.0
			1)	nne	159	3298	9.472599E-4
			2)	nni	876	500	1.4361127E-4
		8)	nh	0	0	0.0
			1)	nhe	254	2046	5.876573E-4
			2)	nha	1266	247	7.094396E-5
		9)	na	0	0	0.0
			1)	naa	285	1784	5.12405E-4
			2)	nat	392	1327	3.811443E-4
			3)	nal	495	1074	3.08477E-4
			4)	nam	527	1000	2.8722253E-4
			5)	nan	753	641	1.8410964E-4
			6)	nau	896	485	1.3930292E-4
			7)	nad	950	435	1.249418E-4
			8)	na_	954	432	1.2408014E-4
		10)	nz	0	0	0.0
			1)	nze	333	1536	4.4117382E-4
			2)	nzi	1066	342	9.8230106E-5
			3)	nza	1154	294	8.4443425E-5
		11)	no	0	0	0.0
			1)	nom	356	1444	4.1474935E-4
			2)	nog	391	1329	3.8171874E-4
			3)	noe	749	650	1.8669464E-4
			4)	noo	846	538	1.5452573E-4
			5)	nod	931	461	1.324096E-4
			6)	nor	1101	320	9.191121E-5
		12)	nk	0	0	0.0
			1)	nke	425	1250	3.5902817E-4
			2)	nk_	802	584	1.6773796E-4
			3)	nko	833	550	1.5797239E-4
		13)	nu	0	0	0.0
			1)	nu_	549	968	2.7803142E-4
		14)	nc	0	0	0.0
			1)	nci	608	855	2.4557527E-4
			2)	ncu	1172	285	8.185842E-5
			3)	nct	1367	200	5.7444508E-5
		15)	nw	0	0	0.0
			1)	nwe	683	745	2.1398079E-4
			2)	nwo	1110	314	9.0187874E-5
		16)	nl	0	0	0.0
			1)	nli	724	687	1.9732188E-4
			2)	nla	1275	235	6.74973E-5
			3)	nle	1318	219	6.290174E-5
		17)	nv	0	0	0.0
			1)	nve	998	391	1.1230401E-4
			2)	nvo	1058	345	9.9091776E-5
			3)	nva	1184	279	8.013508E-5
		18)	nb	0	0	0.0
			1)	nbe	1031	368	1.05697894E-4
			2)	nba	1304	224	6.4337844E-5
		19)	nr	0	0	0.0
			1)	nre	1098	322	9.248566E-5
		20)	nf	0	0	0.0
			1)	nfo	1195	275	7.8986195E-5
			2)	nfe	1339	209	6.002951E-5
		21)	np	0	0	0.0
			1)	npa	1222	264	7.582675E-5
		22)	nm	0	0	0.0
			1)	nmi	1362	202	5.801895E-5
	11)	t	0	0	0.0
		1)	te	0	0	0.0
			1)	ten	25	12109	0.0034779776
			2)	te_	30	11151	0.0032028186
			3)	ter	57	7398	0.0021248723
			4)	tel	110	4740	0.0013614348
			5)	teg	289	1740	4.997672E-4
			6)	tei	374	1378	3.9579265E-4
			7)	tee	422	1255	3.6046427E-4
			8)	teu	443	1209	3.4725203E-4
			9)	tem	576	915	2.628086E-4
			10)	tek	660	778	2.2345912E-4
			11)	tec	1155	293	8.41562E-5
		2)	ti	0	0	0.0
			1)	tie	54	7527	0.002161924
			2)	tij	330	1560	4.4806715E-4
			3)	tin	380	1365	3.9205875E-4
			4)	tig	436	1219	3.5012426E-4
			5)	tio	504	1057	3.0359422E-4
			6)	tis	593	893	2.5648973E-4
			7)	tia	1028	370	1.0627234E-4
			8)	tik	1138	301	8.645398E-5
			9)	tit	1223	263	7.553952E-5
			10)	tiv	1315	220	6.3188956E-5
			11)	tim	1355	205	5.8880618E-5
		3)	tr	0	0	0.0
			1)	tre	170	3148	9.0417656E-4
			2)	tra	367	1397	4.0124988E-4
			3)	tro	398	1309	3.7597428E-4
			4)	tru	659	784	2.2518246E-4
			5)	tri	701	715	2.0536411E-4
		4)	to	0	0	0.0
			1)	toe	196	2728	7.8354304E-4
			2)	tot	251	2049	5.88519E-4
			3)	tor	612	853	2.4500082E-4
			4)	toc	1193	275	7.8986195E-5
			5)	tof	1314	220	6.3188956E-5
			6)	ton	1357	203	5.8306174E-5
		5)	ta	0	0	0.0
			1)	taa	234	2266	6.508463E-4
			2)	tat	360	1435	4.1216434E-4
			3)	tan	407	1291	3.7080428E-4
			4)	tal	589	897	2.576386E-4
			5)	tai	728	680	1.9531132E-4
		6)	tt	0	0	0.0
			1)	tte	281	1799	5.1671336E-4
			2)	tti	1137	301	8.645398E-5
		7)	tw	0	0	0.0
			1)	twi	414	1278	3.670704E-4
			2)	twe	490	1085	3.1163645E-4
			3)	two	743	658	1.8899243E-4
		8)	ts	0	0	0.0
			1)	ts_	435	1220	3.504115E-4
			2)	tst	544	971	2.7889307E-4
			3)	tsc	1210	268	7.697564E-5
			4)	tse	1232	257	7.381619E-5
			5)	tsl	1258	249	7.151841E-5
		9)	tg	0	0	0.0
			1)	tge	474	1134	3.2571034E-4
			2)	tga	1161	290	8.329454E-5
		10)	tu	0	0	0.0
			1)	tuu	518	1013	2.9095644E-4
			2)	tus	692	732	2.102469E-4
			3)	tua	992	398	1.1431457E-4
			4)	tur	1061	344	9.880455E-5
			5)	tui	1105	317	9.1049544E-5
			6)	tuk	1119	308	8.846454E-5
		11)	tl	0	0	0.0
			1)	tli	816	561	1.6113184E-4
		12)	tv	0	0	0.0
			1)	tvo	938	448	1.2867569E-4
			2)	tva	1146	297	8.5305095E-5
		13)	tb	0	0	0.0
			1)	tbr	1175	282	8.099675E-5
		14)	th	0	0	0.0
			1)	the	1356	205	5.8880618E-5
	12)	s	0	0	0.0
		1)	st	0	0	0.0
			1)	ste	36	10089	0.002897788
			2)	sta	112	4655	0.0013370209
			3)	st_	167	3188	9.156654E-4
			4)	str	198	2690	7.726286E-4
			5)	sti	252	2049	5.88519E-4
			6)	stu	747	650	1.8669464E-4
			7)	sto	956	430	1.2350568E-4
		2)	sc	0	0	0.0
			1)	sch	61	7182	0.0020628322
		3)	se	0	0	0.0
			1)	sen	195	2738	7.864153E-4
			2)	sel	565	934	2.6826584E-4
			3)	ser	586	904	2.5964918E-4
			4)	se_	843	539	1.5481295E-4
			5)	sec	977	406	1.1661235E-4
			6)	see	1124	307	8.8177316E-5
		4)	ss	0	0	0.0
			1)	sse	282	1793	5.1499E-4
			2)	ssi	441	1210	3.4753926E-4
			3)	ssa	626	832	2.3896915E-4
			4)	sst	1252	251	7.209286E-5
		5)	sp	0	0	0.0
			1)	spr	312	1633	4.690344E-4
			2)	spe	552	964	2.7688252E-4
			3)	spa	951	434	1.2465457E-4
			4)	spo	1203	272	7.8124525E-5
		6)	sl	0	0	0.0
			1)	sla	319	1605	4.6099216E-4
			2)	slu	719	690	1.9818355E-4
			3)	slo	852	528	1.516535E-4
			4)	sle	943	441	1.2666514E-4
			5)	sli	1043	358	1.0282567E-4
		7)	si	0	0	0.0
			1)	sie	511	1029	2.95552E-4
			2)	sin	545	971	2.7889307E-4
			3)	sit	723	688	1.976091E-4
			4)	sis	1086	328	9.420899E-5
		8)	sa	0	0	0.0
			1)	sam	566	934	2.6826584E-4
			2)	sar	746	651	1.8698187E-4
			3)	sat	1131	304	8.731565E-5
		9)	so	0	0	0.0
			1)	soc	597	882	2.5333028E-4
			2)	sol	780	603	1.7319519E-4
			3)	soo	1018	380	1.0914456E-4
			4)	som	1147	296	8.501787E-5
			5)	son	1205	270	7.755008E-5
		10)	sb	0	0	0.0
			1)	sbe	785	600	1.7233352E-4
		11)	sm	0	0	0.0
			1)	sme	881	498	1.4303681E-4
		12)	sg	0	0	0.0
			1)	sge	1142	299	8.587954E-5
		13)	sy	0	0	0.0
			1)	sys	1150	295	8.4730644E-5
		14)	sn	0	0	0.0
			1)	sne	1167	287	8.243287E-5
		15)	su	0	0	0.0
			1)	sul	1250	252	7.238008E-5
	13)	m	0	0	0.0
		1)	me	0	0	0.0
			1)	men	38	9600	0.0027573362
			2)	met	111	4657	0.0013375953
			3)	mee	187	2869	8.2404143E-4
			4)	me_	386	1347	3.8688874E-4
			5)	mer	405	1299	3.7310206E-4
			6)	mev	721	689	1.9789633E-4
			7)	med	812	565	1.6228073E-4
			8)	mel	855	526	1.5107905E-4
		2)	mo	0	0	0.0
			1)	moe	113	4642	0.001333287
			2)	mog	492	1081	3.1048755E-4
			3)	moc	988	399	1.1460179E-4
			4)	mon	1037	365	1.04836225E-4
			5)	mom	1102	320	9.191121E-5
			6)	mod	1218	266	7.640119E-5
		3)	ma	0	0	0.0
			1)	maa	124	4178	0.0012000158
			2)	man	663	775	2.2259746E-4
			3)	mak	671	761	2.1857634E-4
			4)	mat	672	760	2.1828912E-4
			5)	mar	762	630	1.809502E-4
			6)	ma_	874	503	1.4447293E-4
			7)	mas	1148	296	8.501787E-5
			8)	mag	1204	272	7.8124525E-5
		4)	mi	0	0	0.0
			1)	mij	172	3107	8.924004E-4
			2)	min	212	2455	7.0513133E-4
			3)	mis	260	1980	5.687006E-4
			4)	mil	557	949	2.725742E-4
			5)	mid	624	838	2.4069248E-4
			6)	mie	1104	318	9.133676E-5
			7)	mig	1106	317	9.1049544E-5
		5)	mm	0	0	0.0
			1)	mmi	351	1459	4.1905767E-4
			2)	mme	679	752	2.1599134E-4
			3)	mma	763	629	1.8066297E-4
			4)	mmu	973	412	1.1833568E-4
		6)	ms	0	0	0.0
			1)	mst	524	1005	2.8865866E-4
		7)	mt	0	0	0.0
			1)	mt_	776	610	1.7520574E-4
		8)	md	0	0	0.0
			1)	mda	845	539	1.5481295E-4
			2)	md_	1087	328	9.420899E-5
		9)	mu	0	0	0.0
			1)	mun	883	495	1.4217515E-4
			2)	mul	1226	262	7.5252305E-5
		10)	mp	0	0	0.0
			1)	mpe	1276	234	6.721007E-5
	14)	l	0	0	0.0
		1)	li	0	0	0.0
			1)	lij	42	8980	0.0025792583
			2)	lin	152	3492	0.0010029811
			3)	lit	403	1300	3.7338928E-4
			4)	lid	412	1280	3.6764485E-4
			5)	lie	470	1141	3.2772092E-4
			6)	lis	521	1008	2.895203E-4
			7)	lig	529	995	2.8578643E-4
			8)	lic	654	791	2.2719303E-4
		2)	ll	0	0	0.0
			1)	lle	71	6521	0.0018729782
			2)	lli	394	1325	3.8056987E-4
		3)	le	0	0	0.0
			1)	len	77	6192	0.0017784819
			2)	le_	93	5210	0.0014964294
			3)	lei	221	2368	6.8014296E-4
			4)	leg	257	2003	5.753067E-4
			5)	lee	339	1518	4.3600381E-4
			6)	lem	523	1006	2.8894586E-4
			7)	lev	588	898	2.5792583E-4
			8)	led	705	708	2.0335356E-4
			9)	ler	806	578	1.6601462E-4
			10)	lec	970	416	1.19484575E-4
			11)	les	1196	275	7.8986195E-5
		4)	la	0	0	0.0
			1)	lan	126	4156	0.0011936969
			2)	laa	327	1574	4.5208828E-4
			3)	lag	348	1469	4.219299E-4
			4)	lat	550	968	2.7803142E-4
			5)	las	1050	349	1.00240664E-4
			6)	lar	1255	250	7.180563E-5
		5)	ls	0	0	0.0
			1)	ls_	135	3897	0.0011193062
			2)	lst	851	529	1.5194072E-4
		6)	ld	0	0	0.0
			1)	ld_	241	2199	6.3160236E-4
			2)	lde	543	981	2.817653E-4
			3)	ldo	1309	222	6.37634E-5
		7)	lg	0	0	0.0
			1)	lge	437	1216	3.492626E-4
		8)	lu	0	0	0.0
			1)	lui	636	818	2.3494803E-4
			2)	lut	959	428	1.2293125E-4
		9)	lo	0	0	0.0
			1)	loo	662	777	2.2317191E-4
			2)	lot	840	543	1.5596184E-4
			3)	log	955	432	1.2408014E-4
			4)	los	1015	383	1.1000623E-4
			5)	lop	1020	379	1.0885734E-4
		10)	lt	0	0	0.0
			1)	lt_	805	580	1.6658907E-4
			2)	lti	1120	308	8.846454E-5
			3)	ltu	1261	248	7.123119E-5
			4)	lta	1295	226	6.4912296E-5
		11)	lk	0	0	0.0
			1)	lke	850	531	1.5251516E-4
			2)	lki	1292	227	6.5199514E-5
			3)	lk_	1313	221	6.347618E-5
		12)	lf	0	0	0.0
			1)	lf_	1004	389	1.1172956E-4
			2)	lfs	1128	306	8.78901E-5
			3)	lfd	1281	232	6.663563E-5
	15)	c	0	0	0.0
		1)	ch	0	0	0.0
			1)	cht	48	8061	0.0023153007
			2)	che	205	2539	7.29258E-4
			3)	ch_	250	2053	5.896679E-4
			4)	cha	275	1851	5.316489E-4
			5)	chi	413	1279	3.6735763E-4
			6)	chr	884	494	1.4188793E-4
			7)	cho	990	399	1.1460179E-4
			8)	chn	1260	249	7.151841E-5
			9)	chu	1343	209	6.002951E-5
		2)	co	0	0	0.0
			1)	con	188	2866	8.231798E-4
			2)	com	288	1743	5.006289E-4
			3)	col	818	560	1.6084462E-4
		3)	ct	0	0	0.0
			1)	cti	362	1430	4.1072821E-4
			2)	cte	722	689	1.9789633E-4
			3)	ctu	864	514	1.4763238E-4
			4)	cto	920	468	1.3442014E-4
			5)	ct_	966	422	1.2120791E-4
		4)	ci	0	0	0.0
			1)	cia	520	1011	2.9038198E-4
			2)	cië	854	527	1.5136627E-4
			3)	cie	1021	378	1.08570115E-4
			4)	cip	1139	301	8.645398E-5
		5)	ce	0	0	0.0
			1)	cen	879	499	1.4332404E-4
			2)	ces	940	448	1.2867569E-4
			3)	ced	1182	281	8.0709535E-5
		6)	cr	0	0	0.0
			1)	cra	949	436	1.2522902E-4
			2)	cre	984	403	1.1575068E-4
			3)	cri	1115	311	8.9326204E-5
		7)	cu	0	0	0.0
			1)	cul	1045	355	1.01964E-4
			2)	cur	1123	308	8.846454E-5
	16)	r	0	0	0.0
		1)	rd	0	0	0.0
			1)	rde	60	7279	0.0020906928
			2)	rd_	185	2926	8.4041315E-4
			3)	rdt	310	1635	4.6960884E-4
			4)	rdi	417	1274	3.659215E-4
			5)	rda	1206	270	7.755008E-5
			6)	rdo	1280	232	6.663563E-5
			7)	rdr	1291	227	6.5199514E-5
		2)	re	0	0	0.0
			1)	ren	69	6540	0.0018784354
			2)	re_	186	2877	8.2633924E-4
			3)	reg	215	2444	7.019719E-4
			4)	rec	239	2235	6.419424E-4
			5)	ree	308	1655	4.753533E-4
			6)	rek	309	1641	4.7133217E-4
			7)	rei	372	1383	3.9722875E-4
			8)	res	424	1251	3.593154E-4
			9)	red	498	1066	3.0617922E-4
			10)	ref	607	857	2.4614972E-4
			11)	rel	830	552	1.5854684E-4
			12)	rea	1003	389	1.1172956E-4
			13)	rev	1151	295	8.4730644E-5
			14)	ret	1171	285	8.185842E-5
		3)	ri	0	0	0.0
			1)	rin	141	3752	0.001077659
			2)	rij	146	3577	0.001027395
			3)	ris	365	1411	4.0527098E-4
			4)	ric	446	1207	3.466776E-4
			5)	rie	674	755	2.1685302E-4
			6)	rit	736	670	1.924391E-4
			7)	rig	857	524	1.5050461E-4
			8)	rio	1017	381	1.09431785E-4
		4)	rs	0	0	0.0
			1)	rst	197	2695	7.7406474E-4
			2)	rs_	220	2383	6.844513E-4
			3)	rsc	387	1339	3.8459097E-4
			4)	rsl	526	1004	2.8837143E-4
			5)	rso	1220	265	7.6113975E-5
			6)	rsp	1288	228	6.548674E-5
		5)	rg	0	0	0.0
			1)	rge	230	2318	6.6578184E-4
			2)	rga	727	681	1.9559855E-4
			3)	rgi	1311	221	6.347618E-5
			4)	rgo	1353	206	5.916784E-5
		6)	ra	0	0	0.0
			1)	raa	247	2095	6.017312E-4
			2)	ran	366	1401	4.0239876E-4
			3)	rat	442	1210	3.4753926E-4
			4)	rag	460	1157	3.3231647E-4
			5)	rac	530	993	2.8521198E-4
			6)	ram	563	936	2.688403E-4
			7)	ral	657	786	2.2575691E-4
			8)	rak	809	569	1.6342962E-4
			9)	rap	935	452	1.2982459E-4
			10)	raf	1109	314	9.0187874E-5
		7)	rt	0	0	0.0
			1)	rt_	358	1441	4.1388767E-4
			2)	rte	477	1121	3.2197646E-4
			3)	rti	646	808	2.320758E-4
			4)	rtr	1208	269	7.726286E-5
			5)	rtu	1228	259	7.4390635E-5
			6)	rto	1294	226	6.4912296E-5
		8)	ro	0	0	0.0
			1)	rou	381	1364	3.9177152E-4
			2)	ron	433	1234	3.5443262E-4
			3)	roe	546	971	2.7889307E-4
			4)	rom	560	939	2.6970197E-4
			5)	rot	562	936	2.688403E-4
			6)	rob	635	820	2.3552247E-4
			7)	roo	709	701	2.0134299E-4
			8)	rog	733	673	1.9330076E-4
			9)	rol	740	661	1.898541E-4
			10)	roc	779	604	1.734824E-4
			11)	rok	841	541	1.5538739E-4
			12)	rop	844	539	1.5481295E-4
			13)	rod	1062	344	9.880455E-5
			14)	rov	1134	302	8.67412E-5
			15)	roj	1229	258	7.410342E-5
			16)	rof	1349	207	5.9455066E-5
		9)	rk	0	0	0.0
			1)	rke	445	1208	3.469648E-4
			2)	rki	515	1018	2.9239253E-4
			3)	rkt	569	928	2.665425E-4
			4)	rkg	928	462	1.326968E-4
			5)	rk_	929	462	1.326968E-4
			6)	rkl	979	406	1.1661235E-4
			7)	rko	1176	282	8.099675E-5
		10)	rz	0	0	0.0
			1)	rzi	466	1148	3.2973147E-4
			2)	rzo	754	639	1.835352E-4
			3)	rza	1047	353	1.0138955E-4
		11)	rm	0	0	0.0
			1)	rmi	475	1131	3.248487E-4
			2)	rme	480	1113	3.196787E-4
			3)	rma	901	481	1.3815404E-4
			4)	rmo	1157	292	8.386898E-5
			5)	rm_	1289	228	6.548674E-5
		12)	rb	0	0	0.0
			1)	rbe	478	1118	3.2111479E-4
			2)	rbi	873	503	1.4447293E-4
			3)	rba	1073	339	9.736844E-5
		13)	rv	0	0	0.0
			1)	rvo	489	1089	3.1278533E-4
			2)	rva	638	816	2.3437358E-4
			3)	rve	1346	208	5.9742288E-5
		14)	ru	0	0	0.0
			1)	rui	491	1082	3.1077478E-4
			2)	ruc	794	590	1.6946129E-4
			3)	ruk	961	427	1.2264402E-4
			4)	rug	1068	341	9.794288E-5
			5)	rum	1284	230	6.6061184E-5
		15)	rl	0	0	0.0
			1)	rli	585	905	2.5993638E-4
			2)	rle	648	807	2.3178858E-4
			3)	rlo	1125	307	8.8177316E-5
		16)	rh	0	0	0.0
			1)	rhe	622	839	2.409797E-4
			2)	rha	828	554	1.5912128E-4
		17)	rn	0	0	0.0
			1)	rne	642	812	2.332247E-4
			2)	rna	872	504	1.4476015E-4
			3)	rni	1333	211	6.0603954E-5
		18)	rr	0	0	0.0
			1)	rre	759	636	1.8267352E-4
			2)	rri	1352	206	5.916784E-5
		19)	rw	0	0	0.0
			1)	rwe	788	596	1.7118463E-4
			2)	rwa	978	406	1.1661235E-4
			3)	rwi	1034	367	1.0541067E-4
		20)	rp	0	0	0.0
			1)	rpl	1331	213	6.11784E-5
			2)	rpe	1366	200	5.7444508E-5
	17)	k	0	0	0.0
		1)	ke	0	0	0.0
			1)	ken	76	6308	0.0018117997
			2)	ke_	123	4219	0.0012117919
			3)	kel	192	2837	8.148503E-4
			4)	ker	376	1371	3.937821E-4
			5)	keu	1036	366	1.0512345E-4
			6)	kee	1091	327	9.392177E-5
		2)	ko	0	0	0.0
			1)	kom	204	2540	7.2954525E-4
			2)	kor	1067	342	9.8230106E-5
			3)	kos	1187	278	7.9847865E-5
			4)	koo	1360	203	5.8306174E-5
		3)	kk	0	0	0.0
			1)	kke	225	2349	6.7468575E-4
			2)	kki	803	582	1.6716351E-4
		4)	kt	0	0	0.0
			1)	kt_	237	2248	6.456763E-4
			2)	kte	824	557	1.5998296E-4
		5)	ki	0	0	0.0
			1)	kin	264	1957	5.620945E-4
		6)	ku	0	0	0.0
			1)	kun	274	1856	5.33085E-4
		7)	ka	0	0	0.0
			1)	kan	286	1777	5.1039446E-4
			2)	kad	972	413	1.18622906E-4
			3)	kaa	1235	257	7.381619E-5
		8)	kh	0	0	0.0
			1)	khe	639	815	2.3408636E-4
		9)	kw	0	0	0.0
			1)	kwe	897	484	1.3901571E-4
			2)	kwa	1039	363	1.0426178E-4
		10)	kr	0	0	0.0
			1)	kri	905	478	1.3729237E-4
			2)	kra	1143	299	8.587954E-5
		11)	kg	0	0	0.0
			1)	kge	965	422	1.2120791E-4
		12)	ks	0	0	0.0
			1)	kst	982	405	1.1632513E-4
			2)	ks_	1054	348	9.995344E-5
		13)	kl	0	0	0.0
			1)	kla	1006	388	1.1144234E-4
			2)	kle	1199	274	7.869898E-5
			3)	klo	1283	231	6.63484E-5
		14)	kb	0	0	0.0
			1)	kba	1337	210	6.0316732E-5
	18)	j	0	0	0.0
		1)	jn	0	0	0.0
			1)	jn_	80	6043	0.0017356857
			2)	jnh	388	1338	3.8430374E-4
			3)	jne	1271	244	7.00823E-5
		2)	jk	0	0	0.0
			1)	jk_	121	4228	0.0012143769
			2)	jke	165	3214	9.231332E-4
			3)	jkh	651	800	2.2977803E-4
			4)	jkt	1088	328	9.420899E-5
			5)	jks	1107	317	9.1049544E-5
		3)	jd	0	0	0.0
			1)	jd_	649	806	2.3150136E-4
			2)	jde	729	678	1.9473687E-4
			3)	jds	1214	267	7.668842E-5
			4)	jdr	1262	248	7.123119E-5
			5)	jdi	1278	233	6.692285E-5
		4)	ja	0	0	0.0
			1)	jaa	755	639	1.835352E-4
			2)	jar	1132	304	8.731565E-5
		5)	jv	0	0	0.0
			1)	jve	789	593	1.7032296E-4
			2)	jvo	1328	215	6.175284E-5
		6)	jz	0	0	0.0
			1)	jze	797	587	1.6859962E-4
			2)	jzi	1156	293	8.41562E-5
			3)	jzo	1177	282	8.099675E-5
		7)	jg	0	0	0.0
			1)	jge	989	399	1.1460179E-4
		8)	ju	0	0	0.0
			1)	jui	1044	357	1.0253844E-4
		9)	je	0	0	0.0
			1)	je_	1173	285	8.185842E-5
			2)	jec	1178	282	8.099675E-5
			3)	jen	1340	209	6.002951E-5
		10)	jf	0	0	0.0
			1)	jfe	1236	257	7.381619E-5
			2)	jf_	1299	225	6.462507E-5
			3)	jft	1354	206	5.916784E-5
		11)	js	0	0	0.0
			1)	js_	1321	218	6.261451E-5
	19)	z	0	0	0.0
		1)	zi	0	0	0.0
			1)	zij	83	5722	0.0016434874
			2)	zic	341	1507	4.3284436E-4
			3)	zie	364	1411	4.0527098E-4
			4)	zit	629	826	2.3724581E-4
			5)	zin	832	550	1.5797239E-4
			6)	zig	917	468	1.3442014E-4
		2)	ze	0	0	0.0
			1)	ze_	100	5000	0.0014361127
			2)	zen	464	1149	3.300187E-4
			3)	zel	554	961	2.7602084E-4
			4)	zeg	573	923	2.6510638E-4
			5)	zet	668	765	2.1972523E-4
			6)	zee	775	610	1.7520574E-4
			7)	zek	862	515	1.479196E-4
		3)	zo	0	0	0.0
			1)	zou	361	1434	4.1187712E-4
			2)	zon	479	1115	3.2025314E-4
			3)	zoa	655	790	2.269058E-4
			4)	zor	687	741	2.128319E-4
			5)	zo_	711	699	2.0076855E-4
			6)	zoe	767	623	1.7893963E-4
			7)	zod	1158	291	8.3581755E-5
			8)	zow	1316	219	6.290174E-5
		4)	za	0	0	0.0
			1)	zal	400	1308	3.756871E-4
			2)	zak	603	867	2.4902195E-4
			3)	zaa	739	661	1.898541E-4
			4)	zam	1111	313	8.9900655E-5
		5)	zu	0	0	0.0
			1)	zul	594	890	2.5562805E-4
		6)	zw	0	0	0.0
			1)	zwa	1216	266	7.640119E-5
	20)	u	0	0	0.0
		1)	ui	0	0	0.0
			1)	uit	89	5319	0.0015277367
			2)	uid	516	1014	2.9124366E-4
			3)	uis	801	584	1.6773796E-4
			4)	uik	838	543	1.5596184E-4
			5)	uig	1090	327	9.392177E-5
			6)	uim	1189	277	7.956064E-5
		2)	uw	0	0	0.0
			1)	uw_	290	1739	4.9948E-4
			2)	uwe	331	1555	4.4663105E-4
		3)	un	0	0	0.0
			1)	unn	294	1718	4.934483E-4
			2)	un_	393	1326	3.808571E-4
			3)	unt	456	1164	3.3432702E-4
			4)	una	1014	383	1.1000623E-4
			5)	und	1135	301	8.645398E-5
			6)	uni	1219	265	7.6113975E-5
		4)	uu	0	0	0.0
			1)	uur	373	1379	3.9607988E-4
		5)	ud	0	0	0.0
			1)	ude	389	1334	3.8315487E-4
			2)	udi	1069	340	9.765566E-5
		6)	ur	0	0	0.0
			1)	ure	493	1078	3.096259E-4
			2)	ur_	540	984	2.8262698E-4
			3)	urg	745	653	1.8755632E-4
			4)	uri	1072	339	9.736844E-5
			5)	url	1089	327	9.392177E-5
			6)	urr	1118	308	8.846454E-5
			7)	uro	1159	291	8.3581755E-5
			8)	urd	1302	224	6.4337844E-5
			9)	urt	1344	208	5.9742288E-5
		7)	ul	0	0	0.0
			1)	ull	578	914	2.6252138E-4
			2)	ult	758	637	1.8296075E-4
			3)	ule	1136	301	8.645398E-5
			4)	ulp	1212	267	7.668842E-5
		8)	us	0	0	0.0
			1)	uss	625	836	2.4011804E-4
			2)	us_	630	826	2.3724581E-4
			3)	ust	774	611	1.7549297E-4
		9)	uc	0	0	0.0
			1)	uct	667	769	2.2087412E-4
		10)	um	0	0	0.0
			1)	ume	807	572	1.6429128E-4
			2)	um_	1345	208	5.9742288E-5
		11)	ut	0	0	0.0
			1)	uti	904	478	1.3729237E-4
			2)	uta	1002	389	1.1172956E-4
			3)	uto	1027	370	1.0627234E-4
		12)	ua	0	0	0.0
			1)	uat	922	466	1.338457E-4
		13)	uk	0	0	0.0
			1)	uk_	934	456	1.3097348E-4
			2)	ukk	1057	345	9.9091776E-5
		14)	uv	0	0	0.0
			1)	uve	1365	200	5.7444508E-5
	21)	w	0	0	0.0
		1)	wi	0	0	0.0
			1)	wij	96	5141	0.001476611
			2)	wil	223	2361	6.781324E-4
			3)	wik	525	1004	2.8837143E-4
			4)	win	1217	266	7.640119E-5
		2)	wo	0	0	0.0
			1)	wor	106	4829	0.0013869976
			2)	woo	377	1370	3.9349488E-4
			3)	won	1326	216	6.204007E-5
		3)	we	0	0	0.0
			1)	wer	137	3878	0.001113849
			2)	we_	174	3088	8.869432E-4
			3)	wel	284	1785	5.126922E-4
			4)	wee	336	1521	4.3686546E-4
			5)	wen	553	963	2.765953E-4
			6)	wet	584	905	2.5993638E-4
			7)	weg	810	567	1.6285517E-4
			8)	wez	969	416	1.19484575E-4
			9)	wes	980	405	1.1632513E-4
		4)	wa	0	0	0.0
			1)	waa	166	3206	9.208354E-4
			2)	wat	296	1697	4.8741663E-4
			3)	wan	837	546	1.568235E-4
			4)	was	918	468	1.3442014E-4
			5)	war	1076	337	9.679399E-5
			6)	wac	1149	295	8.4730644E-5
			7)	wal	1327	216	6.204007E-5
	22)	b	0	0	0.0
		1)	be	0	0	0.0
			1)	bel	145	3578	0.0010276822
			2)	bes	169	3156	9.064743E-4
			3)	ben	171	3145	9.0331485E-4
			4)	bet	208	2519	7.2351354E-4
			5)	ber	476	1122	3.222637E-4
			6)	bev	500	1064	3.0560477E-4
			7)	beg	528	996	2.8607363E-4
			8)	beh	555	958	2.751592E-4
			9)	bed	577	915	2.628086E-4
			10)	bep	689	740	2.1254468E-4
			11)	bee	859	524	1.5050461E-4
			12)	bew	952	434	1.2465457E-4
			13)	bez	991	399	1.1460179E-4
			14)	beu	1093	327	9.392177E-5
			15)	bei	1097	323	9.2772876E-5
			16)	bek	1197	275	7.8986195E-5
		2)	bi	0	0	0.0
			1)	bij	193	2813	8.0795697E-4
			2)	bie	418	1269	3.644854E-4
			3)	bin	757	638	1.8324798E-4
			4)	bil	1251	252	7.238008E-5
		3)	bb	0	0	0.0
			1)	bbe	238	2248	6.456763E-4
		4)	br	0	0	0.0
			1)	bre	467	1144	3.2858257E-4
			2)	bru	781	603	1.7319519E-4
			3)	bra	1207	270	7.755008E-5
			4)	bro	1297	226	6.4912296E-5
		5)	bl	0	0	0.0
			1)	bli	536	990	2.843503E-4
			2)	ble	645	810	2.3265026E-4
		6)	bu	0	0	0.0
			1)	bur	665	771	2.2144857E-4
			2)	bui	1033	368	1.05697894E-4
		7)	ba	0	0	0.0
			1)	baa	738	662	1.9014132E-4
			2)	bat	856	526	1.5107905E-4
			3)	ban	898	484	1.3901571E-4
			4)	bar	942	442	1.2695236E-4
			5)	bas	1060	345	9.9091776E-5
		8)	bo	0	0	0.0
			1)	bou	1000	390	1.1201679E-4
			2)	bov	1202	273	7.841175E-5
			3)	boe	1338	210	6.0316732E-5
	23)	p	0	0	0.0
		1)	pr	0	0	0.0
			1)	pro	163	3253	9.343349E-4
			2)	pre	458	1161	3.3346537E-4
			3)	pri	700	716	2.0565133E-4
			4)	pra	796	587	1.6859962E-4
		2)	pe	0	0	0.0
			1)	pen	246	2104	6.043162E-4
			2)	per	395	1321	3.7942096E-4
			3)	pel	604	860	2.4701137E-4
			4)	pec	777	609	1.7491852E-4
			5)	pe_	1285	229	6.577396E-5
		3)	pl	0	0	0.0
			1)	pla	396	1319	3.788465E-4
			2)	ple	910	475	1.3643071E-4
			3)	plo	1064	342	9.8230106E-5
			4)	pli	1065	342	9.8230106E-5
		4)	pa	0	0	0.0
			1)	par	537	989	2.8406308E-4
			2)	pas	748	650	1.8669464E-4
			3)	paa	932	459	1.3183514E-4
			4)	pan	1245	254	7.295452E-5
			5)	pak	1269	245	7.036952E-5
		5)	pu	0	0	0.0
			1)	pun	558	943	2.7085084E-4
		6)	pp	0	0	0.0
			1)	ppe	582	910	2.613725E-4
			2)	ppo	1040	361	1.0368734E-4
		7)	po	0	0	0.0
			1)	pol	675	755	2.1685302E-4
			2)	pos	848	536	1.5395127E-4
			3)	por	867	511	1.4677072E-4
		8)	pg	0	0	0.0
			1)	pge	839	543	1.5596184E-4
		9)	pt	0	0	0.0
			1)	pt_	1162	290	8.329454E-5
		10)	pm	0	0	0.0
			1)	pme	1273	237	6.807174E-5
	24)	f	0	0	0.0
		1)	ft	0	0	0.0
			1)	ft_	177	3073	8.8263483E-4
			2)	fte	1247	254	7.295452E-5
		2)	ff	0	0	0.0
			1)	ffe	542	983	2.8233975E-4
			2)	ffi	1257	250	7.180563E-5
		3)	fe	0	0	0.0
			1)	fen	627	831	2.3868193E-4
			2)	fer	915	469	1.3470737E-4
			3)	fel	1051	349	1.00240664E-4
			4)	fei	1130	305	8.760287E-5
		4)	fi	0	0	0.0
			1)	fin	650	801	2.3006524E-4
			2)	fic	1092	327	9.392177E-5
		5)	fg	0	0	0.0
			1)	fge	734	672	1.9301355E-4
		6)	fo	0	0	0.0
			1)	for	912	474	1.3614348E-4
			2)	fon	1179	282	8.099675E-5
		7)	fr	0	0	0.0
			1)	fra	971	415	1.1919735E-4
		8)	fu	0	0	0.0
			1)	fun	1023	374	1.0742123E-4
		9)	fd	0	0	0.0
			1)	fde	1056	346	9.9378994E-5
		10)	fs	0	0	0.0
			1)	fs_	1259	249	7.151841E-5
	25)	ë	0	0	0.0
		1)	ël	0	0	0.0
			1)	ële	798	586	1.683124E-4
		2)	ën	0	0	0.0
			1)	ën_	1336	210	6.0316732E-5
	26)	y	0	0	0.0
		1)	ys	0	0	0.0
			1)	yst	1141	299	8.587954E-5
