Dutch	4	1666584	1916
	1)	_	0	0	0.0
		1)	_d	0	0	0.0
			1)	_de	0	0	0.0
				1)	_de_	1	39128	0.011238444
				2)	_dez	90	2840	8.15712E-4
				3)	_der	755	567	1.6285517E-4
				4)	_deb	882	486	1.3959015E-4
				5)	_den	888	484	1.3901571E-4
				6)	_dee	940	459	1.3183514E-4
				7)	_dem	1131	370	1.0627234E-4
				8)	_des	1906	201	5.773173E-5
			2)	_da	0	0	0.0
				1)	_dat	16	9774	0.002807313
				2)	_daa	127	2261	6.494101E-4
				3)	_dan	191	1669	4.793744E-4
				4)	_dag	1847	212	6.0891176E-5
			3)	_di	0	0	0.0
				1)	_die	26	5711	0.0016403279
				2)	_dit	72	3245	9.3203713E-4
				3)	_dis	1771	224	6.4337844E-5
			4)	_do	0	0	0.0
				1)	_doo	163	1886	5.417017E-4
				2)	_doe	216	1474	4.23366E-4
			5)	_du	0	0	0.0
				1)	_dui	683	612	1.757802E-4
				2)	_dus	806	533	1.5308961E-4
			6)	_dr	0	0	0.0
				1)	_dri	1301	313	8.9900655E-5
				2)	_dra	1856	210	6.0316732E-5
		2)	_v	0	0	0.0
			1)	_va	0	0	0.0
				1)	_van	2	20711	0.005948666
				2)	_vas	952	453	1.301118E-4
				3)	_val	1599	252	7.238008E-5
				4)	_vaa	1819	215	6.175284E-5
			2)	_vo	0	0	0.0
				1)	_voo	15	9994	0.002870502
				2)	_vol	219	1439	4.1331322E-4
				3)	_vor	632	656	1.8841798E-4
				4)	_voe	892	481	1.3815404E-4
			3)	_ve	0	0	0.0
				1)	_ver	18	9475	0.0027214335
				2)	_vee	533	743	2.1340634E-4
				3)	_vei	1273	323	9.2772876E-5
			4)	_vr	0	0	0.0
				1)	_vra	331	1077	3.0933868E-4
				2)	_vri	881	487	1.3987737E-4
				3)	_vro	955	451	1.2953737E-4
				4)	_vre	1332	307	8.8177316E-5
			5)	_vi	0	0	0.0
				1)	_vin	790	540	1.5510016E-4
				2)	_vis	951	453	1.301118E-4
				3)	_vij	1859	209	6.002951E-5
		3)	_h	0	0	0.0
			1)	_he	0	0	0.0
				1)	_het	4	17016	0.004887379
				2)	_hee	68	3422	9.828755E-4
				3)	_heb	94	2772	7.9618086E-4
				4)	_her	340	1069	3.070409E-4
				5)	_hel	826	519	1.490685E-4
			2)	_hi	0	0	0.0
				1)	_hie	290	1183	3.3978425E-4
				2)	_hij	1023	413	1.18622906E-4
			3)	_hu	0	0	0.0
				1)	_hun	447	853	2.4500082E-4
				2)	_hui	1341	305	8.760287E-5
			4)	_ho	0	0	0.0
				1)	_hoo	504	780	2.2403357E-4
				2)	_hoe	551	723	2.0766188E-4
				3)	_hou	855	501	1.4389849E-4
			5)	_ha	0	0	0.0
				1)	_haa	657	639	1.835352E-4
				2)	_han	785	545	1.5653628E-4
				3)	_had	1213	340	9.765566E-5
				4)	_har	1222	337	9.679399E-5
		4)	_e	0	0	0.0
			1)	_en	0	0	0.0
				1)	_en_	6	13061	0.0037514134
				2)	_enk	884	485	1.3930292E-4
				3)	_ene	1585	254	7.295452E-5
				4)	_eni	1752	227	6.5199514E-5
			2)	_ee	0	0	0.0
				1)	_een	9	10927	0.0031384807
				2)	_eer	401	939	2.6970197E-4
			3)	_er	0	0	0.0
				1)	_er_	95	2728	7.8354304E-4
				2)	_erv	897	478	1.3729237E-4
			4)	_ec	0	0	0.0
				1)	_ech	392	953	2.7372307E-4
				2)	_eco	524	753	2.1627857E-4
			5)	_ei	0	0	0.0
				1)	_eig	846	505	1.4504738E-4
				2)	_ein	1389	294	8.4443425E-5
			6)	_ev	0	0	0.0
				1)	_eve	852	503	1.4447293E-4
			7)	_el	0	0	0.0
				1)	_elk	995	429	1.2321847E-4
			8)	_eu	0	0	0.0
				1)	_eur	1545	264	7.582675E-5
			9)	_ef	0	0	0.0
				1)	_eff	1804	218	6.261451E-5
		5)	_i	0	0	0.0
			1)	_in	0	0	0.0
				1)	_in_	14	10279	0.0029523603
				2)	_int	312	1138	3.2685924E-4
				3)	_ins	363	1020	2.92967E-4
				4)	_ing	787	543	1.5596184E-4
				5)	_inz	816	527	1.5136627E-4
				6)	_ind	838	510	1.464835E-4
				7)	_ini	1193	347	9.966622E-5
				8)	_inf	1294	315	9.04751E-5
				9)	_inv	1309	311	8.9326204E-5
			2)	_is	0	0	0.0
				1)	_is_	21	6841	0.0019648892
			3)	_ik	0	0	0.0
				1)	_ik_	34	5192	0.0014912594
			4)	_im	0	0	0.0
				1)	_imm	989	433	1.2436736E-4
			5)	_ie	0	0	0.0
				1)	_ied	1148	363	1.0426178E-4
				2)	_iet	1766	225	6.462507E-5
		6)	_a	0	0	0.0
			1)	_aa	0	0	0.0
				1)	_aan	23	6507	0.0018689571
			2)	_al	0	0	0.0
				1)	_als	103	2487	7.1432244E-4
				2)	_all	144	2106	6.0489064E-4
				3)	_al_	328	1084	3.1134923E-4
				4)	_alt	1390	294	8.4443425E-5
				5)	_alg	1449	282	8.099675E-5
			3)	_an	0	0	0.0
				1)	_and	269	1222	3.5098594E-4
				2)	_ant	1642	246	7.0656744E-5
			4)	_af	0	0	0.0
				1)	_afg	604	681	1.9559855E-4
				2)	_af_	1777	223	6.4050626E-5
			5)	_am	0	0	0.0
				1)	_ame	773	556	1.5969573E-4
			6)	_ac	0	0	0.0
				1)	_act	908	472	1.3556903E-4
				2)	_ach	1288	317	9.1049544E-5
			7)	_au	0	0	0.0
				1)	_aut	1157	358	1.0282567E-4
			8)	_ar	0	0	0.0
				1)	_art	1441	283	8.128398E-5
				2)	_arb	1744	228	6.548674E-5
		7)	_t	0	0	0.0
			1)	_te	0	0	0.0
				1)	_te_	24	6495	0.0018655104
				2)	_ter	243	1313	3.771232E-4
				3)	_ten	372	991	2.8463753E-4
				4)	_teg	411	931	2.674042E-4
				5)	_tek	1577	257	7.381619E-5
				6)	_tec	1835	214	6.1465624E-5
			2)	_to	0	0	0.0
				1)	_toe	113	2426	6.968019E-4
				2)	_tot	146	2036	5.8478507E-4
				3)	_toc	1669	240	6.8933405E-5
			3)	_tw	0	0	0.0
				1)	_twe	520	760	2.1828912E-4
			4)	_ti	0	0	0.0
				1)	_tij	566	708	2.0335356E-4
			5)	_tu	0	0	0.0
				1)	_tus	628	662	1.9014132E-4
			6)	_tr	0	0	0.0
				1)	_tra	1259	326	9.3634546E-5
		8)	_o	0	0	0.0
			1)	_op	0	0	0.0
				1)	_op_	28	5544	0.0015923617
				2)	_opg	813	529	1.5194072E-4
				3)	_ope	1075	396	1.1374012E-4
				4)	_opl	1082	392	1.1259123E-4
				5)	_opm	1664	242	6.9507856E-5
				6)	_opn	1904	201	5.773173E-5
			2)	_ov	0	0	0.0
				1)	_ove	52	4226	0.0012138024
			3)	_om	0	0	0.0
				1)	_om_	76	3164	9.087721E-4
				2)	_omd	794	539	1.5481295E-4
			4)	_oo	0	0	0.0
				1)	_ook	81	3026	8.691354E-4
				2)	_oor	1412	289	8.300731E-5
			5)	_on	0	0	0.0
				1)	_ond	112	2438	7.002485E-4
				2)	_ont	192	1667	4.7879995E-4
				3)	_ons	229	1366	3.9234597E-4
				4)	_onz	275	1213	3.4840094E-4
				5)	_ong	1018	416	1.19484575E-4
			6)	_of	0	0	0.0
				1)	_of_	253	1285	3.6908095E-4
			7)	_or	0	0	0.0
				1)	_ord	1670	240	6.8933405E-5
				2)	_org	1758	226	6.4912296E-5
		9)	_z	0	0	0.0
			1)	_zi	0	0	0.0
				1)	_zij	31	5423	0.0015576078
				2)	_zic	303	1167	3.351887E-4
				3)	_zie	920	468	1.3442014E-4
			2)	_zo	0	0	0.0
				1)	_zou	220	1434	4.1187712E-4
				2)	_zoa	500	790	2.269058E-4
				3)	_zo_	583	697	2.001941E-4
				4)	_zor	845	506	1.453346E-4
				5)	_zon	912	471	1.352818E-4
				6)	_zod	1404	291	8.3581755E-5
				7)	_zow	1795	219	6.290174E-5
			3)	_za	0	0	0.0
				1)	_zal	249	1292	3.710915E-4
				2)	_zak	1523	268	7.697564E-5
				3)	_zaa	1765	225	6.462507E-5
			4)	_zu	0	0	0.0
				1)	_zul	431	890	2.5562805E-4
			5)	_ze	0	0	0.0
				1)	_ze_	610	676	1.9416244E-4
				2)	_zeg	746	572	1.6429128E-4
				3)	_zee	772	558	1.6027017E-4
				4)	_zel	786	544	1.5624905E-4
				5)	_zek	1197	345	9.9091776E-5
		10)	_n	0	0	0.0
			1)	_ni	0	0	0.0
				1)	_nie	33	5265	0.0015122266
				2)	_niv	1871	207	5.9455066E-5
			2)	_no	0	0	0.0
				1)	_nog	244	1305	3.748254E-4
				2)	_noo	873	493	1.4160071E-4
				3)	_nod	1053	404	1.160379E-4
			3)	_na	0	0	0.0
				1)	_naa	271	1220	3.504115E-4
				2)	_nam	459	836	2.4011804E-4
				3)	_nat	513	768	2.2058691E-4
				4)	_na_	1300	313	8.9900655E-5
				5)	_nad	1916	200	5.7444508E-5
			4)	_nu	0	0	0.0
				1)	_nu_	394	952	2.7343584E-4
			5)	_ne	0	0	0.0
				1)	_nem	1054	404	1.160379E-4
				2)	_net	1781	222	6.37634E-5
		11)	_w	0	0	0.0
			1)	_wo	0	0	0.0
				1)	_wor	40	4683	0.0013450631
				2)	_woo	1354	302	8.67412E-5
			2)	_wi	0	0	0.0
				1)	_wij	56	4128	0.0011856547
				2)	_wil	123	2298	6.600374E-4
			3)	_wa	0	0	0.0
				1)	_waa	99	2618	7.5194857E-4
				2)	_wat	202	1594	4.578327E-4
				3)	_wan	878	489	1.4045181E-4
				4)	_was	963	448	1.2867569E-4
			4)	_we	0	0	0.0
				1)	_wer	119	2356	6.766963E-4
				2)	_we_	121	2317	6.654946E-4
				3)	_wel	298	1169	3.3576315E-4
				4)	_wet	488	797	2.2891635E-4
				5)	_wee	765	561	1.6113184E-4
				6)	_weg	1432	285	8.185842E-5
		12)	_m	0	0	0.0
			1)	_me	0	0	0.0
				1)	_met	42	4585	0.0013169153
				2)	_mee	179	1756	5.0436275E-4
				3)	_men	208	1552	4.4576937E-4
				4)	_mev	596	689	1.9789633E-4
				5)	_med	831	515	1.479196E-4
			2)	_mo	0	0	0.0
				1)	_moe	48	4382	0.0012586091
				2)	_mog	413	922	2.648192E-4
				3)	_mom	1283	318	9.133676E-5
				4)	_mon	1905	201	5.773173E-5
			3)	_ma	0	0	0.0
				1)	_maa	75	3170	9.104954E-4
				2)	_mak	742	574	1.6486573E-4
				3)	_man	874	493	1.4160071E-4
				4)	_mar	896	478	1.3729237E-4
				5)	_mag	1600	252	7.238008E-5
			4)	_mi	0	0	0.0
				1)	_mij	91	2820	8.099675E-4
				2)	_mil	419	908	2.6079806E-4
				3)	_min	673	621	1.783652E-4
				4)	_mid	870	494	1.4188793E-4
				5)	_mis	1233	334	9.593232E-5
		13)	_u	0	0	0.0
			1)	_ui	0	0	0.0
				1)	_uit	60	3776	0.0010845523
			2)	_uw	0	0	0.0
				1)	_uw_	984	436	1.2522902E-4
		14)	_b	0	0	0.0
			1)	_be	0	0	0.0
				1)	_bes	92	2814	8.082442E-4
				2)	_bel	93	2784	7.996275E-4
				3)	_bet	142	2167	6.224112E-4
				4)	_ben	377	978	2.8090362E-4
				5)	_bev	435	876	2.5160695E-4
				6)	_beg	449	851	2.4442637E-4
				7)	_bed	482	801	2.3006524E-4
				8)	_beh	485	799	2.294908E-4
				9)	_bep	572	703	2.0191744E-4
				10)	_ber	722	584	1.6773796E-4
				11)	_bew	1085	391	1.1230401E-4
				12)	_bez	1107	381	1.09431785E-4
				13)	_bek	1583	256	7.3528965E-5
			2)	_bi	0	0	0.0
				1)	_bij	114	2394	6.8761077E-4
				2)	_bin	797	538	1.5452573E-4
				3)	_bie	1736	229	6.577396E-5
			3)	_bu	0	0	0.0
				1)	_bur	553	722	2.0737467E-4
				2)	_bui	1234	334	9.593232E-5
			4)	_bl	0	0	0.0
				1)	_bli	565	709	2.0364078E-4
			5)	_br	0	0	0.0
				1)	_bre	930	462	1.326968E-4
			6)	_bo	0	0	0.0
				1)	_bov	1513	270	7.755008E-5
			7)	_ba	0	0	0.0
				1)	_bas	1620	249	7.151841E-5
		15)	_s	0	0	0.0
			1)	_st	0	0	0.0
				1)	_ste	124	2272	6.525696E-4
				2)	_sta	164	1880	5.399784E-4
				3)	_str	291	1182	3.3949703E-4
				4)	_sto	1874	206	5.916784E-5
			2)	_sc	0	0	0.0
				1)	_sch	343	1062	3.0503032E-4
			3)	_so	0	0	0.0
				1)	_soc	458	836	2.4011804E-4
				2)	_som	1655	244	7.00823E-5
				3)	_soo	1725	231	6.63484E-5
			4)	_sa	0	0	0.0
				1)	_sam	476	811	2.3293747E-4
			5)	_sp	0	0	0.0
				1)	_spe	905	473	1.3585626E-4
				2)	_spr	953	452	1.2982459E-4
			6)	_si	0	0	0.0
				1)	_sit	1198	345	9.9091776E-5
			7)	_sl	0	0	0.0
				1)	_sle	1506	271	7.783731E-5
				2)	_sla	1789	221	6.347618E-5
			8)	_se	0	0	0.0
				1)	_sec	1544	264	7.582675E-5
			9)	_sn	0	0	0.0
				1)	_sne	1635	247	7.094396E-5
		16)	_p	0	0	0.0
			1)	_pr	0	0	0.0
				1)	_pro	135	2193	6.29879E-4
				2)	_pri	854	501	1.4389849E-4
				3)	_pre	1177	352	1.01102334E-4
			2)	_pl	0	0	0.0
				1)	_pla	338	1072	3.0790255E-4
			3)	_pa	0	0	0.0
				1)	_par	557	715	2.0536411E-4
			4)	_po	0	0	0.0
				1)	_pol	615	674	1.9358798E-4
				2)	_pos	939	459	1.3183514E-4
			5)	_pe	0	0	0.0
				1)	_per	678	615	1.7664186E-4
			6)	_pu	0	0	0.0
				1)	_pun	993	430	1.2350568E-4
		17)	_g	0	0	0.0
			1)	_ge	0	0	0.0
				1)	_geb	150	2002	5.750195E-4
				2)	_gev	183	1705	4.8971444E-4
				3)	_gel	223	1398	4.015371E-4
				4)	_gee	278	1204	3.4581593E-4
				5)	_ges	347	1051	3.018709E-4
				6)	_gem	397	946	2.7171252E-4
				7)	_gez	454	844	2.4241582E-4
				8)	_gen	570	705	2.0249188E-4
				9)	_gew	662	636	1.8267352E-4
				10)	_geh	672	623	1.7893963E-4
				11)	_ged	679	615	1.7664186E-4
				12)	_ger	948	455	1.3068625E-4
				13)	_geg	1166	355	1.01964E-4
				14)	_gek	1182	350	1.0052788E-4
				15)	_gea	1479	276	7.927342E-5
				16)	_get	1705	233	6.692285E-5
				17)	_gep	1735	229	6.577396E-5
				18)	_gec	1885	205	5.8880618E-5
			2)	_gr	0	0	0.0
				1)	_gro	185	1693	4.8626776E-4
				2)	_gra	1437	284	8.15712E-5
			3)	_go	0	0	0.0
				1)	_goe	284	1198	3.4409258E-4
			4)	_ga	0	0	0.0
				1)	_gaa	327	1084	3.1134923E-4
		18)	_c	0	0	0.0
			1)	_co	0	0	0.0
				1)	_con	166	1872	5.376806E-4
				2)	_com	198	1609	4.6214106E-4
				3)	_col	871	494	1.4188793E-4
			2)	_cu	0	0	0.0
				1)	_cul	1851	211	6.0603954E-5
		19)	_k	0	0	0.0
			1)	_ku	0	0	0.0
				1)	_kun	177	1776	5.101072E-4
			2)	_ka	0	0	0.0
				1)	_kan	190	1670	4.7966163E-4
				2)	_kad	1126	373	1.07134E-4
			3)	_ko	0	0	0.0
				1)	_kom	367	1004	2.8837143E-4
				2)	_kos	1686	238	6.835896E-5
			4)	_kr	0	0	0.0
				1)	_kri	959	449	1.2896291E-4
				2)	_kra	1846	212	6.0891176E-5
			5)	_kw	0	0	0.0
				1)	_kwe	1063	400	1.14889015E-4
				2)	_kwa	1743	228	6.548674E-5
			6)	_ke	0	0	0.0
				1)	_ken	1565	260	7.467786E-5
			7)	_kl	0	0	0.0
				1)	_kle	1694	236	6.778452E-5
		20)	_r	0	0	0.0
			1)	_re	0	0	0.0
				1)	_reg	205	1559	4.4777992E-4
				2)	_rec	309	1142	3.2800814E-4
				3)	_res	629	657	1.887052E-4
				4)	_rek	1287	317	9.1049544E-5
				5)	_red	1355	302	8.67412E-5
				6)	_ree	1836	214	6.1465624E-5
			2)	_ri	0	0	0.0
				1)	_ric	531	745	2.1398079E-4
			3)	_ra	0	0	0.0
				1)	_rap	1263	325	9.334732E-5
			4)	_ro	0	0	0.0
				1)	_rol	1517	269	7.726286E-5
			5)	_ru	0	0	0.0
				1)	_rui	1884	205	5.8880618E-5
		21)	_l	0	0	0.0
			1)	_la	0	0	0.0
				1)	_lan	213	1485	4.2652545E-4
				2)	_lat	987	434	1.2465457E-4
				3)	_laa	1076	396	1.1374012E-4
			2)	_li	0	0	0.0
				1)	_lid	325	1100	3.1594478E-4
				2)	_lij	1378	296	8.501787E-5
				3)	_lig	1601	252	7.238008E-5
			3)	_le	0	0	0.0
				1)	_lev	1008	423	1.2149513E-4
				2)	_lei	1315	309	8.875176E-5
				3)	_leg	1665	242	6.9507856E-5
		22)	_j	0	0	0.0
			1)	_ja	0	0	0.0
				1)	_jaa	712	591	1.6974851E-4
				2)	_jar	1809	217	6.2327286E-5
			2)	_ju	0	0	0.0
				1)	_jui	1608	250	7.180563E-5
		23)	_f	0	0	0.0
			1)	_fi	0	0	0.0
				1)	_fin	789	541	1.5538739E-4
			2)	_fu	0	0	0.0
				1)	_fun	1188	348	9.995344E-5
			3)	_fr	0	0	0.0
				1)	_fra	1189	348	9.995344E-5
			4)	_fe	0	0	0.0
				1)	_fei	1345	304	8.731565E-5
	2)	v	0	0	0.0
		1)	va	0	0	0.0
			1)	van	0	0	0.0
				1)	van_	3	20533	0.00589754
				2)	vand	1218	337	9.679399E-5
				3)	vang	1356	301	8.645398E-5
			2)	vaa	0	0	0.0
				1)	vaar	370	996	2.8607363E-4
			3)	vas	0	0	0.0
				1)	vast	923	465	1.3355848E-4
			4)	val	0	0	0.0
				1)	val_	1162	355	1.01964E-4
				2)	vall	1614	249	7.151841E-5
		2)	vo	0	0	0.0
			1)	voo	0	0	0.0
				1)	voor	10	10833	0.0031114817
			2)	voe	0	0	0.0
				1)	voer	318	1116	3.2054033E-4
				2)	voeg	1088	389	1.1172956E-4
				3)	voed	1875	206	5.916784E-5
			3)	vol	0	0	0.0
				1)	volg	344	1058	3.0388145E-4
				2)	volk	863	497	1.427496E-4
				3)	voll	1265	323	9.2772876E-5
				4)	vold	1691	236	6.778452E-5
			4)	vor	0	0	0.0
				1)	vorm	433	877	2.5189415E-4
				2)	vord	1560	260	7.467786E-5
		3)	ve	0	0	0.0
			1)	ver	0	0	0.0
				1)	ver_	80	3041	8.734437E-4
				2)	vers	117	2368	6.8014296E-4
				3)	verd	341	1066	3.0617922E-4
				4)	vere	445	855	2.4557527E-4
				5)	verb	474	811	2.3293747E-4
				6)	verw	481	803	2.306397E-4
				7)	verg	487	797	2.2891635E-4
				8)	vert	491	795	2.2834192E-4
				9)	verl	498	791	2.2719303E-4
				10)	vera	579	698	2.0048133E-4
				11)	verh	661	636	1.8267352E-4
				12)	verv	716	586	1.683124E-4
				13)	verk	749	570	1.6371685E-4
				14)	verz	810	530	1.5222795E-4
				15)	vero	1083	391	1.1230401E-4
				16)	verm	1167	354	1.0167678E-4
				17)	vern	1243	330	9.4783434E-5
				18)	verp	1799	218	6.261451E-5
			2)	ven	0	0	0.0
				1)	ven_	120	2334	6.703774E-4
				2)	vens	1168	354	1.0167678E-4
				3)	vend	1215	338	9.708122E-5
			3)	vee	0	0	0.0
				1)	veel	421	902	2.5907473E-4
			4)	vei	0	0	0.0
				1)	veil	1056	402	1.1546346E-4
			5)	ves	0	0	0.0
				1)	vest	1153	359	1.0311289E-4
			6)	vea	0	0	0.0
				1)	veau	1580	256	7.3528965E-5
			7)	vel	0	0	0.0
				1)	vele	1852	210	6.0316732E-5
		4)	vr	0	0	0.0
			1)	vro	0	0	0.0
				1)	vrou	342	1065	3.05892E-4
			2)	vra	0	0	0.0
				1)	vraa	451	847	2.4327748E-4
				2)	vrag	1108	380	1.0914456E-4
			3)	vri	0	0	0.0
				1)	vrij	906	472	1.3556903E-4
			4)	vre	0	0	0.0
				1)	vred	1656	243	6.9795075E-5
		5)	vi	0	0	0.0
			1)	vin	0	0	0.0
				1)	vind	574	700	2.0105577E-4
				2)	ving	680	612	1.757802E-4
			2)	vis	0	0	0.0
				1)	viss	1289	316	9.076232E-5
	3)	h	0	0	0.0
		1)	he	0	0	0.0
			1)	het	0	0	0.0
				1)	het_	5	16837	0.0048359656
			2)	hei	0	0	0.0
				1)	heid	67	3424	9.8345E-4
			3)	hee	0	0	0.0
				1)	heer	116	2378	6.8301515E-4
				2)	heef	132	2213	6.3562347E-4
				3)	heel	853	502	1.4418572E-4
			4)	heb	0	0	0.0
				1)	hebb	139	2170	6.232729E-4
				2)	heb_	780	550	1.5797239E-4
			5)	hed	0	0	0.0
				1)	hede	501	788	2.2633135E-4
			6)	her	0	0	0.0
				1)	herm	999	426	1.223568E-4
				2)	herv	1194	346	9.9378994E-5
			7)	hel	0	0	0.0
				1)	hele	1261	325	9.334732E-5
		2)	ho	0	0	0.0
			1)	hou	0	0	0.0
				1)	houd	276	1209	3.4725203E-4
			2)	hoe	0	0	0.0
				1)	hoe_	1005	424	1.2178235E-4
			3)	hoo	0	0	0.0
				1)	hoog	1415	288	8.272009E-5
				2)	hoop	1467	278	7.9847865E-5
				3)	hoof	1838	213	6.11784E-5
		3)	ht	0	0	0.0
			1)	hte	0	0	0.0
				1)	hten	288	1186	3.4064593E-4
				2)	hter	311	1141	3.2772092E-4
				3)	hte_	872	493	1.4160071E-4
			2)	htl	0	0	0.0
				1)	htli	840	508	1.4590904E-4
			3)	hti	0	0	0.0
				1)	htin	1095	387	1.1115512E-4
				2)	htig	1403	291	8.3581755E-5
			4)	hts	0	0	0.0
				1)	hts_	1868	208	5.9742288E-5
		4)	ha	0	0	0.0
			1)	han	0	0	0.0
				1)	hand	289	1183	3.3978425E-4
				2)	hang	1677	239	6.8646186E-5
			2)	hap	0	0	0.0
				1)	happ	523	753	2.1627857E-4
				2)	hap_	860	499	1.4332404E-4
			3)	haa	0	0	0.0
				1)	haar	702	596	1.7118463E-4
			4)	had	0	0	0.0
				1)	had_	1328	307	8.8177316E-5
		5)	hi	0	0	0.0
			1)	hie	0	0	0.0
				1)	hier	294	1179	3.3863538E-4
			2)	hil	0	0	0.0
				1)	hill	985	435	1.249418E-4
			3)	hij	0	0	0.0
				1)	hij_	1028	412	1.1833568E-4
		6)	hu	0	0	0.0
			1)	hun	0	0	0.0
				1)	hun_	448	852	2.447136E-4
			2)	hul	0	0	0.0
				1)	hulp	1534	266	7.640119E-5
			3)	hui	0	0	0.0
				1)	huid	1616	249	7.151841E-5
		7)	hr	0	0	0.0
			1)	hri	0	0	0.0
				1)	hrij	1901	201	5.773173E-5
	4)	e	0	0	0.0
		1)	ee	0	0	0.0
			1)	een	0	0	0.0
				1)	een_	7	12542	0.003602345
				2)	eens	313	1136	3.262848E-4
				3)	eenk	1036	409	1.1747402E-4
			2)	eer	0	0	0.0
				1)	eer_	45	4520	0.0012982459
				2)	eerd	211	1521	4.3686546E-4
				3)	eers	390	957	2.7487197E-4
				4)	eert	1634	247	7.094396E-5
			3)	eel	0	0	0.0
				1)	eel_	111	2443	7.016846E-4
				2)	eeld	708	592	1.7003574E-4
			4)	eef	0	0	0.0
				1)	eeft	115	2385	6.8502576E-4
			5)	eem	0	0	0.0
				1)	eem_	757	566	1.6256796E-4
			6)	eed	0	0	0.0
				1)	eeds	976	439	1.2609069E-4
				2)	eede	1156	358	1.0282567E-4
			7)	ees	0	0	0.0
				1)	eest	1030	412	1.1833568E-4
			8)	eet	0	0	0.0
				1)	eet_	1219	337	9.679399E-5
		2)	el	0	0	0.0
			1)	eli	0	0	0.0
				1)	elij	27	5665	0.0016271156
				2)	elin	154	1961	5.632434E-4
			2)	ele	0	0	0.0
				1)	elen	152	1973	5.6669005E-4
				2)	ele_	201	1595	4.5811993E-4
				3)	elei	210	1526	4.383016E-4
				4)	eleg	396	948	2.7228697E-4
			3)	eld	0	0	0.0
				1)	eld_	158	1923	5.5232894E-4
				2)	elde	737	577	1.657274E-4
			4)	ela	0	0	0.0
				1)	elan	180	1751	5.0292665E-4
				2)	elas	1638	246	7.0656744E-5
			5)	ell	0	0	0.0
				1)	elli	301	1168	3.3547592E-4
				2)	elle	330	1081	3.1048755E-4
			6)	els	0	0	0.0
				1)	els_	883	485	1.3930292E-4
				2)	elst	1041	407	1.1689957E-4
			7)	elk	0	0	0.0
				1)	elke	1007	423	1.2149513E-4
			8)	elf	0	0	0.0
				1)	elf_	1180	350	1.0052788E-4
				2)	elfs	1336	306	8.78901E-5
				3)	elfd	1718	232	6.663563E-5
			9)	elt	0	0	0.0
				1)	elt_	1448	282	8.099675E-5
			10)	elo	0	0	0.0
				1)	eloo	1637	246	7.0656744E-5
		3)	ei	0	0	0.0
			1)	eid	0	0	0.0
				1)	eid_	50	4290	0.0012321847
				2)	eids	426	896	2.5735138E-4
				3)	eide	700	597	1.7147185E-4
				4)	eidi	925	464	1.3327126E-4
			2)	eit	0	0	0.0
				1)	eit_	360	1029	2.95552E-4
				2)	eite	827	517	1.4849404E-4
			3)	eil	0	0	0.0
				1)	eili	669	627	1.8008852E-4
			4)	eig	0	0	0.0
				1)	eige	735	578	1.6601462E-4
			5)	ein	0	0	0.0
				1)	eind	945	456	1.3097348E-4
				2)	eine	1701	234	6.721007E-5
				3)	eini	1769	224	6.4337844E-5
		4)	er	0	0	0.0
			1)	ere	0	0	0.0
				1)	eren	63	3574	0.0010265333
				2)	ere_	199	1608	4.6185384E-4
				3)	eree	538	740	2.1254468E-4
				4)	erei	649	643	1.8468409E-4
				5)	erel	1296	314	9.0187874E-5
				6)	erec	1622	248	7.123119E-5
			2)	eri	0	0	0.0
				1)	erin	104	2472	7.100141E-4
				2)	erij	1179	351	1.0081511E-4
				3)	eris	1495	272	7.8124525E-5
			3)	ers	0	0	0.0
				1)	ers_	131	2229	6.40219E-4
				2)	erst	182	1735	4.983311E-4
				3)	ersc	300	1168	3.3547592E-4
				4)	ersl	381	973	2.7946752E-4
				5)	erso	1558	261	7.496508E-5
			4)	erd	0	0	0.0
				1)	erd_	172	1799	5.1671336E-4
				2)	erde	173	1797	5.161389E-4
				3)	erdr	1814	216	6.204007E-5
			5)	erk	0	0	0.0
				1)	erke	306	1160	3.3317815E-4
				2)	erki	365	1005	2.8865866E-4
				3)	erkg	929	462	1.326968E-4
				4)	erk_	961	448	1.2867569E-4
				5)	erkt	1014	418	1.2005902E-4
				6)	erkl	1049	405	1.1632513E-4
			6)	erv	0	0	0.0
				1)	ervo	430	890	2.5562805E-4
				2)	erva	823	520	1.4935572E-4
			7)	erg	0	0	0.0
				1)	erge	529	745	2.1398079E-4
				2)	erga	1408	290	8.329454E-5
			8)	erh	0	0	0.0
				1)	erhe	532	744	2.1369357E-4
				2)	erha	801	534	1.5337684E-4
			9)	ern	0	0	0.0
				1)	erne	547	727	2.0881079E-4
				2)	erna	1240	332	9.535788E-5
				3)	erni	1855	210	6.0316732E-5
			10)	erm	0	0	0.0
				1)	ermi	573	701	2.0134299E-4
				2)	erme	1468	278	7.9847865E-5
			11)	era	0	0	0.0
				1)	eran	638	649	1.8640743E-4
				2)	eraa	1212	341	9.794288E-5
				3)	eral	1596	253	7.26673E-5
			12)	erw	0	0	0.0
				1)	erwe	750	570	1.6371685E-4
				2)	erwi	1138	367	1.0541067E-4
				3)	erwa	1768	224	6.4337844E-5
			13)	erz	0	0	0.0
				1)	erzo	759	565	1.6228073E-4
				2)	erzi	1290	316	9.076232E-5
			14)	erl	0	0	0.0
				1)	erle	760	565	1.6228073E-4
				2)	erli	1152	360	1.0340011E-4
			15)	ert	0	0	0.0
				1)	ert_	1006	424	1.2178235E-4
				2)	erte	1239	332	9.535788E-5
				3)	ertr	1690	237	6.807174E-5
				4)	ertu	1728	230	6.6061184E-5
			16)	erb	0	0	0.0
				1)	erbe	1059	401	1.1517623E-4
				2)	erba	1299	313	8.9900655E-5
			17)	eru	0	0	0.0
				1)	erug	1427	285	8.185842E-5
			18)	err	0	0	0.0
				1)	erre	1576	257	7.381619E-5
			19)	erp	0	0	0.0
				1)	erpl	1848	211	6.0603954E-5
			20)	ero	0	0	0.0
				1)	erop	1854	210	6.0316732E-5
		5)	en	0	0	0.0
			1)	end	0	0	0.0
				1)	ende	74	3213	9.2284597E-4
				2)	end_	247	1297	3.7252763E-4
				3)	endi	1552	263	7.553952E-5
			2)	ens	0	0	0.0
				1)	ens_	128	2255	6.4768683E-4
				2)	ense	475	811	2.3293747E-4
				3)	enst	493	794	2.2805469E-4
				4)	ensc	620	669	1.9215187E-4
				5)	ensi	1849	211	6.0603954E-5
			3)	ent	0	0	0.0
				1)	ente	204	1570	4.5093938E-4
				2)	ent_	206	1556	4.4691825E-4
				3)	enti	391	955	2.7429752E-4
				4)	entr	1395	293	8.41562E-5
				5)	enta	1763	225	6.462507E-5
			4)	eni	0	0	0.0
				1)	enin	346	1053	3.0244532E-4
				2)	enig	1351	302	8.67412E-5
			5)	ene	0	0	0.0
				1)	enen	494	794	2.2805469E-4
				2)	ene_	1237	333	9.5645104E-5
				3)	ener	1262	325	9.334732E-5
			6)	enh	0	0	0.0
				1)	enhe	602	682	1.9588576E-4
				2)	enha	1832	214	6.1465624E-5
			7)	enk	0	0	0.0
				1)	enke	648	644	1.8497132E-4
				2)	enko	966	447	1.2838848E-4
				3)	enk_	1362	300	8.616676E-5
			8)	eng	0	0	0.0
				1)	enge	656	639	1.835352E-4
			9)	eno	0	0	0.0
				1)	enom	732	579	1.6630185E-4
				2)	enoe	1145	364	1.04549E-4
			10)	enw	0	0	0.0
				1)	enwe	805	533	1.5308961E-4
				2)	enwo	1463	279	8.013508E-5
			11)	enl	0	0	0.0
				1)	enli	847	504	1.4476015E-4
			12)	enr	0	0	0.0
				1)	enre	1525	267	7.668842E-5
			13)	ena	0	0	0.0
				1)	enad	1729	230	6.6061184E-5
			14)	enb	0	0	0.0
				1)	enba	1839	213	6.11784E-5
		6)	ec	0	0	0.0
			1)	ech	0	0	0.0
				1)	echt	77	3143	9.027404E-4
				2)	echn	1618	249	7.151841E-5
			2)	eco	0	0	0.0
				1)	econ	423	900	2.5850028E-4
			3)	ect	0	0	0.0
				1)	ecte	937	459	1.3183514E-4
				2)	ecto	1098	386	1.108679E-4
				3)	ect_	1396	293	8.41562E-5
				4)	ecti	1850	211	6.0603954E-5
		7)	et	0	0	0.0
			1)	ete	0	0	0.0
				1)	eten	83	2934	8.427109E-4
				2)	eter	667	628	1.8037575E-4
				3)	etek	1557	261	7.496508E-5
			2)	etr	0	0	0.0
				1)	etre	242	1315	3.7769764E-4
				2)	etro	1065	399	1.1460179E-4
			3)	ett	0	0	0.0
				1)	ette	778	552	1.5854684E-4
			4)	ets	0	0	0.0
				1)	ets_	1057	402	1.1546346E-4
			5)	etg	0	0	0.0
				1)	etge	1071	397	1.14027345E-4
		8)	ef	0	0	0.0
			1)	eft	0	0	0.0
				1)	eft_	88	2842	8.162864E-4
			2)	eff	0	0	0.0
				1)	effe	727	582	1.6716351E-4
		9)	ez	0	0	0.0
			1)	eze	0	0	0.0
				1)	eze_	96	2723	7.8210694E-4
				2)	ezen	916	469	1.3470737E-4
				3)	ezeg	1258	326	9.3634546E-5
				4)	ezet	1633	247	7.094396E-5
			2)	ezi	0	0	0.0
				1)	ezie	1211	341	9.794288E-5
				2)	ezig	1658	243	6.9795075E-5
		10)	ed	0	0	0.0
			1)	ede	0	0	0.0
				1)	eden	102	2509	7.2064134E-4
				2)	ede_	412	927	2.662553E-4
				3)	eder	578	699	2.0076855E-4
				4)	eded	1440	283	8.128398E-5
				5)	edel	1477	276	7.927342E-5
			2)	edi	0	0	0.0
				1)	edig	812	529	1.5194072E-4
				2)	edin	981	437	1.2551625E-4
				3)	edie	1730	230	6.6061184E-5
			3)	eds	0	0	0.0
				1)	eds_	973	440	1.2637791E-4
			4)	edr	0	0	0.0
				1)	edri	1052	404	1.160379E-4
				2)	edra	1833	214	6.1465624E-5
			5)	edu	0	0	0.0
				1)	edur	1416	288	8.272009E-5
			6)	eda	0	0	0.0
				1)	edaa	1659	243	6.9795075E-5
		11)	em	0	0	0.0
			1)	eme	0	0	0.0
				1)	emen	107	2460	7.065674E-4
				2)	emee	591	691	1.9847076E-4
				3)	emer	1344	304	8.731565E-5
			2)	ema	0	0	0.0
				1)	emaa	809	531	1.5251516E-4
			3)	emo	0	0	0.0
				1)	emoc	1139	367	1.0541067E-4
			4)	emi	0	0	0.0
				1)	emin	1388	294	8.4443425E-5
			5)	emm	0	0	0.0
				1)	emmi	1401	292	8.386898E-5
				2)	emme	1888	204	5.8593396E-5
			6)	emd	0	0	0.0
				1)	emd_	1787	221	6.347618E-5
		12)	ev	0	0	0.0
			1)	eve	0	0	0.0
				1)	even	110	2446	7.025463E-4
				2)	ever	776	553	1.5883407E-4
				3)	eve_	817	526	1.5107905E-4
			2)	evo	0	0	0.0
				1)	evol	576	700	2.0105577E-4
				2)	evoe	581	698	2.0048133E-4
				3)	evor	1595	253	7.26673E-5
			3)	evr	0	0	0.0
				1)	evro	595	689	1.9789633E-4
			4)	evi	0	0	0.0
				1)	evin	724	583	1.6745074E-4
			5)	eva	0	0	0.0
				1)	eval	851	503	1.4447293E-4
				2)	evaa	907	472	1.3556903E-4
		13)	eg	0	0	0.0
			1)	ege	0	0	0.0
				1)	egen	134	2204	6.3303846E-4
				2)	egel	233	1343	3.8573987E-4
				3)	eger	931	462	1.326968E-4
				4)	egev	1046	406	1.1661235E-4
			2)	egg	0	0	0.0
				1)	egge	525	751	2.1570412E-4
			3)	egi	0	0	0.0
				1)	egio	601	686	1.9703466E-4
				2)	egin	625	664	1.9071576E-4
			4)	egd	0	0	0.0
				1)	egd_	704	594	1.7061019E-4
			5)	ega	0	0	0.0
				1)	egas	1268	323	9.2772876E-5
			6)	egr	0	0	0.0
				1)	egro	1751	227	6.5199514E-5
				2)	egri	1794	219	6.290174E-5
		14)	eb	0	0	0.0
			1)	ebb	0	0	0.0
				1)	ebbe	140	2170	6.232729E-4
			2)	ebi	0	0	0.0
				1)	ebie	416	917	2.6338306E-4
			3)	ebr	0	0	0.0
				1)	ebru	833	512	1.4705793E-4
				2)	ebre	1818	215	6.175284E-5
				3)	ebra	1869	208	5.9742288E-5
			4)	eba	0	0	0.0
				1)	ebat	839	509	1.4619627E-4
			5)	ebe	0	0	0.0
				1)	ebeu	1436	284	8.15712E-5
		15)	ek	0	0	0.0
			1)	eke	0	0	0.0
				1)	eken	174	1793	5.1499E-4
				2)	eke_	631	656	1.8841798E-4
				3)	eker	643	646	1.8554575E-4
			2)	eko	0	0	0.0
				1)	ekom	922	466	1.338457E-4
			3)	ekk	0	0	0.0
				1)	ekki	1035	409	1.1747402E-4
				2)	ekke	1291	316	9.076232E-5
			4)	ekt	0	0	0.0
				1)	ekt_	1503	271	7.783731E-5
		16)	es	0	0	0.0
			1)	est	0	0	0.0
				1)	este	215	1481	4.2537658E-4
				2)	esta	598	688	1.976091E-4
				3)	esti	660	637	1.8296075E-4
				4)	est_	819	522	1.4993016E-4
				5)	estr	1350	302	8.67412E-5
				6)	estu	1902	201	5.773173E-5
			2)	esc	0	0	0.0
				1)	esch	268	1229	3.529965E-4
			3)	esp	0	0	0.0
				1)	espr	942	458	1.3154792E-4
			4)	eso	0	0	0.0
				1)	esol	1184	349	1.00240664E-4
			5)	esl	0	0	0.0
				1)	eslu	1186	348	9.995344E-5
				2)	esli	1447	282	8.099675E-5
				3)	eslo	1553	262	7.5252305E-5
			6)	esu	0	0	0.0
				1)	esul	1807	217	6.2327286E-5
		17)	eu	0	0	0.0
			1)	euw	0	0	0.0
				1)	euwe	503	781	2.243208E-4
				2)	euw_	1382	295	8.4730644E-5
			2)	eun	0	0	0.0
				1)	eun_	950	453	1.301118E-4
			3)	eur	0	0	0.0
				1)	eur_	1040	407	1.1689957E-4
				2)	euro	1425	286	8.214564E-5
				3)	eure	1897	203	5.8306174E-5
		18)	ep	0	0	0.0
			1)	epe	0	0	0.0
				1)	epen	1029	412	1.1833568E-4
				2)	eper	1374	296	8.501787E-5
			2)	epa	0	0	0.0
				1)	epas	1143	365	1.04836225E-4
				2)	epaa	1257	327	9.392177E-5
		19)	eh	0	0	0.0
			1)	ehe	0	0	0.0
				1)	ehee	1161	356	1.0225122E-4
			2)	eha	0	0	0.0
				1)	ehan	1369	298	8.559231E-5
			3)	eho	0	0	0.0
				1)	ehou	1428	285	8.185842E-5
		20)	ea	0	0	0.0
			1)	eau	0	0	0.0
				1)	eau_	1330	307	8.8177316E-5
			2)	eac	0	0	0.0
				1)	each	1639	246	7.0656744E-5
		21)	ew	0	0	0.0
			1)	ewe	0	0	0.0
				1)	ewer	1882	205	5.8880618E-5
	5)	i	0	0	0.0
		1)	in	0	0	0.0
			1)	ing	0	0	0.0
				1)	ing_	8	11126	0.0031956378
				2)	inge	53	4221	0.0012123663
				3)	ings	197	1617	4.6443884E-4
			2)	ind	0	0	0.0
				1)	inde	241	1328	3.814315E-4
				2)	ind_	1358	301	8.645398E-5
				3)	indi	1573	257	7.381619E-5
			3)	int	0	0	0.0
				1)	inte	314	1130	3.2456146E-4
			4)	ins	0	0	0.0
				1)	inst	335	1075	3.0876423E-4
				2)	inse	1715	232	6.663563E-5
				3)	insp	1829	214	6.1465624E-5
			5)	inn	0	0	0.0
				1)	inne	439	867	2.4902195E-4
			6)	ina	0	0	0.0
				1)	inan	711	591	1.6974851E-4
				2)	inat	1830	214	6.1465624E-5
			7)	ini	0	0	0.0
				1)	init	880	488	1.401646E-4
				2)	inis	1693	236	6.778452E-5
				3)	inig	1887	204	5.8593396E-5
			8)	inz	0	0	0.0
				1)	inza	1399	292	8.386898E-5
			9)	inc	0	0	0.0
				1)	inci	1566	259	7.4390635E-5
			10)	inf	0	0	0.0
				1)	info	1667	240	6.8933405E-5
		2)	ij	0	0	0.0
			1)	ijn	0	0	0.0
				1)	ijn_	25	6043	0.0017356857
				2)	ijnh	236	1338	3.8430374E-4
				3)	ijne	1653	244	7.00823E-5
			2)	ijk	0	0	0.0
				1)	ijk_	51	4228	0.0012143769
				2)	ijke	73	3214	9.231332E-4
				3)	ijkh	484	800	2.2977803E-4
				4)	ijkt	1252	328	9.420899E-5
				5)	ijks	1286	317	9.1049544E-5
			3)	ijd	0	0	0.0
				1)	ijd_	480	806	2.3150136E-4
				2)	ijde	605	678	1.9473687E-4
				3)	ijds	1524	267	7.668842E-5
				4)	ijdr	1621	248	7.123119E-5
				5)	ijdi	1702	233	6.692285E-5
			4)	ijv	0	0	0.0
				1)	ijve	707	593	1.7032296E-4
				2)	ijvo	1817	215	6.175284E-5
			5)	ijz	0	0	0.0
				1)	ijze	715	587	1.6859962E-4
				2)	ijzi	1394	293	8.41562E-5
				3)	ijzo	1446	282	8.099675E-5
			6)	ijg	0	0	0.0
				1)	ijge	1064	399	1.1460179E-4
			7)	ijf	0	0	0.0
				1)	ijfe	1574	257	7.381619E-5
				2)	ijf_	1762	225	6.462507E-5
				3)	ijft	1873	206	5.916784E-5
			8)	ijs	0	0	0.0
				1)	ijs_	1802	218	6.261451E-5
			9)	ije	0	0	0.0
				1)	ijen	1867	208	5.9742288E-5
		3)	ie	0	0	0.0
			1)	iet	0	0	0.0
				1)	iet_	54	4156	0.0011936969
				2)	iets	1039	407	1.1689957E-4
			2)	ien	0	0	0.0
				1)	ien_	214	1482	4.256638E-4
				2)	iens	703	594	1.7061019E-4
				3)	iend	1462	279	8.013508E-5
				4)	iene	1550	263	7.553952E-5
				5)	ient	1806	217	6.2327286E-5
			3)	ies	0	0	0.0
				1)	ies_	218	1439	4.1331322E-4
			4)	ier	0	0	0.0
				1)	ier_	280	1201	3.4495426E-4
			5)	ieu	0	0	0.0
				1)	ieuw	310	1141	3.2772092E-4
				2)	ieu_	1716	232	6.663563E-5
			6)	ied	0	0	0.0
				1)	iede	404	937	2.6912751E-4
				2)	ied_	774	555	1.594085E-4
			7)	iev	0	0	0.0
				1)	ieve	473	812	2.332247E-4
			8)	iek	0	0	0.0
				1)	ieke	544	732	2.102469E-4
				2)	iek_	890	482	1.3844126E-4
			9)	ief	0	0	0.0
				1)	ief_	713	590	1.6946129E-4
		4)	ic	0	0	0.0
			1)	ich	0	0	0.0
				1)	icht	122	2305	6.6204794E-4
				2)	ich_	320	1112	3.1939146E-4
		5)	is	0	0	0.0
			1)	isc	0	0	0.0
				1)	isch	141	2169	6.2298565E-4
			2)	iss	0	0	0.0
				1)	issa	647	644	1.8497132E-4
				2)	isse	682	612	1.757802E-4
				3)	issi	899	475	1.3643071E-4
			3)	ist	0	0	0.0
				1)	iste	659	637	1.8296075E-4
				2)	ist_	1016	417	1.19771794E-4
				3)	isti	1305	312	8.961343E-5
			4)	ise	0	0	0.0
				1)	iser	971	442	1.2695236E-4
			5)	ism	0	0	0.0
				1)	isme	992	432	1.2408014E-4
			6)	isa	0	0	0.0
				1)	isat	1501	271	7.783731E-5
		6)	ig	0	0	0.0
			1)	ige	0	0	0.0
				1)	ige_	165	1873	5.379678E-4
				2)	igen	257	1277	3.6678318E-4
				3)	iger	1327	307	8.8177316E-5
			2)	igh	0	0	0.0
				1)	ighe	441	864	2.4816027E-4
			3)	igi	0	0	0.0
				1)	igin	904	473	1.3585626E-4
			4)	igd	0	0	0.0
				1)	igd_	1102	384	1.10293455E-4
				2)	igde	1160	356	1.0225122E-4
			5)	igt	0	0	0.0
				1)	igt_	1490	273	7.841175E-5
		7)	il	0	0	0.0
			1)	ill	0	0	0.0
				1)	ille	227	1369	3.9320765E-4
			2)	ili	0	0	0.0
				1)	ilie	734	578	1.6601462E-4
				2)	ilig	1027	412	1.1833568E-4
				3)	ilit	1556	261	7.496508E-5
				4)	ilij	1816	215	6.175284E-5
		8)	it	0	0	0.0
			1)	ite	0	0	0.0
				1)	itei	230	1350	3.8775042E-4
				2)	iten	348	1049	3.0129644E-4
				3)	iter	1015	417	1.19771794E-4
			2)	iti	0	0	0.0
				1)	itie	251	1285	3.6908095E-4
				2)	itia	1171	354	1.0167678E-4
			3)	itt	0	0	0.0
				1)	itte	568	707	2.0306633E-4
			4)	itv	0	0	0.0
				1)	itvo	1001	425	1.2206958E-4
			5)	itg	0	0	0.0
				1)	itge	1004	424	1.2178235E-4
				2)	itga	1533	266	7.640119E-5
			6)	itu	0	0	0.0
				1)	itua	1124	373	1.07134E-4
			7)	itb	0	0	0.0
				1)	itbr	1757	226	6.4912296E-5
		9)	ik	0	0	0.0
			1)	ikk	0	0	0.0
				1)	ikke	319	1115	3.2025314E-4
			2)	ike	0	0	0.0
				1)	ikel	1365	299	8.587954E-5
				2)	iken	1646	245	7.036952E-5
			3)	ikt	0	0	0.0
				1)	ikt_	1452	281	8.0709535E-5
		10)	id	0	0	0.0
			1)	ids	0	0	0.0
				1)	idst	323	1102	3.1651923E-4
			2)	idd	0	0	0.0
				1)	idde	467	820	2.3552247E-4
			3)	ide	0	0	0.0
				1)	idel	562	711	2.0421522E-4
				2)	iden	910	471	1.352818E-4
			4)	idi	0	0	0.0
				1)	idin	921	467	1.3413292E-4
				2)	idig	1562	260	7.467786E-5
		11)	io	0	0	0.0
			1)	ion	0	0	0.0
				1)	iona	364	1019	2.9267976E-4
				2)	ione	1398	292	8.386898E-5
			2)	ios	0	0	0.0
				1)	ios_	1511	270	7.755008E-5
		12)	ia	0	0	0.0
			1)	ial	0	0	0.0
				1)	iale	548	726	2.0852356E-4
			2)	iat	0	0	0.0
				1)	iati	1081	393	1.1287846E-4
			3)	iaa	0	0	0.0
				1)	iaal	1494	272	7.8124525E-5
		13)	ir	0	0	0.0
			1)	ire	0	0	0.0
				1)	ire_	744	573	1.6457851E-4
		14)	ië	0	0	0.0
			1)	iël	0	0	0.0
				1)	iële	770	558	1.6027017E-4
		15)	im	0	0	0.0
			1)	imm	0	0	0.0
				1)	imme	1195	345	9.9091776E-5
		16)	iv	0	0	0.0
			1)	ive	0	0	0.0
				1)	ivea	1584	255	7.324175E-5
	6)	t	0	0	0.0
		1)	te	0	0	0.0
			1)	ten	0	0	0.0
				1)	ten_	11	10646	0.0030577711
				2)	tens	1084	391	1.1230401E-4
				3)	tend	1392	293	8.41562E-5
			2)	ter	0	0	0.0
				1)	ter_	106	2465	7.080035E-4
				2)	tere	374	982	2.8205253E-4
				3)	teri	726	582	1.6716351E-4
				4)	tern	761	563	1.6170628E-4
				5)	ters	766	560	1.6084462E-4
				6)	terk	1155	358	1.0282567E-4
				7)	teru	1323	307	8.8177316E-5
				8)	terr	1628	247	7.094396E-5
				9)	term	1657	243	6.9795075E-5
				10)	terg	1810	217	6.2327286E-5
			3)	tel	0	0	0.0
				1)	tell	151	1982	5.6927506E-4
				2)	teld	589	691	1.9847076E-4
				3)	tel_	653	640	1.8382243E-4
				4)	teli	946	455	1.3068625E-4
				5)	tele	1077	395	1.134529E-4
			4)	teg	0	0	0.0
				1)	tege	256	1277	3.6678318E-4
				2)	tegi	1681	238	6.835896E-5
			5)	tei	0	0	0.0
				1)	teit	264	1253	3.5988985E-4
			6)	teu	0	0	0.0
				1)	teun	463	824	2.3667136E-4
				2)	teur	1104	382	1.0971901E-4
			7)	tek	0	0	0.0
				1)	teke	866	495	1.4217515E-4
			8)	tem	0	0	0.0
				1)	temm	924	465	1.3355848E-4
			9)	tee	0	0	0.0
				1)	teed	1206	342	9.8230106E-5
				2)	teer	1245	329	9.4496216E-5
				3)	teem	1782	221	6.347618E-5
			10)	tec	0	0	0.0
				1)	tech	1615	249	7.151841E-5
		2)	ti	0	0	0.0
			1)	tie	0	0	0.0
				1)	tie_	61	3610	0.0010368733
				2)	ties	362	1022	2.9354144E-4
				3)	tiek	495	793	2.2776746E-4
				4)	tiev	555	717	2.0593856E-4
				5)	tief	781	549	1.5768516E-4
			2)	tin	0	0	0.0
				1)	ting	250	1288	3.6994263E-4
			3)	tij	0	0	0.0
				1)	tijd	299	1168	3.3547592E-4
			4)	tio	0	0	0.0
				1)	tion	345	1053	3.0244532E-4
			5)	tis	0	0	0.0
				1)	tisc	510	771	2.2144857E-4
			6)	tig	0	0	0.0
				1)	tige	850	503	1.4447293E-4
				2)	tig_	909	471	1.352818E-4
			7)	tia	0	0	0.0
				1)	tiat	1149	360	1.0340011E-4
			8)	tik	0	0	0.0
				1)	tike	1372	296	8.501787E-5
			9)	tiv	0	0	0.0
				1)	tivi	1907	201	5.773173E-5
		3)	to	0	0	0.0
			1)	tot	0	0	0.0
				1)	tot_	167	1871	5.373934E-4
			2)	toe	0	0	0.0
				1)	toe_	915	469	1.3470737E-4
				2)	toeg	1017	416	1.19484575E-4
				3)	toek	1229	334	9.593232E-5
				4)	toer	1316	308	8.846454E-5
				5)	toep	1671	240	6.8933405E-5
				6)	toen	1672	240	6.8933405E-5
			3)	tor	0	0	0.0
				1)	tor_	1307	311	8.9326204E-5
				2)	tori	1790	220	6.3188956E-5
			4)	toc	0	0	0.0
				1)	toch	1624	248	7.123119E-5
		4)	ta	0	0	0.0
			1)	tat	0	0	0.0
				1)	tate	321	1109	3.1852978E-4
				2)	tati	1687	237	6.807174E-5
			2)	taa	0	0	0.0
				1)	taat	352	1044	2.9986032E-4
				2)	taan	539	739	2.1225745E-4
				3)	taal	1279	320	9.191121E-5
			3)	tan	0	0	0.0
				1)	tand	358	1031	2.9612644E-4
			4)	tai	0	0	0.0
				1)	tair	694	601	1.7262074E-4
			5)	tal	0	0	0.0
				1)	tal_	811	530	1.5222795E-4
		5)	tu	0	0	0.0
			1)	tuu	0	0	0.0
				1)	tuur	375	980	2.8147807E-4
			2)	tus	0	0	0.0
				1)	tuss	588	692	1.9875799E-4
			3)	tua	0	0	0.0
				1)	tuat	1115	375	1.0770845E-4
			4)	tur	0	0	0.0
				1)	ture	1250	328	9.420899E-5
			5)	tui	0	0	0.0
				1)	tuig	1360	300	8.616676E-5
		6)	tw	0	0	0.0
			1)	twi	0	0	0.0
				1)	twik	389	958	2.751592E-4
				2)	twij	1820	215	6.175284E-5
			2)	twe	0	0	0.0
				1)	twee	519	760	2.1828912E-4
				2)	twer	1302	312	8.961343E-5
			3)	two	0	0	0.0
				1)	twoo	642	646	1.8554575E-4
		7)	tr	0	0	0.0
			1)	tre	0	0	0.0
				1)	tref	472	814	2.3379915E-4
				2)	trek	609	676	1.9416244E-4
				3)	treg	725	582	1.6716351E-4
				4)	tred	1158	356	1.0225122E-4
				5)	tree	1760	225	6.462507E-5
			2)	tru	0	0	0.0
				1)	truc	820	521	1.4964293E-4
				2)	trum	1772	223	6.4050626E-5
			3)	tri	0	0	0.0
				1)	trij	1086	390	1.1201679E-4
			4)	tro	0	0	0.0
				1)	trol	1133	368	1.05697894E-4
				2)	trou	1455	280	8.042231E-5
				3)	trok	1542	264	7.582675E-5
			5)	tra	0	0	0.0
				1)	trat	1146	363	1.0426178E-4
				2)	tran	1680	238	6.835896E-5
		8)	tt	0	0	0.0
			1)	tte	0	0	0.0
				1)	tter	586	695	1.9961967E-4
				2)	tten	751	568	1.631424E-4
				3)	ttel	1591	253	7.26673E-5
			2)	tti	0	0	0.0
				1)	ttin	1800	218	6.261451E-5
		9)	ts	0	0	0.0
			1)	tst	0	0	0.0
				1)	tste	693	604	1.734824E-4
			2)	tsc	0	0	0.0
				1)	tsch	1602	252	7.238008E-5
		10)	tl	0	0	0.0
			1)	tli	0	0	0.0
				1)	tlij	832	513	1.4734516E-4
		11)	tg	0	0	0.0
			1)	tge	0	0	0.0
				1)	tgev	1048	405	1.1632513E-4
		12)	tv	0	0	0.0
			1)	tvo	0	0	0.0
				1)	tvoe	1253	327	9.392177E-5
		13)	tb	0	0	0.0
			1)	tbr	0	0	0.0
				1)	tbre	1474	276	7.927342E-5
	7)	d	0	0	0.0
		1)	da	0	0	0.0
			1)	dat	0	0	0.0
				1)	dat_	12	10594	0.0030428355
			2)	daa	0	0	0.0
				1)	daar	137	2173	6.2413455E-4
				2)	daag	1331	307	8.8177316E-5
				3)	daad	1375	296	8.501787E-5
				4)	daan	1492	273	7.841175E-5
			3)	dan	0	0	0.0
				1)	dan_	252	1285	3.6908095E-4
				2)	dank	674	619	1.7779075E-4
			4)	dac	0	0	0.0
				1)	dach	1066	399	1.1460179E-4
			5)	dam	0	0	0.0
				1)	dame	1695	235	6.74973E-5
			6)	dag	0	0	0.0
				1)	dag_	1899	202	5.801895E-5
		2)	de	0	0	0.0
			1)	den	0	0	0.0
				1)	den_	13	10294	0.0029566688
				2)	denk	782	549	1.5768516E-4
				3)	dens	1322	308	8.846454E-5
				4)	dend	1640	246	7.0656744E-5
			2)	dez	0	0	0.0
				1)	deze	89	2842	8.162864E-4
			3)	der	0	0	0.0
				1)	der_	109	2453	7.045569E-4
				2)	dere	162	1887	5.4198893E-4
				3)	ders	608	677	1.9444965E-4
				4)	derd	623	665	1.9100298E-4
				5)	deri	641	648	1.861202E-4
				6)	derh	771	558	1.6027017E-4
				7)	derz	1037	408	1.1718679E-4
				8)	dern	1200	344	9.880455E-5
				9)	derg	1383	295	8.4730644E-5
				10)	derw	1487	274	7.869898E-5
			4)	del	0	0	0.0
				1)	deli	125	2262	6.496974E-4
				2)	dele	386	963	2.765953E-4
				3)	del_	1429	285	8.185842E-5
			5)	dee	0	0	0.0
				1)	deel	383	971	2.7889307E-4
			6)	dem	0	0	0.0
				1)	deme	754	567	1.6285517E-4
				2)	demo	1042	407	1.1689957E-4
			7)	deb	0	0	0.0
				1)	deba	836	510	1.464835E-4
			8)	ded	0	0	0.0
				1)	dedi	1568	259	7.4390635E-5
		3)	di	0	0	0.0
			1)	die	0	0	0.0
				1)	die_	35	4922	0.0014137093
				2)	dien	231	1349	3.874632E-4
			2)	dit	0	0	0.0
				1)	dit_	71	3245	9.3203713E-4
			3)	din	0	0	0.0
				1)	ding	217	1463	4.2020658E-4
			4)	dig	0	0	0.0
				1)	dige	322	1109	3.1852978E-4
				2)	dig_	420	904	2.5964918E-4
				3)	digd	967	447	1.2838848E-4
				4)	digh	1269	323	9.2772876E-5
			5)	dis	0	0	0.0
				1)	disc	1078	395	1.134529E-4
		4)	do	0	0	0.0
			1)	doo	0	0	0.0
				1)	door	147	2016	5.790406E-4
			2)	doe	0	0	0.0
				1)	doel	380	974	2.7975475E-4
				2)	doen	455	840	2.4126693E-4
		5)	ds	0	0	0.0
			1)	dst	0	0	0.0
				1)	dsta	355	1038	2.98137E-4
			2)	dse	0	0	0.0
				1)	dsen	1742	228	6.548674E-5
		6)	dd	0	0	0.0
			1)	dde	0	0	0.0
				1)	ddel	522	758	2.1771468E-4
		7)	du	0	0	0.0
			1)	dui	0	0	0.0
				1)	duid	626	664	1.9071576E-4
			2)	dus	0	0	0.0
				1)	dus_	796	538	1.5452573E-4
			3)	dur	0	0	0.0
				1)	dure	1172	354	1.0167678E-4
			4)	duc	0	0	0.0
				1)	duct	1647	245	7.036952E-5
		8)	dr	0	0	0.0
			1)	dra	0	0	0.0
				1)	drag	665	632	1.8152464E-4
			2)	dri	0	0	0.0
				1)	drij	977	439	1.2609069E-4
			3)	dru	0	0	0.0
				1)	druk	1000	426	1.223568E-4
		9)	dh	0	0	0.0
			1)	dhe	0	0	0.0
				1)	dhei	1114	376	1.0799567E-4
		10)	dp	0	0	0.0
			1)	dpu	0	0	0.0
				1)	dpun	1220	337	9.679399E-5
		11)	dz	0	0	0.0
			1)	dza	0	0	0.0
				1)	dzak	1845	212	6.0891176E-5
	8)	g	0	0	0.0
		1)	ge	0	0	0.0
			1)	gen	0	0	0.0
				1)	gen_	17	9570	0.0027487196
				2)	geno	349	1047	3.00722E-4
				3)	gend	590	691	1.9847076E-4
				4)	gens	646	645	1.8525853E-4
				5)	genh	779	551	1.5825962E-4
				6)	gene	1313	309	8.875176E-5
				7)	genw	1473	277	7.956064E-5
			2)	gel	0	0	0.0
				1)	gele	181	1745	5.012033E-4
				2)	geli	193	1658	4.7621495E-4
				3)	geld	968	445	1.2781403E-4
				4)	gelo	1092	388	1.1144234E-4
				5)	gels	1636	246	7.0656744E-5
			3)	gee	0	0	0.0
				1)	geen	315	1129	3.2427424E-4
			4)	ges	0	0	0.0
				1)	gest	376	980	2.8147807E-4
				2)	gesp	1278	321	9.219843E-5
				3)	gesc	1329	307	8.8177316E-5
				4)	gesl	1598	252	7.238008E-5
			5)	gev	0	0	0.0
				1)	geve	379	976	2.803292E-4
				2)	geva	393	952	2.7343584E-4
				3)	gevo	437	871	2.5017082E-4
				4)	gevi	1096	387	1.1115512E-4
			6)	gem	0	0	0.0
				1)	geme	407	932	2.676914E-4
				2)	gema	1110	379	1.0885734E-4
			7)	geb	0	0	0.0
				1)	gebi	415	917	2.6338306E-4
				2)	gebr	434	876	2.5160695E-4
				3)	gebe	1422	287	8.243287E-5
			8)	ger	0	0	0.0
				1)	gers	721	584	1.6773796E-4
				2)	geri	752	568	1.631424E-4
				3)	ger_	864	497	1.427496E-4
				4)	gere	876	491	1.4102626E-4
			9)	gez	0	0	0.0
				1)	geze	814	528	1.516535E-4
				2)	gezi	1120	374	1.0742123E-4
				3)	gezo	1678	239	6.8646186E-5
			10)	gew	0	0	0.0
				1)	gewe	919	468	1.3442014E-4
				2)	gewo	1543	264	7.582675E-5
			11)	ged	0	0	0.0
				1)	geda	1113	377	1.082829E-4
			12)	geg	0	0	0.0
				1)	gege	1174	353	1.0138955E-4
			13)	gek	0	0	0.0
				1)	geko	1453	281	8.0709535E-5
			14)	geh	0	0	0.0
				1)	geho	1491	273	7.841175E-5
				2)	gehe	1617	249	7.151841E-5
			15)	gea	0	0	0.0
				1)	geac	1567	259	7.4390635E-5
			16)	get	0	0	0.0
				1)	getr	1831	214	6.1465624E-5
		2)	gi	0	0	0.0
			1)	gin	0	0	0.0
				1)	ging	221	1426	4.0957934E-4
				2)	gins	1703	233	6.692285E-5
			2)	gie	0	0	0.0
				1)	gie_	1400	292	8.386898E-5
			3)	gio	0	0	0.0
				1)	gios	1551	263	7.553952E-5
				2)	gion	1563	260	7.467786E-5
			4)	gis	0	0	0.0
				1)	gisc	1597	252	7.238008E-5
		3)	go	0	0	0.0
			1)	goe	0	0	0.0
				1)	goed	259	1274	3.659215E-4
		4)	gr	0	0	0.0
			1)	gri	0	0	0.0
				1)	grij	337	1072	3.0790255E-4
			2)	gro	0	0	0.0
				1)	grot	450	850	2.4413916E-4
				2)	gron	807	532	1.5280239E-4
				3)	groe	914	470	1.349946E-4
				4)	groo	1132	369	1.0598511E-4
			3)	gra	0	0	0.0
				1)	gram	617	673	1.9330076E-4
				2)	graa	1349	302	8.67412E-5
			4)	gre	0	0	0.0
				1)	gren	1727	230	6.6061184E-5
		5)	ga	0	0	0.0
			1)	gaa	0	0	0.0
				1)	gaan	410	931	2.674042E-4
				2)	gaat	671	623	1.7893963E-4
			2)	gan	0	0	0.0
				1)	gang	1002	425	1.2206958E-4
				2)	gani	1564	260	7.467786E-5
			3)	gas	0	0	0.0
				1)	gas_	1264	324	9.30601E-5
		6)	gg	0	0	0.0
			1)	gge	0	0	0.0
				1)	ggen	444	856	2.458625E-4
		7)	gh	0	0	0.0
			1)	ghe	0	0	0.0
				1)	ghei	559	714	2.0507688E-4
		8)	gd	0	0	0.0
			1)	gde	0	0	0.0
				1)	gde_	1314	309	8.875176E-5
			2)	gdh	0	0	0.0
				1)	gdhe	1750	227	6.5199514E-5
		9)	gs	0	0	0.0
			1)	gsp	0	0	0.0
				1)	gspr	1575	257	7.381619E-5
			2)	gsb	0	0	0.0
				1)	gsbe	1717	232	6.663563E-5
			3)	gst	0	0	0.0
				1)	gstu	1741	228	6.548674E-5
				2)	gste	1857	209	6.002951E-5
	9)	o	0	0	0.0
		1)	oo	0	0	0.0
			1)	oor	0	0	0.0
				1)	oor_	19	8147	0.002340002
				2)	oord	153	1962	5.635306E-4
				3)	oors	334	1075	3.0876423E-4
				4)	oorz	350	1046	3.0043477E-4
				5)	oort	597	688	1.976091E-4
				6)	oorb	803	533	1.5308961E-4
				7)	oora	1022	413	1.18622906E-4
				8)	oorg	1141	365	1.04836225E-4
				9)	oorl	1515	269	7.726286E-5
				10)	oork	1844	212	6.0891176E-5
				11)	oorw	1914	200	5.7444508E-5
			2)	ook	0	0	0.0
				1)	ook_	79	3052	8.766032E-4
			3)	oog	0	0	0.0
				1)	oog_	1091	388	1.1144234E-4
			4)	oop	0	0	0.0
				1)	oop_	1144	364	1.04549E-4
			5)	ood	0	0	0.0
				1)	oodz	1324	307	8.8177316E-5
			6)	oot	0	0	0.0
				1)	oot_	1476	276	7.927342E-5
			7)	oof	0	0	0.0
				1)	oofd	1605	251	7.209286E-5
		2)	ov	0	0	0.0
			1)	ove	0	0	0.0
				1)	over	36	4858	0.001395327
				2)	oven	1214	339	9.736844E-5
		3)	or	0	0	0.0
			1)	ord	0	0	0.0
				1)	orde	38	4740	0.0013614348
				2)	ordt	196	1629	4.6788552E-4
				3)	ord_	808	531	1.5251516E-4
				4)	ordi	1266	323	9.2772876E-5
			2)	ors	0	0	0.0
				1)	orst	422	900	2.5850028E-4
			3)	org	0	0	0.0
				1)	orge	427	891	2.5591528E-4
				2)	orga	1087	390	1.1201679E-4
			4)	orz	0	0	0.0
				1)	orzi	460	832	2.3896915E-4
			5)	ore	0	0	0.0
				1)	oren	753	567	1.6285517E-4
			6)	ort	0	0	0.0
				1)	ort_	788	542	1.5567461E-4
				2)	orte	828	516	1.4820683E-4
			7)	orm	0	0	0.0
				1)	orme	843	506	1.453346E-4
				2)	ormi	994	429	1.2321847E-4
				3)	orma	1231	334	9.593232E-5
				4)	orm_	1894	203	5.8306174E-5
			8)	orb	0	0	0.0
				1)	orbe	927	463	1.3298403E-4
			9)	ora	0	0	0.0
				1)	oral	1150	360	1.0340011E-4
			10)	ori	0	0	0.0
				1)	orit	1460	279	8.013508E-5
				2)	orig	1913	200	5.7444508E-5
		4)	on	0	0	0.0
			1)	ond	0	0	0.0
				1)	onde	62	3610	0.0010368733
				2)	ond_	1012	418	1.2005902E-4
				3)	onds	1061	400	1.14889015E-4
				4)	ondi	1699	234	6.721007E-5
			2)	ons	0	0	0.0
				1)	ons_	238	1330	3.8200596E-4
			3)	onz	0	0	0.0
				1)	onze	272	1215	3.489754E-4
			4)	ont	0	0	0.0
				1)	ontw	297	1171	3.3633757E-4
				2)	ontr	901	473	1.3585626E-4
			5)	ono	0	0	0.0
				1)	onom	465	821	2.358097E-4
			6)	ona	0	0	0.0
				1)	onal	479	807	2.3178858E-4
				2)	onaa	1420	287	8.243287E-5
			7)	ong	0	0	0.0
				1)	onge	764	561	1.6113184E-4
			8)	onc	0	0	0.0
				1)	oncu	1434	284	8.15712E-5
			9)	onf	0	0	0.0
				1)	onfe	1908	201	5.773173E-5
		5)	oe	0	0	0.0
			1)	oet	0	0	0.0
				1)	oete	126	2261	6.494101E-4
				2)	oet_	148	2009	5.7703006E-4
			2)	oen	0	0	0.0
				1)	oen_	387	960	2.7573362E-4
			3)	oed	0	0	0.0
				1)	oed_	585	696	1.9990688E-4
				2)	oede	677	615	1.7664186E-4
			4)	oer	0	0	0.0
				1)	oeri	858	499	1.4332404E-4
				2)	oere	902	473	1.3585626E-4
				3)	oerd	1508	270	7.755008E-5
			5)	oeg	0	0	0.0
				1)	oege	941	458	1.3154792E-4
				2)	oegd	1471	277	7.956064E-5
			6)	oek	0	0	0.0
				1)	oek_	1100	385	1.1058067E-4
				2)	oeko	1338	305	8.760287E-5
				3)	oeke	1662	242	6.9507856E-5
			7)	oel	0	0	0.0
				1)	oels	1128	371	1.0655956E-4
				2)	oel_	1461	279	8.013508E-5
			8)	oep	0	0	0.0
				1)	oepe	1488	273	7.841175E-5
				2)	oepa	1684	238	6.835896E-5
			9)	oev	0	0	0.0
				1)	oeve	1778	222	6.37634E-5
			10)	oei	0	0	0.0
				1)	oeil	1821	215	6.175284E-5
			11)	oes	0	0	0.0
				1)	oest	1864	208	5.9742288E-5
		6)	om	0	0	0.0
			1)	ome	0	0	0.0
				1)	omen	136	2176	6.249962E-4
			2)	omm	0	0	0.0
				1)	ommi	329	1082	3.1077478E-4
				2)	ommu	1045	406	1.1661235E-4
			3)	oms	0	0	0.0
				1)	omst	405	934	2.6826584E-4
			4)	omi	0	0	0.0
				1)	omis	654	640	1.8382243E-4
				2)	omie	1692	236	6.778452E-5
			5)	omd	0	0	0.0
				1)	omda	791	539	1.5481295E-4
			6)	omt	0	0	0.0
				1)	omt_	1183	349	1.00240664E-4
		7)	ou	0	0	0.0
			1)	oud	0	0	0.0
				1)	oude	277	1207	3.466776E-4
				2)	oudi	1603	252	7.238008E-5
			2)	ouw	0	0	0.0
				1)	ouw_	382	972	2.791803E-4
				2)	ouwe	613	674	1.9358798E-4
		8)	oc	0	0	0.0
			1)	oci	0	0	0.0
				1)	ocia	438	870	2.498836E-4
			2)	ocr	0	0	0.0
				1)	ocra	1130	370	1.0627234E-4
			3)	och	0	0	0.0
				1)	och_	1326	307	8.8177316E-5
				2)	ocht	1895	203	5.8306174E-5
			4)	oce	0	0	0.0
				1)	oces	1339	305	8.760287E-5
				2)	oced	1528	267	7.668842E-5
		9)	ol	0	0	0.0
			1)	oll	0	0	0.0
				1)	olle	457	838	2.4069248E-4
			2)	olg	0	0	0.0
				1)	olge	492	794	2.2805469E-4
			3)	oli	0	0	0.0
				1)	olit	600	686	1.9703466E-4
			4)	olu	0	0	0.0
				1)	olut	1106	381	1.09431785E-4
			5)	olo	0	0	0.0
				1)	olog	1582	256	7.3528965E-5
			6)	olk	0	0	0.0
				1)	olki	1746	227	6.5199514E-5
			7)	old	0	0	0.0
				1)	oldo	1842	213	6.11784E-5
			8)	ole	0	0	0.0
				1)	ole_	1862	209	6.002951E-5
		10)	oa	0	0	0.0
			1)	oal	0	0	0.0
				1)	oals	497	792	2.2748024E-4
		11)	op	0	0	0.0
			1)	ope	0	0	0.0
				1)	open	527	747	2.1455523E-4
			2)	opg	0	0	0.0
				1)	opge	795	538	1.5452573E-4
			3)	opl	0	0	0.0
				1)	oplo	1581	256	7.3528965E-5
			4)	opm	0	0	0.0
				1)	opme	1712	232	6.663563E-5
		12)	og	0	0	0.0
			1)	oge	0	0	0.0
				1)	ogel	528	747	2.1455523E-4
				2)	ogen	655	640	1.8382243E-4
			2)	ogr	0	0	0.0
				1)	ogra	577	699	2.0076855E-4
		13)	ob	0	0	0.0
			1)	obl	0	0	0.0
				1)	oble	561	713	2.0478967E-4
		14)	od	0	0	0.0
			1)	odi	0	0	0.0
				1)	odig	917	468	1.3442014E-4
			2)	odu	0	0	0.0
				1)	oduc	1226	335	9.621955E-5
			3)	odz	0	0	0.0
				1)	odza	1325	307	8.8177316E-5
			4)	ode	0	0	0.0
				1)	ode_	1685	238	6.835896E-5
			5)	oda	0	0	0.0
				1)	odat	1881	205	5.8880618E-5
		15)	ot	0	0	0.0
			1)	ote	0	0	0.0
				1)	ote_	933	461	1.324096E-4
				2)	oten	996	428	1.2293125E-4
		16)	of	0	0	0.0
			1)	off	0	0	0.0
				1)	offe	1256	327	9.392177E-5
		17)	ok	0	0	0.0
			1)	okk	0	0	0.0
				1)	okke	1303	312	8.961343E-5
			2)	oke	0	0	0.0
				1)	oken	1443	282	8.099675E-5
		18)	os	0	0	0.0
			1)	ost	0	0	0.0
				1)	oste	1407	290	8.329454E-5
			2)	osi	0	0	0.0
				1)	osit	1514	269	7.726286E-5
			3)	oss	0	0	0.0
				1)	ossi	1611	250	7.180563E-5
		19)	oj	0	0	0.0
			1)	oje	0	0	0.0
				1)	ojec	1589	254	7.295452E-5
		20)	ow	0	0	0.0
			1)	owe	0	0	0.0
				1)	owel	1797	219	6.290174E-5
	10)	l	0	0	0.0
		1)	li	0	0	0.0
			1)	lij	0	0	0.0
				1)	lijk	20	7721	0.002217645
				2)	lijn	701	596	1.7118463E-4
				3)	lijv	1510	270	7.755008E-5
			2)	lin	0	0	0.0
				1)	ling	69	3367	9.6707826E-4
			3)	lid	0	0	0.0
				1)	lids	359	1030	2.958392E-4
			4)	lit	0	0	0.0
				1)	liti	571	704	2.0220467E-4
				2)	lite	944	456	1.3097348E-4
			5)	lie	0	0	0.0
				1)	lieu	775	554	1.5912128E-4
			6)	lic	0	0	0.0
				1)	lich	800	535	1.5366405E-4
			7)	lig	0	0	0.0
				1)	ligh	1136	367	1.0541067E-4
			8)	lis	0	0	0.0
				1)	lise	1154	359	1.0311289E-4
				2)	list	1651	244	7.00823E-5
				3)	liss	1700	234	6.721007E-5
		2)	le	0	0	0.0
			1)	len	0	0	0.0
				1)	len_	30	5442	0.001563065
				2)	lend	1013	418	1.2005902E-4
			2)	lei	0	0	0.0
				1)	leid	149	2006	5.761684E-4
				2)	lein	1630	247	7.094396E-5
			3)	lee	0	0	0.0
				1)	leen	489	796	2.2862914E-4
				2)	leem	1274	322	9.248566E-5
				3)	leer	1878	206	5.916784E-5
			4)	lev	0	0	0.0
				1)	leve	549	723	2.0766188E-4
			5)	lem	0	0	0.0
				1)	leme	614	674	1.9358798E-4
				2)	lema	1555	261	7.496508E-5
			6)	leg	0	0	0.0
				1)	lege	692	605	1.7376963E-4
				2)	lega	784	545	1.5653628E-4
				3)	legg	1051	404	1.160379E-4
				4)	legd	1708	233	6.692285E-5
			7)	led	0	0	0.0
				1)	lede	954	451	1.2953737E-4
				2)	ledi	1631	247	7.094396E-5
			8)	lec	0	0	0.0
				1)	lech	1485	274	7.869898E-5
			9)	ler	0	0	0.0
				1)	lere	1675	239	6.8646186E-5
			10)	les	0	0	0.0
				1)	les_	1779	222	6.37634E-5
		3)	ll	0	0	0.0
			1)	lle	0	0	0.0
				1)	llen	66	3488	0.0010018322
				2)	lle_	385	963	2.765953E-4
				3)	llee	512	770	2.2116135E-4
				4)	lleg	889	483	1.3872849E-4
				5)	lled	1756	226	6.4912296E-5
			2)	lli	0	0	0.0
				1)	llin	357	1035	2.972753E-4
		4)	la	0	0	0.0
			1)	lan	0	0	0.0
				1)	lang	145	2072	5.951251E-4
				2)	land	178	1770	5.083839E-4
			2)	laa	0	0	0.0
				1)	laat	279	1201	3.4495426E-4
			3)	lag	0	0	0.0
				1)	lag_	371	996	2.8607363E-4
				2)	lage	1459	280	8.042231E-5
			4)	lat	0	0	0.0
				1)	late	767	559	1.6055739E-4
				2)	lati	1828	214	6.1465624E-5
			5)	las	0	0	0.0
				1)	last	1321	308	8.846454E-5
		5)	lg	0	0	0.0
			1)	lge	0	0	0.0
				1)	lgen	502	785	2.2546969E-4
				2)	lgem	1484	274	7.869898E-5
		6)	lu	0	0	0.0
			1)	lui	0	0	0.0
				1)	luit	624	664	1.9071576E-4
			2)	lut	0	0	0.0
				1)	luti	1151	360	1.0340011E-4
		7)	ld	0	0	0.0
			1)	lde	0	0	0.0
				1)	lde_	706	593	1.7032296E-4
				2)	lden	1666	241	6.922063E-5
			2)	ldo	0	0	0.0
				1)	ldoe	1827	214	6.1465624E-5
		8)	lk	0	0	0.0
			1)	lke	0	0	0.0
				1)	lke_	988	433	1.2436736E-4
			2)	lki	0	0	0.0
				1)	lkin	1748	227	6.5199514E-5
		9)	ls	0	0	0.0
			1)	lst	0	0	0.0
				1)	lste	1074	396	1.1374012E-4
		10)	lo	0	0	0.0
			1)	log	0	0	0.0
				1)	logi	1335	306	8.78901E-5
			2)	lop	0	0	0.0
				1)	lope	1367	298	8.559231E-5
			3)	los	0	0	0.0
				1)	loss	1451	281	8.0709535E-5
			4)	lot	0	0	0.0
				1)	lote	1594	253	7.26673E-5
			5)	loo	0	0	0.0
				1)	loof	1786	221	6.347618E-5
		11)	lt	0	0	0.0
			1)	lti	0	0	0.0
				1)	ltij	1590	254	7.295452E-5
		12)	lf	0	0	0.0
			1)	lfs	0	0	0.0
				1)	lfs_	1652	244	7.00823E-5
			2)	lfd	0	0	0.0
				1)	lfde	1713	232	6.663563E-5
	11)	a	0	0	0.0
		1)	aa	0	0	0.0
			1)	aar	0	0	0.0
				1)	aar_	22	6508	0.0018692443
				2)	aard	160	1921	5.517545E-4
				3)	aaro	302	1167	3.351887E-4
				4)	aarv	895	478	1.3729237E-4
				5)	aari	1072	397	1.14027345E-4
				6)	aarb	1165	355	1.01964E-4
				7)	aart	1196	345	9.9091776E-5
				8)	aarm	1384	295	8.4730644E-5
			2)	aan	0	0	0.0
				1)	aan_	32	5313	0.0015260134
				2)	aand	443	857	2.4614972E-4
				3)	aang	550	723	2.0766188E-4
				4)	aant	745	573	1.6457851E-4
				5)	aanv	1187	348	9.995344E-5
				6)	aanp	1780	222	6.37634E-5
			3)	aat	0	0	0.0
				1)	aat_	159	1922	5.520417E-4
				2)	aats	237	1335	3.834421E-4
				3)	aatr	736	578	1.6601462E-4
			4)	aal	0	0	0.0
				1)	aal_	267	1232	3.5385817E-4
				2)	aald	956	450	1.2925014E-4
			5)	aag	0	0	0.0
				1)	aag_	336	1075	3.0876423E-4
				2)	aags	1641	246	7.0656744E-5
			6)	aak	0	0	0.0
				1)	aak_	496	793	2.2776746E-4
				2)	aakt	818	525	1.5079184E-4
			7)	aad	0	0	0.0
				1)	aad_	1721	232	6.663563E-5
		2)	an	0	0	0.0
			1)	and	0	0	0.0
				1)	ande	59	3894	0.0011184445
				2)	and_	225	1394	4.003882E-4
				3)	anda	556	716	2.0565133E-4
				4)	andp	1209	342	9.8230106E-5
				5)	andi	1271	323	9.2772876E-5
				6)	ands	1516	269	7.726286E-5
			2)	ang	0	0	0.0
				1)	ange	254	1284	3.6879373E-4
				2)	ang_	292	1180	3.3892257E-4
				3)	angr	414	918	2.6367028E-4
				4)	angs	1431	285	8.185842E-5
			3)	ant	0	0	0.0
				1)	antw	644	646	1.8554575E-4
				2)	anta	825	519	1.490685E-4
				3)	ant_	911	471	1.352818E-4
				4)	anti	1058	402	1.1546346E-4
				5)	ante	1352	302	8.67412E-5
			4)	anc	0	0	0.0
				1)	anci	705	594	1.7061019E-4
			5)	ank	0	0	0.0
				1)	anke	887	484	1.3901571E-4
				2)	ank_	1505	271	7.783731E-5
			6)	ann	0	0	0.0
				1)	anne	943	458	1.3154792E-4
				2)	anni	1870	208	5.9742288E-5
			7)	ani	0	0	0.0
				1)	anis	1297	314	9.0187874E-5
				2)	anie	1353	302	8.67412E-5
			8)	anv	0	0	0.0
				1)	anva	1660	243	6.9795075E-5
			9)	anp	0	0	0.0
				1)	anpa	1788	221	6.347618E-5
			10)	ans	0	0	0.0
				1)	ansp	1903	201	5.773173E-5
		3)	al	0	0	0.0
			1)	als	0	0	0.0
				1)	als_	70	3351	9.624827E-4
			2)	all	0	0	0.0
				1)	alle	118	2361	6.781324E-4
			3)	ale	0	0	0.0
				1)	ale_	170	1821	5.230322E-4
				2)	alen	1181	350	1.0052788E-4
			4)	ali	0	0	0.0
				1)	alis	741	574	1.6486573E-4
				2)	alit	1249	329	9.4496216E-5
				3)	alin	1815	216	6.204007E-5
			5)	alg	0	0	0.0
				1)	alge	1411	289	8.300731E-5
			6)	ald	0	0	0.0
				1)	alde	1478	276	7.927342E-5
			7)	alt	0	0	0.0
				1)	alti	1607	251	7.209286E-5
		4)	at	0	0	0.0
			1)	ati	0	0	0.0
				1)	atie	84	2888	8.294987E-4
				2)	atio	516	765	2.1972523E-4
				3)	atis	1068	399	1.1460179E-4
			2)	ate	0	0	0.0
				1)	aten	188	1675	4.8109776E-4
				2)	ater	554	718	2.0622578E-4
				3)	ateg	1512	270	7.755008E-5
			3)	atr	0	0	0.0
				1)	atre	728	581	1.6687629E-4
			4)	ats	0	0	0.0
				1)	ats_	932	462	1.326968E-4
				2)	atst	1402	292	8.386898E-5
			5)	atu	0	0	0.0
				1)	atuu	1011	421	1.2092069E-4
			6)	att	0	0	0.0
				1)	atte	1242	331	9.507066E-5
		5)	ac	0	0	0.0
			1)	ach	0	0	0.0
				1)	acht	129	2233	6.413679E-4
			2)	act	0	0	0.0
				1)	acti	453	846	2.4299027E-4
		6)	am	0	0	0.0
			1)	ame	0	0	0.0
				1)	amen	155	1958	5.623817E-4
				2)	ame_	699	598	1.7175908E-4
				3)	amel	1147	363	1.0426178E-4
			2)	amm	0	0	0.0
				1)	amma	676	616	1.7692908E-4
		7)	ak	0	0	0.0
			1)	ake	0	0	0.0
				1)	aken	287	1193	3.4265648E-4
				2)	ake_	975	440	1.2637791E-4
				3)	akel	1346	303	8.702843E-5
			2)	akt	0	0	0.0
				1)	akt_	841	508	1.4590904E-4
			3)	akk	0	0	0.0
				1)	akke	1272	323	9.2772876E-5
		8)	ag	0	0	0.0
			1)	age	0	0	0.0
				1)	agen	296	1176	3.377737E-4
				2)	age_	1734	229	6.577396E-5
			2)	ags	0	0	0.0
				1)	agst	1654	244	7.00823E-5
		9)	ad	0	0	0.0
			1)	ade	0	0	0.0
				1)	ader	511	771	2.2144857E-4
		10)	ar	0	0	0.0
			1)	aro	0	0	0.0
				1)	arom	526	748	2.1484245E-4
				2)	arop	1858	209	6.002951E-5
			2)	ari	0	0	0.0
				1)	aris	540	738	2.1197023E-4
				2)	arin	603	681	1.9559855E-4
			3)	ard	0	0	0.0
				1)	arde	569	706	2.027791E-4
				2)	ardi	599	688	1.976091E-4
				3)	ard_	1043	407	1.1689957E-4
			4)	are	0	0	0.0
				1)	aren	582	698	2.0048133E-4
				2)	are_	938	459	1.3183514E-4
			5)	art	0	0	0.0
				1)	arti	691	606	1.7405686E-4
				2)	art_	1247	329	9.4496216E-5
				3)	arte	1834	214	6.1465624E-5
			6)	ark	0	0	0.0
				1)	arkt	837	510	1.464835E-4
			7)	arm	0	0	0.0
				1)	arme	1248	329	9.4496216E-5
			8)	ara	0	0	0.0
				1)	aran	1377	296	8.501787E-5
			9)	arv	0	0	0.0
				1)	arva	1454	281	8.0709535E-5
			10)	arb	0	0	0.0
				1)	arbi	1496	272	7.8124525E-5
				2)	arbe	1733	229	6.577396E-5
			11)	arl	0	0	0.0
				1)	arle	1915	200	5.7444508E-5
		11)	ap	0	0	0.0
			1)	app	0	0	0.0
				1)	appe	552	722	2.0737467E-4
				2)	appo	1224	336	9.6506774E-5
		12)	af	0	0	0.0
			1)	afg	0	0	0.0
				1)	afge	627	664	1.9071576E-4
		13)	ai	0	0	0.0
			1)	air	0	0	0.0
				1)	aire	733	579	1.6630185E-4
		14)	as	0	0	0.0
			1)	ast	0	0	0.0
				1)	ast_	974	440	1.2637791E-4
				2)	asti	1559	261	7.496508E-5
			2)	ass	0	0	0.0
				1)	assi	1370	297	8.5305095E-5
			3)	asi	0	0	0.0
				1)	asis	1720	232	6.663563E-5
		15)	au	0	0	0.0
			1)	aut	0	0	0.0
				1)	auto	1164	355	1.01964E-4
				2)	auta	1208	342	9.8230106E-5
	12)	n	0	0	0.0
		1)	nd	0	0	0.0
			1)	nde	0	0	0.0
				1)	nder	29	5448	0.0015647884
				2)	nde_	87	2842	8.162864E-4
				3)	nden	157	1932	5.5491395E-4
				4)	ndel	326	1084	3.1134923E-4
				5)	ndem	729	580	1.6658907E-4
			2)	ndi	0	0	0.0
				1)	ndig	980	438	1.2580348E-4
				2)	ndie	1276	321	9.219843E-5
			3)	nda	0	0	0.0
				1)	ndaa	1062	400	1.14889015E-4
				2)	ndac	1531	266	7.640119E-5
			4)	ndp	0	0	0.0
				1)	ndpu	1232	334	9.593232E-5
			5)	nds	0	0	0.0
				1)	ndse	1280	319	9.162399E-5
				2)	nds_	1732	229	6.577396E-5
			6)	ndh	0	0	0.0
				1)	ndhe	1823	215	6.175284E-5
		2)	ng	0	0	0.0
			1)	nge	0	0	0.0
				1)	ngen	39	4727	0.0013577009
				2)	nger	1340	305	8.760287E-5
				3)	nge_	1775	223	6.4050626E-5
			2)	ngr	0	0	0.0
				1)	ngri	403	938	2.6941474E-4
			3)	ngs	0	0	0.0
				1)	ngsp	1101	385	1.1058067E-4
				2)	ngsb	1774	223	6.4050626E-5
				3)	ngst	1793	220	6.3188956E-5
			4)	ngi	0	0	0.0
				1)	ngin	1627	248	7.123119E-5
		3)	ni	0	0	0.0
			1)	nie	0	0	0.0
				1)	niet	47	4393	0.0012617686
				2)	nieu	307	1145	3.288698E-4
				3)	nier	1409	289	8.300731E-5
			2)	nin	0	0	0.0
				1)	ning	222	1413	4.0584544E-4
			3)	nit	0	0	0.0
				1)	niti	960	448	1.2867569E-4
			4)	niv	0	0	0.0
				1)	nive	1308	311	8.9326204E-5
			5)	nis	0	0	0.0
				1)	nist	1578	257	7.381619E-5
				2)	nisc	1738	228	6.548674E-5
				3)	nis_	1826	214	6.1465624E-5
				4)	nisa	1896	203	5.8306174E-5
			6)	nig	0	0	0.0
				1)	nige	1645	245	7.036952E-5
				2)	nig_	1723	231	6.63484E-5
		4)	ne	0	0	0.0
			1)	nen	0	0	0.0
				1)	nen_	49	4294	0.0012333336
			2)	nem	0	0	0.0
				1)	neme	308	1144	3.2858257E-4
				2)	nemi	1822	215	6.175284E-5
			3)	nee	0	0	0.0
				1)	neer	1334	306	8.78901E-5
		5)	nn	0	0	0.0
			1)	nne	0	0	0.0
				1)	nnen	86	2848	8.180098E-4
			2)	nni	0	0	0.0
				1)	nnin	1347	302	8.67412E-5
		6)	nh	0	0	0.0
			1)	nhe	0	0	0.0
				1)	nhee	234	1340	3.848782E-4
				2)	nhei	637	652	1.8726909E-4
			2)	nha	0	0	0.0
				1)	nhan	1891	204	5.8593396E-5
		7)	nt	0	0	0.0
			1)	nte	0	0	0.0
				1)	nten	262	1266	3.6362372E-4
				2)	nter	356	1037	2.9784977E-4
				3)	ntel	1169	354	1.0167678E-4
				4)	ntee	1393	293	8.41562E-5
				5)	nteg	1554	261	7.496508E-5
				6)	nte_	1593	253	7.26673E-5
			2)	nti	0	0	0.0
				1)	ntie	305	1161	3.3346537E-4
			3)	ntw	0	0	0.0
				1)	ntwi	384	964	2.7688252E-4
				2)	ntwo	635	655	1.8813075E-4
			4)	nta	0	0	0.0
				1)	ntal	822	520	1.4935572E-4
			5)	ntr	0	0	0.0
				1)	ntro	1024	412	1.1833568E-4
				2)	ntra	1509	270	7.755008E-5
		8)	na	0	0	0.0
			1)	naa	0	0	0.0
				1)	naar	281	1200	3.4466703E-4
				2)	naal	1674	239	6.8646186E-5
			2)	nat	0	0	0.0
				1)	nati	395	951	2.7314862E-4
				2)	natu	1163	355	1.01964E-4
			3)	nam	0	0	0.0
				1)	name	400	939	2.6970197E-4
			4)	nal	0	0	0.0
				1)	nale	507	775	2.2259746E-4
			5)	nan	0	0	0.0
				1)	nanc	710	591	1.6974851E-4
			6)	nau	0	0	0.0
				1)	naut	1203	343	9.851733E-5
			7)	nad	0	0	0.0
				1)	nade	1824	215	6.175284E-5
		9)	no	0	0	0.0
			1)	nog	0	0	0.0
				1)	nog_	282	1199	3.443798E-4
			2)	nom	0	0	0.0
				1)	nomi	477	810	2.3265026E-4
				2)	nome	670	624	1.7922686E-4
			3)	nod	0	0	0.0
				1)	nodi	949	454	1.3039903E-4
			4)	noo	0	0	0.0
				1)	nood	1142	365	1.04836225E-4
			5)	noe	0	0	0.0
				1)	noem	1414	288	8.272009E-5
			6)	nor	0	0	0.0
				1)	norm	1472	277	7.956064E-5
		10)	nz	0	0	0.0
			1)	nze	0	0	0.0
				1)	nze_	295	1177	3.3806093E-4
			2)	nzi	0	0	0.0
				1)	nzie	1366	298	8.559231E-5
			3)	nza	0	0	0.0
				1)	nzak	1466	278	7.9847865E-5
		11)	ns	0	0	0.0
			1)	nst	0	0	0.0
				1)	nste	378	977	2.8061643E-4
				2)	nstr	1112	377	1.082829E-4
				3)	nsti	1319	308	8.846454E-5
				4)	nsta	1320	308	8.846454E-5
				5)	nst_	1707	233	6.692285E-5
			2)	nse	0	0	0.0
				1)	nsen	486	798	2.2920358E-4
				2)	nsel	1170	354	1.0167678E-4
			3)	nsc	0	0	0.0
				1)	nsch	563	709	2.0364078E-4
			4)	nsp	0	0	0.0
				1)	nspa	1397	292	8.386898E-5
		12)	nk	0	0	0.0
			1)	nke	0	0	0.0
				1)	nkel	521	759	2.1800191E-4
				2)	nken	1010	421	1.2092069E-4
			2)	nko	0	0	0.0
				1)	nkom	859	499	1.4332404E-4
		13)	nl	0	0	0.0
			1)	nli	0	0	0.0
				1)	nlij	616	673	1.9330076E-4
			2)	nla	0	0	0.0
				1)	nlan	1731	229	6.577396E-5
		14)	nw	0	0	0.0
			1)	nwe	0	0	0.0
				1)	nwer	861	498	1.4303681E-4
			2)	nwo	0	0	0.0
				1)	nwoo	1530	266	7.640119E-5
		15)	nc	0	0	0.0
			1)	nci	0	0	0.0
				1)	ncië	1159	356	1.0225122E-4
				2)	ncie	1649	244	7.00823E-5
				3)	ncip	1673	239	6.8646186E-5
			2)	ncu	0	0	0.0
				1)	ncur	1435	284	8.15712E-5
		16)	nr	0	0	0.0
			1)	nre	0	0	0.0
				1)	nrec	1489	273	7.841175E-5
		17)	nf	0	0	0.0
			1)	nfo	0	0	0.0
				1)	nfor	1549	263	7.553952E-5
		18)	nv	0	0	0.0
			1)	nve	0	0	0.0
				1)	nver	1843	213	6.11784E-5
	13)	w	0	0	0.0
		1)	wo	0	0	0.0
			1)	wor	0	0	0.0
				1)	word	37	4742	0.0013620092
			2)	woo	0	0	0.0
				1)	woor	270	1220	3.504115E-4
		2)	wi	0	0	0.0
			1)	wij	0	0	0.0
				1)	wij_	65	3503	0.0010061405
				2)	wijz	514	766	2.2001246E-4
				3)	wijs	1755	226	6.4912296E-5
				4)	wijf	1889	204	5.8593396E-5
			2)	wil	0	0	0.0
				1)	wil_	239	1329	3.8171874E-4
				2)	will	428	890	2.5562805E-4
			3)	wik	0	0	0.0
				1)	wikk	369	997	2.8636085E-4
		3)	wa	0	0	0.0
			1)	waa	0	0	0.0
				1)	waar	78	3133	8.998682E-4
			2)	wat	0	0	0.0
				1)	wat_	285	1193	3.4265648E-4
				2)	wate	849	503	1.4447293E-4
			3)	was	0	0	0.0
				1)	was_	964	447	1.2838848E-4
			4)	wan	0	0	0.0
				1)	want	1364	299	8.587954E-5
			5)	wac	0	0	0.0
				1)	wach	1380	295	8.4730644E-5
			6)	war	0	0	0.0
				1)	ware	1497	271	7.783731E-5
			7)	wal	0	0	0.0
				1)	wali	1860	209	6.002951E-5
		4)	we	0	0	0.0
			1)	wer	0	0	0.0
				1)	werk	98	2648	7.605653E-4
				2)	werp	998	426	1.223568E-4
				3)	werd	1044	406	1.1661235E-4
				4)	were	1217	337	9.679399E-5
			2)	wel	0	0	0.0
				1)	wel_	366	1004	2.8837143E-4
				2)	welk	1173	353	1.0138955E-4
			3)	wen	0	0	0.0
				1)	wen_	815	527	1.5136627E-4
				2)	wens	1284	317	9.1049544E-5
			4)	wet	0	0	0.0
				1)	wete	1009	422	1.2120791E-4
				2)	wetg	1379	295	8.4730644E-5
			5)	wes	0	0	0.0
				1)	west	1047	405	1.1632513E-4
			6)	wee	0	0	0.0
				1)	wee_	1073	396	1.1374012E-4
				2)	weed	1204	342	9.8230106E-5
				3)	weer	1518	268	7.697564E-5
				4)	weet	1613	249	7.151841E-5
			7)	wez	0	0	0.0
				1)	weze	1371	296	8.501787E-5
			8)	weg	0	0	0.0
				1)	weg_	1759	225	6.462507E-5
	14)	z	0	0	0.0
		1)	zi	0	0	0.0
			1)	zij	0	0	0.0
				1)	zijn	41	4600	0.0013212237
				2)	zij_	425	896	2.5735138E-4
				3)	zijd	1825	214	6.1465624E-5
			2)	zic	0	0	0.0
				1)	zich	212	1507	4.3284436E-4
			3)	zie	0	0	0.0
				1)	zien	304	1162	3.3375257E-4
			4)	zit	0	0	0.0
				1)	zitt	534	742	2.1311911E-4
			5)	zin	0	0	0.0
				1)	zing	1754	226	6.4912296E-5
		2)	za	0	0	0.0
			1)	zal	0	0	0.0
				1)	zal_	261	1268	3.6419817E-4
			2)	zak	0	0	0.0
				1)	zake	446	853	2.4500082E-4
			3)	zaa	0	0	0.0
				1)	zaak	1060	400	1.14889015E-4
				2)	zaam	1753	226	6.4912296E-5
			4)	zam	0	0	0.0
				1)	zame	1306	311	8.9326204E-5
		3)	zo	0	0	0.0
			1)	zou	0	0	0.0
				1)	zou_	317	1122	3.222637E-4
				2)	zoud	1310	310	8.9038986E-5
			2)	zon	0	0	0.0
				1)	zond	408	931	2.674042E-4
			3)	zoa	0	0	0.0
				1)	zoal	499	790	2.269058E-4
			4)	zor	0	0	0.0
				1)	zorg	535	741	2.128319E-4
			5)	zoe	0	0	0.0
				1)	zoek	747	571	1.6400407E-4
			6)	zod	0	0	0.0
				1)	zoda	1579	256	7.3528965E-5
			7)	zow	0	0	0.0
				1)	zowe	1796	219	6.290174E-5
		4)	ze	0	0	0.0
			1)	zen	0	0	0.0
				1)	zen_	417	916	2.6309583E-4
			2)	zel	0	0	0.0
				1)	zelf	424	898	2.5792583E-4
			3)	zek	0	0	0.0
				1)	zeke	829	515	1.479196E-4
			4)	zee	0	0	0.0
				1)	zeer	857	499	1.4332404E-4
			5)	zeg	0	0	0.0
				1)	zegg	879	488	1.401646E-4
				2)	zegd	1391	293	8.41562E-5
			6)	zet	0	0	0.0
				1)	zett	1090	388	1.1144234E-4
				2)	zet_	1190	347	9.966622E-5
		5)	zu	0	0	0.0
			1)	zul	0	0	0.0
				1)	zull	506	775	2.2259746E-4
	15)	k	0	0	0.0
		1)	ke	0	0	0.0
			1)	ken	0	0	0.0
				1)	ken_	43	4529	0.0013008309
				2)	kend	731	579	1.6630185E-4
				3)	keni	1282	318	9.133676E-5
				4)	kenn	1410	289	8.300731E-5
				5)	kent	1632	247	7.094396E-5
			2)	kel	0	0	0.0
				1)	keli	171	1819	5.2245776E-4
				2)	kele	903	473	1.3585626E-4
				3)	kel_	1070	397	1.14027345E-4
			3)	ker	0	0	0.0
				1)	ker_	894	478	1.3729237E-4
				2)	kere	1663	242	6.9507856E-5
			4)	kee	0	0	0.0
				1)	keer	1267	323	9.2772876E-5
			5)	keu	0	0	0.0
				1)	keur	1304	312	8.961343E-5
		2)	ki	0	0	0.0
			1)	kin	0	0	0.0
				1)	king	168	1871	5.373934E-4
		3)	ku	0	0	0.0
			1)	kun	0	0	0.0
				1)	kunn	189	1671	4.7994885E-4
		4)	ka	0	0	0.0
			1)	kan	0	0	0.0
				1)	kan_	245	1304	3.7453818E-4
				2)	kant	1872	206	5.916784E-5
			2)	kad	0	0	0.0
				1)	kade	1026	412	1.1833568E-4
			3)	kaa	0	0	0.0
				1)	kaar	1740	228	6.548674E-5
		5)	ko	0	0	0.0
			1)	kom	0	0	0.0
				1)	kome	266	1237	3.5529427E-4
				2)	koms	478	809	2.3236303E-4
				3)	komt	1199	344	9.880455E-5
			2)	kor	0	0	0.0
				1)	kort	1251	328	9.420899E-5
			3)	kos	0	0	0.0
				1)	kost	1500	271	7.783731E-5
		6)	kk	0	0	0.0
			1)	kke	0	0	0.0
				1)	kkel	273	1215	3.489754E-4
				2)	kken	368	1001	2.8750976E-4
			2)	kki	0	0	0.0
				1)	kkin	799	536	1.5395127E-4
		7)	kh	0	0	0.0
			1)	khe	0	0	0.0
				1)	khei	717	586	1.683124E-4
				2)	khed	1776	223	6.4050626E-5
		8)	kg	0	0	0.0
			1)	kge	0	0	0.0
				1)	kgel	1080	394	1.13165675E-4
		9)	kw	0	0	0.0
			1)	kwe	0	0	0.0
				1)	kwes	1109	379	1.0885734E-4
			2)	kwa	0	0	0.0
				1)	kwal	1853	210	6.0316732E-5
		10)	kr	0	0	0.0
			1)	kri	0	0	0.0
				1)	krij	1210	341	9.794288E-5
			2)	kra	0	0	0.0
				1)	krac	1532	266	7.640119E-5
		11)	kt	0	0	0.0
			1)	kte	0	0	0.0
				1)	kte_	1277	321	9.219843E-5
		12)	ks	0	0	0.0
			1)	kst	0	0	0.0
				1)	kste	1571	258	7.410342E-5
		13)	kl	0	0	0.0
			1)	kle	0	0	0.0
				1)	klei	1801	218	6.261451E-5
	16)	r	0	0	0.0
		1)	re	0	0	0.0
			1)	ren	0	0	0.0
				1)	ren_	44	4521	0.001298533
				2)	rent	675	618	1.7750352E-4
				3)	reng	723	583	1.6745074E-4
				4)	rend	1020	414	1.1891013E-4
			2)	rec	0	0	0.0
				1)	rech	169	1839	5.282022E-4
			3)	reg	0	0	0.0
				1)	rege	194	1634	4.6932162E-4
				2)	regi	542	735	2.1110856E-4
			4)	red	0	0	0.0
				1)	rede	505	776	2.2288469E-4
				2)	redi	1722	231	6.63484E-5
			5)	rek	0	0	0.0
				1)	reke	518	761	2.1857634E-4
				2)	rekk	695	601	1.7262074E-4
			6)	ree	0	0	0.0
				1)	reen	619	670	1.924391E-4
				2)	reed	1610	250	7.180563E-5
				3)	reek	1683	238	6.835896E-5
			7)	rei	0	0	0.0
				1)	reid	709	591	1.6974851E-4
				2)	reik	1406	290	8.329454E-5
				3)	rein	1592	253	7.26673E-5
			8)	ref	0	0	0.0
				1)	reft	997	427	1.2264402E-4
				2)	reff	1097	386	1.108679E-4
			9)	res	0	0	0.0
				1)	reso	1175	352	1.01102334E-4
				2)	resu	1811	217	6.2327286E-5
			10)	rel	0	0	0.0
				1)	reld	1337	305	8.760287E-5
			11)	rev	0	0	0.0
				1)	reve	1450	281	8.0709535E-5
		2)	rd	0	0	0.0
			1)	rde	0	0	0.0
				1)	rden	58	4016	0.0011534857
				2)	rde_	258	1274	3.659215E-4
				3)	rder	402	938	2.6941474E-4
				4)	rdel	687	608	1.746313E-4
				5)	rdee	1424	286	8.214564E-5
			2)	rdt	0	0	0.0
				1)	rdt_	195	1632	4.6874717E-4
			3)	rdi	0	0	0.0
				1)	rdig	406	933	2.679786E-4
		3)	ri	0	0	0.0
			1)	rin	0	0	0.0
				1)	ring	85	2859	8.2116923E-4
				2)	rin_	935	460	1.3212237E-4
				3)	rinc	1688	237	6.807174E-5
			2)	ric	0	0	0.0
				1)	rich	293	1179	3.3863538E-4
			3)	rij	0	0	0.0
				1)	rijk	351	1045	3.0014754E-4
				2)	rijd	886	484	1.3901571E-4
				3)	rijg	1123	373	1.07134E-4
				4)	rijv	1236	333	9.5645104E-5
				5)	rij_	1698	234	6.721007E-5
				6)	rijf	1791	220	6.3188956E-5
			4)	ris	0	0	0.0
				1)	ris_	663	634	1.8209909E-4
				2)	risi	1710	232	6.663563E-5
				3)	rism	1726	230	6.6061184E-5
			5)	rit	0	0	0.0
				1)	rite	867	494	1.4188793E-4
			6)	rie	0	0	0.0
				1)	rie_	1079	394	1.13165675E-4
			7)	rig	0	0	0.0
				1)	rige	1202	343	9.851733E-5
		4)	rs	0	0	0.0
			1)	rst	0	0	0.0
				1)	rste	156	1948	5.595095E-4
				2)	rst_	1480	275	7.8986195E-5
				3)	rstr	1784	221	6.347618E-5
			2)	rsc	0	0	0.0
				1)	rsch	240	1328	3.814315E-4
			3)	rsl	0	0	0.0
				1)	rsla	373	983	2.8233975E-4
		5)	ro	0	0	0.0
			1)	rou	0	0	0.0
				1)	rouw	232	1347	3.8688874E-4
			2)	ron	0	0	0.0
				1)	rond	466	820	2.3552247E-4
			3)	rom	0	0	0.0
				1)	rom_	517	764	2.1943802E-4
			4)	rob	0	0	0.0
				1)	robl	560	713	2.0478967E-4
			5)	rot	0	0	0.0
				1)	rote	587	694	1.9933244E-4
			6)	rog	0	0	0.0
				1)	rogr	633	655	1.8813075E-4
			7)	roc	0	0	0.0
				1)	roce	714	587	1.6859962E-4
			8)	roe	0	0	0.0
				1)	roep	885	484	1.3901571E-4
				2)	roei	1773	223	6.4050626E-5
			9)	rop	0	0	0.0
				1)	rop_	1117	375	1.0770845E-4
			10)	roo	0	0	0.0
				1)	root	1122	373	1.07134E-4
			11)	rol	0	0	0.0
				1)	role	1134	367	1.0541067E-4
				2)	rol_	1469	277	7.956064E-5
			12)	rod	0	0	0.0
				1)	rodu	1225	335	9.621955E-5
			13)	rov	0	0	0.0
				1)	rove	1419	287	8.243287E-5
			14)	rok	0	0	0.0
				1)	rokk	1521	268	7.697564E-5
				2)	roke	1547	263	7.553952E-5
			15)	roj	0	0	0.0
				1)	roje	1587	254	7.295452E-5
		6)	ra	0	0	0.0
			1)	raa	0	0	0.0
				1)	raag	286	1193	3.4265648E-4
				2)	raan	1911	200	5.7444508E-5
			2)	rag	0	0	0.0
				1)	rage	440	864	2.4816027E-4
			3)	rat	0	0	0.0
				1)	rati	456	839	2.409797E-4
				2)	rate	1238	332	9.535788E-5
			4)	ran	0	0	0.0
				1)	rant	622	666	1.9129021E-4
				2)	rand	1094	387	1.1115512E-4
				3)	rans	1785	221	6.347618E-5
			5)	ram	0	0	0.0
				1)	ramm	634	655	1.8813075E-4
				2)	ramp	1792	220	6.3188956E-5
			6)	rac	0	0	0.0
				1)	rach	685	610	1.7520574E-4
				2)	ract	1333	306	8.78901E-5
			7)	ral	0	0	0.0
				1)	ral_	1111	378	1.08570115E-4
				2)	rali	1880	205	5.8880618E-5
			8)	rap	0	0	0.0
				1)	rapp	1129	370	1.0627234E-4
			9)	rak	0	0	0.0
				1)	rake	1507	270	7.755008E-5
				2)	rakt	1890	204	5.8593396E-5
		7)	rk	0	0	0.0
			1)	rki	0	0	0.0
				1)	rkin	398	944	2.7113807E-4
			2)	rke	0	0	0.0
				1)	rken	612	674	1.9358798E-4
				2)	rkel	1661	242	6.9507856E-5
			3)	rkt	0	0	0.0
				1)	rkt_	618	670	1.924391E-4
			4)	rkg	0	0	0.0
				1)	rkge	1033	410	1.17761236E-4
			5)	rkl	0	0	0.0
				1)	rkla	1709	232	6.663563E-5
			6)	rko	0	0	0.0
				1)	rkom	1841	213	6.11784E-5
		8)	rm	0	0	0.0
			1)	rmi	0	0	0.0
				1)	rmin	468	819	2.3523526E-4
				2)	rmij	1481	275	7.8986195E-5
			2)	rme	0	0	0.0
				1)	rmen	970	443	1.2723957E-4
				2)	rmee	1034	409	1.1747402E-4
			3)	rma	0	0	0.0
				1)	rmat	1548	263	7.553952E-5
		9)	rg	0	0	0.0
			1)	rge	0	0	0.0
				1)	rgen	546	730	2.0967245E-4
				2)	rger	664	632	1.8152464E-4
				3)	rgel	1038	407	1.1689957E-4
				4)	rges	1682	238	6.835896E-5
			2)	rga	0	0	0.0
				1)	rgan	1140	365	1.04836225E-4
		10)	rl	0	0	0.0
			1)	rli	0	0	0.0
				1)	rlij	580	698	2.0048133E-4
			2)	rle	0	0	0.0
				1)	rlen	1877	206	5.916784E-5
				2)	rlem	1910	200	5.7444508E-5
		11)	rz	0	0	0.0
			1)	rzi	0	0	0.0
				1)	rzit	658	637	1.8296075E-4
				2)	rzie	1561	260	7.467786E-5
			2)	rzo	0	0	0.0
				1)	rzoe	877	489	1.4045181E-4
		12)	rh	0	0	0.0
			1)	rhe	0	0	0.0
				1)	rhei	688	607	1.7434408E-4
			2)	rha	0	0	0.0
				1)	rhan	1386	294	8.4443425E-5
		13)	rv	0	0	0.0
			1)	rva	0	0	0.0
				1)	rvan	758	565	1.6228073E-4
			2)	rvo	0	0	0.0
				1)	rvoo	947	455	1.3068625E-4
				2)	rvor	1318	308	8.846454E-5
				3)	rvoe	1813	216	6.204007E-5
		14)	ru	0	0	0.0
			1)	ruc	0	0	0.0
				1)	ruct	821	521	1.4964293E-4
			2)	rui	0	0	0.0
				1)	ruik	835	511	1.4677072E-4
				2)	ruit	1536	265	7.6113975E-5
				3)	ruim	1537	265	7.6113975E-5
			3)	rum	0	0	0.0
				1)	rume	1909	200	5.7444508E-5
		15)	rn	0	0	0.0
			1)	rne	0	0	0.0
				1)	rnem	891	481	1.3815404E-4
				2)	rne_	1470	277	7.956064E-5
			2)	rna	0	0	0.0
				1)	rnat	1439	283	8.128398E-5
		16)	rb	0	0	0.0
			1)	rbi	0	0	0.0
				1)	rbij	1099	385	1.1058067E-4
			2)	rbe	0	0	0.0
				1)	rbee	1176	352	1.01102334E-4
				2)	rbet	1539	265	7.6113975E-5
				3)	rbei	1737	228	6.548674E-5
			3)	rba	0	0	0.0
				1)	rban	1625	248	7.123119E-5
		17)	rw	0	0	0.0
			1)	rwi	0	0	0.0
				1)	rwij	1201	343	9.851733E-5
			2)	rwe	0	0	0.0
				1)	rwer	1442	282	8.099675E-5
			3)	rwa	0	0	0.0
				1)	rwaa	1876	206	5.916784E-5
		18)	rt	0	0	0.0
			1)	rti	0	0	0.0
				1)	rtij	1357	301	8.645398E-5
				2)	rtik	1457	280	8.042231E-5
			2)	rte	0	0	0.0
				1)	rteu	1405	290	8.329454E-5
				2)	rteg	1586	254	7.295452E-5
			3)	rtu	0	0	0.0
				1)	rtui	1767	224	6.4337844E-5
		19)	rr	0	0	0.0
			1)	rre	0	0	0.0
				1)	rren	1538	265	7.6113975E-5
	17)	m	0	0	0.0
		1)	me	0	0	0.0
			1)	met	0	0	0.0
				1)	met_	46	4460	0.0012810125
			2)	men	0	0	0.0
				1)	men_	55	4148	0.0011913991
				2)	ment	133	2208	6.3418737E-4
				3)	mens	361	1028	2.9526476E-4
				4)	mend	470	816	2.3437358E-4
				5)	menw	936	460	1.3212237E-4
				6)	meni	1293	315	9.04751E-5
				7)	menl	1892	204	5.8593396E-5
			3)	mee	0	0	0.0
				1)	meer	263	1266	3.6362372E-4
				2)	meen	558	714	2.0507688E-4
				3)	mee_	792	539	1.5481295E-4
				4)	mees	1747	227	6.5199514E-5
			4)	mev	0	0	0.0
				1)	mevr	593	689	1.9789633E-4
			5)	mer	0	0	0.0
				1)	mers	738	575	1.6515296E-4
				2)	merk	991	432	1.2408014E-4
			6)	med	0	0	0.0
				1)	mede	869	494	1.4188793E-4
			7)	mel	0	0	0.0
				1)	meli	1227	335	9.621955E-5
		2)	mo	0	0	0.0
			1)	moe	0	0	0.0
				1)	moet	57	4073	0.0011698573
				2)	moei	1421	287	8.243287E-5
				3)	moed	1865	208	5.9742288E-5
			2)	mog	0	0	0.0
				1)	moge	339	1069	3.070409E-4
			3)	moc	0	0	0.0
				1)	mocr	1135	367	1.0541067E-4
			4)	mom	0	0	0.0
				1)	mome	1298	313	8.9900655E-5
			5)	mod	0	0	0.0
				1)	mode	1812	217	6.2327286E-5
		3)	mi	0	0	0.0
			1)	mij	0	0	0.0
				1)	mijn	105	2466	7.082908E-4
				2)	mij_	762	563	1.6170628E-4
			2)	min	0	0	0.0
				1)	ming	224	1394	4.003882E-4
				2)	mini	1281	318	9.133676E-5
				3)	mind	1311	310	8.9038986E-5
			3)	mis	0	0	0.0
				1)	miss	332	1076	3.0905145E-4
				2)	misc	690	606	1.7405686E-4
			4)	mid	0	0	0.0
				1)	midd	462	829	2.3810747E-4
			5)	mil	0	0	0.0
				1)	mili	611	675	1.9387521E-4
				2)	milj	1612	250	7.180563E-5
			6)	mie	0	0	0.0
				1)	mie_	1798	219	6.290174E-5
		4)	ma	0	0	0.0
			1)	maa	0	0	0.0
				1)	maar	130	2229	6.40219E-4
				2)	maat	452	846	2.4299027E-4
				3)	maak	918	468	1.3442014E-4
				4)	maal	983	436	1.2522902E-4
			2)	mak	0	0	0.0
				1)	make	652	641	1.8410964E-4
			3)	mat	0	0	0.0
				1)	mati	777	552	1.5854684E-4
			4)	mar	0	0	0.0
				1)	mark	804	533	1.5308961E-4
			5)	man	0	0	0.0
				1)	mani	1192	347	9.966622E-5
			6)	mas	0	0	0.0
				1)	mas_	1540	265	7.6113975E-5
			7)	mag	0	0	0.0
				1)	mag_	1650	244	7.00823E-5
		5)	mm	0	0	0.0
			1)	mmi	0	0	0.0
				1)	mmis	429	890	2.5562805E-4
				2)	mmin	1373	296	8.501787E-5
				3)	mmig	1499	271	7.783731E-5
			2)	mme	0	0	0.0
				1)	mmer	868	494	1.4188793E-4
				2)	mmen	1697	235	6.74973E-5
			3)	mmu	0	0	0.0
				1)	mmun	1025	412	1.1833568E-4
			4)	mma	0	0	0.0
				1)	mma_	1105	382	1.0971901E-4
				2)	mmas	1739	228	6.548674E-5
		6)	md	0	0	0.0
			1)	mda	0	0	0.0
				1)	mdat	793	539	1.5481295E-4
		7)	ms	0	0	0.0
			1)	mst	0	0	0.0
				1)	mst_	830	515	1.479196E-4
		8)	mu	0	0	0.0
			1)	mun	0	0	0.0
				1)	muna	1207	342	9.8230106E-5
	18)	s	0	0	0.0
		1)	st	0	0	0.0
			1)	ste	0	0	0.0
				1)	stel	64	3536	0.0010156189
				2)	ste_	161	1899	5.454356E-4
				3)	ster	353	1043	2.995731E-4
				4)	sten	388	959	2.7544642E-4
				5)	steu	464	824	2.3667136E-4
				6)	stem	515	766	2.2001246E-4
				7)	stee	645	645	1.8525853E-4
			2)	sta	0	0	0.0
				1)	staa	186	1692	4.8598053E-4
				2)	stan	283	1198	3.4409258E-4
				3)	stat	316	1123	3.225509E-4
			3)	str	0	0	0.0
				1)	stru	543	732	2.102469E-4
				2)	stri	640	648	1.861202E-4
				3)	stra	689	606	1.7405686E-4
				4)	stre	720	585	1.6802519E-4
			4)	sti	0	0	0.0
				1)	stig	769	558	1.6027017E-4
				2)	stie	978	438	1.2580348E-4
				3)	stis	1295	314	9.0187874E-5
				4)	stin	1696	235	6.74973E-5
			5)	stu	0	0	0.0
				1)	stuk	1317	308	8.846454E-5
		2)	sc	0	0	0.0
			1)	sch	0	0	0.0
				1)	sche	108	2453	7.045569E-4
				2)	scha	176	1778	5.1068165E-4
				3)	schi	265	1249	3.5874094E-4
				4)	sch_	668	627	1.8008852E-4
				5)	schr	913	470	1.349946E-4
				6)	scho	1089	389	1.1172956E-4
				7)	schu	1863	208	5.9742288E-5
		3)	se	0	0	0.0
			1)	sen	0	0	0.0
				1)	sen_	138	2171	6.235601E-4
				2)	senr	1629	247	7.094396E-5
				3)	sent	1893	203	5.8306174E-5
			2)	ser	0	0	0.0
				1)	seri	696	599	1.7204629E-4
			3)	sec	0	0	0.0
				1)	sect	1178	351	1.0081511E-4
			4)	see	0	0	0.0
				1)	seer	1361	300	8.616676E-5
			5)	sel	0	0	0.0
				1)	sel_	1433	284	8.15712E-5
				2)	seli	1526	267	7.668842E-5
		4)	ss	0	0	0.0
			1)	sse	0	0	0.0
				1)	ssen	246	1299	3.7310206E-4
				2)	sser	1385	294	8.4443425E-5
			2)	ssi	0	0	0.0
				1)	ssin	607	677	1.9444965E-4
				2)	ssie	900	474	1.3614348E-4
			3)	ssa	0	0	0.0
				1)	ssar	651	641	1.8410964E-4
		5)	sl	0	0	0.0
			1)	sla	0	0	0.0
				1)	slag	255	1280	3.6764485E-4
			2)	slu	0	0	0.0
				1)	slui	621	668	1.9186464E-4
			3)	slo	0	0	0.0
				1)	slot	875	491	1.4102626E-4
			4)	sli	0	0	0.0
				1)	slis	1456	280	8.042231E-5
			5)	sle	0	0	0.0
				1)	slec	1546	263	7.553952E-5
		6)	sa	0	0	0.0
			1)	sam	0	0	0.0
				1)	same	409	931	2.674042E-4
			2)	sar	0	0	0.0
				1)	sari	650	642	1.8439686E-4
			3)	sat	0	0	0.0
				1)	sati	1426	285	8.185842E-5
		7)	so	0	0	0.0
			1)	soc	0	0	0.0
				1)	soci	432	879	2.524686E-4
			2)	sol	0	0	0.0
				1)	solu	979	438	1.2580348E-4
			3)	soo	0	0	0.0
				1)	soor	1609	250	7.180563E-5
		8)	si	0	0	0.0
			1)	sin	0	0	0.0
				1)	sing	541	735	2.1110856E-4
			2)	sie	0	0	0.0
				1)	sie_	681	612	1.757802E-4
			3)	sit	0	0	0.0
				1)	situ	1116	375	1.0770845E-4
				2)	siti	1520	268	7.697564E-5
			4)	sis	0	0	0.0
				1)	sis_	1604	251	7.209286E-5
		9)	sp	0	0	0.0
			1)	spe	0	0	0.0
				1)	spec	686	609	1.7491852E-4
			2)	spr	0	0	0.0
				1)	spro	697	598	1.7175908E-4
				2)	spre	730	579	1.6630185E-4
				3)	spra	1119	374	1.0742123E-4
			3)	spa	0	0	0.0
				1)	span	1706	233	6.692285E-5
		10)	sm	0	0	0.0
			1)	sme	0	0	0.0
				1)	sme_	1127	372	1.0684678E-4
		11)	sy	0	0	0.0
			1)	sys	0	0	0.0
				1)	syst	1381	295	8.4730644E-5
		12)	sb	0	0	0.0
			1)	sbe	0	0	0.0
				1)	sbel	1464	278	7.9847865E-5
		13)	sn	0	0	0.0
			1)	sne	0	0	0.0
				1)	snel	1570	258	7.410342E-5
		14)	su	0	0	0.0
			1)	sul	0	0	0.0
				1)	sult	1783	221	6.347618E-5
	19)	c	0	0	0.0
		1)	ch	0	0	0.0
			1)	cht	0	0	0.0
				1)	chte	82	2991	8.590826E-4
				2)	cht_	101	2597	7.459169E-4
				3)	chts	508	773	2.2202302E-4
				4)	chti	606	678	1.9473687E-4
				5)	chtl	834	512	1.4705793E-4
			2)	che	0	0	0.0
				1)	che_	209	1535	4.408866E-4
				2)	cher	865	497	1.427496E-4
			3)	cha	0	0	0.0
				1)	chap	248	1295	3.7195318E-4
			4)	chi	0	0	0.0
				1)	chil	898	477	1.3700515E-4
				2)	chik	1216	338	9.708122E-5
				3)	chie	1648	245	7.036952E-5
			5)	chr	0	0	0.0
				1)	chri	1221	337	9.679399E-5
		2)	co	0	0	0.0
			1)	com	0	0	0.0
				1)	comm	228	1366	3.9234597E-4
				2)	comp	1679	239	6.8646186E-5
			2)	con	0	0	0.0
				1)	cono	490	796	2.2862914E-4
				2)	conc	592	690	1.9818355E-4
				3)	cont	783	548	1.5739795E-4
				4)	cons	1021	414	1.1891013E-4
				5)	conf	1228	335	9.621955E-5
			3)	col	0	0	0.0
				1)	coll	842	507	1.4562183E-4
		3)	ct	0	0	0.0
			1)	cti	0	0	0.0
				1)	ctie	324	1102	3.1651923E-4
			2)	cte	0	0	0.0
				1)	cten	862	498	1.4303681E-4
			3)	cto	0	0	0.0
				1)	ctor	934	461	1.324096E-4
			4)	ctu	0	0	0.0
				1)	ctuu	1482	275	7.8986195E-5
		4)	ci	0	0	0.0
			1)	cia	0	0	0.0
				1)	cial	530	745	2.1398079E-4
				2)	ciaa	1704	233	6.692285E-5
			2)	cië	0	0	0.0
				1)	ciël	1050	405	1.1632513E-4
			3)	cip	0	0	0.0
				1)	cipe	1764	225	6.462507E-5
		5)	ce	0	0	0.0
			1)	cen	0	0	0.0
				1)	cent	928	463	1.3298403E-4
			2)	ces	0	0	0.0
				1)	ces_	1185	349	1.00240664E-4
			3)	ced	0	0	0.0
				1)	cedu	1535	266	7.640119E-5
		6)	cr	0	0	0.0
			1)	cra	0	0	0.0
				1)	crat	1019	415	1.1919735E-4
		7)	cu	0	0	0.0
			1)	cur	0	0	0.0
				1)	curr	1430	285	8.185842E-5
			2)	cul	0	0	0.0
				1)	cult	1623	248	7.123119E-5
	20)	b	0	0	0.0
		1)	be	0	0	0.0
			1)	ben	0	0	0.0
				1)	ben_	97	2713	7.7923475E-4
				2)	bena	1803	218	6.261451E-5
			2)	bel	0	0	0.0
				1)	bela	175	1791	5.1441556E-4
				2)	bele	200	1602	4.6013048E-4
			3)	bet	0	0	0.0
				1)	betr	226	1374	3.9464375E-4
				2)	bete	461	831	2.3868193E-4
				3)	beta	1898	203	5.8306174E-5
			4)	bes	0	0	0.0
				1)	best	260	1272	3.6534705E-4
				2)	besc	418	912	2.6194696E-4
				3)	besl	545	732	2.102469E-4
			5)	bev	0	0	0.0
				1)	bevo	564	709	2.0364078E-4
			6)	bed	0	0	0.0
				1)	bedr	739	575	1.6515296E-4
			7)	ber	0	0	0.0
				1)	bere	748	571	1.6400407E-4
				2)	bera	1900	202	5.801895E-5
			8)	bep	0	0	0.0
				1)	bepa	893	479	1.375796E-4
				2)	bepe	1619	249	7.151841E-5
			9)	beg	0	0	0.0
				1)	begi	926	464	1.3327126E-4
				2)	begr	958	449	1.2896291E-4
			10)	bee	0	0	0.0
				1)	beel	1032	411	1.1804846E-4
			11)	beh	0	0	0.0
				1)	beho	1125	373	1.07134E-4
				2)	beha	1483	275	7.8986195E-5
				3)	behe	1504	271	7.783731E-5
			12)	beu	0	0	0.0
				1)	beur	1270	323	9.2772876E-5
			13)	bei	0	0	0.0
				1)	beid	1292	316	9.076232E-5
		2)	bb	0	0	0.0
			1)	bbe	0	0	0.0
				1)	bben	143	2160	6.2040065E-4
		3)	bi	0	0	0.0
			1)	bij	0	0	0.0
				1)	bij_	184	1700	4.882783E-4
				2)	bijz	1417	288	8.272009E-5
				3)	bijd	1668	240	6.8933405E-5
				4)	bijv	1770	224	6.4337844E-5
			2)	bie	0	0	0.0
				1)	bied	274	1215	3.489754E-4
			3)	bin	0	0	0.0
				1)	binn	824	520	1.4935572E-4
			4)	bil	0	0	0.0
				1)	bili	1883	205	5.8880618E-5
		4)	bl	0	0	0.0
			1)	bli	0	0	0.0
				1)	blij	537	741	2.128319E-4
			2)	ble	0	0	0.0
				1)	blem	1067	399	1.1460179E-4
				2)	blee	1244	330	9.4783434E-5
		5)	bu	0	0	0.0
			1)	bur	0	0	0.0
				1)	burg	684	611	1.7549297E-4
			2)	bui	0	0	0.0
				1)	buit	1223	336	9.6506774E-5
		6)	ba	0	0	0.0
			1)	baa	0	0	0.0
				1)	baar	740	574	1.6486573E-4
			2)	bat	0	0	0.0
				1)	bat_	962	448	1.2867569E-4
			3)	bar	0	0	0.0
				1)	bare	1103	383	1.1000623E-4
			4)	ban	0	0	0.0
				1)	band	1423	287	8.243287E-5
			5)	bas	0	0	0.0
				1)	basi	1719	232	6.663563E-5
		7)	br	0	0	0.0
			1)	bre	0	0	0.0
				1)	bren	844	506	1.453346E-4
				2)	brei	1376	296	8.501787E-5
			2)	bru	0	0	0.0
				1)	brui	848	504	1.4476015E-4
			3)	bra	0	0	0.0
				1)	brac	1808	217	6.2327286E-5
		8)	bo	0	0	0.0
			1)	bou	0	0	0.0
				1)	bouw	1093	388	1.1144234E-4
			2)	bov	0	0	0.0
				1)	bove	1493	273	7.841175E-5
	21)	j	0	0	0.0
		1)	jk	0	0	0.0
			1)	jke	0	0	0.0
				1)	jke_	100	2610	7.496508E-4
				2)	jken	1137	367	1.0541067E-4
				3)	jker	1714	232	6.663563E-5
			2)	jkh	0	0	0.0
				1)	jkhe	483	800	2.2977803E-4
			3)	jkt	0	0	0.0
				1)	jkt_	1275	322	9.248566E-5
		2)	jn	0	0	0.0
			1)	jnh	0	0	0.0
				1)	jnhe	235	1338	3.8430374E-4
			2)	jne	0	0	0.0
				1)	jnen	1749	227	6.5199514E-5
		3)	ja	0	0	0.0
			1)	jaa	0	0	0.0
				1)	jaar	666	631	1.8123742E-4
			2)	jar	0	0	0.0
				1)	jare	1724	231	6.63484E-5
		4)	jv	0	0	0.0
			1)	jve	0	0	0.0
				1)	jven	756	566	1.6256796E-4
			2)	jvo	0	0	0.0
				1)	jvoo	1837	213	6.11784E-5
		5)	jd	0	0	0.0
			1)	jde	0	0	0.0
				1)	jden	798	537	1.542385E-4
			2)	jdr	0	0	0.0
				1)	jdra	1676	239	6.8646186E-5
		6)	ju	0	0	0.0
			1)	jui	0	0	0.0
				1)	juis	1246	329	9.4496216E-5
		7)	jz	0	0	0.0
			1)	jze	0	0	0.0
				1)	jzen	1348	302	8.67412E-5
				2)	jze_	1606	251	7.209286E-5
			2)	jzo	0	0	0.0
				1)	jzon	1444	282	8.099675E-5
			3)	jzi	0	0	0.0
				1)	jzig	1805	217	6.2327286E-5
		8)	jg	0	0	0.0
			1)	jge	0	0	0.0
				1)	jgen	1387	294	8.4443425E-5
		9)	je	0	0	0.0
			1)	jec	0	0	0.0
				1)	ject	1445	282	8.099675E-5
			2)	jen	0	0	0.0
				1)	jen_	1866	208	5.9742288E-5
		10)	jf	0	0	0.0
			1)	jfe	0	0	0.0
				1)	jfel	1886	204	5.8593396E-5
	22)	u	0	0	0.0
		1)	un	0	0	0.0
			1)	unn	0	0	0.0
				1)	unne	187	1679	4.8224663E-4
			2)	unt	0	0	0.0
				1)	unt_	442	857	2.4614972E-4
				2)	unte	1413	288	8.272009E-5
			3)	una	0	0	0.0
				1)	unau	1205	342	9.8230106E-5
		2)	ui	0	0	0.0
			1)	uit	0	0	0.0
				1)	uit_	203	1585	4.552477E-4
				2)	uite	333	1075	3.0876423E-4
				3)	uitg	584	696	1.9990688E-4
				4)	uitv	965	447	1.2838848E-4
				5)	uits	1069	398	1.1431457E-4
				6)	uitb	1519	268	7.697564E-5
			2)	uid	0	0	0.0
				1)	uide	575	700	2.0105577E-4
				2)	uidi	1541	264	7.582675E-5
			3)	uis	0	0	0.0
				1)	uist	990	432	1.2408014E-4
			4)	uik	0	0	0.0
				1)	uik_	1569	258	7.410342E-5
		3)	ud	0	0	0.0
			1)	ude	0	0	0.0
				1)	uden	354	1038	2.98137E-4
		4)	ul	0	0	0.0
			1)	ull	0	0	0.0
				1)	ulle	436	872	2.5045805E-4
			2)	ult	0	0	0.0
				1)	ultu	1643	245	7.036952E-5
				2)	ulta	1840	213	6.11784E-5
		5)	uw	0	0	0.0
			1)	uwe	0	0	0.0
				1)	uwe_	509	771	2.2144857E-4
				2)	uwen	630	656	1.8841798E-4
		6)	us	0	0	0.0
			1)	uss	0	0	0.0
				1)	usse	567	707	2.0306633E-4
			2)	ust	0	0	0.0
				1)	ustr	1879	205	5.8880618E-5
		7)	ur	0	0	0.0
			1)	urg	0	0	0.0
				1)	urge	639	648	1.861202E-4
			2)	ure	0	0	0.0
				1)	uren	982	436	1.2522902E-4
			3)	url	0	0	0.0
				1)	urli	1342	304	8.731565E-5
			4)	urr	0	0	0.0
				1)	urre	1418	287	8.243287E-5
		8)	uu	0	0	0.0
			1)	uur	0	0	0.0
				1)	uur_	743	573	1.6457851E-4
				2)	uurl	1260	325	9.334732E-5
		9)	um	0	0	0.0
			1)	ume	0	0	0.0
				1)	umen	768	558	1.6027017E-4
		10)	ua	0	0	0.0
			1)	uat	0	0	0.0
				1)	uati	969	444	1.275268E-4
		11)	uc	0	0	0.0
			1)	uct	0	0	0.0
				1)	uctu	972	440	1.2637791E-4
		12)	ut	0	0	0.0
			1)	uti	0	0	0.0
				1)	utie	1121	373	1.07134E-4
			2)	uta	0	0	0.0
				1)	utai	1235	333	9.5645104E-5
		13)	uk	0	0	0.0
			1)	ukk	0	0	0.0
				1)	ukke	1438	283	8.128398E-5
	23)	p	0	0	0.0
		1)	pe	0	0	0.0
			1)	pen	0	0	0.0
				1)	pen_	207	1552	4.4576937E-4
			2)	pel	0	0	0.0
				1)	peli	763	561	1.6113184E-4
			3)	per	0	0	0.0
				1)	pers	1230	334	9.593232E-5
				2)	peri	1312	309	8.875176E-5
				3)	perk	1465	278	7.9847865E-5
			4)	pec	0	0	0.0
				1)	pect	1254	327	9.392177E-5
				2)	peci	1689	237	6.807174E-5
		2)	pu	0	0	0.0
			1)	pun	0	0	0.0
				1)	punt	399	943	2.7085084E-4
		3)	pl	0	0	0.0
			1)	pla	0	0	0.0
				1)	plaa	469	816	2.3437358E-4
				2)	plan	1498	271	7.783731E-5
			2)	pli	0	0	0.0
				1)	plic	1475	276	7.927342E-5
			3)	plo	0	0	0.0
				1)	plos	1626	248	7.123119E-5
		4)	pr	0	0	0.0
			1)	pro	0	0	0.0
				1)	prob	471	815	2.3408636E-4
				2)	prog	636	653	1.8755632E-4
				3)	proc	698	598	1.7175908E-4
				4)	prod	1285	317	9.1049544E-5
				5)	proj	1588	254	7.295452E-5
				6)	prok	1861	209	6.002951E-5
			2)	pre	0	0	0.0
				1)	prek	1003	424	1.2178235E-4
				2)	pres	1529	266	7.640119E-5
			3)	pra	0	0	0.0
				1)	prak	1031	411	1.1804846E-4
			4)	pri	0	0	0.0
				1)	prin	1644	245	7.036952E-5
		5)	po	0	0	0.0
			1)	pol	0	0	0.0
				1)	poli	536	741	2.128319E-4
			2)	por	0	0	0.0
				1)	port	957	449	1.2896291E-4
			3)	pos	0	0	0.0
				1)	posi	1522	268	7.697564E-5
				2)	post	1527	267	7.668842E-5
		6)	pp	0	0	0.0
			1)	ppe	0	0	0.0
				1)	ppel	802	533	1.5308961E-4
				2)	ppen	1458	280	8.042231E-5
			2)	ppo	0	0	0.0
				1)	ppor	1191	347	9.966622E-5
		7)	pa	0	0	0.0
			1)	par	0	0	0.0
				1)	part	856	500	1.4361127E-4
				2)	para	1745	227	6.5199514E-5
				3)	parl	1912	200	5.7444508E-5
			2)	pas	0	0	0.0
				1)	pass	1055	403	1.1575068E-4
			3)	paa	0	0	0.0
				1)	paal	1255	327	9.392177E-5
			4)	pan	0	0	0.0
				1)	pann	1761	225	6.462507E-5
		8)	pm	0	0	0.0
			1)	pme	0	0	0.0
				1)	pmer	1711	232	6.663563E-5
	24)	f	0	0	0.0
		1)	ff	0	0	0.0
			1)	ffe	0	0	0.0
				1)	ffen	594	689	1.9789633E-4
		2)	fi	0	0	0.0
			1)	fin	0	0	0.0
				1)	fina	718	586	1.683124E-4
		3)	fo	0	0	0.0
			1)	for	0	0	0.0
				1)	form	986	434	1.2465457E-4
			2)	fon	0	0	0.0
				1)	fond	1502	271	7.783731E-5
		4)	fe	0	0	0.0
			1)	fen	0	0	0.0
				1)	fen_	1118	375	1.0770845E-4
				2)	fend	1241	331	9.507066E-5
			2)	fei	0	0	0.0
				1)	feit	1343	304	8.731565E-5
			3)	fer	0	0	0.0
				1)	fere	1359	301	8.645398E-5
		5)	fd	0	0	0.0
			1)	fde	0	0	0.0
				1)	fde_	1368	298	8.559231E-5
		6)	fr	0	0	0.0
			1)	fra	0	0	0.0
				1)	frac	1486	274	7.869898E-5
		7)	fg	0	0	0.0
			1)	fge	0	0	0.0
				1)	fgev	1572	258	7.410342E-5
	25)	ë	0	0	0.0
		1)	ël	0	0	0.0
			1)	ële	0	0	0.0
				1)	ële_	719	585	1.6802519E-4
	26)	y	0	0	0.0
		1)	ys	0	0	0.0
			1)	yst	0	0	0.0
				1)	yste	1363	299	8.587954E-5
