Italian	3	1191764	1055
	1)	t	0	0	0.0
		1)	to	0	0	0.0
			1)	to_	1	13414	0.007759359
			2)	tor	185	1608	9.301513E-4
			3)	tol	903	268	1.5502522E-4
		2)	ti	0	0	0.0
			1)	ti_	22	6604	0.003820099
			2)	tiv	104	2515	0.0014548076
			3)	tic	126	2159	0.0012488785
			4)	tit	405	804	4.6507566E-4
			5)	tim	546	560	3.239333E-4
			6)	tio	634	459	2.6550962E-4
			7)	tin	653	442	2.5567593E-4
			8)	tir	768	350	2.0245831E-4
			9)	til	950	239	1.382501E-4
			10)	tiz	1008	213	1.2321034E-4
			11)	tia	1033	205	1.1858272E-4
			12)	tie	1049	201	1.16268915E-4
		3)	te	0	0	0.0
			1)	te_	23	6592	0.0038131576
			2)	ter	70	3191	0.0018458413
			3)	ten	131	2031	0.0011748367
			4)	tem	371	890	5.1482255E-4
			5)	tes	463	680	3.9334755E-4
			6)	teg	662	435	2.5162674E-4
			7)	tec	1009	213	1.2321034E-4
		4)	ta	0	0	0.0
			1)	ta_	39	4760	0.002753433
			2)	tat	122	2210	0.0012783796
			3)	tan	140	1954	0.0011302958
			4)	tar	158	1815	0.0010498909
			5)	tal	232	1335	7.722338E-4
			6)	tam	480	653	3.7772936E-4
			7)	taz	628	465	2.689803E-4
			8)	tad	828	308	1.781633E-4
			9)	tav	890	275	1.5907438E-4
			10)	tab	943	243	1.405639E-4
		5)	tt	0	0	0.0
			1)	tto	88	2881	0.0016665211
			2)	tti	92	2803	0.0016214018
			3)	tta	139	1955	0.0011308743
			4)	tte	279	1131	6.5422955E-4
			5)	ttu	385	846	4.8937066E-4
			6)	ttr	878	280	1.6196664E-4
		6)	tr	0	0	0.0
			1)	tra	89	2871	0.0016607365
			2)	tro	157	1822	0.0010539402
			3)	tri	230	1340	7.751261E-4
			4)	tre	275	1162	6.721616E-4
			5)	tru	539	567	3.2798245E-4
		7)	tà	0	0	0.0
			1)	tà_	103	2578	0.00149125
		8)	tu	0	0	0.0
			1)	tut	194	1548	8.954442E-4
			2)	tur	300	1081	6.253069E-4
			3)	tua	496	631	3.650034E-4
			4)	tui	1013	211	1.2205344E-4
	2)	_	0	0	0.0
		1)	_d	0	0	0.0
			1)	_di	2	13377	0.0077379565
			2)	_de	3	13114	0.0075858235
			3)	_da	77	3019	0.0017463475
			4)	_do	204	1506	8.711492E-4
			5)	_du	560	542	3.1352116E-4
		2)	_c	0	0	0.0
			1)	_co	6	10932	0.0063236407
			2)	_ch	20	6852	0.003963555
			3)	_ci	172	1687	9.7584905E-4
			4)	_ca	213	1437	8.3123596E-4
			5)	_cu	422	760	4.3962375E-4
			6)	_cr	434	748	4.326823E-4
			7)	_ce	556	545	3.152565E-4
		3)	_i	0	0	0.0
			1)	_in	12	9082	0.005253504
			2)	_il	43	4338	0.0025093262
			3)	_i_	128	2091	0.0012095438
			4)	_im	237	1327	7.676062E-4
			5)	_is	896	273	1.5791749E-4
		4)	_p	0	0	0.0
			1)	_pr	19	7057	0.0040821377
			2)	_pe	31	5635	0.0032595787
			3)	_po	53	3702	0.0021414305
			4)	_pa	93	2768	0.001601156
			5)	_pi	235	1329	7.6876313E-4
			6)	_pu	302	1081	6.253069E-4
		5)	_l	0	0	0.0
			1)	_la	24	6491	0.0037547338
			2)	_le	72	3143	0.0018180755
			3)	_lo	231	1336	7.728123E-4
			4)	_l_	238	1324	7.6587085E-4
			5)	_li	268	1203	6.958781E-4
			6)	_lu	588	504	2.9153997E-4
		6)	_e	0	0	0.0
			1)	_e_	25	6465	0.0037396941
			2)	_es	105	2497	0.0014443954
			3)	_eu	200	1531	8.8561047E-4
			4)	_ec	545	561	3.2451176E-4
			5)	_el	668	432	2.498914E-4
			6)	_em	784	337	1.9493843E-4
			7)	_en	796	330	1.9088926E-4
			8)	_ef	815	317	1.8336938E-4
			9)	_ed	845	302	1.746926E-4
			10)	_ev	912	263	1.5213295E-4
		7)	_u	0	0	0.0
			1)	_un	32	5502	0.0031826445
			2)	_ul	972	231	1.3362248E-4
		8)	_q	0	0	0.0
			1)	_qu	33	5422	0.0031363685
		9)	_a	0	0	0.0
			1)	_al	37	5040	0.0029153996
			2)	_a_	62	3396	0.001964424
			3)	_an	133	2020	0.0011684736
			4)	_at	337	961	5.5589265E-4
			5)	_ap	340	952	5.506866E-4
			6)	_av	354	928	5.3680374E-4
			7)	_as	364	907	5.2465627E-4
			8)	_ad	388	841	4.8647838E-4
			9)	_am	421	761	4.4020222E-4
			10)	_ai	429	752	4.3499612E-4
			11)	_ac	471	673	3.892984E-4
			12)	_au	483	648	3.7483708E-4
			13)	_ab	494	634	3.6673876E-4
			14)	_af	575	517	2.9905984E-4
			15)	_ag	580	512	2.961676E-4
			16)	_ar	633	460	2.6608806E-4
		10)	_r	0	0	0.0
			1)	_ri	38	4818	0.0027869833
			2)	_re	68	3216	0.0018603026
			3)	_ra	325	998	5.772954E-4
			4)	_ru	823	312	1.8047712E-4
		11)	_s	0	0	0.0
			1)	_si	40	4717	0.0027285595
			2)	_so	57	3502	0.00202574
			3)	_se	67	3220	0.0018626164
			4)	_su	78	3011	0.0017417199
			5)	_st	119	2254	0.0013038315
			6)	_sa	372	889	5.142441E-4
			7)	_sp	378	869	5.026751E-4
			8)	_sc	474	666	3.8524924E-4
			9)	_sv	511	612	3.5401282E-4
			10)	_sf	1005	216	1.249457E-4
		12)	_n	0	0	0.0
			1)	_no	44	4315	0.0024960218
			2)	_ne	58	3497	0.0020228478
			3)	_nu	433	750	4.3383922E-4
			4)	_na	559	543	3.140996E-4
		13)	_è	0	0	0.0
			1)	_è_	107	2487	0.0014386108
		14)	_m	0	0	0.0
			1)	_ma	113	2348	0.001358206
			2)	_me	137	1968	0.0011383941
			3)	_mo	148	1898	0.0010979024
			4)	_mi	149	1889	0.0010926964
		15)	_f	0	0	0.0
			1)	_fa	173	1667	9.6428E-4
			2)	_fo	287	1111	6.426605E-4
			3)	_fi	297	1086	6.281992E-4
			4)	_fr	478	660	3.8177852E-4
			5)	_fu	591	502	2.9038306E-4
		16)	_t	0	0	0.0
			1)	_tr	180	1639	9.4808335E-4
			2)	_te	216	1412	8.167747E-4
			3)	_tu	242	1318	7.6240016E-4
			4)	_ta	301	1081	6.253069E-4
		17)	_h	0	0	0.0
			1)	_ha	214	1425	8.242945E-4
			2)	_ho	923	256	1.480838E-4
		18)	_g	0	0	0.0
			1)	_gi	236	1328	7.6818466E-4
			2)	_gr	321	1007	5.8250147E-4
			3)	_gl	336	966	5.5878493E-4
			4)	_ge	678	425	2.4584224E-4
			5)	_go	877	281	1.625451E-4
			6)	_ga	935	250	1.4461308E-4
		19)	_v	0	0	0.0
			1)	_vo	253	1259	7.2827144E-4
			2)	_ve	303	1080	6.247285E-4
			3)	_vi	306	1074	6.2125776E-4
			4)	_va	424	757	4.378884E-4
		20)	_o	0	0	0.0
			1)	_or	417	767	4.436729E-4
			2)	_on	425	755	4.367315E-4
			3)	_oc	600	497	2.874908E-4
			4)	_og	603	493	2.85177E-4
			5)	_op	643	449	2.597251E-4
			6)	_o_	659	438	2.5336212E-4
			7)	_ob	772	347	2.0072295E-4
			8)	_os	941	245	1.4172081E-4
		21)	_b	0	0	0.0
			1)	_ba	669	432	2.498914E-4
			2)	_bi	773	347	2.0072295E-4
			3)	_be	775	345	1.9956604E-4
	3)	r	0	0	0.0
		1)	re	0	0	0.0
			1)	re_	4	11857	0.006858709
			2)	res	106	2488	0.0014391893
			3)	rev	244	1305	7.5488025E-4
			4)	ren	291	1100	6.362975E-4
			5)	reg	344	946	5.4721587E-4
			6)	rel	349	936	5.4143136E-4
			7)	reb	403	809	4.679679E-4
			8)	ret	419	763	4.413591E-4
			9)	rea	501	623	3.603758E-4
			10)	rem	521	590	3.4128685E-4
			11)	rec	631	461	2.6666652E-4
			12)	rez	672	429	2.4815605E-4
			13)	rei	777	342	1.9783068E-4
			14)	red	829	308	1.781633E-4
			15)	rer	996	219	1.2668106E-4
		2)	ro	0	0	0.0
			1)	ro_	69	3200	0.0018510474
			2)	rop	85	2945	0.0017035421
			3)	rog	312	1055	6.1026716E-4
			4)	rov	492	635	3.673172E-4
			5)	ron	550	552	3.1930566E-4
			6)	roc	610	486	2.811278E-4
			7)	rol	637	453	2.620389E-4
			8)	rob	686	417	2.4121461E-4
			9)	rod	716	390	2.2559639E-4
			10)	ros	735	378	2.1865497E-4
			11)	rof	860	291	1.6832961E-4
			12)	rom	918	258	1.4924069E-4
		3)	ra	0	0	0.0
			1)	ra_	73	3126	0.0018082419
			2)	rat	132	2027	0.0011725228
			3)	ran	184	1612	9.3246513E-4
			4)	raz	289	1102	6.3745445E-4
			5)	ral	338	959	5.547358E-4
			6)	ram	363	908	5.252347E-4
			7)	rar	437	744	4.3036853E-4
			8)	ras	612	483	2.7939247E-4
			9)	rap	649	444	2.5683283E-4
			10)	rag	700	406	2.3485164E-4
			11)	rad	708	402	2.3253783E-4
			12)	rav	966	232	1.3420093E-4
		4)	ri	0	0	0.0
			1)	ri_	86	2933	0.0016966006
			2)	rit	167	1735	0.0010036147
			3)	ric	187	1586	9.174254E-4
			4)	ris	188	1583	9.1569E-4
			5)	ria	260	1239	7.1670243E-4
			6)	rio	262	1230	7.1149634E-4
			7)	rim	342	949	5.489512E-4
			8)	rie	396	824	4.766447E-4
			9)	rin	461	694	4.014459E-4
			10)	rif	508	616	3.563266E-4
			11)	rig	680	424	2.4526377E-4
			12)	rib	703	403	2.3311628E-4
			13)	riv	804	324	1.8741854E-4
			14)	rid	865	289	1.6717272E-4
			15)	rip	965	232	1.3420093E-4
		5)	rr	0	0	0.0
			1)	rre	251	1276	7.3810515E-4
			2)	rri	1052	200	1.1569046E-4
		6)	rt	0	0	0.0
			1)	rta	267	1214	7.022411E-4
			2)	rti	332	980	5.6688325E-4
			3)	rte	449	721	4.1706412E-4
			4)	rto	758	358	2.0708592E-4
			5)	rtu	999	218	1.261026E-4
		7)	rm	0	0	0.0
			1)	rma	352	935	5.408529E-4
			2)	rme	574	520	3.007952E-4
			3)	rmi	665	433	2.5046984E-4
		8)	rà	0	0	0.0
			1)	rà_	355	925	5.350684E-4
		9)	rn	0	0	0.0
			1)	rno	512	606	3.505421E-4
			2)	rna	736	377	2.1807652E-4
			3)	rni	916	260	1.503976E-4
			4)	rne	980	225	1.3015176E-4
		10)	rs	0	0	0.0
			1)	rsi	514	601	3.4764982E-4
			2)	rso	530	578	3.3434544E-4
			3)	rse	766	351	2.0303676E-4
		11)	rd	0	0	0.0
			1)	rdi	604	492	2.8459853E-4
			2)	rda	684	419	2.4237152E-4
			3)	rdo	782	338	1.9551688E-4
		12)	rc	0	0	0.0
			1)	rca	666	433	2.5046984E-4
			2)	rch	675	426	2.4642068E-4
			3)	rci	725	385	2.2270414E-4
		13)	rl	0	0	0.0
			1)	rla	720	387	2.2386105E-4
		14)	ru	0	0	0.0
			1)	rut	787	334	1.9320307E-4
			2)	rup	791	331	1.9146771E-4
		15)	rv	0	0	0.0
			1)	rve	814	317	1.8336938E-4
			2)	rvi	947	242	1.3998545E-4
		16)	rg	0	0	0.0
			1)	rgo	958	234	1.3535784E-4
			2)	rga	984	223	1.2899487E-4
		17)	rò	0	0	0.0
			1)	rò_	979	225	1.3015176E-4
	4)	l	0	0	0.0
		1)	la	0	0	0.0
			1)	la_	5	11021	0.006375123
			2)	lar	383	848	4.9052754E-4
			3)	laz	384	847	4.899491E-4
			4)	lat	393	831	4.8069385E-4
			5)	lam	561	538	3.1120735E-4
			6)	lav	586	504	2.9153997E-4
			7)	lan	717	390	2.2559639E-4
			8)	las	930	251	1.4519153E-4
		2)	le	0	0	0.0
			1)	le_	10	9309	0.0053848126
			2)	leg	367	895	5.177148E-4
			3)	lem	544	561	3.2451176E-4
			4)	les	764	353	2.0419367E-4
			5)	let	844	302	1.746926E-4
			6)	len	959	234	1.3535784E-4
			7)	lev	987	222	1.2841642E-4
			8)	lei	997	219	1.2668106E-4
		3)	ll	0	0	0.0
			1)	lla	29	6053	0.0035013717
			2)	lle	65	3277	0.0018955882
			3)	ll_	201	1515	8.763552E-4
			4)	llo	252	1262	7.300068E-4
			5)	lli	526	582	3.3665923E-4
			6)	llu	673	429	2.4815605E-4
		4)	li	0	0	0.0
			1)	li_	36	5156	0.0029825
			2)	lit	154	1838	0.0010631953
			3)	lin	394	828	4.789585E-4
			4)	lic	453	714	4.1301493E-4
			5)	lia	519	597	3.45336E-4
			6)	liz	542	563	3.2566866E-4
			7)	lio	551	551	3.1872722E-4
			8)	lim	583	507	2.932753E-4
			9)	lis	824	311	1.7989866E-4
			10)	lib	830	308	1.781633E-4
			11)	lie	867	286	1.6543736E-4
			12)	liv	926	254	1.4692689E-4
		5)	lo	0	0	0.0
			1)	lo_	112	2352	0.0013605198
			2)	lor	411	785	4.5408506E-4
			3)	loc	906	268	1.5502522E-4
			4)	log	968	232	1.3420093E-4
			5)	lon	981	224	1.2957331E-4
		6)	lt	0	0	0.0
			1)	ltr	299	1083	6.2646385E-4
			2)	lta	426	754	4.3615303E-4
			3)	lto	607	491	2.840201E-4
			4)	lti	654	442	2.5567593E-4
			5)	lte	881	279	1.6138819E-4
			6)	ltu	977	227	1.3130867E-4
		7)	lm	0	0	0.0
			1)	lme	531	578	3.3434544E-4
		8)	lu	0	0	0.0
			1)	lun	537	569	3.2913935E-4
			2)	lup	731	382	2.2096878E-4
			3)	lut	821	312	1.8047712E-4
			4)	lus	822	312	1.8047712E-4
			5)	luz	892	275	1.5907438E-4
		9)	lc	0	0	0.0
			1)	lcu	695	412	2.3832235E-4
	5)	i	0	0	0.0
		1)	io	0	0	0.0
			1)	ion	7	10589	0.0061252313
			2)	io_	66	3231	0.0018689794
			3)	ior	315	1027	5.9407053E-4
		2)	in	0	0	0.0
			1)	in_	41	4586	0.0026527822
			2)	int	144	1930	0.0011164129
			3)	ina	207	1469	8.4974646E-4
			4)	ini	208	1460	8.4454037E-4
			5)	ine	282	1125	6.5075886E-4
			6)	inc	341	951	5.5010815E-4
			7)	ind	400	812	4.697033E-4
			8)	ino	536	570	3.2971782E-4
			9)	inf	587	504	2.9153997E-4
			10)	inv	656	438	2.5336212E-4
			11)	ing	701	406	2.3485164E-4
			12)	ins	747	368	2.1287045E-4
			13)	inu	940	245	1.4172081E-4
		3)	il	0	0	0.0
			1)	il_	45	4271	0.0024705697
			2)	ili	189	1583	9.1569E-4
			3)	ile	353	932	5.3911755E-4
			4)	ilu	729	383	2.2154723E-4
			5)	ila	920	258	1.4924069E-4
		4)	ia	0	0	0.0
			1)	ia_	76	3023	0.0017486613
			2)	iam	108	2460	0.0014229927
			3)	iar	263	1230	7.1149634E-4
			4)	iat	347	938	5.4258824E-4
			5)	ial	359	915	5.2928383E-4
			6)	ian	477	664	3.8409233E-4
		5)	ic	0	0	0.0
			1)	ica	83	2973	0.0017197387
			2)	ico	123	2210	0.0012783796
			3)	ici	280	1127	6.5191573E-4
			4)	ich	295	1090	6.30513E-4
			5)	icu	613	482	2.78814E-4
			6)	ice	657	438	2.5336212E-4
		6)	it	0	0	0.0
			1)	ità	142	1942	0.0011233544
			2)	iti	186	1597	9.2378835E-4
			3)	ito	202	1514	8.757768E-4
			4)	ita	215	1417	8.196669E-4
			5)	itt	331	981	5.674617E-4
			6)	itu	520	597	3.45336E-4
			7)	ite	595	499	2.886477E-4
		7)	is	0	0	0.0
			1)	ist	150	1885	0.0010903826
			2)	isc	307	1066	6.1663013E-4
			3)	isp	365	900	5.2060705E-4
			4)	iso	441	739	4.2747625E-4
			5)	isi	481	652	3.771509E-4
			6)	iss	558	543	3.140996E-4
			7)	isu	712	399	2.3080247E-4
			8)	ism	1016	211	1.2205344E-4
		8)	ir	0	0	0.0
			1)	ire	169	1693	9.793198E-4
			2)	iri	692	414	2.3947925E-4
		9)	iz	0	0	0.0
			1)	izi	177	1644	9.509756E-4
			2)	izz	390	837	4.8416457E-4
		10)	im	0	0	0.0
			1)	imp	226	1350	7.809106E-4
			2)	ime	330	982	5.680402E-4
			3)	ima	443	736	4.257409E-4
			4)	imi	476	664	3.8409233E-4
			5)	imo	485	643	3.7194483E-4
		11)	iv	0	0	0.0
			1)	iva	257	1244	7.1959465E-4
			2)	ive	288	1105	6.391898E-4
			3)	ivi	368	895	5.177148E-4
			4)	ivo	452	715	4.135934E-4
		12)	ie	0	0	0.0
			1)	ien	271	1184	6.848875E-4
			2)	ie_	440	741	4.2863315E-4
			3)	iet	490	639	3.6963102E-4
			4)	ier	626	467	2.701372E-4
			5)	ied	800	326	1.8857545E-4
			6)	ies	1031	206	1.19161174E-4
		13)	id	0	0	0.0
			1)	ide	308	1060	6.1315944E-4
			2)	idi	831	308	1.781633E-4
			3)	ida	836	306	1.7700641E-4
			4)	idu	1050	201	1.16268915E-4
		14)	ig	0	0	0.0
			1)	ign	310	1058	6.1200256E-4
			2)	igu	760	358	2.0708592E-4
			3)	igl	882	279	1.6138819E-4
		15)	iù	0	0	0.0
			1)	iù_	358	915	5.2928383E-4
		16)	if	0	0	0.0
			1)	ifi	420	762	4.4078066E-4
			2)	ife	790	332	1.9204617E-4
			3)	ifo	929	252	1.4576998E-4
			4)	iff	937	248	1.4345617E-4
		17)	ib	0	0	0.0
			1)	ibi	427	753	4.355746E-4
			2)	ibu	811	318	1.8394784E-4
			3)	ibe	942	244	1.4114236E-4
			4)	iba	1027	208	1.2031808E-4
		18)	iu	0	0	0.0
			1)	iut	609	488	2.8228472E-4
			2)	ius	705	403	2.3311628E-4
			3)	iun	798	327	1.891539E-4
		19)	iò	0	0	0.0
			1)	iò_	743	372	2.1518426E-4
		20)	ià	0	0	0.0
			1)	ià_	832	307	1.7758485E-4
		21)	ip	0	0	0.0
			1)	ipi	898	271	1.5676058E-4
			2)	ipa	901	270	1.5618213E-4
			3)	ipe	1010	213	1.2321034E-4
	6)	d	0	0	0.0
		1)	di	0	0	0.0
			1)	di_	8	10385	0.006007227
			2)	dis	224	1353	7.8264595E-4
			3)	dir	313	1040	6.015904E-4
			4)	dic	409	798	4.6160494E-4
			5)	din	475	665	3.8467077E-4
			6)	dia	572	522	3.019521E-4
			7)	div	593	501	2.898046E-4
			8)	dif	618	475	2.7476484E-4
			9)	dim	780	340	1.9667378E-4
			10)	diz	835	307	1.7758485E-4
			11)	dit	954	237	1.370932E-4
		2)	de	0	0	0.0
			1)	del	13	8433	0.0048780884
			2)	dei	190	1560	9.0238557E-4
			3)	der	199	1532	8.8618894E-4
			4)	de_	415	774	4.477221E-4
			5)	den	450	720	4.1648565E-4
			6)	deg	459	702	4.0607352E-4
			7)	des	528	581	3.360808E-4
			8)	dev	541	564	3.262471E-4
			9)	dec	670	430	2.487345E-4
			10)	det	741	374	2.1634116E-4
			11)	dem	939	246	1.4229926E-4
			12)	dep	1003	216	1.249457E-4
			13)	deb	1032	206	1.19161174E-4
		3)	do	0	0	0.0
			1)	do_	97	2659	0.0015381047
			2)	dov	503	622	3.5979733E-4
			3)	dot	819	314	1.8163402E-4
			4)	dob	885	277	1.6023128E-4
			5)	don	889	276	1.5965283E-4
		4)	da	0	0	0.0
			1)	da_	174	1664	9.6254464E-4
			2)	dal	259	1242	7.184378E-4
			3)	dam	605	492	2.8459853E-4
			4)	dat	635	457	2.643527E-4
			5)	dar	694	414	2.3947925E-4
			6)	dan	894	274	1.5849592E-4
		5)	du	0	0	0.0
			1)	dur	723	386	2.232826E-4
			2)	due	970	231	1.3362248E-4
		6)	dd	0	0	0.0
			1)	ddi	1037	205	1.1858272E-4
	7)	n	0	0	0.0
		1)	ne	0	0	0.0
			1)	ne_	9	9428	0.0054536485
			2)	nel	124	2180	0.001261026
			3)	ner	412	776	4.48879E-4
			4)	nec	681	424	2.4526377E-4
			5)	nei	818	315	1.8221248E-4
			6)	neg	900	270	1.5618213E-4
			7)	nea	952	238	1.3767165E-4
			8)	nes	990	221	1.2783796E-4
			9)	nen	1000	218	1.261026E-4
		2)	no	0	0	0.0
			1)	no_	26	6244	0.0036118561
			2)	non	95	2725	0.0015762825
			3)	nor	129	2088	0.0012078084
			4)	nos	314	1036	5.9927657E-4
			5)	nom	504	620	3.5864042E-4
			6)	noi	880	279	1.6138819E-4
			7)	nol	913	261	1.5097605E-4
		3)	nt	0	0	0.0
			1)	nte	27	6168	0.0035678938
			2)	nto	50	3748	0.0021680393
			3)	nti	79	3009	0.001740563
			4)	nta	127	2099	0.0012141714
			5)	ntr	193	1550	8.9660106E-4
		4)	ni	0	0	0.0
			1)	ni_	49	3760	0.0021749807
			2)	nit	454	713	4.124365E-4
			3)	niz	488	642	3.713664E-4
			4)	nio	525	585	3.383946E-4
			5)	nic	727	383	2.2154723E-4
			6)	nis	808	321	1.856832E-4
			7)	nir	969	231	1.3362248E-4
			8)	nif	1015	211	1.2205344E-4
		5)	na	0	0	0.0
			1)	na_	100	2637	0.0015253787
			2)	nal	221	1389	8.0347026E-4
			3)	nat	413	775	4.4830053E-4
			4)	nan	489	639	3.6963102E-4
			5)	naz	554	549	3.1757032E-4
			6)	nar	624	469	2.7129412E-4
			7)	nam	888	276	1.5965283E-4
		6)	nz	0	0	0.0
			1)	nza	164	1770	0.0010238605
			2)	nzi	211	1443	8.3470665E-4
			3)	nze	710	401	2.3195938E-4
		7)	nd	0	0	0.0
			1)	ndo	196	1544	8.931304E-4
			2)	ndi	247	1298	7.508311E-4
			3)	nde	305	1076	6.224147E-4
			4)	nda	317	1018	5.8886444E-4
		8)	nc	0	0	0.0
			1)	nch	245	1304	7.543018E-4
			2)	nco	386	841	4.8647838E-4
			3)	nci	399	819	4.7375244E-4
			4)	nce	646	445	2.5741127E-4
			5)	ncl	1011	212	1.2263189E-4
		9)	nn	0	0	0.0
			1)	nno	281	1126	6.513373E-4
			2)	nni	817	315	1.8221248E-4
			3)	nna	1055	200	1.1569046E-4
		10)	ns	0	0	0.0
			1)	nsi	423	759	4.390453E-4
			2)	nse	585	505	2.921184E-4
			3)	nsa	597	497	2.874908E-4
			4)	nso	862	291	1.6832961E-4
			5)	nsu	1035	205	1.1858272E-4
		11)	ng	0	0	0.0
			1)	ngo	608	488	2.8228472E-4
			2)	nga	956	236	1.3651475E-4
			3)	ngr	967	232	1.3420093E-4
			4)	nge	1036	205	1.1858272E-4
		12)	nu	0	0	0.0
			1)	nuo	625	468	2.7071568E-4
			2)	nut	732	381	2.2039033E-4
		13)	nq	0	0	0.0
			1)	nqu	722	386	2.232826E-4
		14)	nv	0	0	0.0
			1)	nve	850	297	1.7180033E-4
			2)	nvi	1054	200	1.1569046E-4
	8)	e	0	0	0.0
		1)	en	0	0	0.0
			1)	ent	11	9279	0.005367459
			2)	enz	130	2082	0.0012043377
			3)	end	176	1650	9.544463E-4
			4)	ene	309	1059	6.12581E-4
			5)	ens	445	731	4.2284862E-4
			6)	eng	650	444	2.5683283E-4
			7)	eno	652	443	2.5625437E-4
			8)	eni	734	379	2.1923342E-4
			9)	enu	761	356	2.0592903E-4
			10)	ena	848	300	1.735357E-4
		2)	el	0	0	0.0
			1)	ell	14	7906	0.004573244
			2)	el_	59	3490	0.0020187986
			3)	ela	277	1143	6.61171E-4
			4)	ele	651	444	2.5683283E-4
		3)	es	0	0	0.0
			1)	est	46	4058	0.0023473594
			2)	ess	56	3503	0.0020263183
			3)	ese	182	1627	9.411419E-4
			4)	esi	229	1342	7.76283E-4
			5)	esp	458	706	4.0838734E-4
			6)	esa	658	438	2.5336212E-4
			7)	esc	730	383	2.2154723E-4
		4)	er	0	0	0.0
			1)	ere	48	3765	0.002177873
			2)	er_	51	3740	0.0021634116
			3)	eri	138	1956	0.0011314527
			4)	era	166	1744	0.0010088208
			5)	erc	272	1179	6.8199524E-4
			6)	ero	320	1009	5.836584E-4
			7)	ern	326	995	5.7556E-4
			8)	ers	376	873	5.049889E-4
			9)	ert	387	841	4.8647838E-4
			10)	erv	456	709	4.1012268E-4
			11)	erm	470	675	3.904553E-4
			12)	err	571	522	3.019521E-4
			13)	erà	805	324	1.8741854E-4
			14)	erg	857	293	1.6948652E-4
		5)	et	0	0	0.0
			1)	ett	61	3403	0.0019684732
			2)	ete	640	452	2.6146043E-4
			3)	eta	963	233	1.3477939E-4
			4)	eti	988	222	1.2841642E-4
			5)	età	1018	211	1.2205344E-4
		6)	ei	0	0	0.0
			1)	ei_	99	2656	0.0015363693
		7)	eu	0	0	0.0
			1)	eur	168	1705	9.862612E-4
		8)	ev	0	0	0.0
			1)	evo	228	1344	7.774399E-4
			2)	eve	506	619	3.5806198E-4
			3)	evi	667	432	2.498914E-4
			4)	eva	746	369	2.134489E-4
		9)	eg	0	0	0.0
			1)	egi	327	994	5.749816E-4
			2)	egl	397	823	4.7606626E-4
			3)	egu	630	463	2.6782343E-4
			4)	egn	642	449	2.597251E-4
			5)	ega	693	414	2.3947925E-4
			6)	ego	713	398	2.3022402E-4
			7)	egh	911	264	1.5271141E-4
			8)	egr	1012	212	1.2263189E-4
			9)	egg	1045	203	1.1742582E-4
		10)	eb	0	0	0.0
			1)	ebb	328	987	5.709324E-4
		11)	ea	0	0	0.0
			1)	ea_	333	976	5.6456943E-4
			2)	eal	806	322	1.8626165E-4
			3)	ear	1048	202	1.1684737E-4
		12)	em	0	0	0.0
			1)	eme	389	840	4.8589995E-4
			2)	emp	408	798	4.6160494E-4
			3)	emb	493	635	3.673172E-4
			4)	ema	499	625	3.615327E-4
			5)	emo	548	556	3.2161947E-4
			6)	emi	783	338	1.9551688E-4
		13)	ec	0	0	0.0
			1)	ece	398	821	4.7490935E-4
			2)	eco	401	811	4.6912482E-4
			3)	eci	406	804	4.6507566E-4
			4)	ecc	917	259	1.4981914E-4
		14)	ed	0	0	0.0
			1)	ede	451	718	4.1532874E-4
			2)	edi	576	516	2.9848138E-4
			3)	ed_	852	297	1.7180033E-4
			4)	edo	870	284	1.6428046E-4
			5)	edu	1028	207	1.1973963E-4
		15)	ez	0	0	0.0
			1)	ezz	510	612	3.5401282E-4
			2)	ezi	908	267	1.5444677E-4
		16)	eo	0	0	0.0
			1)	eo_	622	471	2.7245103E-4
		17)	ef	0	0	0.0
			1)	eff	739	375	2.1691961E-4
			2)	efi	1001	218	1.261026E-4
		18)	ee	0	0	0.0
			1)	ee_	799	327	1.891539E-4
	9)	c	0	0	0.0
		1)	ch	0	0	0.0
			1)	che	15	7860	0.0045466353
			2)	chi	195	1545	8.937088E-4
			3)	ché	446	731	4.2284862E-4
		2)	co	0	0	0.0
			1)	con	21	6619	0.0038287758
			2)	com	71	3174	0.0018360076
			3)	col	135	2009	0.0011621107
			4)	cor	162	1789	0.0010348512
			5)	co_	250	1292	7.473604E-4
			6)	cos	323	1004	5.807661E-4
			7)	coo	1029	207	1.1973963E-4
		3)	ca	0	0	0.0
			1)	ca_	147	1920	0.0011106285
			2)	cat	351	936	5.4143136E-4
			3)	car	442	738	4.268978E-4
			4)	cam	707	403	2.3311628E-4
			5)	can	742	373	2.1576272E-4
			6)	cas	752	364	2.1055664E-4
			7)	caz	789	334	1.9320307E-4
			8)	cal	853	296	1.7122188E-4
			9)	cap	934	250	1.4461308E-4
		4)	ci	0	0	0.0
			1)	ci_	206	1481	8.5668784E-4
			2)	cia	296	1087	6.2877766E-4
			3)	cit	447	730	4.2227018E-4
			4)	cip	562	537	3.1062888E-4
			5)	cis	655	439	2.5394055E-4
			6)	cio	719	388	2.244395E-4
			7)	cie	737	376	2.1749806E-4
			8)	ciò	744	372	2.1518426E-4
		5)	ce	0	0	0.0
			1)	ces	350	936	5.4143136E-4
			2)	ce_	392	836	4.8358613E-4
			3)	cen	428	752	4.3499612E-4
			4)	cer	509	616	3.563266E-4
			5)	ced	751	365	2.1113509E-4
			6)	cet	1043	204	1.1800427E-4
		6)	cc	0	0	0.0
			1)	cco	369	891	5.15401E-4
			2)	cce	567	528	3.0542281E-4
			3)	ccu	620	472	2.730295E-4
			4)	cci	922	257	1.4866224E-4
			5)	cca	991	221	1.2783796E-4
		7)	cr	0	0	0.0
			1)	cre	498	626	3.6211114E-4
			2)	cri	696	411	2.377439E-4
			3)	cra	944	243	1.405639E-4
		8)	cu	0	0	0.0
			1)	cui	547	557	3.2219794E-4
			2)	cur	579	513	2.9674603E-4
			3)	cup	616	477	2.7592175E-4
			4)	cun	623	470	2.718726E-4
			5)	cus	840	303	1.7527105E-4
			6)	cul	989	222	1.2841642E-4
		9)	cl	0	0	0.0
			1)	clu	803	325	1.87997E-4
	10)	o	0	0	0.0
		1)	on	0	0	0.0
			1)	one	16	7834	0.0045315954
			2)	on_	47	3870	0.0022386105
			3)	ono	55	3535	0.0020448288
			4)	oni	110	2394	0.0013848149
			5)	ont	117	2280	0.0013188713
			6)	ond	223	1375	7.9537195E-4
			7)	ona	240	1322	7.64714E-4
			8)	ons	258	1242	7.184378E-4
			9)	onc	316	1020	5.900214E-4
			10)	onf	843	302	1.746926E-4
		2)	os	0	0	0.0
			1)	ost	84	2946	0.0017041205
			2)	oss	249	1297	7.502526E-4
			3)	osi	416	769	4.448298E-4
			4)	osc	905	268	1.5502522E-4
			5)	osa	921	257	1.4866224E-4
		3)	or	0	0	0.0
			1)	ore	134	2010	0.0011626892
			2)	ori	163	1788	0.0010342727
			3)	ora	178	1643	9.503971E-4
			4)	ort	205	1496	8.653646E-4
			5)	orr	285	1114	6.443959E-4
			6)	orm	298	1084	6.270423E-4
			7)	oro	410	797	4.6102647E-4
			8)	ord	418	766	4.4309447E-4
			9)	or_	464	680	3.9334755E-4
			10)	ors	566	532	3.0773663E-4
			11)	orn	698	409	2.3658699E-4
			12)	orz	936	249	1.4403462E-4
			13)	org	976	227	1.3130867E-4
		4)	ol	0	0	0.0
			1)	oli	146	1920	0.0011106285
			2)	olt	171	1689	9.770059E-4
			3)	olo	290	1102	6.3745445E-4
			4)	ole	294	1090	6.30513E-4
			5)	ola	348	937	5.4200983E-4
			6)	oll	360	913	5.2812696E-4
			7)	olu	704	403	2.3311628E-4
			8)	olg	1046	202	1.1684737E-4
		5)	op	0	0	0.0
			1)	ope	155	1837	0.0010626169
			2)	opo	283	1123	6.496019E-4
			3)	opr	523	587	3.395515E-4
			4)	opp	645	447	2.5856818E-4
		6)	om	0	0	0.0
			1)	ome	225	1351	7.8148907E-4
			2)	omp	346	944	5.46059E-4
			3)	omu	380	864	4.997828E-4
			4)	omi	479	654	3.783078E-4
			5)	omm	702	405	2.3427319E-4
			6)	oma	938	246	1.4229926E-4
			7)	omo	1041	204	1.1800427E-4
		7)	ov	0	0	0.0
			1)	ove	343	949	5.489512E-4
			2)	ova	502	622	3.5979733E-4
			3)	ovr	636	454	2.6261734E-4
			4)	ovi	1044	203	1.1742582E-4
			5)	ovo	1053	200	1.1569046E-4
		8)	oc	0	0	0.0
			1)	occ	356	924	5.344899E-4
			2)	oci	570	523	3.0253056E-4
			3)	oce	690	415	2.400577E-4
			4)	oca	899	270	1.5618213E-4
			5)	ocr	924	255	1.4750534E-4
		9)	ot	0	0	0.0
			1)	ott	362	912	5.275485E-4
			2)	ote	621	471	2.7245103E-4
			3)	ota	786	335	1.9378153E-4
			4)	oti	883	278	1.6080974E-4
			5)	otr	887	276	1.5965283E-4
		10)	og	0	0	0.0
			1)	ogr	473	670	3.8756305E-4
			2)	ogg	638	453	2.620389E-4
			3)	ogn	810	318	1.8394784E-4
			4)	ogl	869	285	1.6485891E-4
			5)	oge	875	281	1.625451E-4
			6)	ogo	1047	202	1.1684737E-4
		11)	od	0	0	0.0
			1)	odo	500	624	3.6095423E-4
			2)	odi	797	328	1.8973235E-4
			3)	odu	948	241	1.39407E-4
		12)	oi	0	0	0.0
			1)	oi_	569	524	3.03109E-4
		13)	ob	0	0	0.0
			1)	obi	660	437	2.5278365E-4
			2)	obl	733	380	2.1981187E-4
			3)	obb	745	370	2.1402736E-4
	11)	h	0	0	0.0
		1)	he	0	0	0.0
			1)	he_	17	7793	0.004507879
		2)	ha	0	0	0.0
			1)	ha_	322	1006	5.81923E-4
			2)	han	682	423	2.4468533E-4
		3)	hé	0	0	0.0
			1)	hé_	444	731	4.2284862E-4
		4)	hi	0	0	0.0
			1)	hi_	527	581	3.360808E-4
			2)	hia	532	576	3.3318854E-4
			3)	hie	619	472	2.730295E-4
		5)	ho	0	0	0.0
			1)	ho_	927	254	1.4692689E-4
	12)	z	0	0	0.0
		1)	zi	0	0	0.0
			1)	zio	18	7591	0.0043910313
			2)	zia	183	1612	9.3246513E-4
			3)	zi_	679	424	2.4526377E-4
		2)	za	0	0	0.0
			1)	za_	120	2236	0.0012934194
			2)	zaz	827	309	1.7874176E-4
			3)	zat	897	272	1.5733903E-4
			4)	zar	931	250	1.4461308E-4
		3)	zz	0	0	0.0
			1)	zza	256	1245	7.201731E-4
		4)	ze	0	0	0.0
			1)	ze_	647	444	2.5683283E-4
	13)	p	0	0	0.0
		1)	pe	0	0	0.0
			1)	per	28	6121	0.0035407066
			2)	pet	366	896	5.1829324E-4
			3)	pea	432	751	4.3441769E-4
			4)	pen	524	585	3.383946E-4
			5)	peo	644	447	2.5856818E-4
			6)	pes	861	291	1.6832961E-4
			7)	pec	953	237	1.370932E-4
			8)	peg	1014	211	1.2205344E-4
		2)	pr	0	0	0.0
			1)	pro	42	4427	0.0025608083
			2)	pre	75	3062	0.0017712209
			3)	pri	203	1508	8.7230606E-4
			4)	pra	895	273	1.5791749E-4
		3)	po	0	0	0.0
			1)	pos	111	2361	0.0013657259
			2)	por	191	1555	8.9949335E-4
			3)	po_	254	1251	7.236438E-4
			4)	pol	293	1096	6.339837E-4
			5)	pon	431	751	4.3441769E-4
			6)	pot	491	637	3.684741E-4
		4)	pa	0	0	0.0
			1)	par	115	2300	0.0013304403
			2)	paz	606	491	2.840201E-4
			3)	pae	677	425	2.4584224E-4
			4)	pas	1020	209	1.2089653E-4
			5)	pa_	1021	209	1.2089653E-4
		5)	pp	0	0	0.0
			1)	ppo	276	1147	6.634848E-4
			2)	ppr	513	602	3.482283E-4
			3)	ppl	872	283	1.63702E-4
			4)	ppi	1024	208	1.2031808E-4
		6)	pi	0	0	0.0
			1)	più	357	915	5.2928383E-4
			2)	pio	715	394	2.279102E-4
			3)	pia	837	304	1.758495E-4
			4)	pit	902	269	1.5560367E-4
			5)	pi_	904	268	1.5502522E-4
			6)	pie	1025	208	1.2031808E-4
		7)	pl	0	0	0.0
			1)	pli	467	676	3.9103377E-4
		8)	pu	0	0	0.0
			1)	pun	685	418	2.4179307E-4
			2)	può	855	294	1.7006497E-4
			3)	pur	928	252	1.4576998E-4
			4)	pub	961	233	1.3477939E-4
			5)	put	1040	204	1.1800427E-4
	14)	m	0	0	0.0
		1)	me	0	0	0.0
			1)	men	30	5988	0.0034637724
			2)	me_	175	1663	9.619662E-4
			3)	mer	339	952	5.506866E-4
			4)	mem	598	497	2.874908E-4
			5)	met	750	366	2.1171354E-4
			6)	mes	788	334	1.9320307E-4
		2)	mo	0	0	0.0
			1)	mo_	80	2996	0.0017330431
			2)	mod	457	706	4.0838734E-4
			3)	mol	564	535	3.0947197E-4
			4)	mon	728	383	2.2154723E-4
			5)	moc	1022	209	1.2089653E-4
		3)	ma	0	0	0.0
			1)	ma_	109	2443	0.001413159
			2)	man	374	884	5.1135186E-4
			3)	mat	435	747	4.3210387E-4
			4)	mag	718	389	2.2501795E-4
			5)	mar	759	358	2.0708592E-4
			6)	maz	874	282	1.6312355E-4
		4)	mi	0	0	0.0
			1)	mi_	219	1399	8.0925477E-4
			2)	min	318	1016	5.8770756E-4
			3)	mis	518	598	3.4591448E-4
			4)	mic	756	359	2.0766437E-4
			5)	mio	838	304	1.758495E-4
			6)	mig	851	297	1.7180033E-4
			7)	mit	856	293	1.6948652E-4
			8)	mia	919	258	1.4924069E-4
			9)	mil	933	250	1.4461308E-4
		5)	mp	0	0	0.0
			1)	mpo	286	1111	6.426605E-4
			2)	mpr	522	590	3.4128685E-4
			3)	mpi	557	543	3.140996E-4
			4)	mpe	573	521	3.0137366E-4
			5)	mpl	614	480	2.7765712E-4
		6)	mu	0	0	0.0
			1)	mun	414	775	4.4830053E-4
		7)	mb	0	0	0.0
			1)	mbi	466	678	3.9219068E-4
			2)	mbr	507	618	3.574835E-4
		8)	mm	0	0	0.0
			1)	mmi	472	671	3.881415E-4
			2)	mma	629	463	2.6782343E-4
			3)	mme	1026	208	1.2031808E-4
	15)	a	0	0	0.0
		1)	az	0	0	0.0
			1)	azi	34	5409	0.0031288485
		2)	ar	0	0	0.0
			1)	are	35	5392	0.003119015
			2)	ari	116	2297	0.001328705
			3)	art	246	1303	7.537234E-4
			4)	ara	381	863	4.992043E-4
			5)	ard	578	514	2.9732447E-4
			6)	arl	594	500	2.8922615E-4
			7)	ars	914	261	1.5097605E-4
			8)	arm	945	243	1.405639E-4
			9)	arà	974	229	1.3246558E-4
			10)	aro	993	220	1.2725951E-4
		3)	at	0	0	0.0
			1)	ato	54	3579	0.0020702807
			2)	ati	87	2931	0.0016954438
			3)	att	91	2826	0.0016347062
			4)	ata	210	1446	8.3644205E-4
			5)	ate	270	1193	6.900936E-4
			6)	atu	809	320	1.8510474E-4
		4)	al	0	0	0.0
			1)	all	64	3309	0.0019140986
			2)	ale	81	2983	0.0017255233
			3)	ali	82	2979	0.0017232094
			4)	al_	159	1806	0.0010446849
			5)	alt	329	984	5.6919706E-4
			6)	alc	555	547	3.164134E-4
			7)	alm	617	477	2.7592175E-4
			8)	alo	957	235	1.359363E-4
			9)	alu	971	231	1.3362248E-4
		5)	am	0	0	0.0
			1)	ame	74	3123	0.0018065065
			2)	amo	145	1927	0.0011146776
			3)	amm	402	810	4.6854638E-4
			4)	amb	462	691	3.9971055E-4
			5)	amp	753	362	2.0939973E-4
		6)	an	0	0	0.0
			1)	ant	96	2683	0.0015519875
			2)	anc	161	1791	0.0010360081
			3)	ann	217	1403	8.115686E-4
			4)	ano	222	1384	8.00578E-4
			5)	and	233	1333	7.7107694E-4
			6)	anz	241	1322	7.64714E-4
			7)	ani	455	711	4.112796E-4
			8)	ana	841	303	1.7527105E-4
			9)	ane	964	233	1.3477939E-4
		7)	ap	0	0	0.0
			1)	app	227	1348	7.797537E-4
			2)	api	983	224	1.2957331E-4
			3)	ape	994	220	1.2725951E-4
		8)	as	0	0	0.0
			1)	ass	273	1175	6.796815E-4
			2)	asp	589	503	2.909615E-4
			3)	asi	770	350	2.0245831E-4
			4)	ast	774	346	2.001445E-4
			5)	asc	846	301	1.7411415E-4
			6)	ase	973	229	1.3246558E-4
		9)	ac	0	0	0.0
			1)	acc	304	1078	6.2357157E-4
			2)	ace	910	266	1.5386831E-4
			3)	aci	992	221	1.2783796E-4
		10)	ab	0	0	0.0
			1)	abi	370	891	5.15401E-4
			2)	abb	533	575	3.3261007E-4
		11)	ag	0	0	0.0
			1)	agg	391	837	4.8416457E-4
			2)	agl	688	417	2.4121461E-4
			3)	agi	915	261	1.5097605E-4
		12)	av	0	0	0.0
			1)	avo	404	806	4.6623257E-4
			2)	ave	590	502	2.9038306E-4
			3)	avi	769	350	2.0245831E-4
			4)	avv	795	330	1.9088926E-4
			5)	ava	1004	216	1.249457E-4
		13)	ai	0	0	0.0
			1)	ai_	436	747	4.3210387E-4
			2)	aiu	868	286	1.6543736E-4
		14)	af	0	0	0.0
			1)	aff	486	643	3.7194483E-4
		15)	ad	0	0	0.0
			1)	adi	615	478	2.765002E-4
			2)	ad_	689	417	2.4121461E-4
			3)	ado	801	326	1.8857545E-4
			4)	ade	876	281	1.625451E-4
		16)	ae	0	0	0.0
			1)	aes	674	428	2.4757758E-4
		17)	au	0	0	0.0
			1)	aut	697	411	2.377439E-4
			2)	aus	771	348	2.013014E-4
	16)	s	0	0	0.0
		1)	si	0	0	0.0
			1)	si_	52	3738	0.0021622546
			2)	sio	181	1633	9.446126E-4
			3)	sia	274	1171	6.773677E-4
			4)	sig	292	1096	6.339837E-4
			5)	sit	439	741	4.2863315E-4
			6)	sid	469	675	3.904553E-4
			7)	sis	482	650	3.75994E-4
			8)	sic	581	508	2.9385378E-4
			9)	sib	582	507	2.932753E-4
			10)	sim	611	484	2.799709E-4
			11)	siz	779	340	1.9667378E-4
			12)	sin	1039	204	1.1800427E-4
		2)	st	0	0	0.0
			1)	sta	63	3332	0.001927403
			2)	str	102	2622	0.0015167019
			3)	sti	125	2161	0.0012500355
			4)	sto	136	1999	0.0011563262
			5)	ste	151	1860	0.0010759212
		3)	ss	0	0	0.0
			1)	ssi	98	2658	0.0015375263
			2)	sse	198	1534	8.873458E-4
			3)	ssa	255	1250	7.230654E-4
			4)	sso	264	1226	7.091825E-4
		4)	se	0	0	0.0
			1)	se_	114	2327	0.0013460586
			2)	sen	170	1690	9.775844E-4
			3)	ser	192	1553	8.983364E-4
			4)	sem	540	564	3.262471E-4
			5)	seg	565	533	3.0831507E-4
			6)	set	683	419	2.4237152E-4
			7)	sec	748	367	2.12292E-4
		5)	so	0	0	0.0
			1)	so_	118	2279	0.0013182928
			2)	son	220	1396	8.075194E-4
			3)	sol	278	1135	6.5654336E-4
			4)	soc	549	553	3.1988413E-4
			5)	sos	711	400	2.3138092E-4
			6)	sot	864	289	1.6717272E-4
			7)	sor	907	267	1.5444677E-4
		6)	su	0	0	0.0
			1)	sul	212	1439	8.323929E-4
			2)	su_	699	408	2.3600853E-4
			3)	suo	740	374	2.1634116E-4
			4)	sua	839	303	1.7527105E-4
			5)	sur	995	219	1.2668106E-4
		7)	sp	0	0	0.0
			1)	spe	239	1322	7.64714E-4
			2)	spo	324	1003	5.8018765E-4
			3)	spa	863	289	1.6717272E-4
			4)	spi	891	275	1.5907438E-4
			5)	spr	998	218	1.261026E-4
		8)	sa	0	0	0.0
			1)	sa_	265	1221	7.0629024E-4
			2)	sar	345	944	5.46059E-4
			3)	sab	762	355	2.0535057E-4
			4)	sat	859	291	1.6832961E-4
			5)	san	893	274	1.5849592E-4
			6)	sam	1030	206	1.19161174E-4
			7)	sap	1051	200	1.1569046E-4
		9)	sc	0	0	0.0
			1)	sci	516	600	3.470714E-4
			2)	sco	601	496	2.8691234E-4
			3)	sca	661	436	2.522052E-4
			4)	sce	671	429	2.4815605E-4
			5)	scu	691	414	2.3947925E-4
		10)	sv	0	0	0.0
			1)	svi	721	386	2.232826E-4
		11)	sì	0	0	0.0
			1)	sì_	755	360	2.0824283E-4
	17)	q	0	0	0.0
		1)	qu	0	0	0.0
			1)	que	60	3487	0.002017063
			2)	qua	141	1945	0.0011250897
			3)	qui	487	642	3.713664E-4
	18)	u	0	0	0.0
		1)	un	0	0	0.0
			1)	un_	90	2862	0.0016555305
			2)	una	121	2228	0.0012887918
			3)	uni	197	1542	8.9197344E-4
			4)	unt	534	574	3.3203163E-4
			5)	uno	664	433	2.5046984E-4
			6)	une	749	366	2.1171354E-4
			7)	ung	886	276	1.5965283E-4
			8)	unq	1023	208	1.2031808E-4
			9)	unz	1038	204	1.1800427E-4
		2)	ue	0	0	0.0
			1)	ues	101	2626	0.0015190158
			2)	ue_	468	675	3.904553E-4
			3)	uel	602	494	2.8575544E-4
			4)	uen	949	240	1.3882856E-4
		3)	ur	0	0	0.0
			1)	uro	143	1934	0.0011187268
			2)	ura	209	1448	8.375989E-4
			3)	ure	465	678	3.9219068E-4
			4)	uri	793	330	1.9088926E-4
		4)	ut	0	0	0.0
			1)	utt	153	1839	0.0010637738
			2)	uto	319	1014	5.865506E-4
			3)	uti	484	643	3.7194483E-4
			4)	uta	517	598	3.4591448E-4
			5)	ute	842	302	1.746926E-4
		5)	ua	0	0	0.0
			1)	ual	269	1197	6.924074E-4
			2)	uan	407	798	4.6160494E-4
			3)	uar	592	501	2.898046E-4
			4)	ua_	738	375	2.1691961E-4
			5)	uaz	873	282	1.6312355E-4
			6)	uat	1019	210	1.2147499E-4
		6)	ul	0	0	0.0
			1)	ull	375	875	5.0614576E-4
			2)	ult	448	727	4.2053484E-4
			3)	ul_	776	344	1.9898759E-4
			4)	ula	986	222	1.2841642E-4
		7)	ui	0	0	0.0
			1)	ui_	382	862	4.986259E-4
			2)	uin	847	300	1.735357E-4
			3)	uir	871	283	1.63702E-4
			4)	uit	932	250	1.4461308E-4
			5)	uis	960	233	1.3477939E-4
		8)	up	0	0	0.0
			1)	upp	430	751	4.3441769E-4
			2)	upa	676	425	2.4584224E-4
		9)	uz	0	0	0.0
			1)	uzi	438	741	4.2863315E-4
		10)	um	0	0	0.0
			1)	ume	535	573	3.3145316E-4
		11)	us	0	0	0.0
			1)	ust	538	567	3.2798245E-4
			2)	uss	767	350	2.0245831E-4
			3)	usi	879	279	1.6138819E-4
		12)	uo	0	0	0.0
			1)	uov	543	561	3.2451176E-4
			2)	uo_	826	310	1.7932021E-4
			3)	uol	1034	205	1.1858272E-4
		13)	ub	0	0	0.0
			1)	ubb	794	330	1.9088926E-4
		14)	uò	0	0	0.0
			1)	uò_	854	294	1.7006497E-4
		15)	ud	0	0	0.0
			1)	udi	925	254	1.4692689E-4
	19)	g	0	0	0.0
		1)	gl	0	0	0.0
			1)	gli	94	2759	0.0015959499
		2)	gr	0	0	0.0
			1)	gra	165	1767	0.0010221252
			2)	gru	802	325	1.87997E-4
		3)	gi	0	0	0.0
			1)	gio	179	1640	9.4866176E-4
			2)	giu	361	913	5.2812696E-4
			3)	gia	706	403	2.3311628E-4
			4)	gi_	781	339	1.9609534E-4
			5)	già	834	307	1.7758485E-4
			6)	gis	1006	215	1.2436725E-4
		4)	gg	0	0	0.0
			1)	ggi	234	1332	7.704985E-4
		5)	gn	0	0	0.0
			1)	gno	261	1235	7.143886E-4
			2)	gni	757	359	2.0766437E-4
			3)	gna	833	307	1.7758485E-4
		6)	go	0	0	0.0
			1)	go_	515	601	3.4764982E-4
			2)	gov	763	354	2.0477212E-4
			3)	gol	858	292	1.6890807E-4
			4)	gon	1042	204	1.1800427E-4
		7)	gu	0	0	0.0
			1)	gua	563	536	3.1005044E-4
			2)	gui	962	233	1.3477939E-4
		8)	ge	0	0	0.0
			1)	gen	577	514	2.9732447E-4
			2)	get	687	417	2.4121461E-4
			3)	ger	726	384	2.2212569E-4
		9)	ga	0	0	0.0
			1)	gar	754	361	2.0882128E-4
			2)	ga_	792	331	1.9146771E-4
			3)	gan	820	313	1.8105557E-4
			4)	gat	982	224	1.2957331E-4
		10)	gh	0	0	0.0
			1)	ghi	812	318	1.8394784E-4
	20)	v	0	0	0.0
		1)	vo	0	0	0.0
			1)	vol	152	1859	0.0010753429
			2)	vor	311	1057	6.114241E-4
			3)	vo_	373	888	5.1366567E-4
			4)	vot	946	242	1.3998545E-4
			5)	von	1007	213	1.2321034E-4
		2)	ve	0	0	0.0
			1)	ver	156	1836	0.0010620385
			2)	ve_	284	1120	6.478666E-4
			3)	ven	335	969	5.605203E-4
			4)	vel	849	297	1.7180033E-4
			5)	ved	884	277	1.6023128E-4
		3)	va	0	0	0.0
			1)	va_	218	1400	8.0983323E-4
			2)	val	639	452	2.6146043E-4
			3)	van	724	385	2.2270414E-4
			4)	vat	765	352	2.0361521E-4
			5)	var	778	341	1.9725223E-4
			6)	vam	975	228	1.3188712E-4
		4)	vi	0	0	0.0
			1)	vi_	377	872	5.044104E-4
			2)	vis	529	578	3.3434544E-4
			3)	via	568	527	3.0484438E-4
			4)	vit	596	497	2.874908E-4
			5)	vil	648	444	2.5683283E-4
			6)	vid	955	236	1.3651475E-4
		5)	vr	0	0	0.0
			1)	vre	714	396	2.2906711E-4
		6)	vv	0	0	0.0
			1)	vvi	909	266	1.5386831E-4
			2)	vve	951	238	1.3767165E-4
	21)	b	0	0	0.0
		1)	bi	0	0	0.0
			1)	bil	160	1796	0.0010389003
			2)	bia	334	971	5.616772E-4
			3)	bie	553	550	3.1814876E-4
			4)	bit	807	322	1.8626165E-4
		2)	bb	0	0	0.0
			1)	bbi	379	868	5.020966E-4
			2)	bbe	395	825	4.7722316E-4
			3)	bbl	825	311	1.7989866E-4
		3)	be	0	0	0.0
			1)	be_	497	631	3.650034E-4
			2)	ber	663	435	2.5162674E-4
			3)	ben	785	336	1.9435998E-4
		4)	br	0	0	0.0
			1)	bri	627	466	2.6955878E-4
		5)	bl	0	0	0.0
			1)	ble	709	402	2.3253783E-4
			2)	bli	816	316	1.8279093E-4
		6)	ba	0	0	0.0
			1)	bas	813	318	1.8394784E-4
			2)	ban	978	227	1.3130867E-4
			3)	bat	1002	218	1.261026E-4
	22)	f	0	0	0.0
		1)	fo	0	0	0.0
			1)	for	243	1316	7.612432E-4
			2)	fon	584	507	2.932753E-4
		2)	fi	0	0	0.0
			1)	fic	248	1298	7.508311E-4
			2)	fin	266	1215	7.0281955E-4
		3)	fe	0	0	0.0
			1)	fer	460	696	4.026028E-4
			2)	fet	985	223	1.2899487E-4
		4)	fa	0	0	0.0
			1)	fat	495	632	3.6558186E-4
			2)	far	552	550	3.1814876E-4
			3)	fav	866	287	1.6601582E-4
		5)	ff	0	0	0.0
			1)	ffi	505	620	3.5864042E-4
			2)	ffe	641	451	2.60882E-4
		6)	fr	0	0	0.0
			1)	fro	599	497	2.874908E-4
			2)	fra	632	460	2.6608806E-4
		7)	fu	0	0	0.0
			1)	fun	1017	211	1.2205344E-4
