Italian	6	217306	549
	1)	z	0	0	0.0
		1)	zi	0	0	0.0
			1)	zio	0	0	0.0
				1)	zion	0	0	0.0
					1)	zione	0	0	0.0
						1)	zione_	1	5111	0.0029564698
					2)	zioni	0	0	0.0
						1)	zioni_	13	1318	7.6240016E-4
					3)	ziona	0	0	0.0
						1)	zional	79	550	3.1814876E-4
			2)	zia	0	0	0.0
				1)	ziat	0	0	0.0
					1)	ziati	0	0	0.0
						1)	ziativ	213	322	1.8626165E-4
		2)	zz	0	0	0.0
			1)	zza	0	0	0.0
				1)	zzaz	0	0	0.0
					1)	zzazi	0	0	0.0
						1)	zzazio	234	309	1.7874176E-4
		3)	za	0	0	0.0
			1)	zaz	0	0	0.0
				1)	zazi	0	0	0.0
					1)	zazio	0	0	0.0
						1)	zazion	235	309	1.7874176E-4
	2)	a	0	0	0.0
		1)	az	0	0	0.0
			1)	azi	0	0	0.0
				1)	azio	0	0	0.0
					1)	azion	0	0	0.0
						1)	azione	2	3609	0.0020876343
						2)	azioni	30	854	4.939983E-4
						3)	aziona	117	435	2.5162674E-4
		2)	am	0	0	0.0
			1)	ame	0	0	0.0
				1)	amen	0	0	0.0
					1)	ament	0	0	0.0
						1)	amente	11	1356	7.8438135E-4
						2)	amento	22	914	5.287054E-4
						3)	amenti	140	398	2.3022402E-4
						4)	amenta	224	317	1.8336938E-4
			2)	amb	0	0	0.0
				1)	ambi	0	0	0.0
					1)	ambie	0	0	0.0
						1)	ambien	464	230	1.3304403E-4
		3)	an	0	0	0.0
			1)	anc	0	0	0.0
				1)	anch	0	0	0.0
					1)	anche	0	0	0.0
						1)	anche_	20	993	5.7440315E-4
				2)	anco	0	0	0.0
					1)	ancor	0	0	0.0
						1)	ancora	305	279	1.6138819E-4
			2)	anz	0	0	0.0
				1)	anzi	0	0	0.0
					1)	anzia	0	0	0.0
						1)	anziar	348	264	1.5271141E-4
		4)	at	0	0	0.0
			1)	ati	0	0	0.0
				1)	ativ	0	0	0.0
					1)	ativa	0	0	0.0
						1)	ativa_	100	477	2.7592175E-4
					2)	ative	0	0	0.0
						1)	ative_	296	282	1.6312355E-4
			2)	ato	0	0	0.0
				1)	ator	0	0	0.0
					1)	atori	0	0	0.0
						1)	atori_	270	295	1.7064343E-4
			3)	ate	0	0	0.0
				1)	ater	0	0	0.0
					1)	ateri	0	0	0.0
						1)	ateria	357	261	1.5097605E-4
		5)	ar	0	0	0.0
			1)	art	0	0	0.0
				1)	arti	0	0	0.0
					1)	artic	0	0	0.0
						1)	artico	110	450	2.6030352E-4
		6)	al	0	0	0.0
			1)	alm	0	0	0.0
				1)	alme	0	0	0.0
					1)	almen	0	0	0.0
						1)	alment	119	430	2.487345E-4
			2)	ali	0	0	0.0
				1)	aliz	0	0	0.0
					1)	alizz	0	0	0.0
						1)	alizza	219	321	1.856832E-4
				2)	alit	0	0	0.0
					1)	alità	0	0	0.0
						1)	alità_	349	264	1.5271141E-4
			3)	alt	0	0	0.0
				1)	altr	0	0	0.0
					1)	altri	0	0	0.0
						1)	altri_	403	246	1.4229926E-4
					2)	altro	0	0	0.0
						1)	altro_	449	233	1.3477939E-4
		7)	ab	0	0	0.0
			1)	abb	0	0	0.0
				1)	abbi	0	0	0.0
					1)	abbia	0	0	0.0
						1)	abbiam	189	342	1.9783068E-4
			2)	abi	0	0	0.0
				1)	abil	0	0	0.0
					1)	abili	0	0	0.0
						1)	abilit	283	288	1.6659427E-4
					2)	abile	0	0	0.0
						1)	abile_	374	254	1.4692689E-4
		8)	ag	0	0	0.0
			1)	agg	0	0	0.0
				1)	aggi	0	0	0.0
					1)	aggio	0	0	0.0
						1)	aggior	206	329	1.903108E-4
		9)	av	0	0	0.0
			1)	avo	0	0	0.0
				1)	avor	0	0	0.0
					1)	avoro	0	0	0.0
						1)	avoro_	266	298	1.7237879E-4
		10)	ad	0	0	0.0
			1)	adi	0	0	0.0
				1)	adin	0	0	0.0
					1)	adini	0	0	0.0
						1)	adini_	328	271	1.5676058E-4
		11)	ap	0	0	0.0
			1)	app	0	0	0.0
				1)	appl	0	0	0.0
					1)	appli	0	0	0.0
						1)	applic	373	254	1.4692689E-4
				2)	appr	0	0	0.0
					1)	appre	0	0	0.0
						1)	appres	430	238	1.3767165E-4
		12)	as	0	0	0.0
			1)	asp	0	0	0.0
				1)	aspe	0	0	0.0
					1)	aspet	0	0	0.0
						1)	aspett	482	224	1.2957331E-4
		13)	ac	0	0	0.0
			1)	acc	0	0	0.0
				1)	acco	0	0	0.0
					1)	accor	0	0	0.0
						1)	accord	513	211	1.2205344E-4
		14)	ai	0	0	0.0
			1)	aiu	0	0	0.0
				1)	aiut	0	0	0.0
					1)	aiuti	0	0	0.0
						1)	aiuti_	530	207	1.1973963E-4
	3)	_	0	0	0.0
		1)	_d	0	0	0.0
			1)	_de	0	0	0.0
				1)	_del	0	0	0.0
					1)	_dell	0	0	0.0
						1)	_della	3	2864	0.0016566874
						2)	_delle	9	1457	8.42805E-4
						3)	_dell_	35	776	4.48879E-4
						4)	_dellu	319	274	1.5849592E-4
						5)	_dello	405	246	1.4229926E-4
				2)	_deg	0	0	0.0
					1)	_degl	0	0	0.0
						1)	_degli	65	581	3.360808E-4
				3)	_dev	0	0	0.0
					1)	_deve	0	0	0.0
						1)	_deve_	268	296	1.7122188E-4
				4)	_dec	0	0	0.0
					1)	_deci	0	0	0.0
						1)	_decis	297	282	1.6312355E-4
				5)	_des	0	0	0.0
					1)	_desi	0	0	0.0
						1)	_desid	457	231	1.3362248E-4
			2)	_da	0	0	0.0
				1)	_dal	0	0	0.0
					1)	_dall	0	0	0.0
						1)	_dalla	147	385	2.2270414E-4
			3)	_di	0	0	0.0
				1)	_dir	0	0	0.0
					1)	_dire	0	0	0.0
						1)	_diret	175	356	2.0592903E-4
					2)	_diri	0	0	0.0
						1)	_dirit	233	311	1.7989866E-4
				2)	_dis	0	0	0.0
					1)	_disc	0	0	0.0
						1)	_discu	205	330	1.9088926E-4
					2)	_disp	0	0	0.0
						1)	_dispo	248	302	1.746926E-4
			4)	_do	0	0	0.0
				1)	_dob	0	0	0.0
					1)	_dobb	0	0	0.0
						1)	_dobbi	312	277	1.6023128E-4
				2)	_dov	0	0	0.0
					1)	_dovr	0	0	0.0
						1)	_dovre	323	272	1.5733903E-4
		2)	_q	0	0	0.0
			1)	_qu	0	0	0.0
				1)	_que	0	0	0.0
					1)	_ques	0	0	0.0
						1)	_quest	5	2612	0.0015109174
					2)	_quel	0	0	0.0
						1)	_quell	116	440	2.5451902E-4
				2)	_qua	0	0	0.0
					1)	_quan	0	0	0.0
						1)	_quant	71	567	3.2798245E-4
					2)	_qual	0	0	0.0
						1)	_quali	174	357	2.0650747E-4
						2)	_quale	404	246	1.4229926E-4
				3)	_qui	0	0	0.0
					1)	_quin	0	0	0.0
						1)	_quind	499	217	1.2552415E-4
		3)	_e	0	0	0.0
			1)	_eu	0	0	0.0
				1)	_eur	0	0	0.0
					1)	_euro	0	0	0.0
						1)	_europ	10	1449	8.381774E-4
			2)	_es	0	0	0.0
				1)	_ess	0	0	0.0
					1)	_esse	0	0	0.0
						1)	_esser	46	706	4.0838734E-4
			3)	_ec	0	0	0.0
				1)	_eco	0	0	0.0
					1)	_econ	0	0	0.0
						1)	_econo	181	346	2.001445E-4
			4)	_em	0	0	0.0
				1)	_eme	0	0	0.0
					1)	_emen	0	0	0.0
						1)	_emend	474	227	1.3130867E-4
		4)	_i	0	0	0.0
			1)	_in	0	0	0.0
				1)	_int	0	0	0.0
					1)	_inte	0	0	0.0
						1)	_inter	17	1109	6.415036E-4
						2)	_inten	542	204	1.1800427E-4
				2)	_ini	0	0	0.0
					1)	_iniz	0	0	0.0
						1)	_inizi	190	341	1.9725223E-4
			2)	_im	0	0	0.0
				1)	_imp	0	0	0.0
					1)	_impo	0	0	0.0
						1)	_impor	95	491	2.840201E-4
					2)	_impr	0	0	0.0
						1)	_impre	527	208	1.2031808E-4
		5)	_s	0	0	0.0
			1)	_so	0	0	0.0
				1)	_son	0	0	0.0
					1)	_sono	0	0	0.0
						1)	_sono_	18	1095	6.334053E-4
				2)	_soc	0	0	0.0
					1)	_soci	0	0	0.0
						1)	_socia	199	335	1.9378153E-4
				3)	_sot	0	0	0.0
					1)	_sott	0	0	0.0
						1)	_sotto	299	281	1.625451E-4
				4)	_sos	0	0	0.0
					1)	_sost	0	0	0.0
						1)	_soste	366	257	1.4866224E-4
				5)	_sol	0	0	0.0
					1)	_solo	0	0	0.0
						1)	_solo_	395	248	1.4345617E-4
			2)	_si	0	0	0.0
				1)	_sig	0	0	0.0
					1)	_sign	0	0	0.0
						1)	_signo	24	903	5.2234245E-4
				2)	_sic	0	0	0.0
					1)	_sicu	0	0	0.0
						1)	_sicur	202	333	1.9262462E-4
				3)	_sia	0	0	0.0
					1)	_siam	0	0	0.0
						1)	_siamo	526	208	1.2031808E-4
				4)	_sis	0	0	0.0
					1)	_sist	0	0	0.0
						1)	_siste	533	206	1.19161174E-4
			3)	_su	0	0	0.0
				1)	_sul	0	0	0.0
					1)	_sull	0	0	0.0
						1)	_sulla	98	485	2.8054937E-4
			4)	_sv	0	0	0.0
				1)	_svi	0	0	0.0
					1)	_svil	0	0	0.0
						1)	_svilu	159	375	2.1691961E-4
			5)	_st	0	0	0.0
				1)	_sta	0	0	0.0
					1)	_stat	0	0	0.0
						1)	_stato	201	334	1.9320307E-4
				2)	_ste	0	0	0.0
					1)	_stes	0	0	0.0
						1)	_stess	303	280	1.6196664E-4
			6)	_se	0	0	0.0
				1)	_sec	0	0	0.0
					1)	_seco	0	0	0.0
						1)	_secon	300	281	1.625451E-4
				2)	_set	0	0	0.0
					1)	_sett	0	0	0.0
						1)	_setto	311	277	1.6023128E-4
				3)	_sen	0	0	0.0
					1)	_senz	0	0	0.0
						1)	_senza	431	238	1.3767165E-4
			7)	_sa	0	0	0.0
				1)	_sar	0	0	0.0
					1)	_sarà	0	0	0.0
						1)	_sarà_	549	200	1.1569046E-4
		6)	_a	0	0	0.0
			1)	_al	0	0	0.0
				1)	_all	0	0	0.0
					1)	_alla	0	0	0.0
						1)	_alla_	19	1091	6.310915E-4
					2)	_alle	0	0	0.0
						1)	_alle_	106	460	2.6608806E-4
				2)	_alc	0	0	0.0
					1)	_alcu	0	0	0.0
						1)	_alcun	144	389	2.2501795E-4
				3)	_alt	0	0	0.0
					1)	_altr	0	0	0.0
						1)	_altri	339	268	1.5502522E-4
			2)	_an	0	0	0.0
				1)	_anc	0	0	0.0
					1)	_anch	0	0	0.0
						1)	_anche	21	971	5.616772E-4
					2)	_anco	0	0	0.0
						1)	_ancor	273	293	1.6948652E-4
			3)	_ab	0	0	0.0
				1)	_abb	0	0	0.0
					1)	_abbi	0	0	0.0
						1)	_abbia	101	477	2.7592175E-4
			4)	_ap	0	0	0.0
				1)	_app	0	0	0.0
					1)	_appr	0	0	0.0
						1)	_appro	314	276	1.5965283E-4
					2)	_appl	0	0	0.0
						1)	_appli	528	208	1.2031808E-4
			5)	_at	0	0	0.0
				1)	_att	0	0	0.0
					1)	_attu	0	0	0.0
						1)	_attua	368	257	1.4866224E-4
			6)	_ag	0	0	0.0
				1)	_agl	0	0	0.0
					1)	_agli	0	0	0.0
						1)	_agli_	501	216	1.249457E-4
			7)	_as	0	0	0.0
				1)	_asp	0	0	0.0
					1)	_aspe	0	0	0.0
						1)	_aspet	519	209	1.2089653E-4
			8)	_ai	0	0	0.0
				1)	_aiu	0	0	0.0
					1)	_aiut	0	0	0.0
						1)	_aiuti	529	208	1.2031808E-4
		7)	_p	0	0	0.0
			1)	_po	0	0	0.0
				1)	_pol	0	0	0.0
					1)	_poli	0	0	0.0
						1)	_polit	27	872	5.044104E-4
				2)	_pos	0	0	0.0
					1)	_poss	0	0	0.0
						1)	_possi	120	427	2.4699915E-4
						2)	_possa	531	207	1.1973963E-4
			2)	_pr	0	0	0.0
				1)	_pro	0	0	0.0
					1)	_prop	0	0	0.0
						1)	_propo	43	726	4.1995637E-4
						2)	_propr	138	399	2.3080247E-4
					2)	_prog	0	0	0.0
						1)	_progr	51	635	3.673172E-4
						2)	_proge	334	269	1.5560367E-4
					3)	_prob	0	0	0.0
						1)	_probl	154	378	2.1865497E-4
					4)	_proc	0	0	0.0
						1)	_proce	164	374	2.1634116E-4
				2)	_pre	0	0	0.0
					1)	_pres	0	0	0.0
						1)	_prese	87	517	2.9905984E-4
				3)	_pri	0	0	0.0
					1)	_prin	0	0	0.0
						1)	_princ	217	322	1.8626165E-4
					2)	_prim	0	0	0.0
						1)	_prima	350	264	1.5271141E-4
			3)	_pa	0	0	0.0
				1)	_par	0	0	0.0
					1)	_part	0	0	0.0
						1)	_parte	93	494	2.8575544E-4
						2)	_parti	108	452	2.6146043E-4
					2)	_parl	0	0	0.0
						1)	_parla	245	303	1.7527105E-4
				2)	_pae	0	0	0.0
					1)	_paes	0	0	0.0
						1)	_paesi	280	290	1.6775118E-4
			4)	_pe	0	0	0.0
				1)	_per	0	0	0.0
					1)	_perc	0	0	0.0
						1)	_perch	160	375	2.1691961E-4
					2)	_pert	0	0	0.0
						1)	_perta	480	225	1.3015176E-4
					3)	_pers	0	0	0.0
						1)	_perso	534	206	1.19161174E-4
			5)	_pu	0	0	0.0
				1)	_pun	0	0	0.0
					1)	_punt	0	0	0.0
						1)	_punto	322	272	1.5733903E-4
				2)	_pub	0	0	0.0
					1)	_pubb	0	0	0.0
						1)	_pubbl	469	228	1.3188712E-4
		8)	_c	0	0	0.0
			1)	_co	0	0	0.0
				1)	_com	0	0	0.0
					1)	_come	0	0	0.0
						1)	_come_	29	862	4.986259E-4
					2)	_comu	0	0	0.0
						1)	_comun	36	755	4.367315E-4
					3)	_comm	0	0	0.0
						1)	_commi	321	273	1.5791749E-4
					4)	_comp	0	0	0.0
						1)	_compe	536	205	1.1858272E-4
				2)	_con	0	0	0.0
					1)	_cont	0	0	0.0
						1)	_contr	32	807	4.66811E-4
						2)	_conte	358	261	1.5097605E-4
						3)	_conti	433	237	1.370932E-4
					2)	_cons	0	0	0.0
						1)	_conse	149	382	2.2096878E-4
						2)	_consi	282	289	1.6717272E-4
					3)	_conc	0	0	0.0
						1)	_conco	262	299	1.7295724E-4
						2)	_conce	336	269	1.5560367E-4
					4)	_cond	0	0	0.0
						1)	_condi	508	213	1.2321034E-4
				3)	_col	0	0	0.0
					1)	_coll	0	0	0.0
						1)	_colle	141	398	2.3022402E-4
				4)	_cos	0	0	0.0
					1)	_cost	0	0	0.0
						1)	_costi	502	215	1.2436725E-4
			2)	_ci	0	0	0.0
				1)	_cit	0	0	0.0
					1)	_citt	0	0	0.0
						1)	_citta	274	292	1.6890807E-4
			3)	_ch	0	0	0.0
				1)	_chi	0	0	0.0
					1)	_chia	0	0	0.0
						1)	_chiar	423	241	1.39407E-4
					2)	_chie	0	0	0.0
						1)	_chied	465	230	1.3304403E-4
		9)	_n	0	0	0.0
			1)	_no	0	0	0.0
				1)	_nos	0	0	0.0
					1)	_nost	0	0	0.0
						1)	_nostr	42	730	4.2227018E-4
			2)	_ne	0	0	0.0
				1)	_nel	0	0	0.0
					1)	_nell	0	0	0.0
						1)	_nella	50	682	3.9450446E-4
						2)	_nelle	335	269	1.5560367E-4
				2)	_nec	0	0	0.0
					1)	_nece	0	0	0.0
						1)	_neces	128	416	2.4063616E-4
			3)	_na	0	0	0.0
				1)	_naz	0	0	0.0
					1)	_nazi	0	0	0.0
						1)	_nazio	371	256	1.480838E-4
		10)	_o	0	0	0.0
			1)	_on	0	0	0.0
				1)	_ono	0	0	0.0
					1)	_onor	0	0	0.0
						1)	_onore	48	696	4.026028E-4
			2)	_og	0	0	0.0
				1)	_ogg	0	0	0.0
					1)	_oggi	0	0	0.0
						1)	_oggi_	359	260	1.503976E-4
			3)	_ob	0	0	0.0
				1)	_obi	0	0	0.0
					1)	_obie	0	0	0.0
						1)	_obiet	361	259	1.4981914E-4
			4)	_oc	0	0	0.0
				1)	_occ	0	0	0.0
					1)	_occo	0	0	0.0
						1)	_occor	396	248	1.4345617E-4
		11)	_r	0	0	0.0
			1)	_re	0	0	0.0
				1)	_rel	0	0	0.0
					1)	_rela	0	0	0.0
						1)	_relaz	69	569	3.2913935E-4
						2)	_relat	204	330	1.9088926E-4
				2)	_reg	0	0	0.0
					1)	_regi	0	0	0.0
						1)	_regio	92	509	2.9443222E-4
					2)	_rego	0	0	0.0
						1)	_regol	487	222	1.2841642E-4
				3)	_res	0	0	0.0
					1)	_resp	0	0	0.0
						1)	_respo	344	267	1.5444677E-4
			2)	_ri	0	0	0.0
				1)	_rig	0	0	0.0
					1)	_rigu	0	0	0.0
						1)	_rigua	247	302	1.746926E-4
				2)	_ris	0	0	0.0
					1)	_risp	0	0	0.0
						1)	_rispe	360	259	1.4981914E-4
					2)	_riso	0	0	0.0
						1)	_risol	493	220	1.2725951E-4
				3)	_ric	0	0	0.0
					1)	_rico	0	0	0.0
						1)	_ricor	446	234	1.3535784E-4
					2)	_rich	0	0	0.0
						1)	_richi	510	212	1.2263189E-4
				4)	_rit	0	0	0.0
					1)	_rite	0	0	0.0
						1)	_riten	450	233	1.3477939E-4
				5)	_rif	0	0	0.0
					1)	_rifo	0	0	0.0
						1)	_rifor	476	226	1.3073022E-4
			3)	_ra	0	0	0.0
				1)	_rap	0	0	0.0
					1)	_rapp	0	0	0.0
						1)	_rappr	447	234	1.3535784E-4
		12)	_l	0	0	0.0
			1)	_la	0	0	0.0
				1)	_lav	0	0	0.0
					1)	_lavo	0	0	0.0
						1)	_lavor	97	486	2.811278E-4
			2)	_lo	0	0	0.0
				1)	_lor	0	0	0.0
					1)	_loro	0	0	0.0
						1)	_loro_	166	372	2.1518426E-4
			3)	_li	0	0	0.0
				1)	_liv	0	0	0.0
					1)	_live	0	0	0.0
						1)	_livel	386	251	1.4519153E-4
				2)	_lib	0	0	0.0
					1)	_libe	0	0	0.0
						1)	_liber	485	223	1.2899487E-4
		13)	_m	0	0	0.0
			1)	_me	0	0	0.0
				1)	_mem	0	0	0.0
					1)	_memb	0	0	0.0
						1)	_membr	107	455	2.631958E-4
				2)	_mer	0	0	0.0
					1)	_merc	0	0	0.0
						1)	_merca	346	265	1.5328986E-4
			2)	_mo	0	0	0.0
				1)	_mod	0	0	0.0
					1)	_modo	0	0	0.0
						1)	_modo_	135	405	2.3427319E-4
				2)	_mol	0	0	0.0
					1)	_molt	0	0	0.0
						1)	_molto	277	291	1.6832961E-4
			3)	_ma	0	0	0.0
				1)	_mag	0	0	0.0
					1)	_magg	0	0	0.0
						1)	_maggi	218	322	1.8626165E-4
				2)	_mat	0	0	0.0
					1)	_mate	0	0	0.0
						1)	_mater	318	274	1.5849592E-4
			4)	_mi	0	0	0.0
				1)	_mig	0	0	0.0
					1)	_migl	0	0	0.0
						1)	_migli	432	238	1.3767165E-4
		14)	_t	0	0	0.0
			1)	_ta	0	0	0.0
				1)	_tal	0	0	0.0
					1)	_tale	0	0	0.0
						1)	_tale_	122	425	2.4584224E-4
			2)	_tu	0	0	0.0
				1)	_tut	0	0	0.0
					1)	_tutt	0	0	0.0
						1)	_tutti	137	402	2.3253783E-4
						2)	_tutta	244	303	1.7527105E-4
						3)	_tutto	289	284	1.6428046E-4
			3)	_tr	0	0	0.0
				1)	_tra	0	0	0.0
					1)	_trat	0	0	0.0
						1)	_tratt	158	376	2.1749806E-4
					2)	_tras	0	0	0.0
						1)	_trasp	385	251	1.4519153E-4
		15)	_h	0	0	0.0
			1)	_ha	0	0	0.0
				1)	_han	0	0	0.0
					1)	_hann	0	0	0.0
						1)	_hanno	131	409	2.3658699E-4
		16)	_f	0	0	0.0
			1)	_fi	0	0	0.0
				1)	_fin	0	0	0.0
					1)	_fina	0	0	0.0
						1)	_finan	167	372	2.1518426E-4
			2)	_fa	0	0	0.0
				1)	_fat	0	0	0.0
					1)	_fatt	0	0	0.0
						1)	_fatto	207	327	1.891539E-4
				2)	_fav	0	0	0.0
					1)	_favo	0	0	0.0
						1)	_favor	329	271	1.5676058E-4
				3)	_far	0	0	0.0
					1)	_fare	0	0	0.0
						1)	_fare_	507	213	1.2321034E-4
		17)	_g	0	0	0.0
			1)	_gr	0	0	0.0
				1)	_gru	0	0	0.0
					1)	_grup	0	0	0.0
						1)	_grupp	226	315	1.8221248E-4
				2)	_gra	0	0	0.0
					1)	_gran	0	0	0.0
						1)	_grand	417	243	1.405639E-4
			2)	_gi	0	0	0.0
				1)	_giu	0	0	0.0
					1)	_gius	0	0	0.0
						1)	_giust	354	262	1.515545E-4
				2)	_gio	0	0	0.0
					1)	_gior	0	0	0.0
						1)	_giorn	514	211	1.2205344E-4
			3)	_go	0	0	0.0
				1)	_gov	0	0	0.0
					1)	_gove	0	0	0.0
						1)	_gover	367	257	1.4866224E-4
			4)	_ga	0	0	0.0
				1)	_gar	0	0	0.0
					1)	_gara	0	0	0.0
						1)	_garan	467	229	1.3246558E-4
			5)	_ge	0	0	0.0
				1)	_gen	0	0	0.0
					1)	_gene	0	0	0.0
						1)	_gener	515	211	1.2205344E-4
		18)	_v	0	0	0.0
			1)	_vo	0	0	0.0
				1)	_vor	0	0	0.0
					1)	_vorr	0	0	0.0
						1)	_vorre	338	268	1.5502522E-4
	4)	d	0	0	0.0
		1)	de	0	0	0.0
			1)	del	0	0	0.0
				1)	dell	0	0	0.0
					1)	della	0	0	0.0
						1)	della_	4	2680	0.0015502522
					2)	delle	0	0	0.0
						1)	delle_	12	1332	7.704985E-4
					3)	dellu	0	0	0.0
						1)	dellun	497	218	1.261026E-4
			2)	deg	0	0	0.0
				1)	degl	0	0	0.0
					1)	degli	0	0	0.0
						1)	degli_	64	581	3.360808E-4
			3)	dec	0	0	0.0
				1)	deci	0	0	0.0
					1)	decis	0	0	0.0
						1)	decisi	414	243	1.405639E-4
			4)	des	0	0	0.0
				1)	desi	0	0	0.0
					1)	desid	0	0	0.0
						1)	deside	454	232	1.3420093E-4
			5)	den	0	0	0.0
				1)	dent	0	0	0.0
					1)	dente	0	0	0.0
						1)	dente_	541	204	1.1800427E-4
		2)	da	0	0	0.0
			1)	dam	0	0	0.0
				1)	dame	0	0	0.0
					1)	damen	0	0	0.0
						1)	dament	96	490	2.8344162E-4
			2)	dal	0	0	0.0
				1)	dall	0	0	0.0
					1)	dalla	0	0	0.0
						1)	dalla_	180	346	2.001445E-4
		3)	di	0	0	0.0
			1)	dir	0	0	0.0
				1)	dire	0	0	0.0
					1)	diret	0	0	0.0
						1)	dirett	172	362	2.0939973E-4
				2)	diri	0	0	0.0
					1)	dirit	0	0	0.0
						1)	diritt	185	343	1.9840914E-4
			2)	dis	0	0	0.0
				1)	disc	0	0	0.0
					1)	discu	0	0	0.0
						1)	discus	370	256	1.480838E-4
		4)	do	0	0	0.0
			1)	dob	0	0	0.0
				1)	dobb	0	0	0.0
					1)	dobbi	0	0	0.0
						1)	dobbia	310	277	1.6023128E-4
			2)	dov	0	0	0.0
				1)	dovr	0	0	0.0
					1)	dovre	0	0	0.0
						1)	dovreb	540	204	1.1800427E-4
	5)	m	0	0	0.0
		1)	me	0	0	0.0
			1)	men	0	0	0.0
				1)	ment	0	0	0.0
					1)	mente	0	0	0.0
						1)	mente_	6	2229	0.0012893702
					2)	mento	0	0	0.0
						1)	mento_	7	1700	9.83369E-4
					3)	menti	0	0	0.0
						1)	menti_	39	745	4.3094697E-4
					4)	menta	0	0	0.0
						1)	mentar	225	316	1.8279093E-4
				2)	mend	0	0	0.0
					1)	menda	0	0	0.0
						1)	mendam	406	245	1.4172081E-4
			2)	mem	0	0	0.0
				1)	memb	0	0	0.0
					1)	membr	0	0	0.0
						1)	membri	168	371	2.1460581E-4
			3)	mer	0	0	0.0
				1)	merc	0	0	0.0
					1)	merca	0	0	0.0
						1)	mercat	362	258	1.4924069E-4
		2)	mp	0	0	0.0
			1)	mpo	0	0	0.0
				1)	mpor	0	0	0.0
					1)	mport	0	0	0.0
						1)	mporta	72	566	3.27404E-4
		3)	ma	0	0	0.0
			1)	mag	0	0	0.0
				1)	magg	0	0	0.0
					1)	maggi	0	0	0.0
						1)	maggio	210	326	1.8857545E-4
			2)	maz	0	0	0.0
				1)	mazi	0	0	0.0
					1)	mazio	0	0	0.0
						1)	mazion	306	278	1.6080974E-4
			3)	mat	0	0	0.0
				1)	mate	0	0	0.0
					1)	mater	0	0	0.0
						1)	materi	316	274	1.5849592E-4
		4)	mi	0	0	0.0
			1)	mis	0	0	0.0
				1)	miss	0	0	0.0
					1)	missi	0	0	0.0
						1)	missio	220	319	1.8452629E-4
			2)	mig	0	0	0.0
				1)	migl	0	0	0.0
					1)	migli	0	0	0.0
						1)	miglio	490	220	1.2725951E-4
		5)	mm	0	0	0.0
			1)	mmi	0	0	0.0
				1)	mmis	0	0	0.0
					1)	mmiss	0	0	0.0
						1)	mmissi	251	301	1.7411415E-4
		6)	mo	0	0	0.0
			1)	mol	0	0	0.0
				1)	molt	0	0	0.0
					1)	molto	0	0	0.0
						1)	molto_	275	291	1.6832961E-4
		7)	mu	0	0	0.0
			1)	mun	0	0	0.0
				1)	muni	0	0	0.0
					1)	munit	0	0	0.0
						1)	munita	286	285	1.6485891E-4
		8)	mb	0	0	0.0
			1)	mbi	0	0	0.0
				1)	mbie	0	0	0.0
					1)	mbien	0	0	0.0
						1)	mbient	463	230	1.3304403E-4
	6)	e	0	0	0.0
		1)	eu	0	0	0.0
			1)	eur	0	0	0.0
				1)	euro	0	0	0.0
					1)	europ	0	0	0.0
						1)	europe	8	1461	8.4511883E-4
		2)	es	0	0	0.0
			1)	ess	0	0	0.0
				1)	esse	0	0	0.0
					1)	esser	0	0	0.0
						1)	essere	45	709	4.1012268E-4
				2)	essa	0	0	0.0
					1)	essar	0	0	0.0
						1)	essari	259	299	1.7295724E-4
			2)	ese	0	0	0.0
				1)	esen	0	0	0.0
					1)	esent	0	0	0.0
						1)	esenta	73	564	3.262471E-4
			3)	est	0	0	0.0
				1)	esti	0	0	0.0
					1)	estio	0	0	0.0
						1)	estion	115	444	2.5683283E-4
			4)	esp	0	0	0.0
				1)	espo	0	0	0.0
					1)	espon	0	0	0.0
						1)	espons	295	283	1.63702E-4
			5)	esi	0	0	0.0
				1)	esid	0	0	0.0
					1)	eside	0	0	0.0
						1)	esider	453	232	1.3420093E-4
		3)	ev	0	0	0.0
			1)	evo	0	0	0.0
				1)	evol	0	0	0.0
					1)	evole	0	0	0.0
						1)	evole_	49	685	3.9623983E-4
					2)	evoli	0	0	0.0
						1)	evoli_	227	314	1.8163402E-4
		4)	el	0	0	0.0
			1)	ela	0	0	0.0
				1)	elaz	0	0	0.0
					1)	elazi	0	0	0.0
						1)	elazio	66	573	3.3145316E-4
			2)	ell	0	0	0.0
				1)	ellu	0	0	0.0
					1)	ellun	0	0	0.0
						1)	elluni	387	250	1.4461308E-4
		5)	ec	0	0	0.0
			1)	eco	0	0	0.0
				1)	econ	0	0	0.0
					1)	econo	0	0	0.0
						1)	econom	124	422	2.4410688E-4
			2)	ece	0	0	0.0
				1)	eces	0	0	0.0
					1)	ecess	0	0	0.0
						1)	ecessa	260	299	1.7295724E-4
			3)	eci	0	0	0.0
				1)	ecis	0	0	0.0
					1)	ecisi	0	0	0.0
						1)	ecisio	410	244	1.4114236E-4
		6)	er	0	0	0.0
			1)	erc	0	0	0.0
				1)	erch	0	0	0.0
					1)	erché	0	0	0.0
						1)	erché_	162	374	2.1634116E-4
				2)	erca	0	0	0.0
					1)	ercat	0	0	0.0
						1)	ercato	492	220	1.2725951E-4
			2)	era	0	0	0.0
				1)	eraz	0	0	0.0
					1)	erazi	0	0	0.0
						1)	erazio	238	306	1.7700641E-4
			3)	ert	0	0	0.0
				1)	erta	0	0	0.0
					1)	ertan	0	0	0.0
						1)	ertant	475	226	1.3073022E-4
		7)	em	0	0	0.0
			1)	emb	0	0	0.0
				1)	embr	0	0	0.0
					1)	embri	0	0	0.0
						1)	embri_	163	374	2.1634116E-4
			2)	eme	0	0	0.0
				1)	emen	0	0	0.0
					1)	emend	0	0	0.0
						1)	emenda	390	249	1.4403462E-4
					2)	ement	0	0	0.0
						1)	emente	494	219	1.2668106E-4
		8)	en	0	0	0.0
			1)	ent	0	0	0.0
				1)	enta	0	0	0.0
					1)	entar	0	0	0.0
						1)	entare	203	330	1.9088926E-4
			2)	enz	0	0	0.0
				1)	enzi	0	0	0.0
					1)	enzio	0	0	0.0
						1)	enzion	309	277	1.6023128E-4
			3)	end	0	0	0.0
				1)	enda	0	0	0.0
					1)	endam	0	0	0.0
						1)	endame	408	245	1.4172081E-4
				2)	ende	0	0	0.0
					1)	ender	0	0	0.0
						1)	endere	429	238	1.3767165E-4
			4)	ene	0	0	0.0
				1)	ener	0	0	0.0
					1)	enere	0	0	0.0
						1)	enere_	472	227	1.3130867E-4
		9)	et	0	0	0.0
			1)	ett	0	0	0.0
				1)	etti	0	0	0.0
					1)	ettiv	0	0	0.0
						1)	ettiva	307	278	1.6080974E-4
		10)	eg	0	0	0.0
			1)	egi	0	0	0.0
				1)	egio	0	0	0.0
					1)	egion	0	0	0.0
						1)	egioni	356	261	1.5097605E-4
		11)	ed	0	0	0.0
			1)	ede	0	0	0.0
				1)	eder	0	0	0.0
					1)	edere	0	0	0.0
						1)	edere_	512	211	1.2205344E-4
	7)	s	0	0	0.0
		1)	si	0	0	0.0
			1)	sio	0	0	0.0
				1)	sion	0	0	0.0
					1)	sione	0	0	0.0
						1)	sione_	14	1243	7.1901624E-4
					2)	sioni	0	0	0.0
						1)	sioni_	278	290	1.6775118E-4
			2)	sig	0	0	0.0
				1)	sign	0	0	0.0
					1)	signo	0	0	0.0
						1)	signor	23	903	5.2234245E-4
			3)	sia	0	0	0.0
				1)	siam	0	0	0.0
					1)	siamo	0	0	0.0
						1)	siamo_	182	344	1.9898759E-4
			4)	siz	0	0	0.0
				1)	sizi	0	0	0.0
					1)	sizio	0	0	0.0
						1)	sizion	191	340	1.9667378E-4
			5)	sic	0	0	0.0
				1)	sicu	0	0	0.0
					1)	sicur	0	0	0.0
						1)	sicure	325	271	1.5676058E-4
			6)	sib	0	0	0.0
				1)	sibi	0	0	0.0
					1)	sibil	0	0	0.0
						1)	sibili	380	252	1.4576998E-4
						2)	sibile	397	246	1.4229926E-4
			7)	sid	0	0	0.0
				1)	side	0	0	0.0
					1)	sider	0	0	0.0
						1)	sidera	398	246	1.4229926E-4
			8)	sis	0	0	0.0
				1)	sist	0	0	0.0
					1)	siste	0	0	0.0
						1)	sistem	509	212	1.2263189E-4
		2)	ss	0	0	0.0
			1)	sse	0	0	0.0
				1)	sser	0	0	0.0
					1)	ssere	0	0	0.0
						1)	ssere_	44	709	4.1012268E-4
			2)	ssi	0	0	0.0
				1)	ssio	0	0	0.0
					1)	ssion	0	0	0.0
						1)	ssione	57	605	3.4996364E-4
				2)	ssib	0	0	0.0
					1)	ssibi	0	0	0.0
						1)	ssibil	118	433	2.5046984E-4
		3)	su	0	0	0.0
			1)	sul	0	0	0.0
				1)	sull	0	0	0.0
					1)	sulla	0	0	0.0
						1)	sulla_	111	448	2.5914662E-4
		4)	sv	0	0	0.0
			1)	svi	0	0	0.0
				1)	svil	0	0	0.0
					1)	svilu	0	0	0.0
						1)	svilup	156	377	2.1807652E-4
		5)	st	0	0	0.0
			1)	sta	0	0	0.0
				1)	stat	0	0	0.0
					1)	stato	0	0	0.0
						1)	stato_	169	369	2.134489E-4
			2)	sti	0	0	0.0
				1)	stio	0	0	0.0
					1)	stion	0	0	0.0
						1)	stione	188	342	1.9783068E-4
			3)	str	0	0	0.0
				1)	stru	0	0	0.0
					1)	strut	0	0	0.0
						1)	strutt	285	285	1.6485891E-4
		6)	so	0	0	0.0
			1)	soc	0	0	0.0
				1)	soci	0	0	0.0
					1)	socia	0	0	0.0
						1)	social	192	339	1.9609534E-4
			2)	sol	0	0	0.0
				1)	solu	0	0	0.0
					1)	soluz	0	0	0.0
						1)	soluzi	434	236	1.3651475E-4
		7)	sp	0	0	0.0
			1)	spo	0	0	0.0
				1)	spon	0	0	0.0
					1)	spons	0	0	0.0
						1)	sponsa	290	283	1.63702E-4
			2)	spe	0	0	0.0
				1)	spet	0	0	0.0
					1)	spett	0	0	0.0
						1)	spetto	355	261	1.5097605E-4
		8)	se	0	0	0.0
			1)	sec	0	0	0.0
				1)	seco	0	0	0.0
					1)	secon	0	0	0.0
						1)	second	298	281	1.625451E-4
			2)	set	0	0	0.0
				1)	sett	0	0	0.0
					1)	setto	0	0	0.0
						1)	settor	302	280	1.6196664E-4
			3)	sen	0	0	0.0
				1)	senz	0	0	0.0
					1)	senza	0	0	0.0
						1)	senza_	320	273	1.5791749E-4
				2)	sent	0	0	0.0
					1)	senta	0	0	0.0
						1)	sentat	444	234	1.3535784E-4
		9)	sa	0	0	0.0
			1)	sab	0	0	0.0
				1)	sabi	0	0	0.0
					1)	sabil	0	0	0.0
						1)	sabili	352	262	1.515545E-4
		10)	sc	0	0	0.0
			1)	scu	0	0	0.0
				1)	scus	0	0	0.0
					1)	scuss	0	0	0.0
						1)	scussi	488	221	1.2783796E-4
	8)	q	0	0	0.0
		1)	qu	0	0	0.0
			1)	que	0	0	0.0
				1)	ques	0	0	0.0
					1)	quest	0	0	0.0
						1)	questo	15	1139	6.5885717E-4
						2)	questa	56	610	3.5285592E-4
						3)	questi	61	588	3.4012995E-4
			2)	qua	0	0	0.0
				1)	quan	0	0	0.0
					1)	quant	0	0	0.0
						1)	quanto	84	526	3.042659E-4
				2)	qual	0	0	0.0
					1)	quale	0	0	0.0
						1)	quale_	399	246	1.4229926E-4
					2)	quali	0	0	0.0
						1)	quali_	425	240	1.3882856E-4
			3)	qui	0	0	0.0
				1)	quin	0	0	0.0
					1)	quind	0	0	0.0
						1)	quindi	498	217	1.2552415E-4
	9)	u	0	0	0.0
		1)	ue	0	0	0.0
			1)	ues	0	0	0.0
				1)	uest	0	0	0.0
					1)	uesto	0	0	0.0
						1)	uesto_	16	1126	6.513373E-4
					2)	uesta	0	0	0.0
						1)	uesta_	62	586	3.3897304E-4
					3)	uesti	0	0	0.0
						1)	uestio	177	353	2.0419367E-4
						2)	uesti_	481	224	1.2957331E-4
		2)	ur	0	0	0.0
			1)	uro	0	0	0.0
				1)	urop	0	0	0.0
					1)	urope	0	0	0.0
						1)	uropea	37	750	4.3383922E-4
						2)	uropeo	113	445	2.5741127E-4
			2)	ure	0	0	0.0
				1)	urez	0	0	0.0
					1)	urezz	0	0	0.0
						1)	urezza	340	267	1.5444677E-4
			3)	ura	0	0	0.0
				1)	ural	0	0	0.0
					1)	urali	0	0	0.0
						1)	urali_	503	214	1.2378879E-4
		3)	uz	0	0	0.0
			1)	uzi	0	0	0.0
				1)	uzio	0	0	0.0
					1)	uzion	0	0	0.0
						1)	uzione	58	603	3.4880673E-4
		4)	ua	0	0	0.0
			1)	uan	0	0	0.0
				1)	uant	0	0	0.0
					1)	uanto	0	0	0.0
						1)	uanto_	85	523	3.0253056E-4
			2)	uaz	0	0	0.0
				1)	uazi	0	0	0.0
					1)	uazio	0	0	0.0
						1)	uazion	301	280	1.6196664E-4
		5)	un	0	0	0.0
			1)	uni	0	0	0.0
				1)	unio	0	0	0.0
					1)	union	0	0	0.0
						1)	unione	132	407	2.3543008E-4
				2)	unit	0	0	0.0
					1)	unita	0	0	0.0
						1)	unitar	271	294	1.7006497E-4
			2)	unq	0	0	0.0
				1)	unqu	0	0	0.0
					1)	unque	0	0	0.0
						1)	unque_	522	208	1.2031808E-4
			3)	unz	0	0	0.0
				1)	unzi	0	0	0.0
					1)	unzio	0	0	0.0
						1)	unzion	537	204	1.1800427E-4
		6)	up	0	0	0.0
			1)	upa	0	0	0.0
				1)	upaz	0	0	0.0
					1)	upazi	0	0	0.0
						1)	upazio	228	312	1.8047712E-4
		7)	ub	0	0	0.0
			1)	ubb	0	0	0.0
				1)	ubbl	0	0	0.0
					1)	ubbli	0	0	0.0
						1)	ubblic	451	232	1.3420093E-4
		8)	ut	0	0	0.0
			1)	utt	0	0	0.0
				1)	utta	0	0	0.0
					1)	uttav	0	0	0.0
						1)	uttavi	458	230	1.3304403E-4
		9)	us	0	0	0.0
			1)	uss	0	0	0.0
				1)	ussi	0	0	0.0
					1)	ussio	0	0	0.0
						1)	ussion	470	227	1.3130867E-4
		10)	ui	0	0	0.0
			1)	uin	0	0	0.0
				1)	uind	0	0	0.0
					1)	uindi	0	0	0.0
						1)	uindi_	511	211	1.2205344E-4
	10)	p	0	0	0.0
		1)	po	0	0	0.0
			1)	pol	0	0	0.0
				1)	poli	0	0	0.0
					1)	polit	0	0	0.0
						1)	politi	25	873	5.049889E-4
			2)	por	0	0	0.0
				1)	port	0	0	0.0
					1)	porta	0	0	0.0
						1)	portan	88	516	2.9848138E-4
			3)	pos	0	0	0.0
				1)	post	0	0	0.0
					1)	posta	0	0	0.0
						1)	posta_	133	407	2.3543008E-4
					2)	poste	0	0	0.0
						1)	poste_	544	202	1.1684737E-4
				2)	poss	0	0	0.0
					1)	possi	0	0	0.0
						1)	possib	193	337	1.9493843E-4
				3)	posi	0	0	0.0
					1)	posiz	0	0	0.0
						1)	posizi	208	326	1.8857545E-4
			4)	pon	0	0	0.0
				1)	pons	0	0	0.0
					1)	ponsa	0	0	0.0
						1)	ponsab	293	283	1.63702E-4
		2)	pr	0	0	0.0
			1)	pre	0	0	0.0
				1)	pres	0	0	0.0
					1)	prese	0	0	0.0
						1)	presen	40	734	4.24584E-4
			2)	pro	0	0	0.0
				1)	prop	0	0	0.0
					1)	propo	0	0	0.0
						1)	propos	59	596	3.4475757E-4
					2)	propr	0	0	0.0
						1)	propri	130	410	2.3716544E-4
				2)	prog	0	0	0.0
					1)	progr	0	0	0.0
						1)	progra	75	563	3.2566866E-4
					2)	proge	0	0	0.0
						1)	proget	331	270	1.5618213E-4
				3)	prob	0	0	0.0
					1)	probl	0	0	0.0
						1)	proble	152	378	2.1865497E-4
			3)	pri	0	0	0.0
				1)	prin	0	0	0.0
					1)	princ	0	0	0.0
						1)	princi	216	322	1.8626165E-4
				2)	prim	0	0	0.0
					1)	prima	0	0	0.0
						1)	prima_	364	257	1.4866224E-4
		3)	pa	0	0	0.0
			1)	paz	0	0	0.0
				1)	pazi	0	0	0.0
					1)	pazio	0	0	0.0
						1)	pazion	148	382	2.2096878E-4
			2)	par	0	0	0.0
				1)	part	0	0	0.0
					1)	parte	0	0	0.0
						1)	parte_	196	336	1.9435998E-4
					2)	parti	0	0	0.0
						1)	partic	249	301	1.7411415E-4
			3)	pae	0	0	0.0
				1)	paes	0	0	0.0
					1)	paesi	0	0	0.0
						1)	paesi_	279	290	1.6775118E-4
		4)	pe	0	0	0.0
			1)	per	0	0	0.0
				1)	perc	0	0	0.0
					1)	perch	0	0	0.0
						1)	perché	161	374	2.1634116E-4
				2)	pert	0	0	0.0
					1)	perta	0	0	0.0
						1)	pertan	478	225	1.3015176E-4
			2)	pet	0	0	0.0
				1)	pett	0	0	0.0
					1)	petto	0	0	0.0
						1)	petto_	392	248	1.4345617E-4
		5)	pu	0	0	0.0
			1)	pun	0	0	0.0
				1)	punt	0	0	0.0
					1)	punto	0	0	0.0
						1)	punto_	254	300	1.735357E-4
			2)	pub	0	0	0.0
				1)	pubb	0	0	0.0
					1)	pubbl	0	0	0.0
						1)	pubbli	452	232	1.3420093E-4
		6)	pp	0	0	0.0
			1)	ppl	0	0	0.0
				1)	ppli	0	0	0.0
					1)	pplic	0	0	0.0
						1)	pplica	391	248	1.4345617E-4
			2)	ppr	0	0	0.0
				1)	ppre	0	0	0.0
					1)	ppres	0	0	0.0
						1)	pprese	439	236	1.3651475E-4
	11)	o	0	0	0.0
		1)	ol	0	0	0.0
			1)	oli	0	0	0.0
				1)	olit	0	0	0.0
					1)	oliti	0	0	0.0
						1)	olitic	26	873	5.049889E-4
			2)	ola	0	0	0.0
				1)	olar	0	0	0.0
					1)	olare	0	0	0.0
						1)	olare_	211	323	1.868401E-4
			3)	olu	0	0	0.0
				1)	oluz	0	0	0.0
					1)	oluzi	0	0	0.0
						1)	oluzio	315	274	1.5849592E-4
			4)	olt	0	0	0.0
				1)	oltr	0	0	0.0
					1)	oltre	0	0	0.0
						1)	oltre_	377	253	1.4634844E-4
			5)	oll	0	0	0.0
				1)	olle	0	0	0.0
					1)	olleg	0	0	0.0
						1)	ollegh	381	252	1.4576998E-4
		2)	or	0	0	0.0
			1)	ore	0	0	0.0
				1)	orev	0	0	0.0
					1)	orevo	0	0	0.0
						1)	orevol	28	867	5.0151814E-4
			2)	ort	0	0	0.0
				1)	orta	0	0	0.0
					1)	ortan	0	0	0.0
						1)	ortant	179	349	2.0187986E-4
			3)	orr	0	0	0.0
				1)	orre	0	0	0.0
					1)	orrei	0	0	0.0
						1)	orrei_	389	249	1.4403462E-4
					2)	orren	0	0	0.0
						1)	orrenz	400	246	1.4229926E-4
			4)	ori	0	0	0.0
				1)	orit	0	0	0.0
					1)	orità	0	0	0.0
						1)	orità_	516	210	1.2147499E-4
		3)	on	0	0	0.0
			1)	ono	0	0	0.0
				1)	onor	0	0	0.0
					1)	onore	0	0	0.0
						1)	onorev	33	796	4.6044803E-4
				2)	onom	0	0	0.0
					1)	onomi	0	0	0.0
						1)	onomic	250	301	1.7411415E-4
			2)	ona	0	0	0.0
				1)	onal	0	0	0.0
					1)	onale	0	0	0.0
						1)	onale_	104	469	2.7129412E-4
					2)	onali	0	0	0.0
						1)	onali_	183	344	1.9898759E-4
			3)	ont	0	0	0.0
				1)	ontr	0	0	0.0
					1)	ontro	0	0	0.0
						1)	ontrol	287	284	1.6428046E-4
			4)	ons	0	0	0.0
				1)	onsa	0	0	0.0
					1)	onsab	0	0	0.0
						1)	onsabi	294	283	1.63702E-4
				2)	onsi	0	0	0.0
					1)	onsid	0	0	0.0
						1)	onside	411	243	1.405639E-4
			5)	onc	0	0	0.0
				1)	onco	0	0	0.0
					1)	oncor	0	0	0.0
						1)	oncorr	376	253	1.4634844E-4
		4)	og	0	0	0.0
			1)	ogr	0	0	0.0
				1)	ogra	0	0	0.0
					1)	ogram	0	0	0.0
						1)	ogramm	76	563	3.2566866E-4
		5)	oc	0	0	0.0
			1)	occ	0	0	0.0
				1)	occu	0	0	0.0
					1)	occup	0	0	0.0
						1)	occupa	121	425	2.4584224E-4
				2)	occo	0	0	0.0
					1)	occor	0	0	0.0
						1)	occorr	393	248	1.4345617E-4
		6)	os	0	0	0.0
			1)	oss	0	0	0.0
				1)	ossi	0	0	0.0
					1)	ossib	0	0	0.0
						1)	ossibi	194	337	1.9493843E-4
			2)	osi	0	0	0.0
				1)	osiz	0	0	0.0
					1)	osizi	0	0	0.0
						1)	osizio	209	326	1.8857545E-4
			3)	ost	0	0	0.0
				1)	ostr	0	0	0.0
					1)	ostra	0	0	0.0
						1)	ostra_	313	276	1.5965283E-4
					2)	ostro	0	0	0.0
						1)	ostro_	365	257	1.4866224E-4
		7)	om	0	0	0.0
			1)	omu	0	0	0.0
				1)	omun	0	0	0.0
					1)	omuni	0	0	0.0
						1)	omunit	195	337	1.9493843E-4
			2)	omm	0	0	0.0
				1)	ommi	0	0	0.0
					1)	ommis	0	0	0.0
						1)	ommiss	332	269	1.5560367E-4
		8)	ob	0	0	0.0
			1)	obi	0	0	0.0
				1)	obie	0	0	0.0
					1)	obiet	0	0	0.0
						1)	obiett	246	302	1.746926E-4
			2)	obb	0	0	0.0
				1)	obbi	0	0	0.0
					1)	obbia	0	0	0.0
						1)	obbiam	308	277	1.6023128E-4
		9)	op	0	0	0.0
			1)	opo	0	0	0.0
				1)	opos	0	0	0.0
					1)	opost	0	0	0.0
						1)	oposta	345	266	1.5386831E-4
			2)	opr	0	0	0.0
				1)	opri	0	0	0.0
					1)	oprio	0	0	0.0
						1)	oprio_	484	223	1.2899487E-4
		10)	ov	0	0	0.0
			1)	ovr	0	0	0.0
				1)	ovre	0	0	0.0
					1)	ovreb	0	0	0.0
						1)	ovrebb	539	204	1.1800427E-4
	12)	l	0	0	0.0
		1)	la	0	0	0.0
			1)	laz	0	0	0.0
				1)	lazi	0	0	0.0
					1)	lazio	0	0	0.0
						1)	lazion	31	846	4.8937066E-4
			2)	lam	0	0	0.0
				1)	lame	0	0	0.0
					1)	lamen	0	0	0.0
						1)	lament	223	317	1.8336938E-4
			3)	lav	0	0	0.0
				1)	lavo	0	0	0.0
					1)	lavor	0	0	0.0
						1)	lavoro	264	298	1.7237879E-4
		2)	li	0	0	0.0
			1)	lit	0	0	0.0
				1)	liti	0	0	0.0
					1)	litic	0	0	0.0
						1)	litica	78	553	3.1988413E-4
			2)	liv	0	0	0.0
				1)	live	0	0	0.0
					1)	livel	0	0	0.0
						1)	livell	384	251	1.4519153E-4
		3)	lm	0	0	0.0
			1)	lme	0	0	0.0
				1)	lmen	0	0	0.0
					1)	lment	0	0	0.0
						1)	lmente	81	532	3.0773663E-4
		4)	lu	0	0	0.0
			1)	lun	0	0	0.0
				1)	luni	0	0	0.0
					1)	lunio	0	0	0.0
						1)	lunion	171	368	2.1287045E-4
			2)	lup	0	0	0.0
				1)	lupp	0	0	0.0
					1)	luppo	0	0	0.0
						1)	luppo_	263	298	1.7237879E-4
			3)	luz	0	0	0.0
				1)	luzi	0	0	0.0
					1)	luzio	0	0	0.0
						1)	luzion	317	274	1.5849592E-4
		5)	ll	0	0	0.0
			1)	llu	0	0	0.0
				1)	llun	0	0	0.0
					1)	lluni	0	0	0.0
						1)	llunio	333	269	1.5560367E-4
			2)	lle	0	0	0.0
				1)	lleg	0	0	0.0
					1)	llegh	0	0	0.0
						1)	lleghi	382	252	1.4576998E-4
		6)	le	0	0	0.0
			1)	leg	0	0	0.0
				1)	legh	0	0	0.0
					1)	leghi	0	0	0.0
						1)	leghi_	383	252	1.4576998E-4
	13)	n	0	0	0.0
		1)	no	0	0	0.0
			1)	nor	0	0	0.0
				1)	nore	0	0	0.0
					1)	norev	0	0	0.0
						1)	norevo	34	796	4.6044803E-4
			2)	nos	0	0	0.0
				1)	nost	0	0	0.0
					1)	nostr	0	0	0.0
						1)	nostro	427	238	1.3767165E-4
						2)	nostra	445	234	1.3535784E-4
		2)	ne	0	0	0.0
			1)	nel	0	0	0.0
				1)	nell	0	0	0.0
					1)	nella	0	0	0.0
						1)	nella_	77	559	3.2335485E-4
					2)	nelle	0	0	0.0
						1)	nelle_	394	248	1.4345617E-4
			2)	nec	0	0	0.0
				1)	nece	0	0	0.0
					1)	neces	0	0	0.0
						1)	necess	127	416	2.4063616E-4
		3)	na	0	0	0.0
			1)	naz	0	0	0.0
				1)	nazi	0	0	0.0
					1)	nazio	0	0	0.0
						1)	nazion	82	527	3.0484438E-4
			2)	nan	0	0	0.0
				1)	nanz	0	0	0.0
					1)	nanzi	0	0	0.0
						1)	nanzia	170	369	2.134489E-4
			3)	nam	0	0	0.0
				1)	name	0	0	0.0
					1)	namen	0	0	0.0
						1)	nament	428	238	1.3767165E-4
		4)	ni	0	0	0.0
			1)	nio	0	0	0.0
				1)	nion	0	0	0.0
					1)	nione	0	0	0.0
						1)	nione_	102	473	2.7360793E-4
			2)	niz	0	0	0.0
				1)	nizi	0	0	0.0
					1)	nizia	0	0	0.0
						1)	niziat	186	343	1.9840914E-4
			3)	nit	0	0	0.0
				1)	nita	0	0	0.0
					1)	nitar	0	0	0.0
						1)	nitari	229	312	1.8047712E-4
		5)	nt	0	0	0.0
			1)	nta	0	0	0.0
				1)	ntar	0	0	0.0
					1)	ntare	0	0	0.0
						1)	ntare_	112	448	2.5914662E-4
			2)	ntr	0	0	0.0
				1)	ntro	0	0	0.0
					1)	ntrol	0	0	0.0
						1)	ntroll	288	284	1.6428046E-4
			3)	nte	0	0	0.0
				1)	nter	0	0	0.0
					1)	nterv	0	0	0.0
						1)	nterve	372	255	1.4750534E-4
					2)	ntere	0	0	0.0
						1)	nteres	506	213	1.2321034E-4
		6)	nd	0	0	0.0
			1)	nda	0	0	0.0
				1)	ndam	0	0	0.0
					1)	ndame	0	0	0.0
						1)	ndamen	123	423	2.4468533E-4
			2)	nde	0	0	0.0
				1)	nder	0	0	0.0
					1)	ndere	0	0	0.0
						1)	ndere_	269	295	1.7064343E-4
		7)	ns	0	0	0.0
			1)	nsa	0	0	0.0
				1)	nsab	0	0	0.0
					1)	nsabi	0	0	0.0
						1)	nsabil	198	335	1.9378153E-4
			2)	nsi	0	0	0.0
				1)	nsid	0	0	0.0
					1)	nside	0	0	0.0
						1)	nsider	412	243	1.405639E-4
		8)	nc	0	0	0.0
			1)	nco	0	0	0.0
				1)	ncor	0	0	0.0
					1)	ncora	0	0	0.0
						1)	ncora_	304	279	1.6138819E-4
					2)	ncorr	0	0	0.0
						1)	ncorre	378	253	1.4634844E-4
		9)	nz	0	0	0.0
			1)	nzi	0	0	0.0
				1)	nzio	0	0	0.0
					1)	nzion	0	0	0.0
						1)	nzione	418	242	1.3998545E-4
						2)	nziona	545	201	1.16268915E-4
				2)	nzia	0	0	0.0
					1)	nziar	0	0	0.0
						1)	nziari	419	242	1.3998545E-4
	14)	r	0	0	0.0
		1)	ro	0	0	0.0
			1)	rop	0	0	0.0
				1)	rope	0	0	0.0
					1)	ropea	0	0	0.0
						1)	ropea_	38	748	4.326823E-4
					2)	ropeo	0	0	0.0
						1)	ropeo_	114	444	2.5683283E-4
				2)	ropo	0	0	0.0
					1)	ropos	0	0	0.0
						1)	ropost	99	482	2.78814E-4
				3)	ropr	0	0	0.0
					1)	ropri	0	0	0.0
						1)	roprio	483	223	1.2899487E-4
			2)	rog	0	0	0.0
				1)	rogr	0	0	0.0
					1)	rogra	0	0	0.0
						1)	rogram	74	563	3.2566866E-4
				2)	roge	0	0	0.0
					1)	roget	0	0	0.0
						1)	rogett	330	270	1.5618213E-4
			3)	rob	0	0	0.0
				1)	robl	0	0	0.0
					1)	roble	0	0	0.0
						1)	roblem	151	378	2.1865497E-4
		2)	ra	0	0	0.0
			1)	raz	0	0	0.0
				1)	razi	0	0	0.0
					1)	razio	0	0	0.0
						1)	razion	41	733	4.2400553E-4
			2)	ran	0	0	0.0
				1)	rann	0	0	0.0
					1)	ranno	0	0	0.0
						1)	ranno_	178	350	2.0245831E-4
			3)	ram	0	0	0.0
				1)	ramm	0	0	0.0
					1)	ramma	0	0	0.0
						1)	ramma_	197	335	1.9378153E-4
				2)	rame	0	0	0.0
					1)	ramen	0	0	0.0
						1)	rament	438	236	1.3651475E-4
			4)	rap	0	0	0.0
				1)	rapp	0	0	0.0
					1)	rappr	0	0	0.0
						1)	rappre	437	236	1.3651475E-4
			5)	rat	0	0	0.0
				1)	ratt	0	0	0.0
					1)	ratta	0	0	0.0
						1)	ratta_	548	200	1.1569046E-4
		3)	re	0	0	0.0
			1)	res	0	0	0.0
				1)	rese	0	0	0.0
					1)	resen	0	0	0.0
						1)	resent	47	704	4.0723043E-4
				2)	resp	0	0	0.0
					1)	respo	0	0	0.0
						1)	respon	292	283	1.63702E-4
			2)	rev	0	0	0.0
				1)	revo	0	0	0.0
					1)	revol	0	0	0.0
						1)	revole	54	614	3.551697E-4
						2)	revoli	337	268	1.5502522E-4
			3)	reb	0	0	0.0
				1)	rebb	0	0	0.0
					1)	rebbe	0	0	0.0
						1)	rebbe_	55	613	3.5459126E-4
			4)	rel	0	0	0.0
				1)	rela	0	0	0.0
					1)	relaz	0	0	0.0
						1)	relazi	67	571	3.3029626E-4
			5)	reg	0	0	0.0
				1)	regi	0	0	0.0
					1)	regio	0	0	0.0
						1)	region	83	526	3.042659E-4
			6)	ren	0	0	0.0
				1)	renz	0	0	0.0
					1)	renza	0	0	0.0
						1)	renza_	142	392	2.267533E-4
				2)	rend	0	0	0.0
					1)	rende	0	0	0.0
						1)	render	448	233	1.3477939E-4
			7)	rez	0	0	0.0
				1)	rezz	0	0	0.0
					1)	rezza	0	0	0.0
						1)	rezza_	237	306	1.7700641E-4
			8)	ret	0	0	0.0
				1)	rett	0	0	0.0
					1)	retti	0	0	0.0
						1)	rettiv	436	236	1.3651475E-4
		4)	rt	0	0	0.0
			1)	rti	0	0	0.0
				1)	rtic	0	0	0.0
					1)	rtico	0	0	0.0
						1)	rticol	109	450	2.6030352E-4
			2)	rta	0	0	0.0
				1)	rtan	0	0	0.0
					1)	rtant	0	0	0.0
						1)	rtante	291	283	1.63702E-4
						2)	rtanto	477	225	1.3015176E-4
		5)	ri	0	0	0.0
			1)	rin	0	0	0.0
				1)	rinc	0	0	0.0
					1)	rinci	0	0	0.0
						1)	rincip	215	322	1.8626165E-4
			2)	rig	0	0	0.0
				1)	rigu	0	0	0.0
					1)	rigua	0	0	0.0
						1)	riguar	253	300	1.735357E-4
			3)	ris	0	0	0.0
				1)	risp	0	0	0.0
					1)	rispe	0	0	0.0
						1)	rispet	375	254	1.4692689E-4
			4)	rif	0	0	0.0
				1)	rifo	0	0	0.0
					1)	rifor	0	0	0.0
						1)	riform	471	227	1.3130867E-4
			5)	rit	0	0	0.0
				1)	ritt	0	0	0.0
					1)	ritto	0	0	0.0
						1)	ritto_	532	206	1.19161174E-4
		6)	rr	0	0	0.0
			1)	rre	0	0	0.0
				1)	rren	0	0	0.0
					1)	rrenz	0	0	0.0
						1)	rrenza	424	240	1.3882856E-4
		7)	ru	0	0	0.0
			1)	rup	0	0	0.0
				1)	rupp	0	0	0.0
					1)	ruppo	0	0	0.0
						1)	ruppo_	435	236	1.3651475E-4
			2)	rut	0	0	0.0
				1)	rutt	0	0	0.0
					1)	ruttu	0	0	0.0
						1)	ruttur	443	235	1.359363E-4
		8)	rc	0	0	0.0
			1)	rca	0	0	0.0
				1)	rcat	0	0	0.0
					1)	rcato	0	0	0.0
						1)	rcato_	489	220	1.2725951E-4
		9)	rm	0	0	0.0
			1)	rma	0	0	0.0
				1)	rmaz	0	0	0.0
					1)	rmazi	0	0	0.0
						1)	rmazio	495	218	1.261026E-4
	15)	b	0	0	0.0
		1)	bi	0	0	0.0
			1)	bia	0	0	0.0
				1)	biam	0	0	0.0
					1)	biamo	0	0	0.0
						1)	biamo_	52	621	3.592189E-4
			2)	bil	0	0	0.0
				1)	bili	0	0	0.0
					1)	bilit	0	0	0.0
						1)	bilità	89	516	2.9848138E-4
			3)	bie	0	0	0.0
				1)	biet	0	0	0.0
					1)	biett	0	0	0.0
						1)	bietti	258	300	1.735357E-4
		2)	bb	0	0	0.0
			1)	bbi	0	0	0.0
				1)	bbia	0	0	0.0
					1)	bbiam	0	0	0.0
						1)	bbiamo	53	620	3.5864042E-4
	16)	t	0	0	0.0
		1)	ta	0	0	0.0
			1)	tam	0	0	0.0
				1)	tame	0	0	0.0
					1)	tamen	0	0	0.0
						1)	tament	60	593	3.4302223E-4
			2)	tan	0	0	0.0
				1)	tant	0	0	0.0
					1)	tanto	0	0	0.0
						1)	tanto_	68	570	3.2971782E-4
					2)	tante	0	0	0.0
						1)	tante_	139	398	2.3022402E-4
				2)	tanz	0	0	0.0
					1)	tanza	0	0	0.0
						1)	tanza_	535	205	1.1858272E-4
			3)	taz	0	0	0.0
				1)	tazi	0	0	0.0
					1)	tazio	0	0	0.0
						1)	tazion	105	465	2.689803E-4
			4)	tad	0	0	0.0
				1)	tadi	0	0	0.0
					1)	tadin	0	0	0.0
						1)	tadini	324	271	1.5676058E-4
			5)	tav	0	0	0.0
				1)	tavi	0	0	0.0
					1)	tavia	0	0	0.0
						1)	tavia_	462	230	1.3304403E-4
		2)	tu	0	0	0.0
			1)	tut	0	0	0.0
				1)	tutt	0	0	0.0
					1)	tutto	0	0	0.0
						1)	tutto_	103	471	2.7245103E-4
					2)	tutti	0	0	0.0
						1)	tutti_	136	402	2.3253783E-4
					3)	tutta	0	0	0.0
						1)	tuttav	459	230	1.3304403E-4
			2)	tua	0	0	0.0
				1)	tuaz	0	0	0.0
					1)	tuazi	0	0	0.0
						1)	tuazio	341	267	1.5444677E-4
		3)	ti	0	0	0.0
			1)	tio	0	0	0.0
				1)	tion	0	0	0.0
					1)	tione	0	0	0.0
						1)	tione_	187	342	1.9783068E-4
			2)	tic	0	0	0.0
				1)	tico	0	0	0.0
					1)	ticol	0	0	0.0
						1)	ticola	232	311	1.7989866E-4
				2)	tich	0	0	0.0
					1)	tiche	0	0	0.0
						1)	tiche_	267	296	1.7122188E-4
		4)	tr	0	0	0.0
			1)	tra	0	0	0.0
				1)	trat	0	0	0.0
					1)	tratt	0	0	0.0
						1)	tratta	214	322	1.8626165E-4
			2)	tru	0	0	0.0
				1)	trut	0	0	0.0
					1)	trutt	0	0	0.0
						1)	truttu	442	235	1.359363E-4
		5)	tt	0	0	0.0
			1)	tta	0	0	0.0
				1)	ttad	0	0	0.0
					1)	ttadi	0	0	0.0
						1)	ttadin	241	303	1.7527105E-4
				2)	ttav	0	0	0.0
					1)	ttavi	0	0	0.0
						1)	ttavia	461	230	1.3304403E-4
			2)	tti	0	0	0.0
				1)	ttiv	0	0	0.0
					1)	ttiva	0	0	0.0
						1)	ttiva_	281	289	1.6717272E-4
					2)	ttivo	0	0	0.0
						1)	ttivo_	523	208	1.2031808E-4
			3)	tto	0	0	0.0
				1)	ttor	0	0	0.0
					1)	ttore	0	0	0.0
						1)	ttore_	460	230	1.3304403E-4
					2)	ttori	0	0	0.0
						1)	ttori_	546	200	1.1569046E-4
			4)	tte	0	0	0.0
				1)	tter	0	0	0.0
					1)	ttere	0	0	0.0
						1)	ttere_	524	208	1.2031808E-4
		6)	te	0	0	0.0
			1)	ter	0	0	0.0
				1)	terv	0	0	0.0
					1)	terve	0	0	0.0
						1)	terven	379	252	1.4576998E-4
				2)	term	0	0	0.0
					1)	termi	0	0	0.0
						1)	termin	409	244	1.4114236E-4
				3)	teri	0	0	0.0
					1)	teria	0	0	0.0
						1)	teria_	504	214	1.2378879E-4
				4)	tere	0	0	0.0
					1)	teres	0	0	0.0
						1)	teress	505	213	1.2321034E-4
				5)	tern	0	0	0.0
					1)	terno	0	0	0.0
						1)	terno_	543	203	1.1742582E-4
			2)	tem	0	0	0.0
				1)	temp	0	0	0.0
					1)	tempo	0	0	0.0
						1)	tempo_	538	204	1.1800427E-4
			3)	ten	0	0	0.0
				1)	tene	0	0	0.0
					1)	tener	0	0	0.0
						1)	tenere	547	200	1.1569046E-4
	17)	i	0	0	0.0
		1)	ig	0	0	0.0
			1)	ign	0	0	0.0
				1)	igno	0	0	0.0
					1)	ignor	0	0	0.0
						1)	ignor_	63	586	3.3897304E-4
						2)	ignora	222	318	1.8394784E-4
			2)	igu	0	0	0.0
				1)	igua	0	0	0.0
					1)	iguar	0	0	0.0
						1)	iguard	255	300	1.735357E-4
			3)	igl	0	0	0.0
				1)	igli	0	0	0.0
					1)	iglio	0	0	0.0
						1)	iglior	491	220	1.2725951E-4
		2)	it	0	0	0.0
			1)	iti	0	0	0.0
				1)	itic	0	0	0.0
					1)	itica	0	0	0.0
						1)	itica_	70	568	3.285609E-4
			2)	itt	0	0	0.0
				1)	itta	0	0	0.0
					1)	ittad	0	0	0.0
						1)	ittadi	242	303	1.7527105E-4
		3)	il	0	0	0.0
			1)	ili	0	0	0.0
				1)	ilit	0	0	0.0
					1)	ilità	0	0	0.0
						1)	ilità_	80	544	3.1467807E-4
			2)	ilu	0	0	0.0
				1)	ilup	0	0	0.0
					1)	ilupp	0	0	0.0
						1)	iluppo	265	298	1.7237879E-4
		4)	im	0	0	0.0
			1)	imp	0	0	0.0
				1)	impo	0	0	0.0
					1)	impor	0	0	0.0
						1)	import	86	519	3.0021675E-4
			2)	ime	0	0	0.0
				1)	imen	0	0	0.0
					1)	iment	0	0	0.0
						1)	imento	240	304	1.758495E-4
						2)	imenti	500	216	1.249457E-4
		5)	ia	0	0	0.0
			1)	iam	0	0	0.0
				1)	iame	0	0	0.0
					1)	iamen	0	0	0.0
						1)	iament	91	509	2.9443222E-4
			2)	iat	0	0	0.0
				1)	iati	0	0	0.0
					1)	iativ	0	0	0.0
						1)	iativa	479	225	1.3015176E-4
		6)	io	0	0	0.0
			1)	ion	0	0	0.0
				1)	iona	0	0	0.0
					1)	ional	0	0	0.0
						1)	ionale	126	418	2.4179307E-4
						2)	ionali	146	386	2.232826E-4
		7)	iz	0	0	0.0
			1)	izi	0	0	0.0
				1)	izio	0	0	0.0
					1)	izion	0	0	0.0
						1)	izione	134	407	2.3543008E-4
						2)	izioni	440	236	1.3651475E-4
				2)	izia	0	0	0.0
					1)	iziat	0	0	0.0
						1)	iziati	212	323	1.868401E-4
			2)	izz	0	0	0.0
				1)	izza	0	0	0.0
					1)	izzaz	0	0	0.0
						1)	izzazi	236	309	1.7874176E-4
		8)	in	0	0	0.0
			1)	ina	0	0	0.0
				1)	inan	0	0	0.0
					1)	inanz	0	0	0.0
						1)	inanzi	143	389	2.2501795E-4
			2)	ini	0	0	0.0
				1)	iniz	0	0	0.0
					1)	inizi	0	0	0.0
						1)	inizia	145	387	2.2386105E-4
			3)	int	0	0	0.0
				1)	inte	0	0	0.0
					1)	inter	0	0	0.0
						1)	intern	165	373	2.1576272E-4
						2)	interv	353	262	1.515545E-4
						3)	intere	496	218	1.261026E-4
			4)	inc	0	0	0.0
				1)	inci	0	0	0.0
					1)	incip	0	0	0.0
						1)	incipi	413	243	1.405639E-4
		9)	ib	0	0	0.0
			1)	ibi	0	0	0.0
				1)	ibil	0	0	0.0
					1)	ibile	0	0	0.0
						1)	ibile_	173	358	2.0708592E-4
					2)	ibili	0	0	0.0
						1)	ibilit	401	246	1.4229926E-4
		10)	is	0	0	0.0
			1)	iss	0	0	0.0
				1)	issi	0	0	0.0
					1)	issio	0	0	0.0
						1)	ission	221	319	1.8452629E-4
			2)	isp	0	0	0.0
				1)	ispe	0	0	0.0
					1)	ispet	0	0	0.0
						1)	ispett	351	263	1.5213295E-4
			3)	isc	0	0	0.0
				1)	iscu	0	0	0.0
					1)	iscus	0	0	0.0
						1)	iscuss	369	256	1.480838E-4
			4)	isi	0	0	0.0
				1)	isio	0	0	0.0
					1)	ision	0	0	0.0
						1)	isione	466	229	1.3246558E-4
		11)	ic	0	0	0.0
			1)	ico	0	0	0.0
				1)	icol	0	0	0.0
					1)	icola	0	0	0.0
						1)	icolar	239	305	1.7642796E-4
			2)	ica	0	0	0.0
				1)	icaz	0	0	0.0
					1)	icazi	0	0	0.0
						1)	icazio	252	301	1.7411415E-4
				2)	icar	0	0	0.0
					1)	icare	0	0	0.0
						1)	icare_	426	239	1.382501E-4
			3)	icu	0	0	0.0
				1)	icur	0	0	0.0
					1)	icure	0	0	0.0
						1)	icurez	342	267	1.5444677E-4
		12)	ie	0	0	0.0
			1)	iet	0	0	0.0
				1)	iett	0	0	0.0
					1)	ietti	0	0	0.0
						1)	iettiv	256	300	1.735357E-4
			2)	ien	0	0	0.0
				1)	ient	0	0	0.0
					1)	iente	0	0	0.0
						1)	iente_	420	242	1.3998545E-4
		13)	ir	0	0	0.0
			1)	ire	0	0	0.0
				1)	iret	0	0	0.0
					1)	irett	0	0	0.0
						1)	iretti	421	241	1.39407E-4
		14)	iv	0	0	0.0
			1)	ive	0	0	0.0
				1)	ivel	0	0	0.0
					1)	ivell	0	0	0.0
						1)	ivello	456	231	1.3362248E-4
	18)	c	0	0	0.0
		1)	co	0	0	0.0
			1)	com	0	0	0.0
				1)	comu	0	0	0.0
					1)	comun	0	0	0.0
						1)	comuni	90	515	2.9790294E-4
				2)	comm	0	0	0.0
					1)	commi	0	0	0.0
						1)	commis	327	271	1.5676058E-4
			2)	con	0	0	0.0
				1)	cont	0	0	0.0
					1)	contr	0	0	0.0
						1)	contro	94	493	2.85177E-4
				2)	cono	0	0	0.0
					1)	conom	0	0	0.0
						1)	conomi	125	422	2.4410688E-4
					2)	conos	0	0	0.0
						1)	conosc	518	210	1.2147499E-4
				3)	conc	0	0	0.0
					1)	conco	0	0	0.0
						1)	concor	261	299	1.7295724E-4
				4)	cons	0	0	0.0
					1)	consi	0	0	0.0
						1)	consid	415	243	1.405639E-4
			3)	col	0	0	0.0
				1)	coll	0	0	0.0
					1)	colle	0	0	0.0
						1)	colleg	157	377	2.1807652E-4
				2)	cola	0	0	0.0
					1)	colar	0	0	0.0
						1)	colare	363	258	1.4924069E-4
			4)	cor	0	0	0.0
				1)	corr	0	0	0.0
					1)	corre	0	0	0.0
						1)	corren	326	271	1.5676058E-4
						2)	corre_	525	208	1.2031808E-4
				2)	cors	0	0	0.0
					1)	corso	0	0	0.0
						1)	corso_	520	209	1.2089653E-4
				3)	cord	0	0	0.0
					1)	cordo	0	0	0.0
						1)	cordo_	521	209	1.2089653E-4
		2)	ca	0	0	0.0
			1)	caz	0	0	0.0
				1)	cazi	0	0	0.0
					1)	cazio	0	0	0.0
						1)	cazion	200	334	1.9320307E-4
		3)	cu	0	0	0.0
			1)	cup	0	0	0.0
				1)	cupa	0	0	0.0
					1)	cupaz	0	0	0.0
						1)	cupazi	230	312	1.8047712E-4
			2)	cur	0	0	0.0
				1)	cure	0	0	0.0
					1)	curez	0	0	0.0
						1)	curezz	343	267	1.5444677E-4
			3)	cus	0	0	0.0
				1)	cuss	0	0	0.0
					1)	cussi	0	0	0.0
						1)	cussio	473	227	1.3130867E-4
		4)	cc	0	0	0.0
			1)	ccu	0	0	0.0
				1)	ccup	0	0	0.0
					1)	ccupa	0	0	0.0
						1)	ccupaz	231	312	1.8047712E-4
			2)	cco	0	0	0.0
				1)	ccor	0	0	0.0
					1)	ccorr	0	0	0.0
						1)	ccorre	486	222	1.2841642E-4
		5)	ci	0	0	0.0
			1)	cit	0	0	0.0
				1)	citt	0	0	0.0
					1)	citta	0	0	0.0
						1)	cittad	243	303	1.7527105E-4
			2)	cis	0	0	0.0
				1)	cisi	0	0	0.0
					1)	cisio	0	0	0.0
						1)	cision	402	246	1.4229926E-4
			3)	cia	0	0	0.0
				1)	cial	0	0	0.0
					1)	ciale	0	0	0.0
						1)	ciale_	416	243	1.405639E-4
		6)	ce	0	0	0.0
			1)	ces	0	0	0.0
				1)	cess	0	0	0.0
					1)	cessa	0	0	0.0
						1)	cessar	257	300	1.735357E-4
					2)	cesso	0	0	0.0
						1)	cesso_	276	291	1.6832961E-4
		7)	ch	0	0	0.0
			1)	chi	0	0	0.0
				1)	chia	0	0	0.0
					1)	chiar	0	0	0.0
						1)	chiara	468	228	1.3188712E-4
	19)	h	0	0	0.0
		1)	ha	0	0	0.0
			1)	han	0	0	0.0
				1)	hann	0	0	0.0
					1)	hanno	0	0	0.0
						1)	hanno_	129	414	2.3947925E-4
	20)	g	0	0	0.0
		1)	gr	0	0	0.0
			1)	gra	0	0	0.0
				1)	gram	0	0	0.0
					1)	gramm	0	0	0.0
						1)	gramma	150	380	2.1981187E-4
			2)	gru	0	0	0.0
				1)	grup	0	0	0.0
					1)	grupp	0	0	0.0
						1)	gruppo	441	236	1.3651475E-4
		2)	go	0	0	0.0
			1)	gov	0	0	0.0
				1)	gove	0	0	0.0
					1)	gover	0	0	0.0
						1)	govern	176	354	2.0477212E-4
		3)	gn	0	0	0.0
			1)	gno	0	0	0.0
				1)	gnor	0	0	0.0
					1)	gnora	0	0	0.0
						1)	gnora_	272	293	1.6948652E-4
		4)	gi	0	0	0.0
			1)	gio	0	0	0.0
				1)	gion	0	0	0.0
					1)	gioni	0	0	0.0
						1)	gioni_	284	286	1.6543736E-4
		5)	gu	0	0	0.0
			1)	gua	0	0	0.0
				1)	guar	0	0	0.0
					1)	guard	0	0	0.0
						1)	guarda	407	245	1.4172081E-4
	21)	f	0	0	0.0
		1)	fi	0	0	0.0
			1)	fin	0	0	0.0
				1)	fina	0	0	0.0
					1)	finan	0	0	0.0
						1)	finanz	153	378	2.1865497E-4
		2)	fa	0	0	0.0
			1)	fat	0	0	0.0
				1)	fatt	0	0	0.0
					1)	fatto	0	0	0.0
						1)	fatto_	184	344	1.9898759E-4
			2)	fav	0	0	0.0
				1)	favo	0	0	0.0
					1)	favor	0	0	0.0
						1)	favore	422	241	1.39407E-4
		3)	fo	0	0	0.0
			1)	for	0	0	0.0
				1)	form	0	0	0.0
					1)	forma	0	0	0.0
						1)	forma_	517	210	1.2147499E-4
	22)	v	0	0	0.0
		1)	vi	0	0	0.0
			1)	vil	0	0	0.0
				1)	vilu	0	0	0.0
					1)	vilup	0	0	0.0
						1)	vilupp	155	377	2.1807652E-4
		2)	vr	0	0	0.0
			1)	vre	0	0	0.0
				1)	vreb	0	0	0.0
					1)	vrebb	0	0	0.0
						1)	vrebbe	347	264	1.5271141E-4
		3)	vo	0	0	0.0
			1)	vor	0	0	0.0
				1)	vorr	0	0	0.0
					1)	vorre	0	0	0.0
						1)	vorrei	388	249	1.4403462E-4
		4)	ve	0	0	0.0
			1)	vel	0	0	0.0
				1)	vell	0	0	0.0
					1)	vello	0	0	0.0
						1)	vello_	455	231	1.3362248E-4
