Italian	4	746519	1227
	1)	_	0	0	0.0
		1)	_d	0	0	0.0
			1)	_di	0	0	0.0
				1)	_di_	1	9738	0.0056329686
				2)	_dis	102	1156	6.686909E-4
				3)	_dir	157	913	5.2812696E-4
				4)	_div	698	337	1.9493843E-4
				5)	_dif	762	314	1.8163402E-4
				6)	_dim	962	262	1.515545E-4
				7)	_dic	995	253	1.4634844E-4
			2)	_de	0	0	0.0
				1)	_del	2	8383	0.0048491657
				2)	_dei	71	1560	9.0238557E-4
				3)	_deg	303	607	3.5112054E-4
				4)	_dev	364	532	3.0773663E-4
				5)	_dec	567	395	2.2848866E-4
				6)	_des	580	389	2.2501795E-4
				7)	_det	768	312	1.8047712E-4
				8)	_dep	1182	209	1.2089653E-4
				9)	_dem	1199	206	1.19161174E-4
			3)	_da	0	0	0.0
				1)	_dal	99	1171	6.773677E-4
				2)	_da_	118	1047	6.0563954E-4
			4)	_do	0	0	0.0
				1)	_dov	311	599	3.4649292E-4
				2)	_dob	906	277	1.6023128E-4
			5)	_du	0	0	0.0
				1)	_due	1097	228	1.3188712E-4
		2)	_c	0	0	0.0
			1)	_ch	0	0	0.0
				1)	_che	7	6080	0.00351699
				2)	_chi	214	769	4.448298E-4
			2)	_co	0	0	0.0
				1)	_con	9	5516	0.0031907428
				2)	_com	26	3023	0.0017486613
				3)	_cos	172	886	5.1250873E-4
				4)	_col	270	667	3.8582768E-4
				5)	_cor	855	289	1.6717272E-4
				6)	_coo	1197	207	1.1973963E-4
			3)	_cu	0	0	0.0
				1)	_cui	353	549	3.1757032E-4
			4)	_ci	0	0	0.0
				1)	_ci_	368	524	3.03109E-4
				2)	_cit	551	408	2.3600853E-4
				3)	_ciò	655	356	2.0592903E-4
			5)	_cr	0	0	0.0
				1)	_cre	415	485	2.8054937E-4
				2)	_cri	1079	231	1.3362248E-4
			6)	_ce	0	0	0.0
				1)	_cer	776	310	1.7932021E-4
			7)	_ca	0	0	0.0
				1)	_car	920	274	1.5849592E-4
				2)	_cas	948	267	1.5444677E-4
				3)	_cap	1138	219	1.2668106E-4
				4)	_cam	1198	207	1.1973963E-4
		3)	_l	0	0	0.0
			1)	_la	0	0	0.0
				1)	_la_	12	5320	0.0030773662
				2)	_lav	406	492	2.8459853E-4
			2)	_le	0	0	0.0
				1)	_le_	38	2152	0.0012448294
				2)	_leg	611	376	2.1749806E-4
				3)	_lei	1149	217	1.2552415E-4
			3)	_lo	0	0	0.0
				1)	_lor	520	420	2.4294997E-4
				2)	_lo_	521	420	2.4294997E-4
			4)	_li	0	0	0.0
				1)	_lin	685	343	1.9840914E-4
				2)	_liv	1008	251	1.4519153E-4
				3)	_lib	1086	230	1.3304403E-4
				4)	_lim	1103	227	1.3130867E-4
			5)	_lu	0	0	0.0
				1)	_lun	1112	225	1.3015176E-4
		4)	_p	0	0	0.0
			1)	_pe	0	0	0.0
				1)	_per	13	5158	0.002983657
				2)	_pen	895	279	1.6138819E-4
			2)	_pr	0	0	0.0
				1)	_pro	18	4026	0.002328849
				2)	_pre	47	1986	0.0011488063
				3)	_pri	143	942	5.4490205E-4
			3)	_pa	0	0	0.0
				1)	_par	57	1826	0.0010562539
				2)	_pae	512	425	2.4584224E-4
				3)	_pas	1227	200	1.1569046E-4
			4)	_po	0	0	0.0
				1)	_pos	90	1248	7.2190847E-4
				2)	_pol	160	910	5.263916E-4
				3)	_pot	315	596	3.4475757E-4
				4)	_por	715	328	1.8973235E-4
			5)	_pi	0	0	0.0
				1)	_più	156	914	5.287054E-4
			6)	_pu	0	0	0.0
				1)	_pun	596	381	2.2039033E-4
				2)	_può	841	294	1.7006497E-4
				3)	_pub	1092	229	1.3246558E-4
		5)	_i	0	0	0.0
			1)	_in	0	0	0.0
				1)	_in_	16	4554	0.0026342717
				2)	_int	63	1645	9.5155404E-4
				3)	_inf	424	481	2.7823556E-4
				4)	_ind	448	466	2.6955878E-4
				5)	_inc	629	369	2.134489E-4
				6)	_ini	681	345	1.9956604E-4
				7)	_inv	739	322	1.8626165E-4
				8)	_ins	752	317	1.8336938E-4
			2)	_il	0	0	0.0
				1)	_il_	17	4268	0.0024688344
			3)	_im	0	0	0.0
				1)	_imp	97	1196	6.9182896E-4
		6)	_q	0	0	0.0
			1)	_qu	0	0	0.0
				1)	_que	24	3150	0.0018221248
				2)	_qua	53	1878	0.0010863334
				3)	_qui	680	345	1.9956604E-4
		7)	_u	0	0	0.0
			1)	_un	0	0	0.0
				1)	_un_	30	2768	0.001601156
				2)	_una	42	2075	0.0012002885
				3)	_uno	775	310	1.7932021E-4
				4)	_uni	981	256	1.480838E-4
			2)	_ul	0	0	0.0
				1)	_ult	1078	231	1.3362248E-4
		8)	_n	0	0	0.0
			1)	_no	0	0	0.0
				1)	_non	31	2710	0.0015676058
				2)	_nos	233	731	4.2284862E-4
				3)	_noi	896	279	1.6138819E-4
			2)	_ne	0	0	0.0
				1)	_nel	39	2142	0.0012390448
				2)	_nec	536	416	2.4063616E-4
				3)	_nei	787	308	1.781633E-4
				4)	_neg	991	254	1.4692689E-4
			3)	_nu	0	0	0.0
				1)	_nuo	458	458	2.6493115E-4
			4)	_na	0	0	0.0
				1)	_naz	950	266	1.5386831E-4
		9)	_a	0	0	0.0
			1)	_al	0	0	0.0
				1)	_all	36	2494	0.00144266
				2)	_al_	94	1204	6.964566E-4
				3)	_alt	236	729	4.2169174E-4
				4)	_alc	577	391	2.2617485E-4
			2)	_an	0	0	0.0
				1)	_anc	82	1302	7.531449E-4
				2)	_ann	686	343	1.9840914E-4
			3)	_at	0	0	0.0
				1)	_att	137	953	5.51265E-4
			4)	_ap	0	0	0.0
				1)	_app	185	858	4.963121E-4
			5)	_ac	0	0	0.0
				1)	_acc	309	603	3.4880673E-4
			6)	_as	0	0	0.0
				1)	_ass	344	563	3.2566866E-4
				2)	_asp	1087	230	1.3304403E-4
			7)	_ab	0	0	0.0
				1)	_abb	355	548	3.1699185E-4
			8)	_af	0	0	0.0
				1)	_aff	373	515	2.9790294E-4
			9)	_ai	0	0	0.0
				1)	_ai_	445	469	2.7129412E-4
				2)	_aiu	878	283	1.63702E-4
			10)	_ad	0	0	0.0
				1)	_ad_	531	417	2.4121461E-4
			11)	_au	0	0	0.0
				1)	_aut	651	358	2.0708592E-4
			12)	_am	0	0	0.0
				1)	_amb	668	351	2.0303676E-4
			13)	_av	0	0	0.0
				1)	_ave	724	325	1.87997E-4
				2)	_avv	1057	237	1.370932E-4
			14)	_ag	0	0	0.0
				1)	_agl	1154	216	1.249457E-4
		10)	_s	0	0	0.0
			1)	_si	0	0	0.0
				1)	_si_	58	1777	0.0010279097
				2)	_sig	125	1001	5.790308E-4
				3)	_sia	184	863	4.992043E-4
				4)	_sic	697	337	1.9493843E-4
				5)	_sis	1167	212	1.2263189E-4
			2)	_su	0	0	0.0
				1)	_sul	104	1145	6.6232786E-4
				2)	_su_	550	408	2.3600853E-4
				3)	_suo	622	373	2.1576272E-4
				4)	_sua	857	288	1.6659427E-4
			3)	_st	0	0	0.0
				1)	_sta	107	1108	6.4092514E-4
				2)	_str	316	595	3.4417913E-4
				3)	_ste	782	309	1.7874176E-4
			4)	_so	0	0	0.0
				1)	_son	108	1097	6.3456217E-4
				2)	_sol	228	742	4.2921162E-4
				3)	_soc	498	434	2.510483E-4
				4)	_sos	570	394	2.279102E-4
				5)	_sot	854	289	1.6717272E-4
			5)	_se	0	0	0.0
				1)	_se_	267	670	3.8756305E-4
				2)	_sen	342	564	3.262471E-4
				3)	_set	579	389	2.2501795E-4
				4)	_sem	627	370	2.1402736E-4
				5)	_ser	647	360	2.0824283E-4
				6)	_sec	783	309	1.7874176E-4
				7)	_seg	1056	237	1.370932E-4
			6)	_sp	0	0	0.0
				1)	_spe	354	548	3.1699185E-4
			7)	_sa	0	0	0.0
				1)	_sar	395	496	2.8691234E-4
			8)	_sv	0	0	0.0
				1)	_svi	590	384	2.2212569E-4
			9)	_sc	0	0	0.0
				1)	_sco	1196	207	1.1973963E-4
		11)	_e	0	0	0.0
			1)	_eu	0	0	0.0
				1)	_eur	73	1530	8.85032E-4
			2)	_es	0	0	0.0
				1)	_ess	119	1043	6.033258E-4
				2)	_esp	632	366	2.1171354E-4
				3)	_ese	939	269	1.5560367E-4
				4)	_esi	982	256	1.480838E-4
				5)	_est	1051	238	1.3767165E-4
				6)	_esa	1205	203	1.1742582E-4
			3)	_ec	0	0	0.0
				1)	_eco	571	394	2.279102E-4
			4)	_ef	0	0	0.0
				1)	_eff	753	317	1.8336938E-4
			5)	_el	0	0	0.0
				1)	_ele	832	298	1.7237879E-4
			6)	_ed	0	0	0.0
				1)	_ed_	846	291	1.6832961E-4
			7)	_em	0	0	0.0
				1)	_eme	877	283	1.63702E-4
		12)	_r	0	0	0.0
			1)	_ri	0	0	0.0
				1)	_ris	86	1271	7.352129E-4
				2)	_ric	162	906	5.240778E-4
				3)	_rif	423	481	2.7823556E-4
				4)	_rit	575	392	2.267533E-4
				5)	_rig	645	361	2.0882128E-4
				6)	_rin	805	304	1.758495E-4
				7)	_rip	1085	230	1.3304403E-4
			2)	_re	0	0	0.0
				1)	_rel	159	910	5.263916E-4
				2)	_reg	191	826	4.778016E-4
				3)	_res	419	482	2.78814E-4
				4)	_rea	648	360	2.0824283E-4
			3)	_ra	0	0	0.0
				1)	_rap	625	371	2.1460581E-4
				2)	_rag	1158	215	1.2436725E-4
		13)	_t	0	0	0.0
			1)	_tu	0	0	0.0
				1)	_tut	91	1246	7.207516E-4
			2)	_tr	0	0	0.0
				1)	_tra	93	1217	7.0397643E-4
				2)	_tro	970	260	1.503976E-4
			3)	_ta	0	0	0.0
				1)	_tal	211	772	4.465652E-4
			4)	_te	0	0	0.0
				1)	_tem	507	427	2.4699915E-4
				2)	_ter	518	422	2.4410688E-4
				3)	_ten	912	275	1.5907438E-4
		14)	_h	0	0	0.0
			1)	_ha	0	0	0.0
				1)	_ha_	126	1001	5.790308E-4
				2)	_han	530	417	2.4121461E-4
			2)	_ho	0	0	0.0
				1)	_ho_	1014	250	1.4461308E-4
		15)	_g	0	0	0.0
			1)	_gl	0	0	0.0
				1)	_gli	175	878	5.078811E-4
			2)	_gi	0	0	0.0
				1)	_giu	258	679	3.927691E-4
				2)	_gio	747	318	1.8394784E-4
				3)	_già	795	307	1.7758485E-4
			3)	_gr	0	0	0.0
				1)	_gra	272	658	3.806216E-4
				2)	_gru	758	315	1.8221248E-4
			4)	_ge	0	0	0.0
				1)	_gen	975	258	1.4924069E-4
			5)	_go	0	0	0.0
				1)	_gov	978	257	1.4866224E-4
			6)	_ga	0	0	0.0
				1)	_gar	1060	235	1.359363E-4
		16)	_m	0	0	0.0
			1)	_ma	0	0	0.0
				1)	_ma_	182	865	5.0036126E-4
				2)	_man	604	378	2.1865497E-4
				3)	_mag	673	348	2.013014E-4
				4)	_mat	784	309	1.7874176E-4
			2)	_mo	0	0	0.0
				1)	_mod	260	677	3.916122E-4
				2)	_mol	380	508	2.9385378E-4
				3)	_mon	882	281	1.625451E-4
			3)	_me	0	0	0.0
				1)	_mer	385	504	2.9153997E-4
				2)	_mem	436	474	2.741864E-4
				3)	_men	919	274	1.5849592E-4
			4)	_mi	0	0	0.0
				1)	_mi_	413	486	2.811278E-4
				2)	_mio	867	286	1.6543736E-4
				3)	_mig	1033	243	1.405639E-4
				4)	_min	1044	240	1.3882856E-4
				5)	_mis	1132	221	1.2783796E-4
		17)	_f	0	0	0.0
			1)	_fi	0	0	0.0
				1)	_fin	197	805	4.656541E-4
			2)	_fo	0	0	0.0
				1)	_for	257	680	3.9334755E-4
				2)	_fon	631	368	2.1287045E-4
			3)	_fa	0	0	0.0
				1)	_far	414	486	2.811278E-4
				2)	_fat	492	437	2.5278365E-4
				3)	_fav	931	272	1.5733903E-4
			4)	_fr	0	0	0.0
				1)	_fra	562	400	2.3138092E-4
				2)	_fro	1171	211	1.2205344E-4
			5)	_fu	0	0	0.0
				1)	_fun	1218	201	1.16268915E-4
		18)	_o	0	0	0.0
			1)	_on	0	0	0.0
				1)	_ono	248	704	4.0723043E-4
			2)	_oc	0	0	0.0
				1)	_occ	400	494	2.8575544E-4
			3)	_og	0	0	0.0
				1)	_ogg	761	314	1.8163402E-4
			4)	_ob	0	0	0.0
				1)	_obi	924	273	1.5791749E-4
			5)	_or	0	0	0.0
				1)	_ora	1108	226	1.3073022E-4
			6)	_op	0	0	0.0
				1)	_opp	1179	210	1.2147499E-4
		19)	_v	0	0	0.0
			1)	_ve	0	0	0.0
				1)	_ver	392	497	2.874908E-4
				2)	_ven	908	276	1.5965283E-4
			2)	_vo	0	0	0.0
				1)	_vol	519	420	2.4294997E-4
				2)	_vor	890	280	1.6196664E-4
				3)	_vot	1036	242	1.3998545E-4
			3)	_va	0	0	0.0
				1)	_val	566	395	2.2848866E-4
			4)	_vi	0	0	0.0
				1)	_vis	1007	251	1.4519153E-4
		20)	_b	0	0	0.0
			1)	_be	0	0	0.0
				1)	_ben	802	306	1.7700641E-4
			2)	_ba	0	0	0.0
				1)	_bas	844	293	1.6948652E-4
	2)	c	0	0	0.0
		1)	ch	0	0	0.0
			1)	che	0	0	0.0
				1)	che_	3	7748	0.0044818483
			2)	ché	0	0	0.0
				1)	ché_	232	731	4.2284862E-4
			3)	chi	0	0	0.0
				1)	chia	336	574	3.3203163E-4
				2)	chie	442	471	2.7245103E-4
				3)	chi_	930	272	1.5733903E-4
		2)	co	0	0	0.0
			1)	con	0	0	0.0
				1)	cont	67	1601	9.2610216E-4
				2)	con_	89	1249	7.2248693E-4
				3)	cons	135	956	5.530004E-4
				4)	conc	158	910	5.263916E-4
				5)	cono	242	718	4.1532874E-4
				6)	cond	295	620	3.5864042E-4
				7)	conf	823	301	1.7411415E-4
			2)	com	0	0	0.0
				1)	comp	149	929	5.373822E-4
				2)	come	183	863	4.992043E-4
				3)	comu	213	769	4.448298E-4
				4)	comm	603	378	2.1865497E-4
			3)	cor	0	0	0.0
				1)	corr	262	675	3.904553E-4
				2)	cord	491	438	2.5336212E-4
				3)	cora	672	348	2.013014E-4
				4)	cors	954	265	1.5328986E-4
			4)	cos	0	0	0.0
				1)	cost	378	509	2.9443222E-4
			5)	col	0	0	0.0
				1)	coll	402	493	2.85177E-4
				2)	cola	496	434	2.510483E-4
				3)	colo	548	409	2.3658699E-4
				4)	colt	922	273	1.5791749E-4
				5)	coli	1225	200	1.1569046E-4
		3)	ce	0	0	0.0
			1)	ces	0	0	0.0
				1)	cess	177	876	5.0672423E-4
			2)	cen	0	0	0.0
				1)	cent	347	558	3.2277638E-4
			3)	cer	0	0	0.0
				1)	cert	923	273	1.5791749E-4
			4)	ced	0	0	0.0
				1)	cede	1180	209	1.2089653E-4
		4)	cu	0	0	0.0
			1)	cui	0	0	0.0
				1)	cui_	350	553	3.1988413E-4
			2)	cup	0	0	0.0
				1)	cupa	511	425	2.4584224E-4
			3)	cur	0	0	0.0
				1)	cure	921	273	1.5791749E-4
				2)	cura	1217	201	1.16268915E-4
			4)	cus	0	0	0.0
				1)	cuss	953	265	1.5328986E-4
		5)	cc	0	0	0.0
			1)	cco	0	0	0.0
				1)	ccor	439	473	2.7360793E-4
			2)	ccu	0	0	0.0
				1)	ccup	487	441	2.5509746E-4
		6)	ca	0	0	0.0
			1)	cat	0	0	0.0
				1)	cato	467	452	2.6146043E-4
			2)	car	0	0	0.0
				1)	care	692	339	1.9609534E-4
			3)	caz	0	0	0.0
				1)	cazi	704	334	1.9320307E-4
		7)	ci	0	0	0.0
			1)	cia	0	0	0.0
				1)	cial	473	447	2.5856818E-4
				2)	cia_	1107	226	1.3073022E-4
			2)	ciò	0	0	0.0
				1)	ciò_	624	372	2.1518426E-4
			3)	cit	0	0	0.0
				1)	citt	644	361	2.0882128E-4
			4)	cio	0	0	0.0
				1)	cio_	889	280	1.6196664E-4
			5)	cis	0	0	0.0
				1)	cisi	905	277	1.6023128E-4
			6)	cip	0	0	0.0
				1)	cipi	980	256	1.480838E-4
				2)	cipa	1178	210	1.2147499E-4
			7)	cie	0	0	0.0
				1)	cien	983	255	1.4750534E-4
		8)	cl	0	0	0.0
			1)	clu	0	0	0.0
				1)	clus	1166	212	1.2263189E-4
		9)	cr	0	0	0.0
			1)	cre	0	0	0.0
				1)	cred	1170	211	1.2205344E-4
	3)	o	0	0	0.0
		1)	on	0	0	0.0
			1)	one	0	0	0.0
				1)	one_	4	7628	0.004412434
			2)	oni	0	0	0.0
				1)	oni_	41	2138	0.0012367311
			3)	ono	0	0	0.0
				1)	ono_	49	1972	0.001140708
				2)	onor	194	814	4.7086016E-4
				3)	onom	470	449	2.597251E-4
				4)	onos	927	272	1.5733903E-4
			4)	ona	0	0	0.0
				1)	onal	151	920	5.321761E-4
			5)	ont	0	0	0.0
				1)	ontr	178	872	5.044104E-4
				2)	onti	479	444	2.5683283E-4
				3)	onte	564	398	2.3022402E-4
				4)	onta	675	347	2.0072295E-4
			6)	ond	0	0	0.0
				1)	ondi	504	430	2.487345E-4
				2)	ondo	557	404	2.3369474E-4
				3)	onda	593	382	2.2096878E-4
			7)	ons	0	0	0.0
				1)	onse	586	386	2.232826E-4
				2)	onsa	720	326	1.8857545E-4
				3)	onsi	834	297	1.7180033E-4
			8)	onc	0	0	0.0
				1)	onco	819	301	1.7411415E-4
				2)	once	928	272	1.5733903E-4
		2)	os	0	0	0.0
			1)	ost	0	0	0.0
				1)	ostr	106	1110	6.420821E-4
				2)	osta	247	705	4.0780887E-4
				3)	oste	410	487	2.8170628E-4
				4)	osti	582	387	2.2386105E-4
				5)	osto	1018	249	1.4403462E-4
			2)	oss	0	0	0.0
				1)	ossi	249	696	4.026028E-4
				2)	ossa	1081	230	1.3304403E-4
			3)	osi	0	0	0.0
				1)	osiz	719	326	1.8857545E-4
				2)	osit	959	263	1.5213295E-4
			4)	osa	0	0	0.0
				1)	osa_	1039	241	1.39407E-4
		3)	or	0	0	0.0
			1)	ore	0	0	0.0
				1)	ore_	109	1089	6.2993454E-4
				2)	orev	180	867	5.0151814E-4
			2)	orr	0	0	0.0
				1)	orre	122	1015	5.871291E-4
			3)	ori	0	0	0.0
				1)	ori_	150	926	5.3564686E-4
				2)	orit	1010	250	1.4461308E-4
			4)	ora	0	0	0.0
				1)	ora_	169	891	5.15401E-4
			5)	ort	0	0	0.0
				1)	orta	203	792	4.5813422E-4
				2)	orto	1151	216	1.249457E-4
			6)	oro	0	0	0.0
				1)	oro_	218	754	4.3615303E-4
			7)	orm	0	0	0.0
				1)	orma	278	645	3.7310174E-4
				2)	orme	836	296	1.7122188E-4
			8)	ord	0	0	0.0
				1)	ordi	623	372	2.1518426E-4
				2)	ordo	1152	216	1.249457E-4
			9)	ors	0	0	0.0
				1)	orse	1088	229	1.3246558E-4
				2)	orso	1164	212	1.2263189E-4
			10)	orn	0	0	0.0
				1)	orno	1193	208	1.2031808E-4
		4)	om	0	0	0.0
			1)	ome	0	0	0.0
				1)	ome_	130	969	5.605203E-4
				2)	omen	916	274	1.5849592E-4
			2)	omu	0	0	0.0
				1)	omun	212	769	4.448298E-4
			3)	omi	0	0	0.0
				1)	omic	779	309	1.7874176E-4
			4)	omm	0	0	0.0
				1)	ommi	915	274	1.5849592E-4
			5)	omp	0	0	0.0
				1)	ompe	1134	220	1.2725951E-4
			6)	oma	0	0	0.0
				1)	oman	1194	208	1.2031808E-4
		5)	ol	0	0	0.0
			1)	ole	0	0	0.0
				1)	ole_	131	965	5.5820646E-4
			2)	oli	0	0	0.0
				1)	olit	166	899	5.2002864E-4
				2)	oli_	290	627	3.626896E-4
			3)	olo	0	0	0.0
				1)	olo_	219	752	4.3499612E-4
			4)	oll	0	0	0.0
				1)	olle	376	511	2.9558913E-4
				2)	ollo	1186	209	1.2089653E-4
			5)	olt	0	0	0.0
				1)	olta	438	473	2.7360793E-4
				2)	olto	480	444	2.5683283E-4
				3)	oltr	909	275	1.5907438E-4
			6)	ola	0	0	0.0
				1)	olar	495	435	2.5162674E-4
			7)	olu	0	0	0.0
				1)	oluz	917	274	1.5849592E-4
		6)	op	0	0	0.0
			1)	ope	0	0	0.0
				1)	opea	220	750	4.3383922E-4
				2)	opeo	474	446	2.5798974E-4
				3)	oper	626	370	2.1402736E-4
			2)	opo	0	0	0.0
				1)	opos	294	622	3.5979733E-4
			3)	opr	0	0	0.0
				1)	opri	533	416	2.4063616E-4
			4)	opp	0	0	0.0
				1)	oppo	667	351	2.0303676E-4
		7)	ov	0	0	0.0
			1)	ove	0	0	0.0
				1)	over	308	603	3.4880673E-4
				2)	ove_	1209	202	1.1684737E-4
			2)	ovr	0	0	0.0
				1)	ovre	914	274	1.5849592E-4
			3)	ova	0	0	0.0
				1)	ova_	1172	211	1.2205344E-4
		8)	og	0	0	0.0
			1)	ogr	0	0	0.0
				1)	ogra	312	598	3.4591448E-4
			2)	ogg	0	0	0.0
				1)	oggi	615	374	2.1634116E-4
			3)	ogl	0	0	0.0
				1)	ogli	869	285	1.6485891E-4
			4)	oge	0	0	0.0
				1)	oget	933	270	1.5618213E-4
			5)	ogo	0	0	0.0
				1)	ogo_	1210	202	1.1684737E-4
		9)	od	0	0	0.0
			1)	odo	0	0	0.0
				1)	odo_	359	540	3.1236425E-4
		10)	oc	0	0	0.0
			1)	occ	0	0	0.0
				1)	occu	481	444	2.5683283E-4
				2)	occo	958	264	1.5271141E-4
			2)	oci	0	0	0.0
				1)	ocia	616	374	2.1634116E-4
			3)	ocr	0	0	0.0
				1)	ocra	1042	240	1.3882856E-4
		11)	ob	0	0	0.0
			1)	obl	0	0	0.0
				1)	oble	601	378	2.1865497E-4
			2)	obi	0	0	0.0
				1)	obie	751	317	1.8336938E-4
			3)	obb	0	0	0.0
				1)	obbi	902	277	1.6023128E-4
		12)	ot	0	0	0.0
			1)	ott	0	0	0.0
				1)	otto	658	354	2.0477212E-4
				2)	otta	886	280	1.6196664E-4
			2)	ote	0	0	0.0
				1)	oter	1115	224	1.2957331E-4
	4)	i	0	0	0.0
		1)	io	0	0	0.0
			1)	ion	0	0	0.0
				1)	ione	5	7341	0.0042464184
				2)	ioni	40	2140	0.0012378879
				3)	iona	116	1056	6.1084563E-4
			2)	ior	0	0	0.0
				1)	iore	1003	251	1.4519153E-4
				2)	iorn	1032	243	1.405639E-4
				3)	iori	1121	222	1.2841642E-4
		2)	it	0	0	0.0
			1)	ità	0	0	0.0
				1)	ità_	50	1942	0.0011233544
			2)	ito	0	0	0.0
				1)	ito_	88	1258	7.27693E-4
			3)	iti	0	0	0.0
				1)	itic	140	944	5.46059E-4
				2)	iti_	695	338	1.9551688E-4
				3)	itiv	1120	223	1.2899487E-4
			4)	ita	0	0	0.0
				1)	itar	337	573	3.3145316E-4
				2)	ita_	646	360	2.0824283E-4
			5)	itt	0	0	0.0
				1)	itta	714	329	1.903108E-4
				2)	itti	780	309	1.7874176E-4
				3)	itto	1026	247	1.4287772E-4
			6)	ite	0	0	0.0
				1)	iten	1050	238	1.3767165E-4
		3)	ia	0	0	0.0
			1)	iam	0	0	0.0
				1)	iamo	52	1879	0.0010869119
				2)	iame	375	513	2.9674603E-4
			2)	iat	0	0	0.0
				1)	iati	433	476	2.753433E-4
				2)	iato	965	261	1.5097605E-4
			3)	ial	0	0	0.0
				1)	iale	441	471	2.7245103E-4
				2)	iali	821	301	1.7411415E-4
			4)	iar	0	0	0.0
				1)	iare	484	443	2.5625437E-4
				2)	iari	528	417	2.4121461E-4
				3)	iara	1089	229	1.3246558E-4
			5)	ian	0	0	0.0
				1)	iano	653	356	2.0592903E-4
		4)	in	0	0	0.0
			1)	int	0	0	0.0
				1)	inte	62	1658	9.5907395E-4
			2)	ine	0	0	0.0
				1)	ine_	282	638	3.6905258E-4
				2)	inea	1212	202	1.1684737E-4
			3)	ind	0	0	0.0
				1)	indi	356	546	3.1583497E-4
			4)	ini	0	0	0.0
				1)	iniz	426	480	2.7765712E-4
				2)	ini_	427	480	2.7765712E-4
			5)	ina	0	0	0.0
				1)	inan	451	462	2.6724496E-4
				2)	inat	1083	230	1.3304403E-4
			6)	inc	0	0	0.0
				1)	inci	501	433	2.5046984E-4
			7)	ino	0	0	0.0
				1)	ino_	968	260	1.503976E-4
			8)	inv	0	0	0.0
				1)	inve	1040	241	1.39407E-4
		5)	ic	0	0	0.0
			1)	ica	0	0	0.0
				1)	ica_	72	1557	9.006502E-4
				2)	icat	554	406	2.3485164E-4
				3)	icaz	820	301	1.7411415E-4
				4)	icar	960	263	1.5213295E-4
			2)	ico	0	0	0.0
				1)	icol	167	897	5.188717E-4
				2)	ico_	187	846	4.8937066E-4
				3)	icor	1063	234	1.3535784E-4
			3)	ici	0	0	0.0
				1)	ici_	320	589	3.4070842E-4
			4)	ich	0	0	0.0
				1)	iche	338	573	3.3145316E-4
				2)	ichi	539	415	2.400577E-4
			5)	icu	0	0	0.0
				1)	icur	447	468	2.7071568E-4
			6)	ice	0	0	0.0
				1)	ice_	1168	211	1.2205344E-4
		6)	ir	0	0	0.0
			1)	ire	0	0	0.0
				1)	ire_	95	1202	6.9529965E-4
				2)	iret	634	365	2.1113509E-4
			2)	iri	0	0	0.0
				1)	irit	609	376	2.1749806E-4
		7)	ig	0	0	0.0
			1)	ign	0	0	0.0
				1)	igno	146	931	5.385391E-4
			2)	igu	0	0	0.0
				1)	igua	798	306	1.7700641E-4
			3)	igl	0	0	0.0
				1)	igli	899	278	1.6080974E-4
		8)	iv	0	0	0.0
			1)	iva	0	0	0.0
				1)	iva_	153	918	5.3101924E-4
			2)	ivo	0	0	0.0
				1)	ivo_	293	624	3.6095423E-4
			3)	ivi	0	0	0.0
				1)	ivi_	482	444	2.5683283E-4
			4)	ive	0	0	0.0
				1)	ive_	505	428	2.4757758E-4
				2)	ivel	903	277	1.6023128E-4
				3)	iver	1029	245	1.4172081E-4
		9)	iz	0	0	0.0
			1)	izi	0	0	0.0
				1)	izio	181	865	5.0036126E-4
				2)	izia	292	625	3.615327E-4
			2)	izz	0	0	0.0
				1)	izza	225	747	4.3210387E-4
		10)	il	0	0	0.0
			1)	ile	0	0	0.0
				1)	ile_	190	830	4.801154E-4
			2)	ili	0	0	0.0
				1)	ilit	305	606	3.505421E-4
				2)	ili_	558	404	2.3369474E-4
			3)	ilu	0	0	0.0
				1)	ilup	607	377	2.1807652E-4
		11)	ib	0	0	0.0
			1)	ibi	0	0	0.0
				1)	ibil	231	737	4.2631934E-4
			2)	ibe	0	0	0.0
				1)	iber	1064	234	1.3535784E-4
		12)	if	0	0	0.0
			1)	ifi	0	0	0.0
				1)	ific	241	718	4.1532874E-4
			2)	ifo	0	0	0.0
				1)	ifor	1012	250	1.4461308E-4
		13)	im	0	0	0.0
			1)	ime	0	0	0.0
				1)	imen	245	707	4.0896577E-4
			2)	imp	0	0	0.0
				1)	impo	252	689	3.9855365E-4
				2)	impr	992	253	1.4634844E-4
				3)	impe	1035	242	1.3998545E-4
			3)	ima	0	0	0.0
				1)	ima_	394	496	2.8691234E-4
			4)	imo	0	0	0.0
				1)	imo_	483	444	2.5683283E-4
		14)	ie	0	0	0.0
			1)	ien	0	0	0.0
				1)	ient	288	632	3.6558186E-4
				2)	iene	1128	221	1.2783796E-4
			2)	iet	0	0	0.0
				1)	iett	799	306	1.7700641E-4
		15)	is	0	0	0.0
			1)	ist	0	0	0.0
				1)	iste	301	608	3.51699E-4
				2)	isti	456	459	2.6550962E-4
				3)	ista	707	333	1.9262462E-4
				4)	istr	741	320	1.8510474E-4
			2)	isp	0	0	0.0
				1)	ispo	401	493	2.85177E-4
				2)	ispe	676	347	2.0072295E-4
			3)	iss	0	0	0.0
				1)	issi	500	433	2.5046984E-4
			4)	isi	0	0	0.0
				1)	isio	664	352	2.0361521E-4
			5)	isc	0	0	0.0
				1)	iscu	708	333	1.9262462E-4
			6)	iso	0	0	0.0
				1)	isol	971	259	1.4981914E-4
		16)	id	0	0	0.0
			1)	ide	0	0	0.0
				1)	ider	330	577	3.3376698E-4
				2)	iden	843	293	1.6948652E-4
		17)	iu	0	0	0.0
			1)	ius	0	0	0.0
				1)	iust	910	275	1.5907438E-4
			2)	iut	0	0	0.0
				1)	iuti	974	258	1.4924069E-4
	5)	z	0	0	0.0
		1)	zi	0	0	0.0
			1)	zio	0	0	0.0
				1)	zion	6	7201	0.004165435
				2)	zio_	699	336	1.9435998E-4
			2)	zia	0	0	0.0
				1)	ziat	396	494	2.8575544E-4
				2)	ziar	494	435	2.5162674E-4
				3)	zia_	770	310	1.7932021E-4
				4)	zial	1150	216	1.249457E-4
		2)	zz	0	0	0.0
			1)	zza	0	0	0.0
				1)	zza_	418	483	2.7939247E-4
				2)	zzaz	777	309	1.7874176E-4
				3)	zzat	1163	213	1.2321034E-4
		3)	za	0	0	0.0
			1)	zaz	0	0	0.0
				1)	zazi	778	309	1.7874176E-4
			2)	zar	0	0	0.0
				1)	zare	1098	227	1.3130867E-4
	6)	d	0	0	0.0
		1)	de	0	0	0.0
			1)	del	0	0	0.0
				1)	dell	8	5785	0.0033463466
				2)	del_	35	2530	0.0014634844
			2)	dei	0	0	0.0
				1)	dei_	70	1560	9.0238557E-4
			3)	der	0	0	0.0
				1)	dere	256	682	3.9450446E-4
				2)	dera	743	319	1.8452629E-4
				3)	dero	1216	201	1.16268915E-4
			4)	deg	0	0	0.0
				1)	degl	326	581	3.360808E-4
			5)	den	0	0	0.0
				1)	dent	510	425	2.4584224E-4
			6)	dec	0	0	0.0
				1)	deci	660	354	2.0477212E-4
			7)	dev	0	0	0.0
				1)	deve	786	308	1.781633E-4
				2)	devo	1161	213	1.2321034E-4
			8)	des	0	0	0.0
				1)	desi	801	306	1.7700641E-4
			9)	det	0	0	0.0
				1)	dett	990	254	1.4692689E-4
			10)	dem	0	0	0.0
				1)	demo	1157	215	1.2436725E-4
		2)	da	0	0	0.0
			1)	dal	0	0	0.0
				1)	dall	253	686	3.9681827E-4
				2)	dal_	435	475	2.7476484E-4
			2)	dam	0	0	0.0
				1)	dame	408	490	2.8344162E-4
			3)	dar	0	0	0.0
				1)	dare	942	268	1.5502522E-4
			4)	dat	0	0	0.0
				1)	dato	1065	234	1.3535784E-4
		3)	di	0	0	0.0
			1)	dir	0	0	0.0
				1)	dire	291	626	3.6211114E-4
				2)	diri	639	362	2.0939973E-4
			2)	dis	0	0	0.0
				1)	disc	351	551	3.1872722E-4
				2)	disp	576	391	2.2617485E-4
			3)	dic	0	0	0.0
				1)	dica	740	321	1.856832E-4
			4)	diz	0	0	0.0
				1)	dizi	794	307	1.7758485E-4
			5)	din	0	0	0.0
				1)	dini	880	282	1.6312355E-4
			6)	div	0	0	0.0
				1)	dive	888	280	1.6196664E-4
			7)	dif	0	0	0.0
				1)	diff	1041	241	1.39407E-4
		4)	do	0	0	0.0
			1)	dov	0	0	0.0
				1)	dovr	569	394	2.279102E-4
			2)	dob	0	0	0.0
				1)	dobb	904	277	1.6023128E-4
			3)	dot	0	0	0.0
				1)	dott	929	272	1.5733903E-4
		5)	du	0	0	0.0
			1)	due	0	0	0.0
				1)	due_	1084	230	1.3304403E-4
	7)	m	0	0	0.0
		1)	me	0	0	0.0
			1)	men	0	0	0.0
				1)	ment	10	5398	0.0031224855
				2)	mend	984	255	1.4750534E-4
				3)	meno	1106	226	1.3073022E-4
			2)	mem	0	0	0.0
				1)	memb	462	455	2.631958E-4
			3)	mer	0	0	0.0
				1)	merc	595	381	2.2039033E-4
				2)	meri	1189	209	1.2089653E-4
			4)	met	0	0	0.0
				1)	mett	876	283	1.63702E-4
			5)	mes	0	0	0.0
				1)	mess	1135	220	1.2725951E-4
		2)	mp	0	0	0.0
			1)	mpo	0	0	0.0
				1)	mpor	280	641	3.7078792E-4
				2)	mpo_	964	261	1.5097605E-4
			2)	mpr	0	0	0.0
				1)	mpre	374	513	2.9674603E-4
			3)	mpl	0	0	0.0
				1)	mpli	746	318	1.8394784E-4
		3)	mu	0	0	0.0
			1)	mun	0	0	0.0
				1)	muni	370	521	3.0137366E-4
		4)	mo	0	0	0.0
			1)	mol	0	0	0.0
				1)	molt	386	501	2.898046E-4
			2)	mod	0	0	0.0
				1)	modo	509	425	2.4584224E-4
		5)	mi	0	0	0.0
			1)	min	0	0	0.0
				1)	mina	525	418	2.4179307E-4
				2)	mini	754	316	1.8279093E-4
			2)	mis	0	0	0.0
				1)	miss	642	361	2.0882128E-4
			3)	mio	0	0	0.0
				1)	mio_	828	299	1.7295724E-4
			4)	mig	0	0	0.0
				1)	migl	988	254	1.4692689E-4
			5)	mia	0	0	0.0
				1)	mia_	1043	240	1.3882856E-4
		6)	mb	0	0	0.0
			1)	mbr	0	0	0.0
				1)	mbri	608	376	2.1749806E-4
			2)	mbi	0	0	0.0
				1)	mbie	1075	231	1.3362248E-4
				2)	mbit	1220	201	1.16268915E-4
		7)	mm	0	0	0.0
			1)	mma	0	0	0.0
				1)	mma_	670	350	2.0245831E-4
			2)	mmi	0	0	0.0
				1)	mmis	773	310	1.7932021E-4
		8)	ma	0	0	0.0
			1)	mag	0	0	0.0
				1)	magg	721	326	1.8857545E-4
			2)	mat	0	0	0.0
				1)	mate	863	286	1.6543736E-4
				2)	mati	1165	212	1.2263189E-4
			3)	maz	0	0	0.0
				1)	mazi	887	280	1.6196664E-4
			4)	man	0	0	0.0
				1)	mani	1147	217	1.2552415E-4
				2)	mand	1190	209	1.2089653E-4
	8)	l	0	0	0.0
		1)	ll	0	0	0.0
			1)	lla	0	0	0.0
				1)	lla_	11	5331	0.0030837292
			2)	lle	0	0	0.0
				1)	lle_	37	2384	0.0013790303
				2)	lleg	489	439	2.5394055E-4
			3)	llo	0	0	0.0
				1)	llo_	144	941	5.4432364E-4
			4)	llu	0	0	0.0
				1)	llun	860	287	1.6601582E-4
			5)	lli	0	0	0.0
				1)	llin	998	252	1.4576998E-4
				2)	lli_	1176	210	1.2147499E-4
		2)	li	0	0	0.0
			1)	lit	0	0	0.0
				1)	liti	171	889	5.142441E-4
				2)	lità	196	810	4.6854638E-4
			2)	liz	0	0	0.0
				1)	lizz	382	507	2.932753E-4
			3)	lic	0	0	0.0
				1)	lica	506	427	2.4699915E-4
			4)	lin	0	0	0.0
				1)	line	774	310	1.7932021E-4
			5)	liv	0	0	0.0
				1)	live	999	252	1.4576998E-4
			6)	lia	0	0	0.0
				1)	liam	1028	246	1.4229926E-4
			7)	lib	0	0	0.0
				1)	libe	1069	232	1.3420093E-4
			8)	lio	0	0	0.0
				1)	lior	1127	221	1.2783796E-4
				2)	lio_	1211	202	1.1684737E-4
		3)	la	0	0	0.0
			1)	laz	0	0	0.0
				1)	lazi	186	847	4.899491E-4
			2)	lar	0	0	0.0
				1)	lare	383	506	2.9269687E-4
			3)	lav	0	0	0.0
				1)	lavo	411	487	2.8170628E-4
			4)	lam	0	0	0.0
				1)	lame	737	322	1.8626165E-4
			5)	lat	0	0	0.0
				1)	lati	757	315	1.8221248E-4
				2)	lato	1001	252	1.4576998E-4
		4)	lm	0	0	0.0
			1)	lme	0	0	0.0
				1)	lmen	329	578	3.3434544E-4
		5)	lt	0	0	0.0
			1)	ltr	0	0	0.0
				1)	ltre	457	458	2.6493115E-4
				2)	ltri	941	268	1.5502522E-4
				3)	ltro	1011	250	1.4461308E-4
			2)	lto	0	0	0.0
				1)	lto_	461	456	2.6377424E-4
			3)	lta	0	0	0.0
				1)	lta_	813	302	1.746926E-4
				2)	ltan	1124	222	1.2841642E-4
			4)	ltu	0	0	0.0
				1)	ltur	1100	227	1.3130867E-4
		6)	lo	0	0	0.0
			1)	lor	0	0	0.0
				1)	loro	466	452	2.6146043E-4
		7)	lu	0	0	0.0
			1)	lun	0	0	0.0
				1)	luni	526	418	2.4179307E-4
			2)	lup	0	0	0.0
				1)	lupp	602	378	2.1865497E-4
			3)	luz	0	0	0.0
				1)	luzi	918	274	1.5849592E-4
			4)	lut	0	0	0.0
				1)	luta	1119	223	1.2899487E-4
		8)	lc	0	0	0.0
			1)	lcu	0	0	0.0
				1)	lcun	545	412	2.3832235E-4
		9)	le	0	0	0.0
			1)	leg	0	0	0.0
				1)	lega	898	278	1.6080974E-4
				2)	legh	1000	252	1.4576998E-4
				3)	legi	1096	228	1.3188712E-4
			2)	lei	0	0	0.0
				1)	lei_	1141	218	1.261026E-4
			3)	let	0	0	0.0
				1)	lett	1148	217	1.2552415E-4
	9)	a	0	0	0.0
		1)	az	0	0	0.0
			1)	azi	0	0	0.0
				1)	azio	14	5070	0.0029327532
		2)	ar	0	0	0.0
			1)	are	0	0	0.0
				1)	are_	15	4694	0.0027152551
			2)	ari	0	0	0.0
				1)	ari_	239	719	4.159072E-4
				2)	ario	379	509	2.9443222E-4
				3)	aria	612	375	2.1691961E-4
				4)	arie	756	316	1.8279093E-4
			3)	art	0	0	0.0
				1)	arti	266	670	3.8756305E-4
				2)	arte	366	530	3.0657972E-4
			4)	arl	0	0	0.0
				1)	arla	679	345	1.9956604E-4
			5)	ara	0	0	0.0
				1)	aran	738	322	1.8626165E-4
			6)	ard	0	0	0.0
				1)	arda	977	257	1.4866224E-4
			7)	arà	0	0	0.0
				1)	arà_	1090	229	1.3246558E-4
			8)	ars	0	0	0.0
				1)	arsi	1091	229	1.3246558E-4
		3)	at	0	0	0.0
			1)	ato	0	0	0.0
				1)	ato_	27	3020	0.001746926
				2)	ator	363	535	3.0947197E-4
			2)	ati	0	0	0.0
				1)	ati_	77	1395	8.0694095E-4
				2)	ativ	111	1086	6.281992E-4
				3)	atic	650	358	2.0708592E-4
			3)	ata	0	0	0.0
				1)	ata_	92	1227	7.09761E-4
			4)	att	0	0	0.0
				1)	atti	238	719	4.159072E-4
				2)	atto	349	555	3.2104104E-4
				3)	attu	403	493	2.85177E-4
				4)	atte	468	452	2.6146043E-4
				5)	atta	540	415	2.400577E-4
			5)	ate	0	0	0.0
				1)	ate_	265	672	3.8871996E-4
				2)	ater	831	298	1.7237879E-4
			6)	atu	0	0	0.0
				1)	atur	1131	221	1.2783796E-4
		4)	am	0	0	0.0
			1)	ame	0	0	0.0
				1)	amen	28	2986	0.0017272586
			2)	amo	0	0	0.0
				1)	amo_	51	1901	0.0010996378
			3)	amb	0	0	0.0
				1)	ambi	264	674	3.8987686E-4
			4)	amm	0	0	0.0
				1)	amma	555	406	2.3485164E-4
				2)	ammi	691	340	1.9667378E-4
		5)	al	0	0	0.0
			1)	ale	0	0	0.0
				1)	ale_	29	2897	0.0016757763
			2)	ali	0	0	0.0
				1)	ali_	54	1846	0.0010678229
				2)	aliz	663	353	2.0419367E-4
				3)	alit	901	278	1.6080974E-4
			3)	all	0	0	0.0
				1)	alla	64	1634	9.451911E-4
				2)	alle	243	713	4.124365E-4
				3)	all_	430	478	2.765002E-4
				4)	allo	1020	249	1.4403462E-4
			4)	alt	0	0	0.0
				1)	altr	207	775	4.4830053E-4
			5)	alm	0	0	0.0
				1)	alme	434	476	2.753433E-4
			6)	alc	0	0	0.0
				1)	alcu	546	412	2.3832235E-4
		6)	an	0	0	0.0
			1)	ano	0	0	0.0
				1)	ano_	79	1356	7.8438135E-4
			2)	ant	0	0	0.0
				1)	anto	103	1150	6.6522014E-4
				2)	ante	217	759	4.390453E-4
				3)	anti	261	676	3.9103377E-4
			3)	anc	0	0	0.0
				1)	anch	115	1061	6.137379E-4
				2)	anco	618	374	2.1634116E-4
				3)	anci	1226	200	1.1569046E-4
			4)	ann	0	0	0.0
				1)	anno	121	1021	5.905998E-4
				2)	anni	969	260	1.503976E-4
			5)	anz	0	0	0.0
				1)	anzi	240	719	4.159072E-4
				2)	anza	412	487	2.8170628E-4
			6)	and	0	0	0.0
				1)	ando	281	640	3.7020948E-4
				2)	anda	1013	250	1.4461308E-4
				3)	ande	1143	218	1.261026E-4
			7)	ani	0	0	0.0
				1)	ani_	994	253	1.4634844E-4
		7)	ab	0	0	0.0
			1)	abi	0	0	0.0
				1)	abil	189	832	4.8127232E-4
			2)	abb	0	0	0.0
				1)	abbi	407	491	2.840201E-4
		8)	ag	0	0	0.0
			1)	agg	0	0	0.0
				1)	aggi	199	797	4.6102647E-4
			2)	agl	0	0	0.0
				1)	agli	529	417	2.4121461E-4
		9)	av	0	0	0.0
			1)	avo	0	0	0.0
				1)	avor	210	772	4.465652E-4
			2)	ave	0	0	0.0
				1)	aver	1006	251	1.4519153E-4
			3)	avi	0	0	0.0
				1)	avia	1073	232	1.3420093E-4
		10)	ap	0	0	0.0
			1)	app	0	0	0.0
				1)	appr	322	589	3.4070842E-4
				2)	appl	907	276	1.5965283E-4
				3)	appo	1123	222	1.2841642E-4
		11)	ac	0	0	0.0
			1)	acc	0	0	0.0
				1)	acco	422	481	2.7823556E-4
				2)	acce	894	279	1.6138819E-4
		12)	as	0	0	0.0
			1)	ass	0	0	0.0
				1)	assi	497	434	2.510483E-4
				2)	assa	1077	231	1.3362248E-4
				3)	asso	1153	216	1.249457E-4
			2)	asp	0	0	0.0
				1)	aspe	1111	225	1.3015176E-4
			3)	ase	0	0	0.0
				1)	ase_	1162	213	1.2321034E-4
			4)	asi	0	0	0.0
				1)	asi_	1204	203	1.1742582E-4
		13)	au	0	0	0.0
			1)	aut	0	0	0.0
				1)	auto	598	379	2.1923342E-4
		14)	ad	0	0	0.0
			1)	adi	0	0	0.0
				1)	adin	810	303	1.7527105E-4
		15)	ae	0	0	0.0
			1)	aes	0	0	0.0
				1)	aesi	849	290	1.6775118E-4
		16)	ai	0	0	0.0
			1)	aiu	0	0	0.0
				1)	aiut	866	286	1.6543736E-4
	10)	n	0	0	0.0
		1)	nt	0	0	0.0
			1)	nte	0	0	0.0
				1)	nte_	19	3954	0.0022872004
				2)	nter	84	1285	7.433112E-4
				3)	nten	522	419	2.4237152E-4
			2)	nto	0	0	0.0
				1)	nto_	21	3684	0.0021310183
			3)	nti	0	0	0.0
				1)	nti_	44	2050	0.0011858272
				2)	ntir	1095	228	1.3188712E-4
				3)	ntin	1160	214	1.2378879E-4
			4)	ntr	0	0	0.0
				1)	ntro	254	684	3.9566137E-4
				2)	ntra	365	530	3.0657972E-4
				3)	ntri	1049	238	1.3767165E-4
			5)	nta	0	0	0.0
				1)	ntar	310	600	3.470714E-4
				2)	ntat	581	388	2.244395E-4
				3)	ntal	693	338	1.9551688E-4
				4)	nta_	1045	239	1.382501E-4
		2)	no	0	0	0.0
			1)	non	0	0	0.0
				1)	non_	34	2539	0.0014686903
			2)	nor	0	0	0.0
				1)	nore	195	813	4.7028172E-4
				2)	nor_	319	590	3.4128685E-4
				3)	nora	547	410	2.3716544E-4
				4)	norm	1104	226	1.3073022E-4
			3)	nos	0	0	0.0
				1)	nost	202	793	4.587127E-4
				2)	nosc	1175	210	1.2147499E-4
			4)	nom	0	0	0.0
				1)	nomi	420	481	2.7823556E-4
			5)	noi	0	0	0.0
				1)	noi_	892	279	1.6138819E-4
		3)	nz	0	0	0.0
			1)	nza	0	0	0.0
				1)	nza_	61	1694	9.798981E-4
			2)	nzi	0	0	0.0
				1)	nzia	250	692	4.00289E-4
				2)	nzio	362	535	3.0947197E-4
			3)	nze	0	0	0.0
				1)	nze_	560	401	2.3195938E-4
		4)	nd	0	0	0.0
			1)	ndo	0	0	0.0
				1)	ndo_	80	1320	7.6355704E-4
			2)	nda	0	0	0.0
				1)	ndam	516	423	2.4468533E-4
				2)	nda_	1024	247	1.4287772E-4
			3)	nde	0	0	0.0
				1)	nder	535	416	2.4063616E-4
				2)	nde_	589	385	2.2270414E-4
			4)	ndi	0	0	0.0
				1)	ndi_	549	408	2.3600853E-4
		5)	ne	0	0	0.0
			1)	nel	0	0	0.0
				1)	nell	87	1269	7.34056E-4
				2)	nel_	164	903	5.2234245E-4
			2)	nec	0	0	0.0
				1)	nece	534	416	2.4063616E-4
			3)	nei	0	0	0.0
				1)	nei_	767	312	1.8047712E-4
			4)	ner	0	0	0.0
				1)	nere	812	302	1.746926E-4
		6)	nn	0	0	0.0
			1)	nno	0	0	0.0
				1)	nno_	120	1021	5.905998E-4
			2)	nni	0	0	0.0
				1)	nni_	1053	237	1.370932E-4
		7)	nc	0	0	0.0
			1)	nch	0	0	0.0
				1)	nche	124	1003	5.8018765E-4
				2)	nché	1059	235	1.359363E-4
			2)	nco	0	0	0.0
				1)	ncor	287	634	3.6673876E-4
			3)	nci	0	0	0.0
				1)	ncip	736	322	1.8626165E-4
			4)	ncl	0	0	0.0
				1)	nclu	1173	211	1.2205344E-4
		8)	na	0	0	0.0
			1)	nal	0	0	0.0
				1)	nali	298	617	3.5690508E-4
				2)	nale	300	611	3.5343436E-4
			2)	naz	0	0	0.0
				1)	nazi	352	549	3.1757032E-4
			3)	nan	0	0	0.0
				1)	nanz	390	498	2.8806925E-4
			4)	nam	0	0	0.0
				1)	name	1025	247	1.4287772E-4
			5)	nar	0	0	0.0
				1)	nare	1082	230	1.3304403E-4
			6)	nat	0	0	0.0
				1)	nati	1105	226	1.3073022E-4
		9)	ni	0	0	0.0
			1)	nio	0	0	0.0
				1)	nion	389	498	2.8806925E-4
			2)	niz	0	0	0.0
				1)	nizi	417	484	2.799709E-4
			3)	nit	0	0	0.0
				1)	nita	706	333	1.9262462E-4
				2)	nità	1054	237	1.370932E-4
			4)	nis	0	0	0.0
				1)	nist	1187	209	1.2089653E-4
			5)	nic	0	0	0.0
				1)	nica	1188	209	1.2089653E-4
			6)	nir	0	0	0.0
				1)	nire	1224	200	1.1569046E-4
		10)	nu	0	0	0.0
			1)	nuo	0	0	0.0
				1)	nuov	465	452	2.6146043E-4
		11)	ns	0	0	0.0
			1)	nsa	0	0	0.0
				1)	nsab	694	338	1.9551688E-4
			2)	nsi	0	0	0.0
				1)	nsid	1031	244	1.4114236E-4
			3)	nso	0	0	0.0
				1)	nso_	1062	234	1.3535784E-4
		12)	nq	0	0	0.0
			1)	nqu	0	0	0.0
				1)	nque	830	298	1.7237879E-4
		13)	ng	0	0	0.0
			1)	ngo	0	0	0.0
				1)	ngo_	875	283	1.63702E-4
			2)	ngr	0	0	0.0
				1)	ngra	1155	215	1.2436725E-4
	11)	e	0	0	0.0
		1)	el	0	0	0.0
			1)	ell	0	0	0.0
				1)	ella	20	3736	0.0021610977
				2)	elle	55	1841	0.0010649307
				3)	ell_	136	955	5.5242196E-4
				4)	ello	216	765	4.42516E-4
				5)	ellu	755	316	1.8279093E-4
				6)	elli	848	290	1.6775118E-4
			2)	ela	0	0	0.0
				1)	elaz	339	573	3.3145316E-4
				2)	elat	666	352	2.0361521E-4
		2)	en	0	0	0.0
			1)	ent	0	0	0.0
				1)	ente	23	3340	0.0019320307
				2)	ento	46	2007	0.0011609538
				3)	enti	59	1747	0.0010105561
				4)	enta	68	1580	9.1395463E-4
				5)	entr	371	520	3.007952E-4
			2)	enz	0	0	0.0
				1)	enza	85	1282	7.4157584E-4
				2)	enzi	384	504	2.9153997E-4
				3)	enze	870	285	1.6485891E-4
			3)	end	0	0	0.0
				1)	ende	259	677	3.916122E-4
				2)	endo	405	492	2.8459853E-4
				3)	enda	690	340	1.9667378E-4
			4)	ene	0	0	0.0
				1)	ener	321	589	3.4070842E-4
				2)	ene_	712	330	1.9088926E-4
			5)	eno	0	0	0.0
				1)	eno_	709	333	1.9262462E-4
			6)	enu	0	0	0.0
				1)	enut	760	314	1.8163402E-4
			7)	eng	0	0	0.0
				1)	engo	865	286	1.6543736E-4
			8)	ens	0	0	0.0
				1)	ensi	871	285	1.6485891E-4
				2)	enso	1055	237	1.370932E-4
		3)	er	0	0	0.0
			1)	ere	0	0	0.0
				1)	ere_	25	3041	0.0017590735
				2)	eres	1156	215	1.2436725E-4
			2)	ero	0	0	0.0
				1)	ero_	173	885	5.1193027E-4
			3)	era	0	0	0.0
				1)	era_	391	498	2.8806925E-4
				2)	eraz	800	306	1.7700641E-4
				3)	eral	934	270	1.5618213E-4
				4)	eran	1116	224	1.2957331E-4
				5)	erat	1177	210	1.2147499E-4
			4)	ern	0	0	0.0
				1)	erno	573	393	2.2733175E-4
				2)	erna	759	314	1.8163402E-4
			5)	erc	0	0	0.0
				1)	erch	574	392	2.267533E-4
				2)	erca	610	376	2.1749806E-4
				3)	erci	1046	239	1.382501E-4
			6)	ert	0	0	0.0
				1)	erta	628	369	2.134489E-4
			7)	ers	0	0	0.0
				1)	erso	643	361	2.0882128E-4
				2)	ersi	822	301	1.7411415E-4
			8)	eri	0	0	0.0
				1)	eria	665	352	2.0361521E-4
				2)	eri_	893	279	1.6138819E-4
				3)	erit	952	265	1.5328986E-4
				4)	erio	1005	251	1.4519153E-4
			9)	erà	0	0	0.0
				1)	erà_	728	324	1.8741854E-4
			10)	erv	0	0	0.0
				1)	erve	808	303	1.7527105E-4
			11)	erm	0	0	0.0
				1)	ermi	947	267	1.5444677E-4
				2)	erma	1030	245	1.4172081E-4
		4)	eu	0	0	0.0
			1)	eur	0	0	0.0
				1)	euro	60	1704	9.856827E-4
		5)	es	0	0	0.0
			1)	est	0	0	0.0
				1)	esto	76	1431	8.2776527E-4
				2)	esti	133	961	5.5589265E-4
				3)	esta	139	948	5.483728E-4
				4)	este	517	422	2.4410688E-4
			2)	ess	0	0	0.0
				1)	esse	105	1131	6.5422955E-4
				2)	essi	204	789	4.5639888E-4
				3)	esso	205	787	4.5524197E-4
				4)	essa	237	719	4.159072E-4
			3)	ese	0	0	0.0
				1)	esen	223	748	4.326823E-4
				2)	ese_	341	566	3.27404E-4
			4)	esi	0	0	0.0
				1)	esi_	360	540	3.1236425E-4
				2)	esid	723	325	1.87997E-4
			5)	esp	0	0	0.0
				1)	espo	718	327	1.891539E-4
		6)	et	0	0	0.0
			1)	ett	0	0	0.0
				1)	etti	98	1187	6.8662287E-4
				2)	etto	110	1088	6.2935613E-4
				3)	etta	314	596	3.4475757E-4
				4)	ette	617	374	2.1634116E-4
			2)	età	0	0	0.0
				1)	età_	1169	211	1.2205344E-4
		7)	ev	0	0	0.0
			1)	evo	0	0	0.0
				1)	evol	112	1083	6.2646385E-4
			2)	eve	0	0	0.0
				1)	eve_	678	346	2.001445E-4
		8)	eb	0	0	0.0
			1)	ebb	0	0	0.0
				1)	ebbe	192	824	4.766447E-4
		9)	eg	0	0	0.0
			1)	egl	0	0	0.0
				1)	egli	193	823	4.7606626E-4
			2)	egi	0	0	0.0
				1)	egio	361	538	3.1120735E-4
				2)	egis	1203	203	1.1742582E-4
			3)	egh	0	0	0.0
				1)	eghi	976	257	1.4866224E-4
			4)	ego	0	0	0.0
				1)	egol	1047	239	1.382501E-4
			5)	egn	0	0	0.0
				1)	egna	1195	208	1.2031808E-4
		10)	ec	0	0	0.0
			1)	eco	0	0	0.0
				1)	econ	244	710	4.1070115E-4
			2)	ece	0	0	0.0
				1)	eces	503	431	2.4931296E-4
			3)	eci	0	0	0.0
				1)	ecis	587	386	2.232826E-4
		11)	em	0	0	0.0
			1)	eme	0	0	0.0
				1)	emen	279	644	3.725233E-4
			2)	emb	0	0	0.0
				1)	embr	302	607	3.5112054E-4
			3)	ema	0	0	0.0
				1)	ema_	486	441	2.5509746E-4
			4)	emo	0	0	0.0
				1)	emo_	809	303	1.7527105E-4
			5)	emi	0	0	0.0
				1)	emi_	853	289	1.6717272E-4
			6)	emp	0	0	0.0
				1)	empo	1102	227	1.3130867E-4
				2)	empi	1142	218	1.261026E-4
		12)	ez	0	0	0.0
			1)	ezz	0	0	0.0
				1)	ezza	421	481	2.7823556E-4
			2)	ezi	0	0	0.0
				1)	ezio	949	266	1.5386831E-4
		13)	ed	0	0	0.0
			1)	ede	0	0	0.0
				1)	eder	826	299	1.7295724E-4
				2)	ede_	1130	221	1.2783796E-4
			2)	edo	0	0	0.0
				1)	edo_	1066	233	1.3477939E-4
			3)	edi	0	0	0.0
				1)	edia	1215	201	1.16268915E-4
	12)	p	0	0	0.0
		1)	pe	0	0	0.0
			1)	per	0	0	0.0
				1)	per_	22	3459	0.0020008665
				2)	perc	357	545	3.152565E-4
				3)	pera	431	477	2.7592175E-4
				4)	peri	585	386	2.232826E-4
				5)	pert	633	365	2.1113509E-4
				6)	pers	840	294	1.7006497E-4
			2)	pea	0	0	0.0
				1)	pea_	221	748	4.326823E-4
			3)	pet	0	0	0.0
				1)	pett	328	580	3.3550235E-4
			4)	peo	0	0	0.0
				1)	peo_	478	444	2.5683283E-4
			5)	pen	0	0	0.0
				1)	pens	897	278	1.6080974E-4
		2)	pr	0	0	0.0
			1)	pre	0	0	0.0
				1)	pres	74	1504	8.6999225E-4
				2)	pren	839	294	1.7006497E-4
				3)	prev	925	272	1.5733903E-4
				4)	prec	926	272	1.5733903E-4
			2)	pro	0	0	0.0
				1)	prop	101	1156	6.686909E-4
				2)	prog	163	905	5.2349933E-4
				3)	proc	490	438	2.5336212E-4
				4)	prob	532	416	2.4063616E-4
				5)	prov	559	402	2.3253783E-4
				6)	pros	1034	242	1.3998545E-4
				7)	prof	1074	231	1.3362248E-4
				8)	prom	1133	220	1.2725951E-4
				9)	prod	1146	217	1.2552415E-4
			3)	pri	0	0	0.0
				1)	prim	358	544	3.1467807E-4
				2)	prio	705	333	1.9262462E-4
				3)	prin	734	322	1.8626165E-4
			4)	pra	0	0	0.0
				1)	prat	1061	234	1.3535784E-4
		3)	po	0	0	0.0
			1)	por	0	0	0.0
				1)	port	81	1311	7.5835094E-4
			2)	pol	0	0	0.0
				1)	poli	138	951	5.5010815E-4
			3)	pos	0	0	0.0
				1)	post	142	942	5.4490205E-4
				2)	poss	188	835	4.8300767E-4
				3)	posi	325	581	3.360808E-4
			4)	pot	0	0	0.0
				1)	pote	842	293	1.6948652E-4
				2)	potr	938	269	1.5560367E-4
			5)	pon	0	0	0.0
				1)	pons	873	284	1.6428046E-4
		4)	pa	0	0	0.0
			1)	par	0	0	0.0
				1)	part	117	1048	6.06218E-4
				2)	pare	561	400	2.3138092E-4
				3)	parl	703	335	1.9378153E-4
				4)	para	1223	200	1.1569046E-4
			2)	paz	0	0	0.0
				1)	pazi	409	488	2.8228472E-4
			3)	pae	0	0	0.0
				1)	paes	508	425	2.4584224E-4
			4)	pas	0	0	0.0
				1)	pass	1192	208	1.2031808E-4
		5)	pi	0	0	0.0
			1)	più	0	0	0.0
				1)	più_	154	915	5.2928383E-4
			2)	pio	0	0	0.0
				1)	pio_	614	374	2.1634116E-4
		6)	pp	0	0	0.0
			1)	ppo	0	0	0.0
				1)	ppo_	255	682	3.9450446E-4
				2)	ppor	885	280	1.6196664E-4
			2)	ppr	0	0	0.0
				1)	ppro	827	299	1.7295724E-4
				2)	ppre	835	296	1.7122188E-4
			3)	ppl	0	0	0.0
				1)	ppli	987	254	1.4692689E-4
		7)	pl	0	0	0.0
			1)	pli	0	0	0.0
				1)	plic	514	424	2.4526377E-4
		8)	pu	0	0	0.0
			1)	pun	0	0	0.0
				1)	punt	538	415	2.400577E-4
			2)	può	0	0	0.0
				1)	può_	838	294	1.7006497E-4
			3)	pub	0	0	0.0
				1)	pubb	1068	232	1.3420093E-4
	13)	q	0	0	0.0
		1)	qu	0	0	0.0
			1)	que	0	0	0.0
				1)	ques	32	2626	0.0015190158
				2)	quel	399	494	2.8575544E-4
				3)	que_	845	292	1.6890807E-4
			2)	qua	0	0	0.0
				1)	qual	179	867	5.0151814E-4
				2)	quan	209	773	4.4714363E-4
			3)	qui	0	0	0.0
				1)	quin	837	295	1.7064343E-4
	14)	u	0	0	0.0
		1)	ue	0	0	0.0
			1)	ues	0	0	0.0
				1)	uest	33	2613	0.0015114959
			2)	uel	0	0	0.0
				1)	uell	488	440	2.5451902E-4
		2)	un	0	0	0.0
			1)	una	0	0	0.0
				1)	una_	45	2047	0.0011840919
			2)	uni	0	0	0.0
				1)	unit	437	473	2.7360793E-4
				2)	unio	542	413	2.389008E-4
				3)	uni_	940	268	1.5502522E-4
				4)	unic	966	260	1.503976E-4
			3)	uno	0	0	0.0
				1)	uno_	565	396	2.2906711E-4
			4)	unt	0	0	0.0
				1)	unto	637	362	2.0939973E-4
			5)	une	0	0	0.0
				1)	une_	850	289	1.6717272E-4
			6)	unq	0	0	0.0
				1)	unqu	1191	208	1.2031808E-4
			7)	unz	0	0	0.0
				1)	unzi	1202	204	1.1800427E-4
		3)	ur	0	0	0.0
			1)	uro	0	0	0.0
				1)	urop	66	1616	9.3477895E-4
				2)	uro_	956	264	1.5271141E-4
			2)	ura	0	0	0.0
				1)	ura_	331	576	3.3318854E-4
				2)	ural	428	478	2.765002E-4
			3)	ure	0	0	0.0
				1)	ure_	563	399	2.3080247E-4
				2)	urez	943	267	1.5444677E-4
		4)	uz	0	0	0.0
			1)	uzi	0	0	0.0
				1)	uzio	229	740	4.2805471E-4
		5)	ut	0	0	0.0
			1)	uto	0	0	0.0
				1)	uto_	271	661	3.82357E-4
				2)	utor	1183	209	1.2089653E-4
			2)	utt	0	0	0.0
				1)	utto	283	637	3.684741E-4
				2)	utti	455	459	2.6550962E-4
				3)	utta	702	335	1.9378153E-4
				4)	uttu	1048	238	1.3767165E-4
			3)	uti	0	0	0.0
				1)	uti_	619	373	2.1576272E-4
				2)	util	1174	210	1.2147499E-4
		6)	ua	0	0	0.0
			1)	uan	0	0	0.0
				1)	uant	323	586	3.3897304E-4
			2)	ual	0	0	0.0
				1)	uali	459	456	2.6377424E-4
				2)	uale	592	382	2.2096878E-4
			3)	uar	0	0	0.0
				1)	uard	641	361	2.0882128E-4
			4)	uaz	0	0	0.0
				1)	uazi	884	280	1.6196664E-4
		7)	up	0	0	0.0
			1)	upp	0	0	0.0
				1)	uppo	334	574	3.3203163E-4
			2)	upa	0	0	0.0
				1)	upaz	765	312	1.8047712E-4
		8)	ul	0	0	0.0
			1)	ull	0	0	0.0
				1)	ulla	346	558	3.2277638E-4
			2)	ult	0	0	0.0
				1)	ulti	1113	224	1.2957331E-4
				2)	ulta	1114	224	1.2957331E-4
		9)	um	0	0	0.0
			1)	ume	0	0	0.0
				1)	umen	682	344	1.9898759E-4
				2)	umer	1206	203	1.1742582E-4
		10)	us	0	0	0.0
			1)	uss	0	0	0.0
				1)	ussi	796	306	1.7700641E-4
			2)	ust	0	0	0.0
				1)	ustr	1015	249	1.4403462E-4
		11)	ui	0	0	0.0
			1)	uir	0	0	0.0
				1)	uire	972	258	1.4924069E-4
			2)	uin	0	0	0.0
				1)	uind	1144	217	1.2552415E-4
		12)	ub	0	0	0.0
			1)	ubb	0	0	0.0
				1)	ubbl	1067	232	1.3420093E-4
	15)	t	0	0	0.0
		1)	tt	0	0	0.0
			1)	tto	0	0	0.0
				1)	tto_	43	2055	0.0011887195
				2)	ttor	388	499	2.886477E-4
			2)	tti	0	0	0.0
				1)	tti_	83	1291	7.4678194E-4
				2)	ttiv	141	943	5.454805E-4
				3)	ttim	985	254	1.4692689E-4
			3)	tta	0	0	0.0
				1)	tta_	317	594	3.4360067E-4
				2)	ttad	806	303	1.7527105E-4
				3)	ttav	1037	241	1.39407E-4
			4)	tte	0	0	0.0
				1)	tter	583	386	2.232826E-4
				2)	tten	700	336	1.9435998E-4
				3)	tte_	862	286	1.6543736E-4
			5)	ttu	0	0	0.0
				1)	ttua	656	355	2.0535057E-4
				2)	ttur	716	327	1.891539E-4
		2)	tu	0	0	0.0
			1)	tut	0	0	0.0
				1)	tutt	78	1356	7.8438135E-4
			2)	tur	0	0	0.0
				1)	tura	235	729	4.2169174E-4
			3)	tua	0	0	0.0
				1)	tuaz	944	267	1.5444677E-4
				2)	tual	967	260	1.503976E-4
		3)	ta	0	0	0.0
			1)	tan	0	0	0.0
				1)	tant	100	1168	6.7563227E-4
				2)	tanz	661	353	2.0419367E-4
			2)	tar	0	0	0.0
				1)	tare	113	1074	6.2125776E-4
				2)	tari	343	563	3.2566866E-4
			3)	tat	0	0	0.0
				1)	tato	145	940	5.437452E-4
				2)	tati	335	574	3.3203163E-4
				3)	tata	475	445	2.5741127E-4
			4)	tal	0	0	0.0
				1)	tale	268	668	3.8640614E-4
				2)	tali	416	484	2.799709E-4
			5)	tam	0	0	0.0
				1)	tame	318	593	3.4302223E-4
			6)	taz	0	0	0.0
				1)	tazi	449	465	2.689803E-4
			7)	tad	0	0	0.0
				1)	tadi	785	308	1.781633E-4
			8)	tab	0	0	0.0
				1)	tabi	1058	235	1.359363E-4
			9)	tav	0	0	0.0
				1)	tavi	1080	230	1.3304403E-4
		4)	to	0	0	0.0
			1)	tor	0	0	0.0
				1)	tori	127	992	5.738247E-4
				2)	tore	443	469	2.7129412E-4
		5)	ti	0	0	0.0
			1)	tiv	0	0	0.0
				1)	tiva	128	985	5.697755E-4
				2)	tivi	332	575	3.3261007E-4
				3)	tivo	345	562	3.250902E-4
				4)	tive	572	393	2.2733175E-4
			2)	tic	0	0	0.0
				1)	tica	147	930	5.379606E-4
				2)	tico	246	706	4.0838734E-4
				3)	tich	788	307	1.7758485E-4
			3)	tio	0	0	0.0
				1)	tion	463	454	2.6261734E-4
			4)	tit	0	0	0.0
				1)	titu	696	337	1.9493843E-4
				2)	tito	771	310	1.7932021E-4
			5)	tir	0	0	0.0
				1)	tire	979	256	1.480838E-4
		6)	tr	0	0	0.0
			1)	tro	0	0	0.0
				1)	tro_	152	918	5.3101924E-4
				2)	trol	722	325	1.87997E-4
				3)	trov	1200	205	1.1858272E-4
			2)	tra	0	0	0.0
				1)	trat	215	765	4.42516E-4
				2)	tra_	276	645	3.7310174E-4
				3)	tras	552	406	2.3485164E-4
				4)	tran	1184	209	1.2089653E-4
				5)	trar	1219	201	1.16268915E-4
			3)	tre	0	0	0.0
				1)	tre_	269	667	3.8582768E-4
			4)	tri	0	0	0.0
				1)	tri_	369	523	3.0253056E-4
				2)	trib	744	318	1.8394784E-4
				3)	tria	1145	217	1.2552415E-4
			5)	tru	0	0	0.0
				1)	trut	868	285	1.6485891E-4
		7)	te	0	0	0.0
			1)	ter	0	0	0.0
				1)	tere	277	645	3.7310174E-4
				2)	teri	377	510	2.950107E-4
				3)	tern	460	456	2.6377424E-4
				4)	terr	749	317	1.8336938E-4
				5)	terv	951	265	1.5328986E-4
				6)	term	973	258	1.4924069E-4
			2)	ten	0	0	0.0
				1)	tenz	493	436	2.522052E-4
				2)	tene	789	307	1.7758485E-4
				3)	tend	803	305	1.7642796E-4
				4)	tent	935	269	1.5560367E-4
				5)	tenu	1009	250	1.4461308E-4
				6)	teng	1126	221	1.2783796E-4
			3)	tem	0	0	0.0
				1)	temp	669	350	2.0245831E-4
				2)	tema	879	282	1.6312355E-4
			4)	tes	0	0	0.0
				1)	tess	764	313	1.8105557E-4
				2)	test	1185	209	1.2089653E-4
	16)	g	0	0	0.0
		1)	gl	0	0	0.0
			1)	gli	0	0	0.0
				1)	gli_	48	1976	0.0011430217
				2)	glio	515	424	2.4526377E-4
				3)	glia	1110	225	1.3015176E-4
		2)	gn	0	0	0.0
			1)	gno	0	0	0.0
				1)	gnor	148	929	5.373822E-4
				2)	gno_	881	281	1.625451E-4
			2)	gni	0	0	0.0
				1)	gni_	1109	225	1.3015176E-4
		3)	gi	0	0	0.0
			1)	gio	0	0	0.0
				1)	gion	274	653	3.7772936E-4
				2)	gior	333	575	3.3261007E-4
				3)	gio_	847	290	1.6775118E-4
			2)	già	0	0	0.0
				1)	già_	793	307	1.7758485E-4
			3)	giu	0	0	0.0
				1)	giun	900	278	1.6080974E-4
				2)	gius	911	275	1.5907438E-4
		4)	gg	0	0	0.0
			1)	ggi	0	0	0.0
				1)	ggio	286	635	3.673172E-4
				2)	ggi_	727	324	1.8741854E-4
		5)	gr	0	0	0.0
			1)	gra	0	0	0.0
				1)	gram	340	566	3.27404E-4
				2)	graz	742	319	1.8452629E-4
				3)	gran	804	304	1.758495E-4
			2)	gru	0	0	0.0
				1)	grup	732	323	1.868401E-4
		6)	gu	0	0	0.0
			1)	gua	0	0	0.0
				1)	guar	635	364	2.1055664E-4
		7)	ge	0	0	0.0
			1)	get	0	0	0.0
				1)	gett	654	356	2.0592903E-4
			2)	ger	0	0	0.0
				1)	gere	1023	248	1.4345617E-4
			3)	gen	0	0	0.0
				1)	gene	1101	227	1.3130867E-4
		8)	go	0	0	0.0
			1)	gov	0	0	0.0
				1)	gove	659	354	2.0477212E-4
		9)	gh	0	0	0.0
			1)	ghi	0	0	0.0
				1)	ghi_	781	309	1.7874176E-4
		10)	ga	0	0	0.0
			1)	gar	0	0	0.0
				1)	gara	1076	231	1.3362248E-4
	17)	s	0	0	0.0
		1)	st	0	0	0.0
			1)	sto	0	0	0.0
				1)	sto_	56	1836	0.0010620385
			2)	sta	0	0	0.0
				1)	sta_	69	1575	9.110624E-4
				2)	stat	176	877	5.073027E-4
				3)	stan	556	404	2.3369474E-4
			3)	str	0	0	0.0
				1)	stra	174	880	5.0903804E-4
				2)	stru	348	555	3.2104104E-4
				3)	stri	397	494	2.8575544E-4
				4)	stro	594	381	2.2039033E-4
				5)	stre	766	312	1.8047712E-4
			4)	ste	0	0	0.0
				1)	ste_	273	655	3.7888627E-4
				2)	sten	513	424	2.4526377E-4
				3)	stes	833	297	1.7180033E-4
				4)	stem	1159	214	1.2378879E-4
			5)	sti	0	0	0.0
				1)	sti_	324	582	3.3665923E-4
				2)	stio	476	445	2.5741127E-4
				3)	stit	630	368	2.1287045E-4
		2)	si	0	0	0.0
			1)	sio	0	0	0.0
				1)	sion	65	1623	9.388281E-4
			2)	sig	0	0	0.0
				1)	sign	123	1006	5.81923E-4
			3)	sis	0	0	0.0
				1)	sist	289	628	3.6326805E-4
			4)	sia	0	0	0.0
				1)	sia_	304	606	3.505421E-4
				2)	siam	684	344	1.9898759E-4
			5)	sid	0	0	0.0
				1)	side	306	605	3.4996364E-4
			6)	sib	0	0	0.0
				1)	sibi	381	507	2.932753E-4
			7)	sic	0	0	0.0
				1)	sicu	446	468	2.7071568E-4
			8)	siz	0	0	0.0
				1)	sizi	689	340	1.9667378E-4
		3)	so	0	0	0.0
			1)	son	0	0	0.0
				1)	sono	96	1197	6.924074E-4
			2)	soc	0	0	0.0
				1)	soci	429	478	2.765002E-4
			3)	sos	0	0	0.0
				1)	sost	620	373	2.1576272E-4
			4)	sol	0	0	0.0
				1)	solu	733	322	1.8626165E-4
				2)	solo	1022	248	1.4345617E-4
				3)	solt	1139	218	1.261026E-4
			5)	sot	0	0	0.0
				1)	sott	851	289	1.6717272E-4
		4)	se	0	0	0.0
			1)	sen	0	0	0.0
				1)	sent	132	963	5.570496E-4
				2)	senz	553	406	2.3485164E-4
				3)	sens	1093	228	1.3188712E-4
			2)	ser	0	0	0.0
				1)	sere	234	731	4.2284862E-4
				2)	serv	527	417	2.4121461E-4
			3)	sem	0	0	0.0
				1)	semp	502	431	2.4931296E-4
			4)	set	0	0	0.0
				1)	sett	524	418	2.4179307E-4
			5)	seg	0	0	0.0
				1)	segu	652	357	2.0650747E-4
			6)	sec	0	0	0.0
				1)	seco	790	307	1.7758485E-4
		5)	ss	0	0	0.0
			1)	sso	0	0	0.0
				1)	sso_	134	957	5.5357884E-4
			2)	sse	0	0	0.0
				1)	sser	161	906	5.240778E-4
				2)	sse_	636	363	2.0997819E-4
			3)	ssi	0	0	0.0
				1)	ssio	224	747	4.3210387E-4
				2)	ssib	499	433	2.5046984E-4
				3)	ssi_	638	362	2.0939973E-4
				4)	ssim	674	347	2.0072295E-4
			4)	ssa	0	0	0.0
				1)	ssa_	372	515	2.9790294E-4
				2)	ssar	677	346	2.001445E-4
		6)	su	0	0	0.0
			1)	sul	0	0	0.0
				1)	sull	198	801	4.633403E-4
				2)	sul_	683	344	1.9898759E-4
				3)	sult	1038	241	1.39407E-4
			2)	sua	0	0	0.0
				1)	sua_	856	288	1.6659427E-4
			3)	suo	0	0	0.0
				1)	suo_	945	267	1.5444677E-4
		7)	sp	0	0	0.0
			1)	spe	0	0	0.0
				1)	spet	327	580	3.3550235E-4
				2)	sper	858	287	1.6601582E-4
				3)	spec	1118	223	1.2899487E-4
			2)	spo	0	0	0.0
				1)	spon	393	496	2.8691234E-4
				2)	spos	815	301	1.7411415E-4
				3)	spor	1207	202	1.1684737E-4
		8)	sv	0	0	0.0
			1)	svi	0	0	0.0
				1)	svil	599	378	2.1865497E-4
		9)	sa	0	0	0.0
			1)	sab	0	0	0.0
				1)	sabi	671	349	2.0187986E-4
			2)	sar	0	0	0.0
				1)	sare	713	329	1.903108E-4
				2)	sari	772	310	1.7932021E-4
				3)	sarà	1221	200	1.1569046E-4
		10)	sc	0	0	0.0
			1)	scu	0	0	0.0
				1)	scus	913	274	1.5849592E-4
	18)	r	0	0	0.0
		1)	ro	0	0	0.0
			1)	rop	0	0	0.0
				1)	rope	75	1464	8.468542E-4
				2)	ropo	230	740	4.2805471E-4
				3)	ropr	544	412	2.3832235E-4
			2)	rog	0	0	0.0
				1)	rogr	284	635	3.673172E-4
				2)	roge	932	270	1.5618213E-4
			3)	ron	0	0	0.0
				1)	ront	425	480	2.7765712E-4
			4)	rob	0	0	0.0
				1)	robl	600	378	2.1865497E-4
			5)	roc	0	0	0.0
				1)	roce	613	374	2.1634116E-4
			6)	rov	0	0	0.0
				1)	rova	688	341	1.9725223E-4
			7)	rol	0	0	0.0
				1)	roll	859	287	1.6601582E-4
			8)	rod	0	0	0.0
				1)	rodu	1052	237	1.370932E-4
		2)	ra	0	0	0.0
			1)	raz	0	0	0.0
				1)	razi	114	1066	6.1663013E-4
			2)	rat	0	0	0.0
				1)	ratt	275	650	3.75994E-4
				2)	rato	444	469	2.7129412E-4
				3)	rati	472	447	2.5856818E-4
				4)	rate	1222	200	1.1569046E-4
			3)	ram	0	0	0.0
				1)	ramm	313	597	3.45336E-4
				2)	rame	1017	249	1.4403462E-4
			4)	rar	0	0	0.0
				1)	rare	367	527	3.0484438E-4
			5)	ral	0	0	0.0
				1)	rale	543	413	2.389008E-4
				2)	rali	657	354	2.0477212E-4
			6)	ran	0	0	0.0
				1)	rann	662	353	2.0419367E-4
				2)	rand	792	307	1.7758485E-4
				3)	rant	818	301	1.7411415E-4
			7)	rap	0	0	0.0
				1)	rapp	735	322	1.8626165E-4
			8)	ras	0	0	0.0
				1)	rasp	1002	251	1.4519153E-4
		3)	re	0	0	0.0
			1)	res	0	0	0.0
				1)	rese	155	914	5.287054E-4
				2)	ress	404	492	2.8459853E-4
				3)	resp	750	317	1.8336938E-4
				4)	rest	957	264	1.5271141E-4
			2)	rel	0	0	0.0
				1)	rela	165	902	5.21764E-4
			3)	rev	0	0	0.0
				1)	revo	168	892	5.159795E-4
				2)	revi	1201	205	1.1858272E-4
			4)	reb	0	0	0.0
				1)	rebb	200	796	4.6044803E-4
			5)	reg	0	0	0.0
				1)	regi	285	635	3.673172E-4
				2)	rego	1016	249	1.4403462E-4
			6)	ret	0	0	0.0
				1)	rett	387	500	2.8922615E-4
			7)	ren	0	0	0.0
				1)	rend	454	460	2.6608806E-4
				2)	renz	471	448	2.5914662E-4
			8)	rez	0	0	0.0
				1)	rezz	606	377	2.1807652E-4
			9)	rei	0	0	0.0
				1)	rei_	731	323	1.868401E-4
			10)	rea	0	0	0.0
				1)	real	797	306	1.7700641E-4
			11)	rem	0	0	0.0
				1)	remo	811	302	1.746926E-4
		4)	ri	0	0	0.0
			1)	rio	0	0	0.0
				1)	rio_	170	889	5.142441E-4
				2)	rior	1136	219	1.2668106E-4
			2)	ric	0	0	0.0
				1)	rico	206	779	4.5061435E-4
				2)	rich	937	269	1.5560367E-4
			3)	ria	0	0	0.0
				1)	ria_	208	774	4.477221E-4
			4)	ris	0	0	0.0
				1)	risp	450	463	2.6782343E-4
				2)	riso	649	358	2.0708592E-4
				3)	risc	1208	202	1.1684737E-4
			5)	rit	0	0	0.0
				1)	ritt	453	461	2.6666652E-4
				2)	rità	725	324	1.8741854E-4
				3)	rito	730	323	1.868401E-4
				4)	rite	791	307	1.7758485E-4
			6)	rie	0	0	0.0
				1)	rie_	578	390	2.2559639E-4
				2)	rien	986	254	1.4692689E-4
			7)	rim	0	0	0.0
				1)	rima	687	342	1.9783068E-4
				2)	rime	936	269	1.5560367E-4
			8)	rin	0	0	0.0
				1)	rinc	726	324	1.8741854E-4
			9)	rib	0	0	0.0
				1)	ribu	745	318	1.8394784E-4
			10)	rig	0	0	0.0
				1)	rigu	807	303	1.7527105E-4
			11)	rif	0	0	0.0
				1)	rifo	1094	228	1.3188712E-4
		5)	rt	0	0	0.0
			1)	rta	0	0	0.0
				1)	rtan	227	744	4.3036853E-4
			2)	rti	0	0	0.0
				1)	rtic	452	461	2.6666652E-4
				2)	rti_	816	301	1.7411415E-4
			3)	rte	0	0	0.0
				1)	rte_	477	445	2.5741127E-4
			4)	rto	0	0	0.0
				1)	rto_	946	267	1.5444677E-4
		6)	rn	0	0	0.0
			1)	rno	0	0	0.0
				1)	rno_	307	603	3.4880673E-4
		7)	rs	0	0	0.0
			1)	rsi	0	0	0.0
				1)	rsi_	398	494	2.8575544E-4
			2)	rso	0	0	0.0
				1)	rso_	584	386	2.232826E-4
			3)	rse	0	0	0.0
				1)	rse_	852	289	1.6717272E-4
		8)	rr	0	0	0.0
			1)	rre	0	0	0.0
				1)	rre_	440	472	2.730295E-4
				2)	rren	872	284	1.6428046E-4
				3)	rrei	997	252	1.4576998E-4
		9)	rc	0	0	0.0
			1)	rch	0	0	0.0
				1)	rché	591	383	2.2154723E-4
			2)	rca	0	0	0.0
				1)	rcat	891	279	1.6138819E-4
			3)	rci	0	0	0.0
				1)	rci_	1137	219	1.2668106E-4
		10)	ru	0	0	0.0
			1)	rut	0	0	0.0
				1)	rutt	710	331	1.9146771E-4
			2)	rup	0	0	0.0
				1)	rupp	717	327	1.891539E-4
		11)	rd	0	0	0.0
			1)	rdo	0	0	0.0
				1)	rdo_	711	330	1.9088926E-4
			2)	rdi	0	0	0.0
				1)	rdin	817	301	1.7411415E-4
		12)	rm	0	0	0.0
			1)	rma	0	0	0.0
				1)	rma_	961	262	1.515545E-4
				2)	rmaz	1140	218	1.261026E-4
			2)	rmi	0	0	0.0
				1)	rmin	1027	246	1.4229926E-4
			3)	rme	0	0	0.0
				1)	rme_	1099	227	1.3130867E-4
		13)	rv	0	0	0.0
			1)	rve	0	0	0.0
				1)	rven	963	261	1.5097605E-4
	19)	b	0	0	0.0
		1)	bi	0	0	0.0
			1)	bil	0	0	0.0
				1)	bili	129	980	5.6688325E-4
				2)	bile	296	619	3.5806198E-4
			2)	bia	0	0	0.0
				1)	biam	251	690	3.9913208E-4
			3)	bie	0	0	0.0
				1)	biet	814	302	1.746926E-4
				2)	bien	1072	232	1.3420093E-4
			4)	bit	0	0	0.0
				1)	bito	1181	209	1.2089653E-4
		2)	bb	0	0	0.0
			1)	bbi	0	0	0.0
				1)	bbia	201	794	4.5929113E-4
			2)	bbe	0	0	0.0
				1)	bbe_	299	613	3.5459126E-4
			3)	bbl	0	0	0.0
				1)	bbli	769	311	1.7989866E-4
		3)	br	0	0	0.0
			1)	bri	0	0	0.0
				1)	bri_	588	386	2.232826E-4
		4)	bl	0	0	0.0
			1)	ble	0	0	0.0
				1)	blem	597	379	2.1923342E-4
			2)	bli	0	0	0.0
				1)	blic	1071	232	1.3420093E-4
		5)	be	0	0	0.0
			1)	ber	0	0	0.0
				1)	bero	1213	202	1.1684737E-4
		6)	ba	0	0	0.0
			1)	bat	0	0	0.0
				1)	batt	1214	202	1.1684737E-4
	20)	f	0	0	0.0
		1)	fo	0	0	0.0
			1)	for	0	0	0.0
				1)	form	222	748	4.326823E-4
				2)	forz	1070	232	1.3420093E-4
			2)	fon	0	0	0.0
				1)	fond	464	454	2.6261734E-4
		2)	fi	0	0	0.0
			1)	fic	0	0	0.0
				1)	fica	263	674	3.8987686E-4
				2)	fici	621	373	2.1576272E-4
			2)	fin	0	0	0.0
				1)	fina	469	451	2.60882E-4
				2)	fine	861	287	1.6601582E-4
				3)	fini	1122	222	1.2841642E-4
		3)	fa	0	0	0.0
			1)	fat	0	0	0.0
				1)	fatt	297	618	3.574835E-4
			2)	fav	0	0	0.0
				1)	favo	864	286	1.6543736E-4
			3)	far	0	0	0.0
				1)	fare	1004	251	1.4519153E-4
		4)	ff	0	0	0.0
			1)	ffi	0	0	0.0
				1)	ffic	432	477	2.7592175E-4
			2)	ffe	0	0	0.0
				1)	ffer	1019	249	1.4403462E-4
		5)	fr	0	0	0.0
			1)	fro	0	0	0.0
				1)	fron	485	442	2.5567593E-4
			2)	fra	0	0	0.0
				1)	fra_	825	300	1.735357E-4
		6)	fe	0	0	0.0
			1)	fer	0	0	0.0
				1)	ferm	989	254	1.4692689E-4
				2)	feri	993	253	1.4634844E-4
			2)	fet	0	0	0.0
				1)	fett	1129	221	1.2783796E-4
	21)	v	0	0	0.0
		1)	vo	0	0	0.0
			1)	vol	0	0	0.0
				1)	vole	226	744	4.3036853E-4
				2)	volt	523	418	2.4179307E-4
				3)	voli	748	317	1.8336938E-4
			2)	vor	0	0	0.0
				1)	voro	829	298	1.7237879E-4
				2)	vorr	883	280	1.6196664E-4
				3)	vore	1021	248	1.4345617E-4
		2)	ve	0	0	0.0
			1)	ver	0	0	0.0
				1)	vers	537	415	2.400577E-4
				2)	vern	640	361	2.0882128E-4
				3)	vere	729	323	1.868401E-4
			2)	ven	0	0	0.0
				1)	vent	701	335	1.9378153E-4
				2)	veng	1117	223	1.2899487E-4
			3)	vel	0	0	0.0
				1)	vell	996	252	1.4576998E-4
		3)	vi	0	0	0.0
			1)	vil	0	0	0.0
				1)	vilu	605	377	2.1807652E-4
			2)	vis	0	0	0.0
				1)	vist	763	313	1.8105557E-4
			3)	via	0	0	0.0
				1)	via_	824	300	1.735357E-4
			4)	vit	0	0	0.0
				1)	vita	1125	221	1.2783796E-4
		4)	vr	0	0	0.0
			1)	vre	0	0	0.0
				1)	vreb	955	264	1.5271141E-4
	22)	h	0	0	0.0
		1)	ha	0	0	0.0
			1)	han	0	0	0.0
				1)	hann	541	414	2.3947925E-4
		2)	hi	0	0	0.0
			1)	hia	0	0	0.0
				1)	hiar	568	394	2.279102E-4
			2)	hie	0	0	0.0
				1)	hied	874	284	1.6428046E-4
