to_	13414	0.007759359213675075	2
_di	13377	0.007737956478405508	2
_de	13114	0.007585823522300204	2
re_	11857	0.006858708975439494	2
la_	11021	0.006375122848808186	2
_co	10932	0.006323640593700307	2
ion	10589	0.006125231453228372	2
di_	10385	0.006007227183093459	2
ne_	9428	0.00545364832760762	2
le_	9309	0.005384812503362254	2
ent	9279	0.005367458934224767	2
_in	9082	0.005253503830221935	2
del	8433	0.00487808828454763	2
ell	7906	0.004573243920032439	2
che	7860	0.004546635114021626	2
one	7834	0.004531595354102471	2
he_	7793	0.0045078788096145714	2
zio	7591	0.004391031444088825	2
_pr	7057	0.004082137913441554	2
_ch	6852	0.0039635551910020585	2
con	6619	0.003828775804034242	2
ti_	6604	0.0038200990194654986	2
te_	6592	0.0038131575918105036	2
_la	6491	0.0037547339090476303	2
_e_	6465	0.0037396941491284748	2
no_	6244	0.003611856189815653	2
nte	6168	0.003567893814667352	2
per	6121	0.0035407065563519556	2
lla	6053	0.0035013717996403185	2
men	5988	0.0034637723998424295	2
_pe	5635	0.0032595787363246644	2
_un	5502	0.0031826445798151383	2
_qu	5422	0.003136368395448506	2
azi	5409	0.003128848515488928	2
are	5392	0.0031190148263110186	2
li_	5156	0.0029825000824294534	2
_al	5040	0.0029153996150978363	2
_ri	4818	0.002786983203480432	2
ta_	4760	0.0027534329698146232	2
_si	4717	0.0027285595207175587	2
in_	4586	0.002652782268817198	2
pro	4427	0.0025608083523885163	2
_il	4338	0.002509326097280638	2
_no	4315	0.0024960216942752312	2
il_	4271	0.0024705697928735833	2
est	4058	0.0023473594519974245	2
on_	3870	0.002238610418735839	2
ere	3765	0.002177872926754634	2
ni_	3760	0.0021749806652317195	2
nto	3748	0.0021680392375767244	2
er_	3740	0.0021634116191400613	2
si_	3738	0.0021622547145308956	2
_po	3702	0.0021414304315659108	2
ato	3579	0.0020702807981022135	2
ono	3535	0.002044828896700566	2
ess	3503	0.002026318422953913	2
_so	3502	0.00202573997064933	2
_ne	3497	0.0020228477091264155	2
el_	3490	0.0020187985429943353	2
que	3487	0.0020170631860805866	2
ett	3403	0.0019684731924956224	2
_a_	3396	0.001964424026363542	2
sta	3332	0.0019274030788702364	2
all	3309	0.0019140986758648295	2
lle	3277	0.0018955882021181767	2
io_	3231	0.001868979396107363	2
_se	3220	0.001862616420756951	2
_re	3216	0.0018603026115386195	2
ro_	3200	0.0018510473746652931	2
ter	3191	0.001845841303924047	2
com	3174	0.0018360076147461376	2
_le	3143	0.0018180755933040675	2
ra_	3126	0.0018082419041261582	2
ame	3123	0.0018065065472124093	2
pre	3062	0.0017712209566328524	2
ia_	3023	0.001748661316754119	2
_da	3019	0.0017463475075357874	2
_su	3011	0.0017417198890991243	2
nti	3009	0.0017405629844899583	2
mo_	2996	0.0017330431045303805	2
ale	2983	0.0017255232245708028	2
ali	2979	0.0017232094153524712	2
ica	2973	0.001719738701524974	2
ost	2946	0.0017041204893012353	2
rop	2945	0.0017035420369966524	2
ri_	2933	0.0016966006093416576	2
ati	2931	0.0016954437047324918	2
tto	2881	0.0016665210895033466	2
tra	2871	0.0016607365664575175	2
un_	2862	0.0016555304957162715	2
att	2826	0.001634706212751287	2
tti	2803	0.0016214018097458801	2
_pa	2768	0.0016011559790854784	2
gli	2759	0.0015959499083442322	2
non	2725	0.0015762825299884136	2
ant	2683	0.0015519875331959315	2
do_	2659	0.001538104677885942	2
ssi	2658	0.001537526225581359	2
ei_	2656	0.0015363693209721932	2
na_	2637	0.001525378727185118	2
ues	2626	0.0015190157518347061	2
str	2622	0.0015167019426163746	2
tà_	2578	0.0014912500412147267	2
tiv	2515	0.0014548075460260037	2
_es	2497	0.0014443954045435115	2
res	2488	0.0014391893338022653	2
_è_	2487	0.0014386108814976825	2
iam	2460	0.001422992669273944	2
ma_	2443	0.0014131589800960346	2
oni	2394	0.0013848148171714723	2
pos	2361	0.0013657258911202366	2
lo_	2352	0.0013605198203789904	2
_ma	2348	0.0013582060111606588	2
se_	2327	0.0013460585127644178	2
par	2300	0.0013304403005406794	2
ari	2297	0.0013287049436269307	2
ont	2280	0.0013188712544490212	2
so_	2279	0.0013182928021444383	2
_st	2254	0.0013038314945298657	2
za_	2236	0.0012934193530473735	2
una	2228	0.0012887917346107102	2
tat	2210	0.001278379593128218	2
ico	2210	0.001278379593128218	2
nel	2180	0.0012610260239907308	2
sti	2161	0.0012500354302036557	2
tic	2159	0.00124887852559449	2
nta	2099	0.0012141713873195157	2
_i_	2091	0.0012095437688828523	2
nor	2088	0.0012078084119691037	2
enz	2082	0.0012043376981416064	2
ten	2031	0.0011748366306078783	2
rat	2027	0.0011725228213895465	2
_an	2020	0.0011684736552574663	2
ore	2010	0.0011626891322116372	2
col	2009	0.0011621106799070543	2
sto	1999	0.0011563261568612252	2
_me	1968	0.0011383941354191553	2
eri	1956	0.0011314527077641605	2
tta	1955	0.0011308742554595776	2
tan	1954	0.0011302958031549945	2
qua	1945	0.0011250897324137485	2
ità	1942	0.0011233543754999996	2
uro	1934	0.0011187267570633365	2
int	1930	0.001116412947845005	2
amo	1927	0.001114677590931256	2
oli	1920	0.0011106284247991759	2
ca_	1920	0.0011106284247991759	2
_mo	1898	0.001097902474098352	2
_mi	1889	0.0010926964033571057	2
ist	1885	0.0010903825941387742	2
ste	1860	0.0010759212865242016	2
vol	1859	0.0010753428342196187	2
utt	1839	0.0010637737881279605	2
lit	1838	0.0010631953358233776	2
ope	1837	0.0010626168835187948	2
ver	1836	0.0010620384312142119	2
tro	1822	0.0010539400989500512	2
tar	1815	0.0010498909328179708	2
al_	1806	0.0010446848620767248	2
bil	1796	0.0010389003390308957	2
anc	1791	0.001036008077507981	2
cor	1789	0.0010348511728988153	2
ori	1788	0.0010342727205942324	2
nza	1770	0.0010238605791117403	2
gra	1767	0.0010221252221979916	2
era	1744	0.0010088208191925848	2
rit	1735	0.0010036147484513386	2
eur	1705	9.862611793138515E-4	1
ire	1693	9.793197516588567E-4	1
sen	1690	9.775843947451078E-4	1
olt	1689	9.77005942440525E-4	1
_ci	1687	9.758490378313591E-4	1
_fa	1667	9.642799917397011E-4	1
da_	1664	9.625446348259524E-4	1
me_	1663	9.619661825213695E-4	1
end	1650	9.544463025617918E-4	1
izi	1644	9.509755887342943E-4	1
ora	1643	9.503971364297113E-4	1
gio	1640	9.486617795159627E-4	1
_tr	1639	9.480833272113798E-4	1
sio	1633	9.446126133838824E-4	1
ese	1627	9.411418995563849E-4	1
zia	1612	9.324651149876413E-4	1
ran	1612	9.324651149876413E-4	1
tor	1608	9.301513057693098E-4	1
iti	1597	9.237883304188978E-4	1
ric	1586	9.174253550684858E-4	1
ris	1583	9.156899981547372E-4	1
ili	1583	9.156899981547372E-4	1
dei	1560	9.023855951493303E-4	1
por	1555	8.994933336264158E-4	1
ser	1553	8.9833642901725E-4	1
ntr	1550	8.966010721035014E-4	1
tut	1548	8.954441674943355E-4	1
chi	1545	8.937088105805868E-4	1
ndo	1544	8.931303582760039E-4	1
uni	1542	8.91973453666838E-4	1
sse	1534	8.873458352301748E-4	1
der	1532	8.861889306210091E-4	1
_eu	1531	8.856104783164262E-4	1
ll_	1515	8.763552414430997E-4	1
ito	1514	8.757767891385168E-4	1
pri	1508	8.723060753110193E-4	1
_do	1506	8.711491707018536E-4	1
ort	1496	8.653646476560245E-4	1
ci_	1481	8.56687863087281E-4	1
ina	1469	8.497464354322861E-4	1
ini	1460	8.445403646910399E-4	1
ura	1448	8.375989370360451E-4	1
ata	1446	8.364420324268793E-4	1
nzi	1443	8.347066755131306E-4	1
sul	1439	8.32392866294799E-4	1
_ca	1437	8.312359616856332E-4	1
_ha	1425	8.242945340306383E-4	1
ita	1417	8.19666915593975E-4	1
_te	1412	8.167746540710606E-4	1
ann	1403	8.115685833298144E-4	1
va_	1400	8.098332264160657E-4	1
mi_	1399	8.092547741114828E-4	1
son	1396	8.075194171977341E-4	1
nal	1389	8.034702510656538E-4	1
ano	1384	8.005779895427392E-4	1
ond	1375	7.953719188014931E-4	1
dis	1353	7.826459681006692E-4	1
ome	1351	7.814890634915034E-4	1
imp	1350	7.809106111869205E-4	1
app	1348	7.797537065777546E-4	1
evo	1344	7.774398973594231E-4	1
esi	1342	7.762829927502573E-4	1
tri	1340	7.751260881410914E-4	1
_lo	1336	7.728122789227599E-4	1
tal	1335	7.722338266181769E-4	1
and	1333	7.710769220090111E-4	1
ggi	1332	7.704984697044282E-4	1
_pi	1329	7.687631127906795E-4	1
_gi	1328	7.681846604860966E-4	1
_im	1327	7.676062081815137E-4	1
_l_	1324	7.65870851267765E-4	1
spe	1322	7.647139466585991E-4	1
ona	1322	7.647139466585991E-4	1
anz	1322	7.647139466585991E-4	1
_tu	1318	7.624001374402676E-4	1
for	1316	7.612432328311017E-4	1
rev	1305	7.548802574806899E-4	1
nch	1304	7.543018051761069E-4	1
art	1303	7.53723352871524E-4	1
ndi	1298	7.508310913486095E-4	1
fic	1298	7.508310913486095E-4	1
oss	1297	7.502526390440265E-4	1
co_	1292	7.473603775211121E-4	1
rre	1276	7.381051406477856E-4	1
llo	1262	7.30006808383625E-4	1
_vo	1259	7.282714514698762E-4	1
po_	1251	7.23643833033213E-4	1
ssa	1250	7.230653807286301E-4	1
zza	1245	7.201731192057156E-4	1
iva	1244	7.195946669011327E-4	1
ons	1242	7.184377622919669E-4	1
dal	1242	7.184377622919669E-4	1
ria	1239	7.167024053782181E-4	1
gno	1235	7.143885961598866E-4	1
rio	1230	7.11496334636972E-4	1
iar	1230	7.11496334636972E-4	1
sso	1226	7.091825254186404E-4	1
sa_	1221	7.062902638957258E-4	1
fin	1215	7.028195500682284E-4	1
rta	1214	7.022410977636455E-4	1
_li	1203	6.958781224132336E-4	1
ual	1197	6.924074085857361E-4	1
ate	1193	6.900935993674046E-4	1
ien	1184	6.848875286261584E-4	1
erc	1179	6.81995267103244E-4	1
ass	1175	6.796814578849123E-4	1
sia	1171	6.773676486665806E-4	1
tre	1162	6.721615779253345E-4	1
ppo	1147	6.63484793356591E-4	1
ela	1143	6.611709841382594E-4	1
sol	1135	6.565433657015962E-4	1
tte	1131	6.542295564832645E-4	1
ici	1127	6.519157472649329E-4	1
nno	1126	6.5133729496035E-4	1
ine	1125	6.507588426557671E-4	1
opo	1123	6.496019380466013E-4	1
ve_	1120	6.478665811328525E-4	1
orr	1114	6.443958673053551E-4	1
mpo	1111	6.426605103916065E-4	1
_fo	1111	6.426605103916065E-4	1
ive	1105	6.39189796564109E-4	1
raz	1102	6.374544396503603E-4	1
olo	1102	6.374544396503603E-4	1
ren	1100	6.362975350411945E-4	1
sig	1096	6.339837258228628E-4	1
pol	1096	6.339837258228628E-4	1
ole	1090	6.305130119953654E-4	1
ich	1090	6.305130119953654E-4	1
cia	1087	6.287776550816167E-4	1
_fi	1086	6.281992027770338E-4	1
orm	1084	6.27042298167868E-4	1
ltr	1083	6.264638458632851E-4	1
tur	1081	6.253069412541193E-4	1
_ta	1081	6.253069412541193E-4	1
_pu	1081	6.253069412541193E-4	1
_ve	1080	6.247284889495364E-4	1
acc	1078	6.235715843403706E-4	1
nde	1076	6.224146797312048E-4	1
_vi	1074	6.21257775122039E-4	1
isc	1066	6.166301566853758E-4	1
ide	1060	6.131594428578784E-4	1
ene	1059	6.125809905532954E-4	1
ign	1058	6.120025382487125E-4	1
vor	1057	6.114240859441296E-4	1
rog	1055	6.102671813349638E-4	1
dir	1040	6.015903967662202E-4	1
nos	1036	5.992765875478886E-4	1
ior	1027	5.940705168066424E-4	1
onc	1020	5.900213506745621E-4	1
nda	1018	5.888644460653963E-4	1
min	1016	5.877075414562306E-4	1
uto	1014	5.865506368470647E-4	1
ero	1009	5.836583753241503E-4	1
_gr	1007	5.825014707149844E-4	1
ha_	1006	5.819230184104015E-4	1
cos	1004	5.807661138012357E-4	1
spo	1003	5.801876614966528E-4	1
_ra	998	5.772953999737383E-4	1
ern	995	5.755600430599895E-4	1
egi	994	5.749815907554066E-4	1
ebb	987	5.709324246233263E-4	1
alt	984	5.691970677095777E-4	1
ime	982	5.680401631004118E-4	1
itt	981	5.674617107958289E-4	1
rti	980	5.66883258491246E-4	1
ea_	976	5.645694492729143E-4	1
bia	971	5.616771877499998E-4	1
ven	969	5.60520283140834E-4	1
_gl	966	5.587849262270854E-4	1
_at	961	5.558926647041708E-4	1
ral	959	5.54735760095005E-4	1
mer	952	5.506865939629246E-4	1
_ap	952	5.506865939629246E-4	1
inc	951	5.501081416583417E-4	1
rim	949	5.48951237049176E-4	1
ove	949	5.48951237049176E-4	1
reg	946	5.472158801354273E-4	1
sar	944	5.460589755262614E-4	1
omp	944	5.460589755262614E-4	1
iat	938	5.42588261698764E-4	1
ola	937	5.420098093941811E-4	1
rel	936	5.414313570895982E-4	1
ces	936	5.414313570895982E-4	1
cat	936	5.414313570895982E-4	1
rma	935	5.408529047850153E-4	1
ile	932	5.391175478712666E-4	1
_av	928	5.36803738652935E-4	1
rà_	925	5.350683817391862E-4	1
occ	924	5.344899294346034E-4	1
più	915	5.292838586933573E-4	1
iù_	915	5.292838586933573E-4	1
ial	915	5.292838586933573E-4	1
oll	913	5.281269540841914E-4	1
giu	913	5.281269540841914E-4	1
ott	912	5.275485017796085E-4	1
ram	908	5.252346925612768E-4	1
_as	907	5.24656240256694E-4	1
isp	900	5.206070741246136E-4	1
pet	896	5.182932649062821E-4	1
leg	895	5.177148126016991E-4	1
ivi	895	5.177148126016991E-4	1
cco	891	5.154010033833676E-4	1
abi	891	5.154010033833676E-4	1
tem	890	5.148225510787847E-4	1
_sa	889	5.142440987742017E-4	1
vo_	888	5.136656464696188E-4	1
man	884	5.113518372512872E-4	1
ull	875	5.06145766510041E-4	1
ers	873	5.049888619008753E-4	1
vi_	872	5.044104095962924E-4	1
_sp	869	5.026750526825436E-4	1
bbi	868	5.020966003779607E-4	1
omu	864	4.997827911596291E-4	1
ara	863	4.992043388550462E-4	1
ui_	862	4.986258865504633E-4	1
lar	848	4.905275542863027E-4	1
laz	847	4.899491019817198E-4	1
ttu	846	4.893706496771369E-4	1
nco	841	4.8647838815422235E-4	1
ert	841	4.8647838815422235E-4	1
_ad	841	4.8647838815422235E-4	1
eme	840	4.858999358496394E-4	1
izz	837	4.841645789358907E-4	1
agg	837	4.841645789358907E-4	1
ce_	836	4.835861266313078E-4	1
lat	831	4.8069386510839326E-4	1
lin	828	4.7895850819464455E-4	1
bbe	825	4.772231512808959E-4	1
rie	824	4.7664469897631294E-4	1
egl	823	4.7606624667173006E-4	1
ece	821	4.7490934206256423E-4	1
nci	819	4.7375243745339846E-4	1
ind	812	4.697032713213181E-4	1
eco	811	4.691248190167352E-4	1
amm	810	4.685463667121523E-4	1
reb	809	4.6796791440756937E-4	1
avo	806	4.6623255749382066E-4	1
tit	804	4.650756528846549E-4	1
eci	804	4.650756528846549E-4	1
uan	798	4.6160493905715745E-4	1
emp	798	4.6160493905715745E-4	1
dic	798	4.6160493905715745E-4	1
oro	797	4.6102648675257457E-4	1
lor	785	4.540850590975797E-4	1
ner	776	4.4887898835633356E-4	1
nat	775	4.483005360517507E-4	1
mun	775	4.483005360517507E-4	1
de_	774	4.4772208374716774E-4	1
osi	769	4.4482982222425325E-4	1
_or	767	4.436729176150874E-4	1
ord	766	4.4309446531050453E-4	1
ret	763	4.413591083967558E-4	1
ifi	762	4.407806560921729E-4	1
_am	761	4.4020220378759E-4	1
_cu	760	4.396237514830071E-4	1
nsi	759	4.390452991784242E-4	1
_va	757	4.378883945692584E-4	1
_on	755	4.3673148996009256E-4	1
lta	754	4.361530376555097E-4	1
ibi	753	4.355745853509268E-4	1
cen	752	4.3499613304634385E-4	1
_ai	752	4.3499613304634385E-4	1
upp	751	4.3441768074176096E-4	1
pon	751	4.3441768074176096E-4	1
pea	751	4.3441768074176096E-4	1
_nu	750	4.338392284371781E-4	1
_cr	748	4.3268232382801225E-4	1
mat	747	4.3210387152342936E-4	1
ai_	747	4.3210387152342936E-4	1
rar	744	4.3036851460968064E-4	1
uzi	741	4.2863315769593193E-4	1
sit	741	4.2863315769593193E-4	1
ie_	741	4.2863315769593193E-4	1
iso	739	4.274762530867661E-4	1
car	738	4.268978007821832E-4	1
ima	736	4.257408961730174E-4	1
hé_	731	4.228486346501029E-4	1
ens	731	4.228486346501029E-4	1
ché	731	4.228486346501029E-4	1
cit	730	4.2227018234551996E-4	1
ult	727	4.2053482543177124E-4	1
rte	721	4.170641116042738E-4	1
den	720	4.164856592996909E-4	1
ede	718	4.153287546905251E-4	1
ivo	715	4.1359339777677644E-4	1
lic	714	4.130149454721935E-4	1
nit	713	4.124364931676106E-4	1
ani	711	4.112795885584448E-4	1
erv	709	4.10122683949279E-4	1
mod	706	4.083873270355303E-4	1
esp	706	4.083873270355303E-4	1
deg	702	4.0607351781719864E-4	1
fer	696	4.026028039897012E-4	1
rin	694	4.0144589938053544E-4	1
amb	691	3.997105424667867E-4	1
tes	680	3.9334756711637475E-4	1
or_	680	3.9334756711637475E-4	1
ure	678	3.92190662507209E-4	1
mbi	678	3.92190662507209E-4	1
pli	676	3.9103375789804315E-4	1
ue_	675	3.9045530559346026E-4	1
sid	675	3.9045530559346026E-4	1
erm	675	3.9045530559346026E-4	1
_ac	673	3.8929840098429443E-4	1
mmi	671	3.8814149637512866E-4	1
ogr	670	3.875630440705457E-4	1
_sc	666	3.852492348522141E-4	1
din	665	3.8467078254763123E-4	1
imi	664	3.840923302430483E-4	1
ian	664	3.840923302430483E-4	1
_fr	660	3.817785210247167E-4	1
omi	654	3.7830780719721926E-4	1
tam	653	3.7772935489263637E-4	1
isi	652	3.7715090258805343E-4	1
sis	650	3.7599399797888766E-4	1
_au	648	3.7483709336972183E-4	1
uti	643	3.7194483184680734E-4	1
imo	643	3.7194483184680734E-4	1
aff	643	3.7194483184680734E-4	1
qui	642	3.713663795422244E-4	1
niz	642	3.713663795422244E-4	1
nan	639	3.696310226284757E-4	1
iet	639	3.696310226284757E-4	1
pot	637	3.684741180193099E-4	1
rov	635	3.673172134101441E-4	1
emb	635	3.673172134101441E-4	1
_ab	634	3.667387611055612E-4	1
fat	632	3.6558185649639537E-4	1
tua	631	3.650034041918125E-4	1
be_	631	3.650034041918125E-4	1
cre	626	3.6211114266889794E-4	1
ema	625	3.6153269036431505E-4	1
odo	624	3.6095423805973217E-4	1
rea	623	3.603757857551492E-4	1
ova	622	3.5979733345056634E-4	1
dov	622	3.5979733345056634E-4	1
nom	620	3.586404288414005E-4	1
ffi	620	3.586404288414005E-4	1
eve	619	3.580619765368176E-4	1
mbr	618	3.5748352423223474E-4	1
rif	616	3.563266196230689E-4	1
cer	616	3.563266196230689E-4	1
ezz	612	3.540128104047373E-4	1
_sv	612	3.540128104047373E-4	1
rno	606	3.505420965772399E-4	1
ppr	602	3.482282873589083E-4	1
rsi	601	3.4764983505432533E-4	1
go_	601	3.4764983505432533E-4	1
sci	600	3.4707138274974245E-4	1
uta	598	3.459144781405766E-4	1
mis	598	3.459144781405766E-4	1
lia	597	3.4533602583599373E-4	1
itu	597	3.4533602583599373E-4	1
rem	590	3.412868597039134E-4	1
mpr	590	3.412868597039134E-4	1
opr	587	3.395515027901647E-4	1
pen	585	3.383945981809989E-4	1
nio	585	3.383945981809989E-4	1
lli	582	3.3665924126725016E-4	1
hi_	581	3.3608078896266727E-4	1
des	581	3.3608078896266727E-4	1
vis	578	3.3434543204891856E-4	1
rso	578	3.3434543204891856E-4	1
lme	578	3.3434543204891856E-4	1
hia	576	3.3318852743975273E-4	1
abb	575	3.3261007513516984E-4	1
unt	574	3.3203162283058696E-4	1
ume	573	3.31453170526004E-4	1
ino	570	3.297178136122553E-4	1
lun	569	3.291393613076724E-4	1
ust	567	3.279824566985066E-4	1
tru	567	3.279824566985066E-4	1
sem	564	3.2624709978475787E-4	1
dev	564	3.2624709978475787E-4	1
liz	563	3.25668647480175E-4	1
uov	561	3.245117428710092E-4	1
lem	561	3.245117428710092E-4	1
_ec	561	3.245117428710092E-4	1
tim	560	3.2393329056642627E-4	1
cui	557	3.2219793365267756E-4	1
emo	556	3.2161948134809467E-4	1
soc	553	3.1988412443434595E-4	1
ron	552	3.1930567212976307E-4	1
lio	551	3.187272198251801E-4	1
far	550	3.1814876752059724E-4	1
bie	550	3.1814876752059724E-4	1
naz	549	3.1757031521601435E-4	1
alc	547	3.164134106068485E-4	1
_ce	545	3.152565059976827E-4	1
mpi	543	3.140996013885169E-4	1
iss	543	3.140996013885169E-4	1
_na	543	3.140996013885169E-4	1
_du	542	3.13521149083934E-4	1
lam	538	3.112073398656024E-4	1
cip	537	3.106288875610195E-4	1
gua	536	3.100504352564366E-4	1
mol	535	3.0947198295185367E-4	1
seg	533	3.083150783426879E-4	1
ors	532	3.0773662603810495E-4	1
cce	528	3.0542281681977335E-4	1
via	527	3.0484436451519046E-4	1
oi_	524	3.0310900760144175E-4	1
oci	523	3.025305552968588E-4	1
err	522	3.019521029922759E-4	1
dia	522	3.019521029922759E-4	1
mpe	521	3.0137365068769303E-4	1
rme	520	3.007951983831101E-4	1
_af	517	2.9905984146936143E-4	1
edi	516	2.984813891647785E-4	1
gen	514	2.973244845556127E-4	1
ard	514	2.973244845556127E-4	1
cur	513	2.967460322510298E-4	1
_ag	512	2.961675799464469E-4	1
sic	508	2.938537707281153E-4	1
sib	507	2.9327531842353235E-4	1
lim	507	2.9327531842353235E-4	1
fon	507	2.9327531842353235E-4	1
nse	505	2.921184138143666E-4	1
lav	504	2.9153996150978363E-4	1
inf	504	2.9153996150978363E-4	1
_lu	504	2.9153996150978363E-4	1
asp	503	2.9096150920520075E-4	1
ave	502	2.9038305690061786E-4	1
_fu	502	2.9038305690061786E-4	1
uar	501	2.898046045960349E-4	1
div	501	2.898046045960349E-4	1
arl	500	2.8922615229145203E-4	1
ite	499	2.8864769998686914E-4	1
vit	497	2.874907953777033E-4	1
nsa	497	2.874907953777033E-4	1
mem	497	2.874907953777033E-4	1
fro	497	2.874907953777033E-4	1
_oc	497	2.874907953777033E-4	1
sco	496	2.8691234307312043E-4	1
uel	494	2.857554384639546E-4	1
_og	493	2.851769861593717E-4	1
rdi	492	2.8459853385478883E-4	1
dam	492	2.8459853385478883E-4	1
paz	491	2.840200815502059E-4	1
lto	491	2.840200815502059E-4	1
ngo	488	2.8228472463645717E-4	1
iut	488	2.8228472463645717E-4	1
roc	486	2.811278200272914E-4	1
sim	484	2.7997091541812557E-4	1
ras	483	2.793924631135427E-4	1
icu	482	2.7881401080895974E-4	1
mpl	480	2.7765710619979397E-4	1
adi	478	2.7650020159062814E-4	1
cup	477	2.7592174928604525E-4	1
alm	477	2.7592174928604525E-4	1
dif	475	2.747648446768794E-4	1
hie	472	2.730294877631307E-4	1
ccu	472	2.730294877631307E-4	1
ote	471	2.724510354585478E-4	1
eo_	471	2.724510354585478E-4	1
cun	470	2.7187258315396494E-4	1
nar	469	2.71294130849382E-4	1
nuo	468	2.707156785447991E-4	1
ier	467	2.701372262402162E-4	1
bri	466	2.695587739356333E-4	1
taz	465	2.689803216310504E-4	1
mma	463	2.6782341702188457E-4	1
egu	463	2.6782341702188457E-4	1
rec	461	2.666665124127188E-4	1
fra	460	2.6608806010813585E-4	1
_ar	460	2.6608806010813585E-4	1
tio	459	2.6550960780355297E-4	1
dat	457	2.6435270319438714E-4	1
ovr	454	2.626173462806384E-4	1
rol	453	2.6203889397605554E-4	1
ogg	453	2.6203889397605554E-4	1
val	452	2.6146044167147265E-4	1
ete	452	2.6146044167147265E-4	1
ffe	451	2.6088198936688976E-4	1
egn	449	2.5972508475772394E-4	1
_op	449	2.5972508475772394E-4	1
peo	447	2.585681801485581E-4	1
opp	447	2.585681801485581E-4	1
nce	445	2.5741127553939233E-4	1
ze_	444	2.568328232348094E-4	1
vil	444	2.568328232348094E-4	1
rap	444	2.568328232348094E-4	1
eng	444	2.568328232348094E-4	1
ele	444	2.568328232348094E-4	1
eno	443	2.562543709302265E-4	1
tin	442	2.556759186256436E-4	1
lti	442	2.556759186256436E-4	1
cis	439	2.539405617118949E-4	1
inv	438	2.5336210940731196E-4	1
ice	438	2.5336210940731196E-4	1
esa	438	2.5336210940731196E-4	1
_o_	438	2.5336210940731196E-4	1
obi	437	2.527836571027291E-4	1
sca	436	2.522052047981462E-4	1
teg	435	2.5162675249356325E-4	1
ber	435	2.5162675249356325E-4	1
uno	433	2.504698478843975E-4	1
rmi	433	2.504698478843975E-4	1
rca	433	2.504698478843975E-4	1
evi	432	2.4989139557981453E-4	1
_el	432	2.4989139557981453E-4	1
_ba	432	2.4989139557981453E-4	1
dec	430	2.4873449097064876E-4	1
sce	429	2.481560386660659E-4	1
rez	429	2.481560386660659E-4	1
llu	429	2.481560386660659E-4	1
aes	428	2.4757758636148293E-4	1
rch	426	2.4642068175231716E-4	1
upa	425	2.458422294477342E-4	1
pae	425	2.458422294477342E-4	1
_ge	425	2.458422294477342E-4	1
zi_	424	2.4526377714315133E-4	1
rig	424	2.4526377714315133E-4	1
nec	424	2.4526377714315133E-4	1
han	423	2.4468532483856844E-4	1
set	419	2.4237151562023682E-4	1
rda	419	2.4237151562023682E-4	1
pun	418	2.417930633156539E-4	1
rob	417	2.41214611011071E-4	1
get	417	2.41214611011071E-4	1
agl	417	2.41214611011071E-4	1
ad_	417	2.41214611011071E-4	1
oce	415	2.400577064019052E-4	1
scu	414	2.3947925409732227E-4	1
iri	414	2.3947925409732227E-4	1
ega	414	2.3947925409732227E-4	1
dar	414	2.3947925409732227E-4	1
lcu	412	2.3832234948815647E-4	1
cri	411	2.3774389718357359E-4	1
aut	411	2.3774389718357359E-4	1
orn	409	2.3658699257440776E-4	1
su_	408	2.3600854026982487E-4	1
rag	406	2.3485163566065904E-4	1
ing	406	2.3485163566065904E-4	1
omm	405	2.3427318335607616E-4	1
rib	403	2.3311627874691033E-4	1
olu	403	2.3311627874691033E-4	1
ius	403	2.3311627874691033E-4	1
gia	403	2.3311627874691033E-4	1
cam	403	2.3311627874691033E-4	1
rad	402	2.3253782644232744E-4	1
ble	402	2.3253782644232744E-4	1
nze	401	2.3195937413774453E-4	1
sos	400	2.3138092183316164E-4	1
isu	399	2.3080246952857873E-4	1
ego	398	2.302240172239958E-4	1
vre	396	2.2906711261483E-4	1
pio	394	2.279102080056642E-4	1
rod	390	2.2559639878733258E-4	1
lan	390	2.2559639878733258E-4	1
mag	389	2.250179464827497E-4	1
cio	388	2.2443949417816678E-4	1
rla	387	2.2386104187358387E-4	1
svi	386	2.2328258956900098E-4	1
nqu	386	2.2328258956900098E-4	1
dur	386	2.2328258956900098E-4	1
van	385	2.2270413726441807E-4	1
rci	385	2.2270413726441807E-4	1
ger	384	2.2212568495983515E-4	1
nic	383	2.2154723265525227E-4	1
mon	383	2.2154723265525227E-4	1
ilu	383	2.2154723265525227E-4	1
esc	383	2.2154723265525227E-4	1
lup	382	2.2096878035066935E-4	1
nut	381	2.2039032804608644E-4	1
obl	380	2.1981187574150355E-4	1
eni	379	2.1923342343692064E-4	1
ros	378	2.1865497113233775E-4	1
rna	377	2.1807651882775484E-4	1
cie	376	2.1749806652317192E-4	1
ua_	375	2.1691961421858904E-4	1
eff	375	2.1691961421858904E-4	1
suo	374	2.1634116191400612E-4	1
det	374	2.1634116191400612E-4	1
can	373	2.157627096094232E-4	1
iò_	372	2.1518425730484032E-4	1
ciò	372	2.1518425730484032E-4	1
obb	370	2.140273526956745E-4	1
eva	369	2.134489003910916E-4	1
ins	368	2.128704480865087E-4	1
sec	367	2.122919957819258E-4	1
une	366	2.117135434773429E-4	1
met	366	2.117135434773429E-4	1
ced	365	2.1113509117275998E-4	1
cas	364	2.105566388681771E-4	1
amp	362	2.0939973425901126E-4	1
gar	361	2.0882128195442838E-4	1
sì_	360	2.0824282964984546E-4	1
mic	359	2.0766437734526255E-4	1
gni	359	2.0766437734526255E-4	1
rto	358	2.0708592504067966E-4	1
mar	358	2.0708592504067966E-4	1
igu	358	2.0708592504067966E-4	1
enu	356	2.0592902043151386E-4	1
sab	355	2.0535056812693095E-4	1
gov	354	2.0477211582234803E-4	1
les	353	2.0419366351776515E-4	1
vat	352	2.0361521121318223E-4	1
rse	351	2.0303675890859932E-4	1
uss	350	2.0245830660401643E-4	1
tir	350	2.0245830660401643E-4	1
avi	350	2.0245830660401643E-4	1
asi	350	2.0245830660401643E-4	1
aus	348	2.013014019948506E-4	1
_ob	347	2.0072294969026772E-4	1
_bi	347	2.0072294969026772E-4	1
ast	346	2.001444973856848E-4	1
_be	345	1.9956604508110192E-4	1
ul_	344	1.98987592776519E-4	1
rei	342	1.978306881673532E-4	1
var	341	1.972522358627703E-4	1
siz	340	1.9667378355818737E-4	1
dim	340	1.9667378355818737E-4	1
gi_	339	1.960953312536045E-4	1
rdo	338	1.9551687894902157E-4	1
emi	338	1.9551687894902157E-4	1
_em	337	1.9493842664443866E-4	1
ben	336	1.9435997433985577E-4	1
ota	335	1.9378152203527286E-4	1
rut	334	1.9320306973068997E-4	1
mes	334	1.9320306973068997E-4	1
caz	334	1.9320306973068997E-4	1
ife	332	1.9204616512152414E-4	1
rup	331	1.9146771281694126E-4	1
ga_	331	1.9146771281694126E-4	1
uri	330	1.9088926051235834E-4	1
ubb	330	1.9088926051235834E-4	1
avv	330	1.9088926051235834E-4	1
_en	330	1.9088926051235834E-4	1
odi	328	1.8973235590319254E-4	1
iun	327	1.8915390359860963E-4	1
ee_	327	1.8915390359860963E-4	1
ied	326	1.8857545129402671E-4	1
ado	326	1.8857545129402671E-4	1
gru	325	1.8799699898944383E-4	1
clu	325	1.8799699898944383E-4	1
riv	324	1.8741854668486091E-4	1
erà	324	1.8741854668486091E-4	1
eal	322	1.862616420756951E-4	1
bit	322	1.862616420756951E-4	1
nis	321	1.856831897711122E-4	1
atu	320	1.851047374665293E-4	1
ogn	318	1.8394783285736348E-4	1
ibu	318	1.8394783285736348E-4	1
ghi	318	1.8394783285736348E-4	1
bas	318	1.8394783285736348E-4	1
rve	317	1.833693805527806E-4	1
_ef	317	1.833693805527806E-4	1
bli	316	1.8279092824819768E-4	1
nni	315	1.8221247594361477E-4	1
nei	315	1.8221247594361477E-4	1
dot	314	1.8163402363903188E-4	1
gan	313	1.8105557133444897E-4	1
lut	312	1.8047711902986608E-4	1
lus	312	1.8047711902986608E-4	1
_ru	312	1.8047711902986608E-4	1
lis	311	1.7989866672528317E-4	1
bbl	311	1.7989866672528317E-4	1
uo_	310	1.7932021442070025E-4	1
zaz	309	1.7874176211611737E-4	1
tad	308	1.7816330981153445E-4	1
red	308	1.7816330981153445E-4	1
lib	308	1.7816330981153445E-4	1
idi	308	1.7816330981153445E-4	1
ià_	307	1.7758485750695154E-4	1
gna	307	1.7758485750695154E-4	1
già	307	1.7758485750695154E-4	1
diz	307	1.7758485750695154E-4	1
ida	306	1.7700640520236865E-4	1
pia	304	1.7584950059320283E-4	1
mio	304	1.7584950059320283E-4	1
sua	303	1.7527104828861994E-4	1
cus	303	1.7527104828861994E-4	1
ana	303	1.7527104828861994E-4	1
ute	302	1.7469259598403702E-4	1
onf	302	1.7469259598403702E-4	1
let	302	1.7469259598403702E-4	1
_ed	302	1.7469259598403702E-4	1
asc	301	1.7411414367945414E-4	1
uin	300	1.7353569137487122E-4	1
ena	300	1.7353569137487122E-4	1
vel	297	1.718003344611225E-4	1
nve	297	1.718003344611225E-4	1
mig	297	1.718003344611225E-4	1
ed_	297	1.718003344611225E-4	1
cal	296	1.712218821565396E-4	1
uò_	294	1.700649775473738E-4	1
può	294	1.700649775473738E-4	1
mit	293	1.6948652524279088E-4	1
erg	293	1.6948652524279088E-4	1
gol	292	1.68908072938208E-4	1
sat	291	1.6832962063362508E-4	1
rof	291	1.6832962063362508E-4	1
pes	291	1.6832962063362508E-4	1
nso	291	1.6832962063362508E-4	1
spa	289	1.6717271602445928E-4	1
sot	289	1.6717271602445928E-4	1
rid	289	1.6717271602445928E-4	1
fav	287	1.6601581141529348E-4	1
lie	286	1.6543735911071056E-4	1
aiu	286	1.6543735911071056E-4	1
ogl	285	1.6485890680612765E-4	1
edo	284	1.6428045450154476E-4	1
uir	283	1.6370200219696185E-4	1
ppl	283	1.6370200219696185E-4	1
uaz	282	1.6312354989237894E-4	1
maz	282	1.6312354989237894E-4	1
oge	281	1.6254509758779605E-4	1
ade	281	1.6254509758779605E-4	1
_go	281	1.6254509758779605E-4	1
ttr	280	1.6196664528321314E-4	1
usi	279	1.6138819297863025E-4	1
noi	279	1.6138819297863025E-4	1
lte	279	1.6138819297863025E-4	1
igl	279	1.6138819297863025E-4	1
oti	278	1.6080974067404733E-4	1
ved	277	1.6023128836946442E-4	1
dob	277	1.6023128836946442E-4	1
ung	276	1.5965283606488153E-4	1
otr	276	1.5965283606488153E-4	1
nam	276	1.5965283606488153E-4	1
don	276	1.5965283606488153E-4	1
tav	275	1.5907438376029862E-4	1
spi	275	1.5907438376029862E-4	1
luz	275	1.5907438376029862E-4	1
san	274	1.584959314557157E-4	1
dan	274	1.584959314557157E-4	1
pra	273	1.5791747915113282E-4	1
_is	273	1.5791747915113282E-4	1
zat	272	1.573390268465499E-4	1
ipi	271	1.56760574541967E-4	1
oca	270	1.561821222373841E-4	1
neg	270	1.561821222373841E-4	1
ipa	270	1.561821222373841E-4	1
pit	269	1.556036699328012E-4	1
tol	268	1.550252176282183E-4	1
pi_	268	1.550252176282183E-4	1
osc	268	1.550252176282183E-4	1
loc	268	1.550252176282183E-4	1
sor	267	1.544467653236354E-4	1
ezi	267	1.544467653236354E-4	1
vvi	266	1.5386831301905248E-4	1
ace	266	1.5386831301905248E-4	1
egh	264	1.5271140840988667E-4	1
_ev	263	1.5213295610530376E-4	1
nol	261	1.5097605149613796E-4	1
ars	261	1.5097605149613796E-4	1
agi	261	1.5097605149613796E-4	1
rni	260	1.5039759919155505E-4	1
ecc	259	1.4981914688697216E-4	1
rom	258	1.4924069458238925E-4	1
mia	258	1.4924069458238925E-4	1
ila	258	1.4924069458238925E-4	1
osa	257	1.4866224227780636E-4	1
cci	257	1.4866224227780636E-4	1
_ho	256	1.4808378997322344E-4	1
ocr	255	1.4750533766864053E-4	1
udi	254	1.4692688536405764E-4	1
liv	254	1.4692688536405764E-4	1
ho_	254	1.4692688536405764E-4	1
pur	252	1.4576998075489182E-4	1
ifo	252	1.4576998075489182E-4	1
las	251	1.4519152845030893E-4	1
zar	250	1.4461307614572602E-4	1
uit	250	1.4461307614572602E-4	1
mil	250	1.4461307614572602E-4	1
cap	250	1.4461307614572602E-4	1
_ga	250	1.4461307614572602E-4	1
orz	249	1.440346238411431E-4	1
iff	248	1.4345617153656021E-4	1
oma	246	1.4229926692739441E-4	1
dem	246	1.4229926692739441E-4	1
inu	245	1.417208146228115E-4	1
_os	245	1.417208146228115E-4	1
ibe	244	1.4114236231822859E-4	1
tab	243	1.405639100136457E-4	1
cra	243	1.405639100136457E-4	1
arm	243	1.405639100136457E-4	1
vot	242	1.3998545770906279E-4	1
rvi	242	1.3998545770906279E-4	1
odu	241	1.3940700540447987E-4	1
uen	240	1.3882855309989698E-4	1
til	239	1.3825010079531407E-4	1
vve	238	1.3767164849073116E-4	1
nea	238	1.3767164849073116E-4	1
pec	237	1.3709319618614827E-4	1
dit	237	1.3709319618614827E-4	1
vid	236	1.3651474388156536E-4	1
nga	236	1.3651474388156536E-4	1
alo	235	1.3593629157698247E-4	1
rgo	234	1.3535783927239956E-4	1
len	234	1.3535783927239956E-4	1
uis	233	1.3477938696781664E-4	1
pub	233	1.3477938696781664E-4	1
gui	233	1.3477938696781664E-4	1
eta	233	1.3477938696781664E-4	1
ane	233	1.3477938696781664E-4	1
rip	232	1.3420093466323375E-4	1
rav	232	1.3420093466323375E-4	1
ngr	232	1.3420093466323375E-4	1
log	232	1.3420093466323375E-4	1
nir	231	1.3362248235865084E-4	1
due	231	1.3362248235865084E-4	1
alu	231	1.3362248235865084E-4	1
_ul	231	1.3362248235865084E-4	1
ase	229	1.3246557774948504E-4	1
arà	229	1.3246557774948504E-4	1
vam	228	1.3188712544490213E-4	1
org	227	1.313086731403192E-4	1
ltu	227	1.313086731403192E-4	1
ban	227	1.313086731403192E-4	1
rò_	225	1.301517685311534E-4	1
rne	225	1.301517685311534E-4	1
lon	224	1.2957331622657052E-4	1
gat	224	1.2957331622657052E-4	1
api	224	1.2957331622657052E-4	1
rga	223	1.289948639219876E-4	1
fet	223	1.289948639219876E-4	1
ula	222	1.284164116174047E-4	1
lev	222	1.284164116174047E-4	1
eti	222	1.284164116174047E-4	1
cul	222	1.284164116174047E-4	1
nes	221	1.278379593128218E-4	1
cca	221	1.278379593128218E-4	1
aci	221	1.278379593128218E-4	1
aro	220	1.272595070082389E-4	1
ape	220	1.272595070082389E-4	1
sur	219	1.2668105470365598E-4	1
rer	219	1.2668105470365598E-4	1
lei	219	1.2668105470365598E-4	1
spr	218	1.261026023990731E-4	1
rtu	218	1.261026023990731E-4	1
nen	218	1.261026023990731E-4	1
efi	218	1.261026023990731E-4	1
bat	218	1.261026023990731E-4	1
dep	216	1.2494569778990727E-4	1
ava	216	1.2494569778990727E-4	1
_sf	216	1.2494569778990727E-4	1
gis	215	1.2436724548532438E-4	1
von	213	1.2321034087615858E-4	1
tiz	213	1.2321034087615858E-4	1
tec	213	1.2321034087615858E-4	1
ipe	213	1.2321034087615858E-4	1
ncl	212	1.2263188857157567E-4	1
egr	212	1.2263188857157567E-4	1
tui	211	1.2205343626699277E-4	1
peg	211	1.2205343626699277E-4	1
nif	211	1.2205343626699277E-4	1
ism	211	1.2205343626699277E-4	1
fun	211	1.2205343626699277E-4	1
età	211	1.2205343626699277E-4	1
uat	210	1.2147498396240985E-4	1
pas	209	1.2089653165782695E-4	1
pa_	209	1.2089653165782695E-4	1
moc	209	1.2089653165782695E-4	1
unq	208	1.2031807935324405E-4	1
ppi	208	1.2031807935324405E-4	1
pie	208	1.2031807935324405E-4	1
mme	208	1.2031807935324405E-4	1
iba	208	1.2031807935324405E-4	1
edu	207	1.1973962704866114E-4	1
coo	207	1.1973962704866114E-4	1
sam	206	1.1916117474407824E-4	1
ies	206	1.1916117474407824E-4	1
deb	206	1.1916117474407824E-4	1
tia	205	1.1858272243949534E-4	1
uol	205	1.1858272243949534E-4	1
nsu	205	1.1858272243949534E-4	1
nge	205	1.1858272243949534E-4	1
ddi	205	1.1858272243949534E-4	1
unz	204	1.1800427013491244E-4	1
sin	204	1.1800427013491244E-4	1
put	204	1.1800427013491244E-4	1
omo	204	1.1800427013491244E-4	1
gon	204	1.1800427013491244E-4	1
cet	204	1.1800427013491244E-4	1
ovi	203	1.1742581783032952E-4	1
egg	203	1.1742581783032952E-4	1
olg	202	1.1684736552574662E-4	1
ogo	202	1.1684736552574662E-4	1
ear	202	1.1684736552574662E-4	1
tie	201	1.1626891322116372E-4	1
idu	201	1.1626891322116372E-4	1
sap	200	1.1569046091658082E-4	1
rri	200	1.1569046091658082E-4	1
ovo	200	1.1569046091658082E-4	1
nvi	200	1.1569046091658082E-4	1
nna	200	1.1569046091658082E-4	1
osì	199	1.151120086119979E-4	1
ffr	199	1.151120086119979E-4	1
fac	199	1.151120086119979E-4	1
raf	198	1.14533556307415E-4	1
gge	198	1.14533556307415E-4	1
pat	196	1.1337665169824919E-4	1
ndu	196	1.1337665169824919E-4	1
dut	196	1.1337665169824919E-4	1
rva	195	1.1279819939366629E-4	1
svo	194	1.1221974708908339E-4	1
ssu	194	1.1221974708908339E-4	1
rir	194	1.1221974708908339E-4	1
nfo	193	1.1164129478450049E-4	1
inn	193	1.1164129478450049E-4	1
arg	193	1.1164129478450049E-4	1
rur	192	1.1106284247991758E-4	1
rro	192	1.1106284247991758E-4	1
cil	192	1.1106284247991758E-4	1
rge	191	1.1048439017533468E-4	1
nim	191	1.1048439017533468E-4	1
mpa	191	1.1048439017533468E-4	1
vec	190	1.0990593787075178E-4	1
gue	190	1.0990593787075178E-4	1
epu	189	1.0932748556616888E-4	1
cin	189	1.0932748556616888E-4	1
ami	189	1.0932748556616888E-4	1
poi	188	1.0874903326158596E-4	1
fut	188	1.0874903326158596E-4	1
erò	188	1.0874903326158596E-4	1
cau	188	1.0874903326158596E-4	1
_d_	188	1.0874903326158596E-4	1
zo_	187	1.0817058095700306E-4	1
utu	187	1.0817058095700306E-4	1
usa	187	1.0817058095700306E-4	1
tun	187	1.0817058095700306E-4	1
ovv	187	1.0817058095700306E-4	1
agr	185	1.0701367634783725E-4	1
vut	184	1.0643522404325435E-4	1
sop	184	1.0643522404325435E-4	1
pac	184	1.0643522404325435E-4	1
med	184	1.0643522404325435E-4	1
ozi	183	1.0585677173867145E-4	1
ode	183	1.0585677173867145E-4	1
ltà	183	1.0585677173867145E-4	1
gic	181	1.0469986712950563E-4	1
ple	180	1.0412141482492273E-4	1
luo	180	1.0412141482492273E-4	1
equ	180	1.0412141482492273E-4	1
bui	180	1.0412141482492273E-4	1
avr	180	1.0412141482492273E-4	1
zie	179	1.0354296252033983E-4	1
iud	179	1.0354296252033983E-4	1
dop	179	1.0354296252033983E-4	1
_to	179	1.0354296252033983E-4	1
_ti	179	1.0354296252033983E-4	1
_ot	179	1.0354296252033983E-4	1
_er	179	1.0354296252033983E-4	1
siv	178	1.0296451021575693E-4	1
mot	178	1.0296451021575693E-4	1
dib	178	1.0296451021575693E-4	1
aso	178	1.0296451021575693E-4	1
tif	177	1.0238605791117402E-4	1
lid	177	1.0238605791117402E-4	1
cir	177	1.0238605791117402E-4	1
ose	176	1.0180760560659112E-4	1
iur	176	1.0180760560659112E-4	1
fid	175	1.0122915330200822E-4	1
mos	174	1.006507009974253E-4	1
arc	174	1.006507009974253E-4	1
bor	173	1.000722486928424E-4	1
smo	172	9.94937963882595E-5	1
mal	172	9.94937963882595E-5	1
isa	171	9.89153440836766E-5	1
opa	170	9.833689177909369E-5	1
ong	170	9.833689177909369E-5	1
dom	170	9.833689177909369E-5	1
tas	169	9.775843947451079E-5	1
scr	169	9.775843947451079E-5	1
_ut	169	9.775843947451079E-5	1
_bu	169	9.775843947451079E-5	1
vie	168	9.717998716992789E-5	1
pic	168	9.717998716992789E-5	1
not	168	9.717998716992789E-5	1
nia	168	9.717998716992789E-5	1
abo	168	9.717998716992789E-5	1
_az	168	9.717998716992789E-5	1
sch	167	9.660153486534499E-5	1
_fe	167	9.660153486534499E-5	1
cch	166	9.602308256076207E-5	1
vog	165	9.544463025617917E-5	1
bre	165	9.544463025617917E-5	1
sui	164	9.486617795159627E-5	1
reo	164	9.486617795159627E-5	1
nca	164	9.486617795159627E-5	1
lab	164	9.486617795159627E-5	1
bba	164	9.486617795159627E-5	1
tel	163	9.428772564701336E-5	1
sla	163	9.428772564701336E-5	1
ril	163	9.428772564701336E-5	1
pin	163	9.428772564701336E-5	1
nfi	162	9.370927334243046E-5	1
isl	162	9.370927334243046E-5	1
eli	162	9.370927334243046E-5	1
tag	161	9.313082103784756E-5	1
sed	161	9.313082103784756E-5	1
uma	160	9.255236873326466E-5	1
ogi	160	9.255236873326466E-5	1
vaz	159	9.197391642868174E-5	1
bra	159	9.197391642868174E-5	1
sog	158	9.139546412409884E-5	1
riz	157	9.081701181951594E-5	1
num	157	9.081701181951594E-5	1
viz	156	9.023855951493304E-5	1
ves	156	9.023855951493304E-5	1
ira	156	9.023855951493304E-5	1
dip	156	9.023855951493304E-5	1
sum	155	8.966010721035013E-5	1
oga	155	8.966010721035013E-5	1
icc	155	8.966010721035013E-5	1
def	155	8.966010721035013E-5	1
ruo	153	8.850320260118433E-5	1
pop	153	8.850320260118433E-5	1
lob	153	8.850320260118433E-5	1
eoc	153	8.850320260118433E-5	1
pag	152	8.792475029660141E-5	1
rza	151	8.734629799201851E-5	1
rlo	151	8.734629799201851E-5	1
inq	151	8.734629799201851E-5	1
mom	150	8.676784568743561E-5	1
nov	149	8.618939338285271E-5	1
iac	149	8.618939338285271E-5	1
fes	149	8.618939338285271E-5	1
uog	148	8.56109410782698E-5	1
sie	148	8.56109410782698E-5	1
rgi	148	8.56109410782698E-5	1
rac	147	8.50324887736869E-5	1
pei	147	8.50324887736869E-5	1
_ur	147	8.50324887736869E-5	1
ofo	146	8.4454036469104E-5	1
ton	145	8.38755841645211E-5	1
oop	145	8.38755841645211E-5	1
ipo	144	8.329713185993818E-5	1
ghe	144	8.329713185993818E-5	1
poc	142	8.214022725077238E-5	1
die	142	8.214022725077238E-5	1
sal	141	8.156177494618947E-5	1
rot	141	8.156177494618947E-5	1
rce	141	8.156177494618947E-5	1
ocu	141	8.156177494618947E-5	1
uff	140	8.098332264160657E-5	1
irc	140	8.098332264160657E-5	1
eto	140	8.098332264160657E-5	1
cel	140	8.098332264160657E-5	1
riu	139	8.040487033702367E-5	1
mas	139	8.040487033702367E-5	1
gre	139	8.040487033702367E-5	1
ar_	139	8.040487033702367E-5	1
uso	138	7.982641803244077E-5	1
tez	138	7.982641803244077E-5	1
ppa	138	7.982641803244077E-5	1
nne	138	7.982641803244077E-5	1
cif	138	7.982641803244077E-5	1
imm	137	7.924796572785785E-5	1
gin	137	7.924796572785785E-5	1
cac	137	7.924796572785785E-5	1
onv	136	7.866951342327495E-5	1
mai	136	7.866951342327495E-5	1
enn	136	7.866951342327495E-5	1
ada	136	7.866951342327495E-5	1
vig	135	7.809106111869205E-5	1
uon	135	7.809106111869205E-5	1
ler	135	7.809106111869205E-5	1
gri	135	7.809106111869205E-5	1
ecu	135	7.809106111869205E-5	1
rco	134	7.751260881410915E-5	1
mmo	134	7.751260881410915E-5	1
ucc	134	7.751260881410915E-5	1
duc	134	7.751260881410915E-5	1
adr	133	7.693415650952624E-5	1
_id	133	7.693415650952624E-5	1
vei	132	7.635570420494334E-5	1
usc	132	7.635570420494334E-5	1
etr	132	7.635570420494334E-5	1
eic	132	7.635570420494334E-5	1
dai	132	7.635570420494334E-5	1
_br	132	7.635570420494334E-5	1
uad	131	7.577725190036044E-5	1
rsa	131	7.577725190036044E-5	1
tuz	130	7.519879959577752E-5	1
lud	130	7.519879959577752E-5	1
fle	130	7.519879959577752E-5	1
eso	130	7.519879959577752E-5	1
doc	130	7.519879959577752E-5	1
cum	130	7.519879959577752E-5	1
bis	130	7.519879959577752E-5	1
nfa	129	7.462034729119462E-5	1
coe	129	7.462034729119462E-5	1
off	128	7.404189498661172E-5	1
nun	128	7.404189498661172E-5	1
lge	128	7.404189498661172E-5	1
igo	128	7.404189498661172E-5	1
buo	127	7.346344268202882E-5	1
dro	127	7.346344268202882E-5	1
pal	127	7.346344268202882E-5	1
ans	126	7.288499037744591E-5	1
cid	126	7.288499037744591E-5	1
mul	126	7.288499037744591E-5	1
nfr	126	7.288499037744591E-5	1
bio	125	7.230653807286301E-5	1
emm	125	7.230653807286301E-5	1
gor	124	7.172808576828011E-5	1
ias	124	7.172808576828011E-5	1
lot	123	7.114963346369721E-5	1
ncr	123	7.114963346369721E-5	1
nua	123	7.114963346369721E-5	1
rep	123	7.114963346369721E-5	1
rtà	123	7.114963346369721E-5	1
oba	122	7.057118115911429E-5	1
rba	122	7.057118115911429E-5	1
rum	122	7.057118115911429E-5	1
_ov	121	6.999272885453139E-5	1
add	121	6.999272885453139E-5	1
ffo	121	6.999272885453139E-5	1
ges	121	6.999272885453139E-5	1
ios	121	6.999272885453139E-5	1
ude	121	6.999272885453139E-5	1
urr	121	6.999272885453139E-5	1
bal	120	6.941427654994849E-5	1
leu	120	6.941427654994849E-5	1
rra	120	6.941427654994849E-5	1
zzi	120	6.941427654994849E-5	1
aco	119	6.883582424536558E-5	1
ill	119	6.883582424536558E-5	1
zon	119	6.883582424536558E-5	1
fis	118	6.825737194078268E-5	1
gaz	118	6.825737194078268E-5	1
tos	118	6.825737194078268E-5	1
vra	118	6.825737194078268E-5	1
vrà	118	6.825737194078268E-5	1
los	116	6.710046733161688E-5	1
voc	116	6.710046733161688E-5	1
cla	115	6.652201502703396E-5	1
igi	115	6.652201502703396E-5	1
ise	115	6.652201502703396E-5	1
onn	115	6.652201502703396E-5	1
pee	115	6.652201502703396E-5	1
pir	115	6.652201502703396E-5	1
duz	114	6.594356272245106E-5	1
oso	114	6.594356272245106E-5	1
suc	114	6.594356272245106E-5	1
tip	114	6.594356272245106E-5	1
vin	114	6.594356272245106E-5	1
dus	113	6.536511041786816E-5	1
erz	113	6.536511041786816E-5	1
fa_	113	6.536511041786816E-5	1
muo	113	6.536511041786816E-5	1
ppu	113	6.536511041786816E-5	1
rrà	113	6.536511041786816E-5	1
eat	112	6.478665811328526E-5	1
nfe	112	6.478665811328526E-5	1
iod	111	6.420820580870235E-5	1
scl	111	6.420820580870235E-5	1
_us	110	6.362975350411945E-5	1
ama	110	6.362975350411945E-5	1
eca	110	6.362975350411945E-5	1
ige	110	6.362975350411945E-5	1
lau	110	6.362975350411945E-5	1
osp	110	6.362975350411945E-5	1
arr	109	6.305130119953655E-5	1
erl	109	6.305130119953655E-5	1
suf	109	6.305130119953655E-5	1
_io	108	6.247284889495363E-5	1
_zo	108	6.247284889495363E-5	1
ge_	108	6.247284889495363E-5	1
nib	108	6.247284889495363E-5	1
oco	108	6.247284889495363E-5	1
rzi	108	6.247284889495363E-5	1
zzo	108	6.247284889495363E-5	1
cut	107	6.189439659037073E-5	1
tog	107	6.189439659037073E-5	1
ree	106	6.131594428578783E-5	1
ruz	106	6.131594428578783E-5	1
sup	106	6.131594428578783E-5	1
atr	105	6.0737491981204926E-5	1
net	105	6.0737491981204926E-5	1
sun	105	6.0737491981204926E-5	1
uor	105	6.0737491981204926E-5	1
_ol	104	6.0159039676622025E-5	1
ido	104	6.0159039676622025E-5	1
lig	104	6.0159039676622025E-5	1
ogh	104	6.0159039676622025E-5	1
ppe	104	6.0159039676622025E-5	1
unc	104	6.0159039676622025E-5	1
uoi	104	6.0159039676622025E-5	1
dub	103	5.958058737203912E-5	1
lea	103	5.958058737203912E-5	1
dag	102	5.900213506745622E-5	1
ngi	102	5.900213506745622E-5	1
sfo	102	5.900213506745622E-5	1
tis	102	5.900213506745622E-5	1
nie	100	5.784523045829041E-5	1
oto	100	5.784523045829041E-5	1
sfa	100	5.784523045829041E-5	1
uci	100	5.784523045829041E-5	1
upe	100	5.784523045829041E-5	1
urg	100	5.784523045829041E-5	1
_né	99	5.72667781537075E-5	1
aum	99	5.72667781537075E-5	1
ffa	99	5.72667781537075E-5	1
né_	99	5.72667781537075E-5	1
st_	99	5.72667781537075E-5	1
vio	99	5.72667781537075E-5	1
_gu	98	5.6688325849124596E-5	1
ipr	98	5.6688325849124596E-5	1
rzo	98	5.6688325849124596E-5	1
tom	98	5.6688325849124596E-5	1
aga	97	5.6109873544541696E-5	1
bro	97	5.6109873544541696E-5	1
lac	97	5.6109873544541696E-5	1
_eq	96	5.553142123995879E-5	1
hio	96	5.553142123995879E-5	1
oic	96	5.553142123995879E-5	1
opi	96	5.553142123995879E-5	1
piu	96	5.553142123995879E-5	1
sue	96	5.553142123995879E-5	1
iaz	95	5.495296893537589E-5	1
lec	95	5.495296893537589E-5	1
mam	95	5.495296893537589E-5	1
agn	94	5.437451663079298E-5	1
gom	94	5.437451663079298E-5	1
pog	94	5.437451663079298E-5	1
nav	93	5.379606432621008E-5	1
vev	93	5.379606432621008E-5	1
cog	92	5.321761202162717E-5	1
dun	92	5.321761202162717E-5	1
goz	92	5.321761202162717E-5	1
mob	92	5.321761202162717E-5	1
acq	91	5.263915971704427E-5	1
ba_	91	5.263915971704427E-5	1
cqu	91	5.263915971704427E-5	1
iem	91	5.263915971704427E-5	1
lez	91	5.263915971704427E-5	1
nac	91	5.263915971704427E-5	1
nee	91	5.263915971704427E-5	1
ntu	91	5.263915971704427E-5	1
ovu	91	5.263915971704427E-5	1
glo	90	5.2060707412461366E-5	1
hes	90	5.2060707412461366E-5	1
nst	90	5.2060707412461366E-5	1
rmu	90	5.2060707412461366E-5	1
sug	90	5.2060707412461366E-5	1
gim	89	5.1482255107878465E-5	1
eaz	88	5.090380280329556E-5	1
mie	88	5.090380280329556E-5	1
sod	88	5.090380280329556E-5	1
sus	88	5.090380280329556E-5	1
_of	87	5.032535049871265E-5	1
ilm	87	5.032535049871265E-5	1
lag	87	5.032535049871265E-5	1
lch	87	5.032535049871265E-5	1
dio	86	4.974689819412975E-5	1
cod	85	4.9168445889546844E-5	1
daz	85	4.9168445889546844E-5	1
ecn	85	4.9168445889546844E-5	1
mez	85	4.9168445889546844E-5	1
oes	85	4.9168445889546844E-5	1
urb	85	4.9168445889546844E-5	1
ala	84	4.858999358496394E-5	1
als	84	4.858999358496394E-5	1
en_	84	4.858999358496394E-5	1
avu	83	4.8011541280381036E-5	1
isf	83	4.8011541280381036E-5	1
nvo	83	4.8011541280381036E-5	1
ofe	83	4.8011541280381036E-5	1
sov	83	4.8011541280381036E-5	1
dea	82	4.7433088975798136E-5	1
fas	82	4.7433088975798136E-5	1
ilo	82	4.7433088975798136E-5	1
lap	82	4.7433088975798136E-5	1
bol	81	4.685463667121523E-5	1
cic	81	4.685463667121523E-5	1
ifl	81	4.685463667121523E-5	1
mor	81	4.685463667121523E-5	1
ofi	81	4.685463667121523E-5	1
cad	80	4.627618436663233E-5	1
fuo	80	4.627618436663233E-5	1
_um	79	4.569773206204942E-5	1
cev	79	4.569773206204942E-5	1
epa	79	4.569773206204942E-5	1
odd	79	4.569773206204942E-5	1
vic	79	4.569773206204942E-5	1
ipl	78	4.511927975746652E-5	1
viv	78	4.511927975746652E-5	1
erd	77	4.4540827452883613E-5	1
icl	77	4.4540827452883613E-5	1
nul	77	4.4540827452883613E-5	1
stu	77	4.4540827452883613E-5	1
uil	77	4.4540827452883613E-5	1
ieg	76	4.3962375148300706E-5	1
dav	75	4.3383922843717806E-5	1
lsi	75	4.3383922843717806E-5	1
nef	75	4.3383922843717806E-5	1
nnu	75	4.3383922843717806E-5	1
_n_	74	4.28054705391349E-5	1
sfr	74	4.28054705391349E-5	1
_fl	73	4.2227018234552E-5	1
bi_	73	4.2227018234552E-5	1
fre	73	4.2227018234552E-5	1
ibr	73	4.2227018234552E-5	1
meg	73	4.2227018234552E-5	1
nfl	73	4.2227018234552E-5	1
uot	73	4.2227018234552E-5	1
apa	72	4.164856592996909E-5	1
_ir	71	4.107011362538619E-5	1
age	71	4.107011362538619E-5	1
iga	71	4.107011362538619E-5	1
olp	71	4.107011362538619E-5	1
sag	71	4.107011362538619E-5	1
sfi	71	4.107011362538619E-5	1
uom	71	4.107011362538619E-5	1
ang	70	4.0491661320803284E-5	1
fen	70	4.0491661320803284E-5	1
pid	70	4.0491661320803284E-5	1
rle	70	4.0491661320803284E-5	1
urt	70	4.0491661320803284E-5	1
cem	69	3.991320901622038E-5	1
coi	69	3.991320901622038E-5	1
flu	69	3.991320901622038E-5	1
fo_	69	3.991320901622038E-5	1
gur	69	3.991320901622038E-5	1
lal	69	3.991320901622038E-5	1
oin	69	3.991320901622038E-5	1
pan	69	3.991320901622038E-5	1
tac	69	3.991320901622038E-5	1
usp	69	3.991320901622038E-5	1
ciu	68	3.9334756711637476E-5	1
iov	68	3.9334756711637476E-5	1
irà	68	3.9334756711637476E-5	1
tev	68	3.9334756711637476E-5	1
tul	68	3.9334756711637476E-5	1
_mu	67	3.8756304407054576E-5	1
aio	67	3.8756304407054576E-5	1
cop	67	3.8756304407054576E-5	1
her	66	3.817785210247167E-5	1
ugl	66	3.817785210247167E-5	1
afo	65	3.759939979788876E-5	1
bad	65	3.759939979788876E-5	1
lop	65	3.759939979788876E-5	1
omb	65	3.759939979788876E-5	1
pla	65	3.759939979788876E-5	1
rli	65	3.759939979788876E-5	1
uce	65	3.759939979788876E-5	1
but	64	3.702094749330586E-5	1
fug	64	3.702094749330586E-5	1
ioè	64	3.702094749330586E-5	1
oè_	64	3.702094749330586E-5	1
sil	64	3.702094749330586E-5	1
trà	64	3.702094749330586E-5	1
vos	64	3.702094749330586E-5	1
alv	63	3.6442495188722954E-5	1
erf	63	3.6442495188722954E-5	1
fus	63	3.6442495188722954E-5	1
iol	63	3.6442495188722954E-5	1
lif	63	3.6442495188722954E-5	1
lir	63	3.6442495188722954E-5	1
lpi	63	3.6442495188722954E-5	1
mba	63	3.6442495188722954E-5	1
rtr	63	3.6442495188722954E-5	1
ugu	63	3.6442495188722954E-5	1
apr	62	3.5864042884140054E-5	1
asa	62	3.5864042884140054E-5	1
ebo	62	3.5864042884140054E-5	1
gam	62	3.5864042884140054E-5	1
oor	62	3.5864042884140054E-5	1
pov	62	3.5864042884140054E-5	1
_vu	61	3.5285590579557147E-5	1
asf	61	3.5285590579557147E-5	1
irr	61	3.5285590579557147E-5	1
nev	61	3.5285590579557147E-5	1
use	61	3.5285590579557147E-5	1
cab	60	3.4707138274974246E-5	1
hiu	60	3.4707138274974246E-5	1
lue	60	3.4707138274974246E-5	1
ur_	60	3.4707138274974246E-5	1
_cl	59	3.412868597039134E-5	1
_ro	59	3.412868597039134E-5	1
_sì	59	3.412868597039134E-5	1
ntà	59	3.412868597039134E-5	1
ref	59	3.412868597039134E-5	1
tib	59	3.412868597039134E-5	1
vuo	59	3.412868597039134E-5	1
adu	58	3.355023366580844E-5	1
irl	58	3.355023366580844E-5	1
ped	58	3.355023366580844E-5	1
plo	58	3.355023366580844E-5	1
ses	58	3.355023366580844E-5	1
smi	58	3.355023366580844E-5	1
top	58	3.355023366580844E-5	1
tot	58	3.355023366580844E-5	1
ttà	58	3.355023366580844E-5	1
req	57	3.297178136122553E-5	1
erp	56	3.239332905664263E-5	1
fos	56	3.239332905664263E-5	1
gal	56	3.239332905664263E-5	1
git	56	3.239332905664263E-5	1
tud	56	3.239332905664263E-5	1
uer	56	3.239332905664263E-5	1
zit	56	3.239332905664263E-5	1
_pl	55	3.1814876752059724E-5	1
civ	55	3.1814876752059724E-5	1
gie	55	3.1814876752059724E-5	1
otu	55	3.1814876752059724E-5	1
saz	55	3.1814876752059724E-5	1
dde	54	3.123642444747682E-5	1
och	54	3.123642444747682E-5	1
quo	54	3.123642444747682E-5	1
rui	54	3.123642444747682E-5	1
aur	53	3.0657972142893916E-5	1
dac	53	3.0657972142893916E-5	1
gir	53	3.0657972142893916E-5	1
lad	53	3.0657972142893916E-5	1
moz	53	3.0657972142893916E-5	1
sud	53	3.0657972142893916E-5	1
bbr	52	3.0079519838311013E-5	1
esu	52	3.0079519838311013E-5	1
esì	52	3.0079519838311013E-5	1
fru	52	3.0079519838311013E-5	1
pev	52	3.0079519838311013E-5	1
ucl	52	3.0079519838311013E-5	1
_sm	51	2.950106753372811E-5	1
auz	51	2.950106753372811E-5	1
cle	51	2.950106753372811E-5	1
epo	51	2.950106753372811E-5	1
mir	51	2.950106753372811E-5	1
sub	51	2.950106753372811E-5	1
dos	50	2.8922615229145205E-5	1
elt	50	2.8922615229145205E-5	1
nsì	50	2.8922615229145205E-5	1
nuc	50	2.8922615229145205E-5	1
sas	50	2.8922615229145205E-5	1
azz	49	2.8344162924562298E-5	1
biz	49	2.8344162924562298E-5	1
cez	49	2.8344162924562298E-5	1
dol	49	2.8344162924562298E-5	1
epp	49	2.8344162924562298E-5	1
olv	49	2.8344162924562298E-5	1
rmo	49	2.8344162924562298E-5	1
sif	49	2.8344162924562298E-5	1
sof	49	2.8344162924562298E-5	1
_bo	48	2.7765710619979394E-5	1
arn	48	2.7765710619979394E-5	1
ean	48	2.7765710619979394E-5	1
eda	48	2.7765710619979394E-5	1
igr	48	2.7765710619979394E-5	1
ioc	48	2.7765710619979394E-5	1
lef	48	2.7765710619979394E-5	1
lgo	48	2.7765710619979394E-5	1
rfe	48	2.7765710619979394E-5	1
ubi	48	2.7765710619979394E-5	1
ugg	48	2.7765710619979394E-5	1
bur	47	2.718725831539649E-5	1
cuo	47	2.718725831539649E-5	1
lve	47	2.718725831539649E-5	1
sfe	47	2.718725831539649E-5	1
uas	47	2.718725831539649E-5	1
zis	47	2.718725831539649E-5	1
dua	46	2.6608806010813587E-5	1
nui	46	2.6608806010813587E-5	1
ugh	46	2.6608806010813587E-5	1
vas	46	2.6608806010813587E-5	1
fiu	45	2.6030353706230683E-5	1
gil	45	2.6030353706230683E-5	1
nas	45	2.6030353706230683E-5	1
rae	45	2.6030353706230683E-5	1
tod	45	2.6030353706230683E-5	1
afi	44	2.545190140164778E-5	1
an_	44	2.545190140164778E-5	1
cim	44	2.545190140164778E-5	1
cno	44	2.545190140164778E-5	1
enc	44	2.545190140164778E-5	1
fed	44	2.545190140164778E-5	1
fig	44	2.545190140164778E-5	1
oer	44	2.545190140164778E-5	1
rde	44	2.545190140164778E-5	1
rpr	44	2.545190140164778E-5	1
_eg	43	2.4873449097064875E-5	1
_uo	43	2.4873449097064875E-5	1
did	43	2.4873449097064875E-5	1
erb	43	2.4873449097064875E-5	1
fil	43	2.4873449097064875E-5	1
iei	43	2.4873449097064875E-5	1
toc	43	2.4873449097064875E-5	1
ciz	42	2.429499679248197E-5	1
dì_	42	2.429499679248197E-5	1
pel	42	2.429499679248197E-5	1
spl	42	2.429499679248197E-5	1
vag	42	2.429499679248197E-5	1
zan	42	2.429499679248197E-5	1
cni	41	2.3716544487899068E-5	1
ded	41	2.3716544487899068E-5	1
eru	41	2.3716544487899068E-5	1
rab	41	2.3716544487899068E-5	1
rd_	41	2.3716544487899068E-5	1
_c_	40	2.3138092183316164E-5	1
aca	40	2.3138092183316164E-5	1
ror	40	2.3138092183316164E-5	1
utr	40	2.3138092183316164E-5	1
vem	40	2.3138092183316164E-5	1
voi	40	2.3138092183316164E-5	1
zam	40	2.3138092183316164E-5	1
_cè	39	2.255963987873326E-5	1
_ie	39	2.255963987873326E-5	1
cè_	39	2.255963987873326E-5	1
laf	39	2.255963987873326E-5	1
lco	39	2.255963987873326E-5	1
lva	39	2.255963987873326E-5	1
nep	39	2.255963987873326E-5	1
nsf	39	2.255963987873326E-5	1
_ig	38	2.1981187574150353E-5	1
epl	38	2.1981187574150353E-5	1
imb	38	2.1981187574150353E-5	1
iro	38	2.1981187574150353E-5	1
sra	38	2.1981187574150353E-5	1
vab	38	2.1981187574150353E-5	1
vir	38	2.1981187574150353E-5	1
bar	37	2.140273526956745E-5	1
luc	37	2.140273526956745E-5	1
vet	37	2.140273526956745E-5	1
bab	36	2.0824282964984546E-5	1
fob	36	2.0824282964984546E-5	1
iav	36	2.0824282964984546E-5	1
iev	36	2.0824282964984546E-5	1
là_	36	2.0824282964984546E-5	1
ng_	36	2.0824282964984546E-5	1
nof	36	2.0824282964984546E-5	1
nop	36	2.0824282964984546E-5	1
oda	36	2.0824282964984546E-5	1
pul	36	2.0824282964984546E-5	1
ule	36	2.0824282964984546E-5	1
_sb	35	2.0245830660401642E-5	1
_xe	35	2.0245830660401642E-5	1
doz	35	2.0245830660401642E-5	1
fe_	35	2.0245830660401642E-5	1
fri	35	2.0245830660401642E-5	1
gro	35	2.0245830660401642E-5	1
ofu	35	2.0245830660401642E-5	1
pil	35	2.0245830660401642E-5	1
udd	35	2.0245830660401642E-5	1
xen	35	2.0245830660401642E-5	1
zze	35	2.0245830660401642E-5	1
_ep	34	1.9667378355818738E-5	1
ael	34	1.9667378355818738E-5	1
edì	34	1.9667378355818738E-5	1
fam	34	1.9667378355818738E-5	1
fli	34	1.9667378355818738E-5	1
isr	34	1.9667378355818738E-5	1
iug	34	1.9667378355818738E-5	1
lel	34	1.9667378355818738E-5	1
sei	34	1.9667378355818738E-5	1
udo	34	1.9667378355818738E-5	1
ald	33	1.9088926051235834E-5	1
dig	33	1.9088926051235834E-5	1
itr	33	1.9088926051235834E-5	1
nai	33	1.9088926051235834E-5	1
ndr	33	1.9088926051235834E-5	1
sma	33	1.9088926051235834E-5	1
tet	33	1.9088926051235834E-5	1
_là	32	1.851047374665293E-5	1
aud	32	1.851047374665293E-5	1
aug	32	1.851047374665293E-5	1
efe	32	1.851047374665293E-5	1
elo	32	1.851047374665293E-5	1
lga	32	1.851047374665293E-5	1
ngu	32	1.851047374665293E-5	1
nin	32	1.851047374665293E-5	1
pis	32	1.851047374665293E-5	1
rai	32	1.851047374665293E-5	1
arv	31	1.7932021442070027E-5	1
bbo	31	1.7932021442070027E-5	1
cep	31	1.7932021442070027E-5	1
edd	31	1.7932021442070027E-5	1
fan	31	1.7932021442070027E-5	1
ffu	31	1.7932021442070027E-5	1
lui	31	1.7932021442070027E-5	1
neo	31	1.7932021442070027E-5	1
_dr	30	1.7353569137487123E-5	1
_et	30	1.7353569137487123E-5	1
_om	30	1.7353569137487123E-5	1
aia	30	1.7353569137487123E-5	1
cru	30	1.7353569137487123E-5	1
dra	30	1.7353569137487123E-5	1
fi_	30	1.7353569137487123E-5	1
gne	30	1.7353569137487123E-5	1
irm	30	1.7353569137487123E-5	1
lgi	30	1.7353569137487123E-5	1
lom	30	1.7353569137487123E-5	1
lul	30	1.7353569137487123E-5	1
nue	30	1.7353569137487123E-5	1
ol_	30	1.7353569137487123E-5	1
olm	30	1.7353569137487123E-5	1
rze	30	1.7353569137487123E-5	1
_ex	29	1.677511683290422E-5	1
asm	29	1.677511683290422E-5	1
bon	29	1.677511683290422E-5	1
dre	29	1.677511683290422E-5	1
epi	29	1.677511683290422E-5	1
geo	29	1.677511683290422E-5	1
igg	29	1.677511683290422E-5	1
neu	29	1.677511683290422E-5	1
noc	29	1.677511683290422E-5	1
orc	29	1.677511683290422E-5	1
sel	29	1.677511683290422E-5	1
tne	29	1.677511683290422E-5	1
agu	28	1.6196664528321316E-5	1
bue	28	1.6196664528321316E-5	1
ddo	28	1.6196664528321316E-5	1
evu	28	1.6196664528321316E-5	1
feb	28	1.6196664528321316E-5	1
gog	28	1.6196664528321316E-5	1
rtn	28	1.6196664528321316E-5	1
sme	28	1.6196664528321316E-5	1
som	28	1.6196664528321316E-5	1
ted	28	1.6196664528321316E-5	1
uag	28	1.6196664528321316E-5	1
alg	27	1.561821222373841E-5	1
bel	27	1.561821222373841E-5	1
cli	27	1.561821222373841E-5	1
cuz	27	1.561821222373841E-5	1
eam	27	1.561821222373841E-5	1
fal	27	1.561821222373841E-5	1
hez	27	1.561821222373841E-5	1
pe_	27	1.561821222373841E-5	1
sau	27	1.561821222373841E-5	1
tid	27	1.561821222373841E-5	1
uid	27	1.561821222373841E-5	1
uiv	27	1.561821222373841E-5	1
_ip	26	1.5039759919155506E-5	1
_nn	26	1.5039759919155506E-5	1
buz	26	1.5039759919155506E-5	1
coa	26	1.5039759919155506E-5	1
cro	26	1.5039759919155506E-5	1
elu	26	1.5039759919155506E-5	1
faz	26	1.5039759919155506E-5	1
lvo	26	1.5039759919155506E-5	1
nn_	26	1.5039759919155506E-5	1
rbi	26	1.5039759919155506E-5	1
uei	26	1.5039759919155506E-5	1
_it	25	1.4461307614572603E-5	1
_uf	25	1.4461307614572603E-5	1
arz	25	1.4461307614572603E-5	1
hin	25	1.4461307614572603E-5	1
iai	25	1.4461307614572603E-5	1
ifu	25	1.4461307614572603E-5	1
nau	25	1.4461307614572603E-5	1
orp	25	1.4461307614572603E-5	1
rcu	25	1.4461307614572603E-5	1
ruc	25	1.4461307614572603E-5	1
sai	25	1.4461307614572603E-5	1
ch_	24	1.3882855309989697E-5	1
etu	24	1.3882855309989697E-5	1
iag	24	1.3882855309989697E-5	1
ifr	24	1.3882855309989697E-5	1
lur	24	1.3882855309989697E-5	1
mbl	24	1.3882855309989697E-5	1
mec	24	1.3882855309989697E-5	1
mov	24	1.3882855309989697E-5	1
oal	24	1.3882855309989697E-5	1
sev	24	1.3882855309989697E-5	1
sna	24	1.3882855309989697E-5	1
tau	24	1.3882855309989697E-5	1
ago	23	1.3304403005406793E-5	1
bun	23	1.3304403005406793E-5	1
ebi	23	1.3304403005406793E-5	1
eog	23	1.3304403005406793E-5	1
fia	23	1.3304403005406793E-5	1
fir	23	1.3304403005406793E-5	1
ggr	23	1.3304403005406793E-5	1
idd	23	1.3304403005406793E-5	1
iec	23	1.3304403005406793E-5	1
mbo	23	1.3304403005406793E-5	1
nem	23	1.3304403005406793E-5	1
niv	23	1.3304403005406793E-5	1
umi	23	1.3304403005406793E-5	1
veg	23	1.3304403005406793E-5	1
zer	23	1.3304403005406793E-5	1
dee	22	1.272595070082389E-5	1
epe	22	1.272595070082389E-5	1
fit	22	1.272595070082389E-5	1
gev	22	1.272595070082389E-5	1
iab	22	1.272595070082389E-5	1
nsn	22	1.272595070082389E-5	1
sep	22	1.272595070082389E-5	1
sva	22	1.272595070082389E-5	1
tov	22	1.272595070082389E-5	1
unu	22	1.272595070082389E-5	1
urc	22	1.272595070082389E-5	1
vad	22	1.272595070082389E-5	1
vim	22	1.272595070082389E-5	1
_od	21	1.2147498396240986E-5	1
abu	21	1.2147498396240986E-5	1
alb	21	1.2147498396240986E-5	1
arb	21	1.2147498396240986E-5	1
ax_	21	1.2147498396240986E-5	1
blo	21	1.2147498396240986E-5	1
bus	21	1.2147498396240986E-5	1
het	21	1.2147498396240986E-5	1
mpu	21	1.2147498396240986E-5	1
onu	21	1.2147498396240986E-5	1
sba	21	1.2147498396240986E-5	1
tus	21	1.2147498396240986E-5	1
ugn	21	1.2147498396240986E-5	1
uli	21	1.2147498396240986E-5	1
_ni	20	1.1569046091658082E-5	1
aer	20	1.1569046091658082E-5	1
bin	20	1.1569046091658082E-5	1
ex_	20	1.1569046091658082E-5	1
led	20	1.1569046091658082E-5	1
orv	20	1.1569046091658082E-5	1
roa	20	1.1569046091658082E-5	1
rru	20	1.1569046091658082E-5	1
tax	20	1.1569046091658082E-5	1
tù_	20	1.1569046091658082E-5	1
uca	20	1.1569046091658082E-5	1
_sé	19	1.0990593787075177E-5	1
af_	19	1.0990593787075177E-5	1
ain	19	1.0990593787075177E-5	1
aor	19	1.0990593787075177E-5	1
bag	19	1.0990593787075177E-5	1
gid	19	1.0990593787075177E-5	1
irt	19	1.0990593787075177E-5	1
lum	19	1.0990593787075177E-5	1
mac	19	1.0990593787075177E-5	1
mut	19	1.0990593787075177E-5	1
nad	19	1.0990593787075177E-5	1
ngl	19	1.0990593787075177E-5	1
oat	19	1.0990593787075177E-5	1
rao	19	1.0990593787075177E-5	1
rus	19	1.0990593787075177E-5	1
sac	19	1.0990593787075177E-5	1
sve	19	1.0990593787075177E-5	1
sé_	19	1.0990593787075177E-5	1
uam	19	1.0990593787075177E-5	1
uia	19	1.0990593787075177E-5	1
zal	19	1.0990593787075177E-5	1
acu	18	1.0412141482492273E-5	1
alz	18	1.0412141482492273E-5	1
bo_	18	1.0412141482492273E-5	1
dri	18	1.0412141482492273E-5	1
ead	18	1.0412141482492273E-5	1
epr	18	1.0412141482492273E-5	1
etn	18	1.0412141482492273E-5	1
iez	18	1.0412141482492273E-5	1
igh	18	1.0412141482492273E-5	1
is_	18	1.0412141482492273E-5	1
lol	18	1.0412141482492273E-5	1
pom	18	1.0412141482492273E-5	1
rdu	18	1.0412141482492273E-5	1
rpe	18	1.0412141482492273E-5	1
seb	18	1.0412141482492273E-5	1
tni	18	1.0412141482492273E-5	1
us_	18	1.0412141482492273E-5	1
usu	18	1.0412141482492273E-5	1
vun	18	1.0412141482492273E-5	1
_ae	17	9.833689177909369E-6	1
_uc	17	9.833689177909369E-6	1
_ug	17	9.833689177909369E-6	1
fab	17	9.833689177909369E-6	1
gab	17	9.833689177909369E-6	1
lma	17	9.833689177909369E-6	1
loq	17	9.833689177909369E-6	1
nil	17	9.833689177909369E-6	1
oec	17	9.833689177909369E-6	1
oqu	17	9.833689177909369E-6	1
pez	17	9.833689177909369E-6	1
plu	17	9.833689177909369E-6	1
rtù	17	9.833689177909369E-6	1
tig	17	9.833689177909369E-6	1
arò	16	9.255236873326465E-6	1
caf	16	9.255236873326465E-6	1
ech	16	9.255236873326465E-6	1
eol	16	9.255236873326465E-6	1
god	16	9.255236873326465E-6	1
inz	16	9.255236873326465E-6	1
irs	16	9.255236873326465E-6	1
lza	16	9.255236873326465E-6	1
nfu	16	9.255236873326465E-6	1
ngh	16	9.255236873326465E-6	1
uim	16	9.255236873326465E-6	1
ulo	16	9.255236873326465E-6	1
_bl	15	8.676784568743562E-6	1
aul	15	8.676784568743562E-6	1
big	15	8.676784568743562E-6	1
gib	15	8.676784568743562E-6	1
ioe	15	8.676784568743562E-6	1
iot	15	8.676784568743562E-6	1
ip_	15	8.676784568743562E-6	1
lda	15	8.676784568743562E-6	1
lde	15	8.676784568743562E-6	1
mbe	15	8.676784568743562E-6	1
oar	15	8.676784568743562E-6	1
pai	15	8.676784568743562E-6	1
pau	15	8.676784568743562E-6	1
pim	15	8.676784568743562E-6	1
sir	15	8.676784568743562E-6	1
ugi	15	8.676784568743562E-6	1
uie	15	8.676784568743562E-6	1
_eb	14	8.098332264160658E-6	1
anq	14	8.098332264160658E-6	1
boa	14	8.098332264160658E-6	1
boc	14	8.098332264160658E-6	1
deo	14	8.098332264160658E-6	1
dil	14	8.098332264160658E-6	1
dor	14	8.098332264160658E-6	1
elg	14	8.098332264160658E-6	1
gle	14	8.098332264160658E-6	1
hip	14	8.098332264160658E-6	1
lod	14	8.098332264160658E-6	1
lqu	14	8.098332264160658E-6	1
mog	14	8.098332264160658E-6	1
rsh	14	8.098332264160658E-6	1
rvo	14	8.098332264160658E-6	1
shi	14	8.098332264160658E-6	1
sut	14	8.098332264160658E-6	1
upi	14	8.098332264160658E-6	1
_lh	13	7.519879959577753E-6	1
acr	13	7.519879959577753E-6	1
alq	13	7.519879959577753E-6	1
apo	13	7.519879959577753E-6	1
cav	13	7.519879959577753E-6	1
deu	13	7.519879959577753E-6	1
him	13	7.519879959577753E-6	1
ipu	13	7.519879959577753E-6	1
lba	13	7.519879959577753E-6	1
lgr	13	7.519879959577753E-6	1
lug	13	7.519879959577753E-6	1
mè_	13	7.519879959577753E-6	1
nab	13	7.519879959577753E-6	1
nuz	13	7.519879959577753E-6	1
om_	13	7.519879959577753E-6	1
omè	13	7.519879959577753E-6	1
onq	13	7.519879959577753E-6	1
uls	13	7.519879959577753E-6	1
um_	13	7.519879959577753E-6	1
vul	13	7.519879959577753E-6	1
zab	13	7.519879959577753E-6	1
_sl	12	6.9414276549948485E-6	1
bby	12	6.9414276549948485E-6	1
ccr	12	6.9414276549948485E-6	1
ceg	12	6.9414276549948485E-6	1
eer	12	6.9414276549948485E-6	1
efr	12	6.9414276549948485E-6	1
ein	12	6.9414276549948485E-6	1
ifa	12	6.9414276549948485E-6	1
imu	12	6.9414276549948485E-6	1
inl	12	6.9414276549948485E-6	1
isd	12	6.9414276549948485E-6	1
it_	12	6.9414276549948485E-6	1
lso	12	6.9414276549948485E-6	1
nla	12	6.9414276549948485E-6	1
nod	12	6.9414276549948485E-6	1
nt_	12	6.9414276549948485E-6	1
obr	12	6.9414276549948485E-6	1
opu	12	6.9414276549948485E-6	1
rgl	12	6.9414276549948485E-6	1
sdi	12	6.9414276549948485E-6	1
tob	12	6.9414276549948485E-6	1
uda	12	6.9414276549948485E-6	1
ufr	12	6.9414276549948485E-6	1
as_	11	6.362975350411945E-6	1
coc	11	6.362975350411945E-6	1
dui	11	6.362975350411945E-6	1
dum	11	6.362975350411945E-6	1
duo	11	6.362975350411945E-6	1
fau	11	6.362975350411945E-6	1
ffl	11	6.362975350411945E-6	1
ged	11	6.362975350411945E-6	1
nag	11	6.362975350411945E-6	1
neq	11	6.362975350411945E-6	1
orb	11	6.362975350411945E-6	1
ozz	11	6.362975350411945E-6	1
rug	11	6.362975350411945E-6	1
sez	11	6.362975350411945E-6	1
uga	11	6.362975350411945E-6	1
upl	11	6.362975350411945E-6	1
apu	10	5.784523045829041E-6	1
bam	10	5.784523045829041E-6	1
bru	10	5.784523045829041E-6	1
by_	10	5.784523045829041E-6	1
ck_	10	5.784523045829041E-6	1
dog	10	5.784523045829041E-6	1
dup	10	5.784523045829041E-6	1
eag	10	5.784523045829041E-6	1
env	10	5.784523045829041E-6	1
fio	10	5.784523045829041E-6	1
fla	10	5.784523045829041E-6	1
gas	10	5.784523045829041E-6	1
ggo	10	5.784523045829041E-6	1
gig	10	5.784523045829041E-6	1
hil	10	5.784523045829041E-6	1
his	10	5.784523045829041E-6	1
iel	10	5.784523045829041E-6	1
ilt	10	5.784523045829041E-6	1
lca	10	5.784523045829041E-6	1
lha	10	5.784523045829041E-6	1
nz_	10	5.784523045829041E-6	1
rpo	10	5.784523045829041E-6	1
spu	10	5.784523045829041E-6	1
ubo	10	5.784523045829041E-6	1
upo	10	5.784523045829041E-6	1
bet	9	5.206070741246136E-6	1
bir	9	5.206070741246136E-6	1
dà_	9	5.206070741246136E-6	1
eon	9	5.206070741246136E-6	1
fez	9	5.206070741246136E-6	1
gnu	9	5.206070741246136E-6	1
guo	9	5.206070741246136E-6	1
icr	9	5.206070741246136E-6	1
iqu	9	5.206070741246136E-6	1
lai	9	5.206070741246136E-6	1
leq	9	5.206070741246136E-6	1
oc_	9	5.206070741246136E-6	1
ock	9	5.206070741246136E-6	1
ocl	9	5.206070741246136E-6	1
pad	9	5.206070741246136E-6	1
rdì	9	5.206070741246136E-6	1
rfl	9	5.206070741246136E-6	1
roi	9	5.206070741246136E-6	1
rud	9	5.206070741246136E-6	1
sfu	9	5.206070741246136E-6	1
uco	9	5.206070741246136E-6	1
ud_	9	5.206070741246136E-6	1
ulg	9	5.206070741246136E-6	1
uos	9	5.206070741246136E-6	1
urs	9	5.206070741246136E-6	1
vac	9	5.206070741246136E-6	1
vva	9	5.206070741246136E-6	1
_dà	8	4.627618436663233E-6	1
_sn	8	4.627618436663233E-6	1
_sq	8	4.627618436663233E-6	1
afr	8	4.627618436663233E-6	1
agh	8	4.627618436663233E-6	1
ap_	8	4.627618436663233E-6	1
auf	8	4.627618436663233E-6	1
bac	8	4.627618436663233E-6	1
bom	8	4.627618436663233E-6	1
clo	8	4.627618436663233E-6	1
dab	8	4.627618436663233E-6	1
edr	8	4.627618436663233E-6	1
ege	8	4.627618436663233E-6	1
fel	8	4.627618436663233E-6	1
hic	8	4.627618436663233E-6	1
hit	8	4.627618436663233E-6	1
idr	8	4.627618436663233E-6	1
iop	8	4.627618436663233E-6	1
irn	8	4.627618436663233E-6	1
irv	8	4.627618436663233E-6	1
ivu	8	4.627618436663233E-6	1
luf	8	4.627618436663233E-6	1
mbu	8	4.627618436663233E-6	1
nap	8	4.627618436663233E-6	1
ned	8	4.627618436663233E-6	1
obo	8	4.627618436663233E-6	1
out	8	4.627618436663233E-6	1
sbl	8	4.627618436663233E-6	1
sbo	8	4.627618436663233E-6	1
sgr	8	4.627618436663233E-6	1
squ	8	4.627618436663233E-6	1
tap	8	4.627618436663233E-6	1
tep	8	4.627618436663233E-6	1
the	8	4.627618436663233E-6	1
toi	8	4.627618436663233E-6	1
tt_	8	4.627618436663233E-6	1
tuo	8	4.627618436663233E-6	1
uip	8	4.627618436663233E-6	1
urn	8	4.627618436663233E-6	1
zic	8	4.627618436663233E-6	1
_b_	7	4.049166132080329E-6	1
_th	7	4.049166132080329E-6	1
alp	7	4.049166132080329E-6	1
bos	7	4.049166132080329E-6	1
drà	7	4.049166132080329E-6	1
eor	7	4.049166132080329E-6	1
es_	7	4.049166132080329E-6	1
et_	7	4.049166132080329E-6	1
ext	7	4.049166132080329E-6	1
flo	7	4.049166132080329E-6	1
gel	7	4.049166132080329E-6	1
gif	7	4.049166132080329E-6	1
hei	7	4.049166132080329E-6	1
hir	7	4.049166132080329E-6	1
iaf	7	4.049166132080329E-6	1
ir_	7	4.049166132080329E-6	1
isg	7	4.049166132080329E-6	1
lbe	7	4.049166132080329E-6	1
lpa	7	4.049166132080329E-6	1
lsh	7	4.049166132080329E-6	1
miz	7	4.049166132080329E-6	1
nd_	7	4.049166132080329E-6	1
obe	7	4.049166132080329E-6	1
oie	7	4.049166132080329E-6	1
opz	7	4.049166132080329E-6	1
pzi	7	4.049166132080329E-6	1
rbu	7	4.049166132080329E-6	1
rfi	7	4.049166132080329E-6	1
sav	7	4.049166132080329E-6	1
seu	7	4.049166132080329E-6	1
she	7	4.049166132080329E-6	1
teo	7	4.049166132080329E-6	1
tmo	7	4.049166132080329E-6	1
ts_	7	4.049166132080329E-6	1
tum	7	4.049166132080329E-6	1
umo	7	4.049166132080329E-6	1
unn	7	4.049166132080329E-6	1
uoc	7	4.049166132080329E-6	1
_iv	6	3.4707138274974243E-6	1
_s_	6	3.4707138274974243E-6	1
aba	6	3.4707138274974243E-6	1
aid	6	3.4707138274974243E-6	1
boz	6	3.4707138274974243E-6	1
bul	6	3.4707138274974243E-6	1
cof	6	3.4707138274974243E-6	1
cou	6	3.4707138274974243E-6	1
cua	6	3.4707138274974243E-6	1
ds_	6	3.4707138274974243E-6	1
ebr	6	3.4707138274974243E-6	1
efa	6	3.4707138274974243E-6	1
eft	6	3.4707138274974243E-6	1
eik	6	3.4707138274974243E-6	1
els	6	3.4707138274974243E-6	1
fem	6	3.4707138274974243E-6	1
foc	6	3.4707138274974243E-6	1
gma	6	3.4707138274974243E-6	1
heg	6	3.4707138274974243E-6	1
ii_	6	3.4707138274974243E-6	1
ikh	6	3.4707138274974243E-6	1
itm	6	3.4707138274974243E-6	1
kh_	6	3.4707138274974243E-6	1
ldi	6	3.4707138274974243E-6	1
lip	6	3.4707138274974243E-6	1
lof	6	3.4707138274974243E-6	1
lpe	6	3.4707138274974243E-6	1
lvi	6	3.4707138274974243E-6	1
mav	6	3.4707138274974243E-6	1
opt	6	3.4707138274974243E-6	1
pav	6	3.4707138274974243E-6	1
pru	6	3.4707138274974243E-6	1
pta	6	3.4707138274974243E-6	1
pug	6	3.4707138274974243E-6	1
rpl	6	3.4707138274974243E-6	1
rrò	6	3.4707138274974243E-6	1
rst	6	3.4707138274974243E-6	1
rt_	6	3.4707138274974243E-6	1
slo	6	3.4707138274974243E-6	1
sne	6	3.4707138274974243E-6	1
sè_	6	3.4707138274974243E-6	1
tea	6	3.4707138274974243E-6	1
uab	6	3.4707138274974243E-6	1
ueg	6	3.4707138274974243E-6	1
uio	6	3.4707138274974243E-6	1
umu	6	3.4707138274974243E-6	1
xtr	6	3.4707138274974243E-6	1
zin	6	3.4707138274974243E-6	1
_ju	5	2.8922615229145205E-6	1
_sg	5	2.8922615229145205E-6	1
_ze	5	2.8922615229145205E-6	1
act	5	2.8922615229145205E-6	1
cot	5	2.8922615229145205E-6	1
ecl	5	2.8922615229145205E-6	1
ecr	5	2.8922615229145205E-6	1
eg_	5	2.8922615229145205E-6	1
eis	5	2.8922615229145205E-6	1
eit	5	2.8922615229145205E-6	1
enf	5	2.8922615229145205E-6	1
esb	5	2.8922615229145205E-6	1
fto	5	2.8922615229145205E-6	1
fu_	5	2.8922615229145205E-6	1
gga	5	2.8922615229145205E-6	1
hed	5	2.8922615229145205E-6	1
iap	5	2.8922615229145205E-6	1
iog	5	2.8922615229145205E-6	1
iom	5	2.8922615229145205E-6	1
isv	5	2.8922615229145205E-6	1
jus	5	2.8922615229145205E-6	1
liq	5	2.8922615229145205E-6	1
lsa	5	2.8922615229145205E-6	1
mmu	5	2.8922615229145205E-6	1
mus	5	2.8922615229145205E-6	1
nid	5	2.8922615229145205E-6	1
old	5	2.8922615229145205E-6	1
orl	5	2.8922615229145205E-6	1
our	5	2.8922615229145205E-6	1
rgh	5	2.8922615229145205E-6	1
rm_	5	2.8922615229145205E-6	1
rsu	5	2.8922615229145205E-6	1
seq	5	2.8922615229145205E-6	1
ss_	5	2.8922615229145205E-6	1
tup	5	2.8922615229145205E-6	1
urd	5	2.8922615229145205E-6	1
ut_	5	2.8922615229145205E-6	1
vib	5	2.8922615229145205E-6	1
vii	5	2.8922615229145205E-6	1
vè_	5	2.8922615229145205E-6	1
_ee	4	2.3138092183316163E-6	1
_hi	4	2.3138092183316163E-6	1
_lì	4	2.3138092183316163E-6	1
_sr	4	2.3138092183316163E-6	1
_vè	4	2.3138092183316163E-6	1
abr	4	2.3138092183316163E-6	1
ach	4	2.3138092183316163E-6	1
ae_	4	2.3138092183316163E-6	1
aen	4	2.3138092183316163E-6	1
aie	4	2.3138092183316163E-6	1
asu	4	2.3138092183316163E-6	1
aun	4	2.3138092183316163E-6	1
baz	4	2.3138092183316163E-6	1
bev	4	2.3138092183316163E-6	1
boi	4	2.3138092183316163E-6	1
bov	4	2.3138092183316163E-6	1
bso	4	2.3138092183316163E-6	1
bug	4	2.3138092183316163E-6	1
cag	4	2.3138092183316163E-6	1
dau	4	2.3138092183316163E-6	1
eeu	4	2.3138092183316163E-6	1
eim	4	2.3138092183316163E-6	1
em_	4	2.3138092183316163E-6	1
eom	4	2.3138092183316163E-6	1
eos	4	2.3138092183316163E-6	1
fec	4	2.3138092183316163E-6	1
fie	4	2.3138092183316163E-6	1
fum	4	2.3138092183316163E-6	1
fur	4	2.3138092183316163E-6	1
gla	4	2.3138092183316163E-6	1
gus	4	2.3138092183316163E-6	1
has	4	2.3138092183316163E-6	1
hoc	4	2.3138092183316163E-6	1
ids	4	2.3138092183316163E-6	1
ieu	4	2.3138092183316163E-6	1
ilv	4	2.3138092183316163E-6	1
ilà	4	2.3138092183316163E-6	1
ioi	4	2.3138092183316163E-6	1
irò	4	2.3138092183316163E-6	1
lci	4	2.3138092183316163E-6	1
lfo	4	2.3138092183316163E-6	1
lho	4	2.3138092183316163E-6	1
lne	4	2.3138092183316163E-6	1
lua	4	2.3138092183316163E-6	1
lì_	4	2.3138092183316163E-6	1
mid	4	2.3138092183316163E-6	1
neb	4	2.3138092183316163E-6	1
nip	4	2.3138092183316163E-6	1
noz	4	2.3138092183316163E-6	1
ns_	4	2.3138092183316163E-6	1
nsc	4	2.3138092183316163E-6	1
ntè	4	2.3138092183316163E-6	1
obs	4	2.3138092183316163E-6	1
of_	4	2.3138092183316163E-6	1
olc	4	2.3138092183316163E-6	1
olf	4	2.3138092183316163E-6	1
osf	4	2.3138092183316163E-6	1
osè	4	2.3138092183316163E-6	1
rau	4	2.3138092183316163E-6	1
rue	4	2.3138092183316163E-6	1
sle	4	2.3138092183316163E-6	1
tee	4	2.3138092183316163E-6	1
tou	4	2.3138092183316163E-6	1
tè_	4	2.3138092183316163E-6	1
uem	4	2.3138092183316163E-6	1
uib	4	2.3138092183316163E-6	1
uln	4	2.3138092183316163E-6	1
umm	4	2.3138092183316163E-6	1
up_	4	2.3138092183316163E-6	1
vrò	4	2.3138092183316163E-6	1
vvo	4	2.3138092183316163E-6	1
_ou	3	1.7353569137487121E-6	1
_ph	3	1.7353569137487121E-6	1
abe	3	1.7353569137487121E-6	1
adm	3	1.7353569137487121E-6	1
ail	3	1.7353569137487121E-6	1
anu	3	1.7353569137487121E-6	1
ask	3	1.7353569137487121E-6	1
asv	3	1.7353569137487121E-6	1
at_	3	1.7353569137487121E-6	1
atl	3	1.7353569137487121E-6	1
atm	3	1.7353569137487121E-6	1
bed	3	1.7353569137487121E-6	1
bes	3	1.7353569137487121E-6	1
bib	3	1.7353569137487121E-6	1
bid	3	1.7353569137487121E-6	1
biv	3	1.7353569137487121E-6	1
cec	3	1.7353569137487121E-6	1
chè	3	1.7353569137487121E-6	1
cib	3	1.7353569137487121E-6	1
cto	3	1.7353569137487121E-6	1
dap	3	1.7353569137487121E-6	1
dmi	3	1.7353569137487121E-6	1
doi	3	1.7353569137487121E-6	1
dul	3	1.7353569137487121E-6	1
eas	3	1.7353569137487121E-6	1
ect	3	1.7353569137487121E-6	1
efl	3	1.7353569137487121E-6	1
efo	3	1.7353569137487121E-6	1
eut	3	1.7353569137487121E-6	1
fag	3	1.7353569137487121E-6	1
fol	3	1.7353569137487121E-6	1
fta	3	1.7353569137487121E-6	1
gos	3	1.7353569137487121E-6	1
gul	3	1.7353569137487121E-6	1
hab	3	1.7353569137487121E-6	1
hem	3	1.7353569137487121E-6	1
hè_	3	1.7353569137487121E-6	1
ibl	3	1.7353569137487121E-6	1
igm	3	1.7353569137487121E-6	1
ik_	3	1.7353569137487121E-6	1
irg	3	1.7353569137487121E-6	1
ium	3	1.7353569137487121E-6	1
lae	3	1.7353569137487121E-6	1
lay	3	1.7353569137487121E-6	1
lse	3	1.7353569137487121E-6	1
mad	3	1.7353569137487121E-6	1
mel	3	1.7353569137487121E-6	1
mik	3	1.7353569137487121E-6	1
muc	3	1.7353569137487121E-6	1
nmi	3	1.7353569137487121E-6	1
nts	3	1.7353569137487121E-6	1
ntù	3	1.7353569137487121E-6	1
nu_	3	1.7353569137487121E-6	1
nva	3	1.7353569137487121E-6	1
od_	3	1.7353569137487121E-6	1
oia	3	1.7353569137487121E-6	1
oio	3	1.7353569137487121E-6	1
ois	3	1.7353569137487121E-6	1
ood	3	1.7353569137487121E-6	1
opl	3	1.7353569137487121E-6	1
os_	3	1.7353569137487121E-6	1
oup	3	1.7353569137487121E-6	1
pha	3	1.7353569137487121E-6	1
poz	3	1.7353569137487121E-6	1
rbe	3	1.7353569137487121E-6	1
rgr	3	1.7353569137487121E-6	1
roe	3	1.7353569137487121E-6	1
roj	3	1.7353569137487121E-6	1
rou	3	1.7353569137487121E-6	1
rpi	3	1.7353569137487121E-6	1
rs_	3	1.7353569137487121E-6	1
rux	3	1.7353569137487121E-6	1
sip	3	1.7353569137487121E-6	1
sob	3	1.7353569137487121E-6	1
tla	3	1.7353569137487121E-6	1
trò	3	1.7353569137487121E-6	1
tue	3	1.7353569137487121E-6	1
té_	3	1.7353569137487121E-6	1
ump	3	1.7353569137487121E-6	1
und	3	1.7353569137487121E-6	1
unm	3	1.7353569137487121E-6	1
uxe	3	1.7353569137487121E-6	1
vav	3	1.7353569137487121E-6	1
xel	3	1.7353569137487121E-6	1
zor	3	1.7353569137487121E-6	1
zz_	3	1.7353569137487121E-6	1
éli	3	1.7353569137487121E-6	1
_gh	2	1.1569046091658082E-6	1
_he	2	1.1569046091658082E-6	1
_ko	2	1.1569046091658082E-6	1
_ps	2	1.1569046091658082E-6	1
_ré	2	1.1569046091658082E-6	1
_sh	2	1.1569046091658082E-6	1
_sè	2	1.1569046091658082E-6	1
_ud	2	1.1569046091658082E-6	1
_wh	2	1.1569046091658082E-6	1
_zu	2	1.1569046091658082E-6	1
_él	2	1.1569046091658082E-6	1
abd	2	1.1569046091658082E-6	1
abn	2	1.1569046091658082E-6	1
aft	2	1.1569046091658082E-6	1
air	2	1.1569046091658082E-6	1
aot	2	1.1569046091658082E-6	1
auc	2	1.1569046091658082E-6	1
aw_	2	1.1569046091658082E-6	1
aye	2	1.1569046091658082E-6	1
bdi	2	1.1569046091658082E-6	1
bee	2	1.1569046091658082E-6	1
bla	2	1.1569046091658082E-6	1
bno	2	1.1569046091658082E-6	1
bot	2	1.1569046091658082E-6	1
byi	2	1.1569046091658082E-6	1
cao	2	1.1569046091658082E-6	1
cc_	2	1.1569046091658082E-6	1
cha	2	1.1569046091658082E-6	1
ct_	2	1.1569046091658082E-6	1
cti	2	1.1569046091658082E-6	1
cub	2	1.1569046091658082E-6	1
das	2	1.1569046091658082E-6	1
dod	2	1.1569046091658082E-6	1
drò	2	1.1569046091658082E-6	1
ebu	2	1.1569046091658082E-6	1
eed	2	1.1569046091658082E-6	1
eef	2	1.1569046091658082E-6	1
ef_	2	1.1569046091658082E-6	1
eia	2	1.1569046091658082E-6	1
eiz	2	1.1569046091658082E-6	1
elv	2	1.1569046091658082E-6	1
emn	2	1.1569046091658082E-6	1
eof	2	1.1569046091658082E-6	1
eop	2	1.1569046091658082E-6	1
eot	2	1.1569046091658082E-6	1
fai	2	1.1569046091658082E-6	1
fib	2	1.1569046091658082E-6	1
fog	2	1.1569046091658082E-6	1
foo	2	1.1569046091658082E-6	1
fér	2	1.1569046091658082E-6	1
gag	2	1.1569046091658082E-6	1
geg	2	1.1569046091658082E-6	1
gez	2	1.1569046091658082E-6	1
ght	2	1.1569046091658082E-6	1
goc	2	1.1569046091658082E-6	1
goi	2	1.1569046091658082E-6	1
hai	2	1.1569046091658082E-6	1
har	2	1.1569046091658082E-6	1
hiv	2	1.1569046091658082E-6	1
ieq	2	1.1569046091658082E-6	1
iof	2	1.1569046091658082E-6	1
itl	2	1.1569046091658082E-6	1
jec	2	1.1569046091658082E-6	1
ker	2	1.1569046091658082E-6	1
ket	2	1.1569046091658082E-6	1
kos	2	1.1569046091658082E-6	1
law	2	1.1569046091658082E-6	1
ldo	2	1.1569046091658082E-6	1
leb	2	1.1569046091658082E-6	1
leo	2	1.1569046091658082E-6	1
lep	2	1.1569046091658082E-6	1
llf	2	1.1569046091658082E-6	1
lov	2	1.1569046091658082E-6	1
lpo	2	1.1569046091658082E-6	1
mab	2	1.1569046091658082E-6	1
mae	2	1.1569046091658082E-6	1
map	2	1.1569046091658082E-6	1
mea	2	1.1569046091658082E-6	1
naf	2	1.1569046091658082E-6	1
ncu	2	1.1569046091658082E-6	1
nig	2	1.1569046091658082E-6	1
niq	2	1.1569046091658082E-6	1
niu	2	1.1569046091658082E-6	1
nob	2	1.1569046091658082E-6	1
nog	2	1.1569046091658082E-6	1
nur	2	1.1569046091658082E-6	1
nus	2	1.1569046091658082E-6	1
oap	2	1.1569046091658082E-6	1
oas	2	1.1569046091658082E-6	1
ofa	2	1.1569046091658082E-6	1
ogm	2	1.1569046091658082E-6	1
oib	2	1.1569046091658082E-6	1
oim	2	1.1569046091658082E-6	1
oje	2	1.1569046091658082E-6	1
oru	2	1.1569046091658082E-6	1
osn	2	1.1569046091658082E-6	1
osv	2	1.1569046091658082E-6	1
oun	2	1.1569046091658082E-6	1
pab	2	1.1569046091658082E-6	1
pod	2	1.1569046091658082E-6	1
prà	2	1.1569046091658082E-6	1
pua	2	1.1569046091658082E-6	1
pus	2	1.1569046091658082E-6	1
puz	2	1.1569046091658082E-6	1
rbo	2	1.1569046091658082E-6	1
riq	2	1.1569046091658082E-6	1
rub	2	1.1569046091658082E-6	1
réf	2	1.1569046091658082E-6	1
sb_	2	1.1569046091658082E-6	1
sha	2	1.1569046091658082E-6	1
sho	2	1.1569046091658082E-6	1
sk_	2	1.1569046091658082E-6	1
sni	2	1.1569046091658082E-6	1
stà	2	1.1569046091658082E-6	1
sté	2	1.1569046091658082E-6	1
svu	2	1.1569046091658082E-6	1
tai	2	1.1569046091658082E-6	1
tle	2	1.1569046091658082E-6	1
tmi	2	1.1569046091658082E-6	1
tu_	2	1.1569046091658082E-6	1
ty_	2	1.1569046091658082E-6	1
tyf	2	1.1569046091658082E-6	1
ub_	2	1.1569046091658082E-6	1
ube	2	1.1569046091658082E-6	1
ugo	2	1.1569046091658082E-6	1
ulc	2	1.1569046091658082E-6	1
url	2	1.1569046091658082E-6	1
urò	2	1.1569046091658082E-6	1
uty	2	1.1569046091658082E-6	1
uzz	2	1.1569046091658082E-6	1
vez	2	1.1569046091658082E-6	1
yed	2	1.1569046091658082E-6	1
yfr	2	1.1569046091658082E-6	1
yin	2	1.1569046091658082E-6	1
zel	2	1.1569046091658082E-6	1
zoa	2	1.1569046091658082E-6	1
zog	2	1.1569046091658082E-6	1
zu_	2	1.1569046091658082E-6	1
éfé	2	1.1569046091658082E-6	1
ére	2	1.1569046091658082E-6	1
_eo	1	5.784523045829041E-7	1
_ft	1	5.784523045829041E-7	1
_hu	1	5.784523045829041E-7	1
_ib	1	5.784523045829041E-7	1
_ic	1	5.784523045829041E-7	1
_if	1	5.784523045829041E-7	1
_ii	1	5.784523045829041E-7	1
_iu	1	5.784523045829041E-7	1
_ja	1	5.784523045829041E-7	1
_je	1	5.784523045829041E-7	1
_k_	1	5.784523045829041E-7	1
_ki	1	5.784523045829041E-7	1
_km	1	5.784523045829041E-7	1
_lé	1	5.784523045829041E-7	1
_m_	1	5.784523045829041E-7	1
_nc	1	5.784523045829041E-7	1
_nè	1	5.784523045829041E-7	1
_oa	1	5.784523045829041E-7	1
_oz	1	5.784523045829041E-7	1
_pm	1	5.784523045829041E-7	1
_pn	1	5.784523045829041E-7	1
_sk	1	5.784523045829041E-7	1
_ub	1	5.784523045829041E-7	1
_ví	1	5.784523045829041E-7	1
_wi	1	5.784523045829041E-7	1
_wo	1	5.784523045829041E-7	1
_ye	1	5.784523045829041E-7	1
_zi	1	5.784523045829041E-7	1
_à_	1	5.784523045829041E-7	1
_é_	1	5.784523045829041E-7	1
abl	1	5.784523045829041E-7	1
aby	1	5.784523045829041E-7	1
abù	1	5.784523045829041E-7	1
ac_	1	5.784523045829041E-7	1
ack	1	5.784523045829041E-7	1
aet	1	5.784523045829041E-7	1
aeu	1	5.784523045829041E-7	1
afe	1	5.784523045829041E-7	1
ag_	1	5.784523045829041E-7	1
agm	1	5.784523045829041E-7	1
aic	1	5.784523045829041E-7	1
ake	1	5.784523045829041E-7	1
aki	1	5.784523045829041E-7	1
alf	1	5.784523045829041E-7	1
aln	1	5.784523045829041E-7	1
am_	1	5.784523045829041E-7	1
ams	1	5.784523045829041E-7	1
amu	1	5.784523045829041E-7	1
aos	1	5.784523045829041E-7	1
apt	1	5.784523045829041E-7	1
ark	1	5.784523045829041E-7	1
arp	1	5.784523045829041E-7	1
ash	1	5.784523045829041E-7	1
au_	1	5.784523045829041E-7	1
auo	1	5.784523045829041E-7	1
aya	1	5.784523045829041E-7	1
ays	1	5.784523045829041E-7	1
aza	1	5.784523045829041E-7	1
baf	1	5.784523045829041E-7	1
bdo	1	5.784523045829041E-7	1
bec	1	5.784523045829041E-7	1
bei	1	5.784523045829041E-7	1
bek	1	5.784523045829041E-7	1
bic	1	5.784523045829041E-7	1
bip	1	5.784523045829041E-7	1
blu	1	5.784523045829041E-7	1
boo	1	5.784523045829041E-7	1
bud	1	5.784523045829041E-7	1
bys	1	5.784523045829041E-7	1
bù_	1	5.784523045829041E-7	1
ccl	1	5.784523045829041E-7	1
cea	1	5.784523045829041E-7	1
cho	1	5.784523045829041E-7	1
cig	1	5.784523045829041E-7	1
ció	1	5.784523045829041E-7	1
cke	1	5.784523045829041E-7	1
ctn	1	5.784523045829041E-7	1
cts	1	5.784523045829041E-7	1
cud	1	5.784523045829041E-7	1
cò_	1	5.784523045829041E-7	1
dad	1	5.784523045829041E-7	1
day	1	5.784523045829041E-7	1
dba	1	5.784523045829041E-7	1
dd_	1	5.784523045829041E-7	1
ddu	1	5.784523045829041E-7	1
dez	1	5.784523045829041E-7	1
dge	1	5.784523045829041E-7	1
diu	1	5.784523045829041E-7	1
dof	1	5.784523045829041E-7	1
du_	1	5.784523045829041E-7	1
duf	1	5.784523045829041E-7	1
dug	1	5.784523045829041E-7	1
dè_	1	5.784523045829041E-7	1
dìp	1	5.784523045829041E-7	1
eau	1	5.784523045829041E-7	1
eba	1	5.784523045829041E-7	1
ebe	1	5.784523045829041E-7	1
ec_	1	5.784523045829041E-7	1
edb	1	5.784523045829041E-7	1
edg	1	5.784523045829041E-7	1
eds	1	5.784523045829041E-7	1
eem	1	5.784523045829041E-7	1
efu	1	5.784523045829041E-7	1
eio	1	5.784523045829041E-7	1
eir	1	5.784523045829041E-7	1
eki	1	5.784523045829041E-7	1
elh	1	5.784523045829041E-7	1
elq	1	5.784523045829041E-7	1
eoa	1	5.784523045829041E-7	1
eoe	1	5.784523045829041E-7	1
ety	1	5.784523045829041E-7	1
eud	1	5.784523045829041E-7	1
euf	1	5.784523045829041E-7	1
eum	1	5.784523045829041E-7	1
eux	1	5.784523045829041E-7	1
ev_	1	5.784523045829041E-7	1
evr	1	5.784523045829041E-7	1
ew_	1	5.784523045829041E-7	1
exa	1	5.784523045829041E-7	1
exc	1	5.784523045829041E-7	1
exp	1	5.784523045829041E-7	1
fax	1	5.784523045829041E-7	1
fee	1	5.784523045829041E-7	1
few	1	5.784523045829041E-7	1
ff_	1	5.784523045829041E-7	1
ffs	1	5.784523045829041E-7	1
fmi	1	5.784523045829041E-7	1
fou	1	5.784523045829041E-7	1
fpö	1	5.784523045829041E-7	1
fr_	1	5.784523045829041E-7	1
fsh	1	5.784523045829041E-7	1
ft_	1	5.784523045829041E-7	1
fte	1	5.784523045829041E-7	1
ful	1	5.784523045829041E-7	1
gap	1	5.784523045829041E-7	1
gem	1	5.784523045829041E-7	1
ggh	1	5.784523045829041E-7	1
ggu	1	5.784523045829041E-7	1
gh_	1	5.784523045829041E-7	1
giv	1	5.784523045829041E-7	1
giz	1	5.784523045829041E-7	1
gob	1	5.784523045829041E-7	1
goo	1	5.784523045829041E-7	1
gou	1	5.784523045829041E-7	1
hal	1	5.784523045829041E-7	1
ham	1	5.784523045829041E-7	1
hap	1	5.784523045829041E-7	1
hea	1	5.784523045829041E-7	1
hec	1	5.784523045829041E-7	1
hel	1	5.784523045829041E-7	1
hen	1	5.784523045829041E-7	1
hig	1	5.784523045829041E-7	1
hob	1	5.784523045829041E-7	1
hop	1	5.784523045829041E-7	1
hor	1	5.784523045829041E-7	1
hos	1	5.784523045829041E-7	1
hot	1	5.784523045829041E-7	1
ht_	1	5.784523045829041E-7	1
hts	1	5.784523045829041E-7	1
hum	1	5.784523045829041E-7	1
ibb	1	5.784523045829041E-7	1
ick	1	5.784523045829041E-7	1
idà	1	5.784523045829041E-7	1
if_	1	5.784523045829041E-7	1
ig_	1	5.784523045829041E-7	1
iin	1	5.784523045829041E-7	1
iir	1	5.784523045829041E-7	1
ika	1	5.784523045829041E-7	1
im_	1	5.784523045829041E-7	1
iru	1	5.784523045829041E-7	1
ity	1	5.784523045829041E-7	1
ité	1	5.784523045829041E-7	1
iuv	1	5.784523045829041E-7	1
ivr	1	5.784523045829041E-7	1
ix_	1	5.784523045829041E-7	1
ión	1	5.784523045829041E-7	1
jac	1	5.784523045829041E-7	1
je_	1	5.784523045829041E-7	1
jur	1	5.784523045829041E-7	1
ka_	1	5.784523045829041E-7	1
kat	1	5.784523045829041E-7	1
kfo	1	5.784523045829041E-7	1
kil	1	5.784523045829041E-7	1
kin	1	5.784523045829041E-7	1
kis	1	5.784523045829041E-7	1
km_	1	5.784523045829041E-7	1
lao	1	5.784523045829041E-7	1
lbo	1	5.784523045829041E-7	1
lcr	1	5.784523045829041E-7	1
lee	1	5.784523045829041E-7	1
lex	1	5.784523045829041E-7	1
lfm	1	5.784523045829041E-7	1
lfp	1	5.784523045829041E-7	1
lfu	1	5.784523045829041E-7	1
lgh	1	5.784523045829041E-7	1
lhi	1	5.784523045829041E-7	1
llh	1	5.784523045829041E-7	1
lll	1	5.784523045829041E-7	1
llm	1	5.784523045829041E-7	1
lm_	1	5.784523045829041E-7	1
lna	1	5.784523045829041E-7	1
loe	1	5.784523045829041E-7	1
lsc	1	5.784523045829041E-7	1
lst	1	5.784523045829041E-7	1
lts	1	5.784523045829041E-7	1
lu_	1	5.784523045829041E-7	1
lub	1	5.784523045829041E-7	1
lzi	1	5.784523045829041E-7	1
lzo	1	5.784523045829041E-7	1
lél	1	5.784523045829041E-7	1
løn	1	5.784523045829041E-7	1
mev	1	5.784523045829041E-7	1
mib	1	5.784523045829041E-7	1
mix	1	5.784523045829041E-7	1
mn_	1	5.784523045829041E-7	1
mns	1	5.784523045829041E-7	1
mof	1	5.784523045829041E-7	1
mou	1	5.784523045829041E-7	1
mst	1	5.784523045829041E-7	1
muf	1	5.784523045829041E-7	1
mum	1	5.784523045829041E-7	1
mup	1	5.784523045829041E-7	1
mur	1	5.784523045829041E-7	1
mò_	1	5.784523045829041E-7	1
nc_	1	5.784523045829041E-7	1
ndè	1	5.784523045829041E-7	1
nha	1	5.784523045829041E-7	1
nii	1	5.784523045829041E-7	1
noa	1	5.784523045829041E-7	1
noo	1	5.784523045829041E-7	1
nsp	1	5.784523045829041E-7	1
nsr	1	5.784523045829041E-7	1
nud	1	5.784523045829041E-7	1
nvu	1	5.784523045829041E-7	1
nzo	1	5.784523045829041E-7	1
nè_	1	5.784523045829041E-7	1
oab	1	5.784523045829041E-7	1
oac	1	5.784523045829041E-7	1
oad	1	5.784523045829041E-7	1
oam	1	5.784523045829041E-7	1
obu	1	5.784523045829041E-7	1
ocò	1	5.784523045829041E-7	1
odr	1	5.784523045829041E-7	1
oed	1	5.784523045829041E-7	1
oel	1	5.784523045829041E-7	1
oet	1	5.784523045829041E-7	1
oeu	1	5.784523045829041E-7	1
ofr	1	5.784523045829041E-7	1
oft	1	5.784523045829041E-7	1
oil	1	5.784523045829041E-7	1
oit	1	5.784523045829041E-7	1
oju	1	5.784523045829041E-7	1
oke	1	5.784523045829041E-7	1
ols	1	5.784523045829041E-7	1
onh	1	5.784523045829041E-7	1
onz	1	5.784523045829041E-7	1
oo_	1	5.784523045829041E-7	1
ooi	1	5.784523045829041E-7	1
ool	1	5.784523045829041E-7	1
oom	1	5.784523045829041E-7	1
oot	1	5.784523045829041E-7	1
op_	1	5.784523045829041E-7	1
opm	1	5.784523045829041E-7	1
ops	1	5.784523045829041E-7	1
opy	1	5.784523045829041E-7	1
orf	1	5.784523045829041E-7	1
orw	1	5.784523045829041E-7	1
ot_	1	5.784523045829041E-7	1
oth	1	5.784523045829041E-7	1
ots	1	5.784523045829041E-7	1
ous	1	5.784523045829041E-7	1
ouv	1	5.784523045829041E-7	1
ovè	1	5.784523045829041E-7	1
owa	1	5.784523045829041E-7	1
oz_	1	5.784523045829041E-7	1
pam	1	5.784523045829041E-7	1
pef	1	5.784523045829041E-7	1
pib	1	5.784523045829041E-7	1
piv	1	5.784523045829041E-7	1
piz	1	5.784523045829041E-7	1
pme	1	5.784523045829041E-7	1
pmi	1	5.784523045829041E-7	1
pne	1	5.784523045829041E-7	1
poe	1	5.784523045829041E-7	1
pok	1	5.784523045829041E-7	1
poo	1	5.784523045829041E-7	1
pse	1	5.784523045829041E-7	1
psh	1	5.784523045829041E-7	1
psi	1	5.784523045829041E-7	1
pti	1	5.784523045829041E-7	1
puo	1	5.784523045829041E-7	1
pyr	1	5.784523045829041E-7	1
pö_	1	5.784523045829041E-7	1
rds	1	5.784523045829041E-7	1
rik	1	5.784523045829041E-7	1
rke	1	5.784523045829041E-7	1
rlø	1	5.784523045829041E-7	1
rmò	1	5.784523045829041E-7	1
roz	1	5.784523045829041E-7	1
rpa	1	5.784523045829041E-7	1
rpu	1	5.784523045829041E-7	1
rqu	1	5.784523045829041E-7	1
rsc	1	5.784523045829041E-7	1
rsp	1	5.784523045829041E-7	1
rtt	1	5.784523045829041E-7	1
run	1	5.784523045829041E-7	1
rwe	1	5.784523045829041E-7	1
saf	1	5.784523045829041E-7	1
sbu	1	5.784523045829041E-7	1
sga	1	5.784523045829041E-7	1
sgi	1	5.784523045829041E-7	1
sgo	1	5.784523045829041E-7	1
sgu	1	5.784523045829041E-7	1
sh_	1	5.784523045829041E-7	1
ska	1	5.784523045829041E-7	1
skf	1	5.784523045829041E-7	1
sli	1	5.784523045829041E-7	1
sre	1	5.784523045829041E-7	1
ssà	1	5.784523045829041E-7	1
sà_	1	5.784523045829041E-7	1
taf	1	5.784523045829041E-7	1
tak	1	5.784523045829041E-7	1
teb	1	5.784523045829041E-7	1
tef	1	5.784523045829041E-7	1
teu	1	5.784523045829041E-7	1
tii	1	5.784523045829041E-7	1
toa	1	5.784523045829041E-7	1
too	1	5.784523045829041E-7	1
tow	1	5.784523045829041E-7	1
tub	1	5.784523045829041E-7	1
tuf	1	5.784523045829041E-7	1
uak	1	5.784523045829041E-7	1
uav	1	5.784523045829041E-7	1
uba	1	5.784523045829041E-7	1
ubd	1	5.784523045829041E-7	1
ucr	1	5.784523045829041E-7	1
uct	1	5.784523045829041E-7	1
uec	1	5.784523045829041E-7	1
uee	1	5.784523045829041E-7	1
ufe	1	5.784523045829041E-7	1
ufi	1	5.784523045829041E-7	1
uic	1	5.784523045829041E-7	1
uiz	1	5.784523045829041E-7	1
ulm	1	5.784523045829041E-7	1
urm	1	5.784523045829041E-7	1
urp	1	5.784523045829041E-7	1
urq	1	5.784523045829041E-7	1
usv	1	5.784523045829041E-7	1
uva	1	5.784523045829041E-7	1
uve	1	5.784523045829041E-7	1
ux_	1	5.784523045829041E-7	1
uzb	1	5.784523045829041E-7	1
vee	1	5.784523045829041E-7	1
veu	1	5.784523045829041E-7	1
vip	1	5.784523045829041E-7	1
vou	1	5.784523045829041E-7	1
vío	1	5.784523045829041E-7	1
war	1	5.784523045829041E-7	1
wel	1	5.784523045829041E-7	1
whe	1	5.784523045829041E-7	1
whi	1	5.784523045829041E-7	1
wil	1	5.784523045829041E-7	1
wor	1	5.784523045829041E-7	1
xac	1	5.784523045829041E-7	1
xcu	1	5.784523045829041E-7	1
xpr	1	5.784523045829041E-7	1
xte	1	5.784523045829041E-7	1
ya_	1	5.784523045829041E-7	1
yen	1	5.784523045829041E-7	1
yri	1	5.784523045829041E-7	1
ys_	1	5.784523045829041E-7	1
ysi	1	5.784523045829041E-7	1
zas	1	5.784523045829041E-7	1
zav	1	5.784523045829041E-7	1
zbe	1	5.784523045829041E-7	1
zec	1	5.784523045829041E-7	1
zet	1	5.784523045829041E-7	1
zig	1	5.784523045829041E-7	1
zol	1	5.784523045829041E-7	1
zoo	1	5.784523045829041E-7	1
zos	1	5.784523045829041E-7	1
ìpr	1	5.784523045829041E-7	1
íol	1	5.784523045829041E-7	1
ón_	1	5.784523045829041E-7	1
øn_	1	5.784523045829041E-7	1
