Italian	2	1494493	265
	1)	e	0	0	0.0
		1)	e_	1	61157	0.035376407
		2)	er	12	19315	0.011172806
		3)	en	15	17002	0.0098348465
		4)	el	32	13277	0.007680111
		5)	es	41	12303	0.0071166987
		6)	et	88	4843	0.0028014446
		7)	eg	102	4233	0.0024485886
		8)	em	109	3923	0.0022692685
		9)	ec	125	3055	0.0017671718
		10)	ei	129	2826	0.0016347062
		11)	ev	131	2794	0.0016161958
		12)	ed	150	2146	0.0012413587
		13)	ea	166	1807	0.0010452634
		14)	eu	169	1712	9.903103E-4
		15)	eb	202	1082	6.258854E-4
		16)	ez	213	879	5.084596E-4
		17)	eo	224	695	4.0202437E-4
		18)	ef	226	658	3.806216E-4
		19)	ep	238	475	2.7476484E-4
		20)	ee	252	348	2.013014E-4
	2)	i	0	0	0.0
		1)	i_	2	44929	0.025989283
		2)	io	22	15376	0.008894282
		3)	in	24	15236	0.008813299
		4)	ia	52	9717	0.005620821
		5)	it	57	8602	0.0049758465
		6)	ic	58	8562	0.0049527087
		7)	il	65	7733	0.0044731717
		8)	is	69	7002	0.004050323
		9)	im	94	4563	0.0026394778
		10)	iv	107	3968	0.0022952987
		11)	ie	113	3866	0.0022362967
		12)	ir	132	2724	0.0015757041
		13)	iz	141	2481	0.0014351401
		14)	ig	149	2218	0.0012830072
		15)	id	154	2015	0.0011655814
		16)	if	167	1737	0.0010047717
		17)	iu	174	1611	9.3188667E-4
		18)	ib	175	1600	9.255237E-4
		19)	ip	201	1102	6.3745445E-4
		20)	iù	210	915	5.2928383E-4
		21)	iò	249	372	2.1518426E-4
		22)	ià	254	307	1.7758485E-4
	3)	o	0	0	0.0
		1)	o_	3	42155	0.024384657
		2)	on	6	25631	0.014826311
		3)	or	35	12889	0.0074556717
		4)	ol	59	8450	0.004887922
		5)	os	74	6151	0.0035580602
		6)	om	90	4759	0.0027528545
		7)	op	100	4292	0.0024827174
		8)	oc	133	2718	0.0015722334
		9)	ov	134	2707	0.0015658704
		10)	og	135	2630	0.0015213295
		11)	ot	144	2430	0.0014056391
		12)	od	180	1495	8.647862E-4
		13)	ob	194	1341	7.7570457E-4
		14)	oi	223	711	4.112796E-4
		15)	of	237	481	2.7823556E-4
		16)	oo	264	215	1.2436725E-4
	4)	a	0	0	0.0
		1)	a_	4	41950	0.024266073
		2)	al	29	13903	0.008042223
		3)	ar	38	12580	0.00727693
		4)	at	39	12409	0.0071780146
		5)	an	45	11420	0.0066059255
		6)	am	67	7215	0.0041735335
		7)	az	80	5459	0.0031577712
		8)	as	121	3256	0.0018834407
		9)	av	143	2467	0.0014270418
		10)	ag	153	2023	0.001170209
		11)	ap	157	1958	0.0011326096
		12)	ad	158	1953	0.0011297173
		13)	ac	163	1857	0.001074186
		14)	ab	172	1675	9.689076E-4
		15)	ai	198	1165	6.738969E-4
		16)	au	203	1057	6.114241E-4
		17)	af	218	782	4.523497E-4
		18)	ae	236	492	2.8459853E-4
	5)	_	0	0	0.0
		1)	_d	5	31784	0.018385528
		2)	_c	8	23099	0.01336167
		3)	_p	9	21634	0.012514237
		4)	_a	10	20187	0.011677217
		5)	_s	11	20168	0.011666226
		6)	_i	13	17562	0.010158779
		7)	_l	28	14051	0.008127834
		8)	_e	31	13465	0.0077888602
		9)	_r	53	9405	0.005440344
		10)	_n	54	9326	0.005394646
		11)	_m	61	8171	0.004726534
		12)	_u	73	6343	0.003669123
		13)	_t	77	5815	0.0033637001
		14)	_q	81	5422	0.0031363685
		15)	_f	82	5267	0.0030467082
		16)	_o	95	4538	0.0026250165
		17)	_g	99	4357	0.0025203167
		18)	_v	101	4236	0.002450324
		19)	_è	140	2487	0.0014386108
		20)	_h	171	1688	9.764275E-4
		21)	_b	182	1495	8.647862E-4
	6)	r	0	0	0.0
		1)	re	7	23685	0.013700643
		2)	ri	21	15717	0.009091535
		3)	ra	34	12931	0.0074799666
		4)	ro	46	11280	0.006524942
		5)	r_	93	4627	0.0026764988
		6)	rt	115	3729	0.0021570486
		7)	rm	152	2033	0.0011759936
		8)	rr	160	1927	0.0011146776
		9)	rs	170	1691	9.781629E-4
		10)	rc	177	1544	8.931304E-4
		11)	rn	185	1468	8.49168E-4
		12)	ru	191	1366	7.9016585E-4
		13)	rd	193	1362	7.8785204E-4
		14)	rà	209	925	5.350684E-4
		15)	rg	215	816	4.7201707E-4
		16)	rv	219	768	4.4425137E-4
		17)	rl	225	674	3.8987686E-4
		18)	rz	246	387	2.2386105E-4
		19)	rò	263	225	1.3015176E-4
	7)	d	0	0	0.0
		1)	di	14	17276	0.009993342
		2)	de	17	16666	0.009640486
		3)	da	85	5009	0.0028974677
		4)	do	89	4791	0.002771365
		5)	du	186	1464	8.468542E-4
		6)	d_	207	963	5.570496E-4
		7)	dd	257	289	1.6717272E-4
		8)	dr	265	213	1.2321034E-4
	8)	n	0	0	0.0
		1)	nt	16	16746	0.0096867625
		2)	ne	25	14547	0.008414745
		3)	no	30	13693	0.007920748
		4)	n_	44	11549	0.006680546
		5)	ni	66	7501	0.004338971
		6)	na	68	7074	0.0040919716
		7)	nd	84	5173	0.0029923338
		8)	nc	110	3911	0.002262327
		9)	nz	116	3625	0.0020968895
		10)	ns	142	2468	0.0014276203
		11)	nn	162	1880	0.0010874904
		12)	nu	183	1481	8.5668784E-4
		13)	ng	192	1366	7.9016585E-4
		14)	nf	216	811	4.6912482E-4
		15)	nv	231	584	3.3781613E-4
		16)	nq	247	386	2.232826E-4
	9)	c	0	0	0.0
		1)	co	18	16590	0.009596524
		2)	ch	48	10166	0.0058805463
		3)	ci	72	6527	0.0037755582
		4)	ca	76	6114	0.0035366574
		5)	ce	104	4093	0.0023676052
		6)	cu	128	2862	0.0016555305
		7)	cc	139	2550	0.0014750534
		8)	cr	195	1336	7.728123E-4
		9)	cl	234	526	3.042659E-4
	10)	t	0	0	0.0
		1)	to	19	16011	0.0092616
		2)	ti	23	15248	0.00882024
		3)	te	26	14490	0.008381774
		4)	ta	27	14473	0.00837194
		5)	tt	50	9962	0.0057625417
		6)	tr	63	7829	0.004528703
		7)	tu	108	3960	0.0022906712
		8)	tà	138	2578	0.00149125
	11)	l	0	0	0.0
		1)	la	20	15949	0.009225735
		2)	ll	33	13123	0.0075910296
		3)	l_	36	12780	0.0073926207
		4)	le	37	12758	0.0073798946
		5)	li	40	12331	0.0071328953
		6)	lo	98	4406	0.0025486609
		7)	lt	119	3460	0.002001445
		8)	lu	146	2388	0.001381344
		9)	lm	230	596	3.4475757E-4
		10)	lc	232	553	3.1988413E-4
		11)	lg	261	252	1.4576998E-4
	12)	s	0	0	0.0
		1)	si	42	12204	0.007059432
		2)	st	43	12154	0.0070305094
		3)	se	64	7822	0.004524654
		4)	so	70	6912	0.0039982623
		5)	ss	71	6868	0.00397281
		6)	su	111	3888	0.0022490225
		7)	sa	112	3887	0.0022484441
		8)	sp	123	3159	0.0018273308
		9)	sc	130	2822	0.0016323924
		10)	sv	228	623	3.603758E-4
		11)	sf	244	403	2.3311628E-4
		12)	sì	251	360	2.0824283E-4
		13)	sm	256	291	1.6832961E-4
	13)	m	0	0	0.0
		1)	me	47	10172	0.005884017
		2)	ma	78	5679	0.0032850306
		3)	mo	79	5597	0.0032375976
		4)	mi	86	4929	0.0028511914
		5)	mp	120	3457	0.0019997095
		6)	mm	184	1481	8.5668784E-4
		7)	mb	190	1429	8.2660833E-4
		8)	mu	204	1045	6.0448266E-4
	14)	p	0	0	0.0
		1)	pe	49	9998	0.005783366
		2)	pr	55	9278	0.0053668804
		3)	po	60	8316	0.004810409
		4)	pa	97	4410	0.0025509747
		5)	pi	124	3055	0.0017671718
		6)	pp	137	2595	0.0015010837
		7)	pu	188	1450	8.3875586E-4
		8)	pl	206	996	5.761385E-4
	15)	z	0	0	0.0
		1)	zi	51	9924	0.0057405606
		2)	za	122	3183	0.0018412137
		3)	zz	179	1511	8.740414E-4
		4)	ze	239	471	2.7245103E-4
		5)	zo	253	316	1.8279093E-4
	16)	u	0	0	0.0
		1)	un	56	8832	0.0051088906
		2)	ur	87	4877	0.0028211118
		3)	ut	92	4630	0.0026782341
		4)	ue	103	4129	0.0023884296
		5)	ua	117	3596	0.0020801146
		6)	ul	147	2270	0.0013130867
		7)	ui	151	2129	0.001231525
		8)	us	164	1820	0.0010527832
		9)	uo	168	1728	9.995656E-4
		10)	up	196	1315	7.6066476E-4
		11)	um	217	789	4.5639888E-4
		12)	uz	220	744	4.3036853E-4
		13)	ud	240	465	2.689803E-4
		14)	u_	242	423	2.4468533E-4
		15)	ub	245	394	2.279102E-4
		16)	uc	248	382	2.2096878E-4
		17)	uò	255	294	1.7006497E-4
		18)	ug	259	272	1.5733903E-4
	17)	h	0	0	0.0
		1)	he	62	8022	0.0046403445
		2)	hi	161	1883	0.0010892256
		3)	ha	189	1443	8.3470665E-4
		4)	hé	222	731	4.2284862E-4
		5)	ho	260	263	1.5213295E-4
	18)	q	0	0	0.0
		1)	qu	75	6128	0.0035447557
	19)	v	0	0	0.0
		1)	ve	83	5174	0.0029929122
		2)	vo	91	4645	0.002686911
		3)	vi	106	4054	0.0023450456
		4)	va	118	3477	0.0020112786
		5)	vr	227	636	3.6789567E-4
		6)	vv	235	517	2.9905984E-4
		7)	vu	258	274	1.5849592E-4
	20)	g	0	0	0.0
		1)	gi	96	4486	0.002594937
		2)	gl	127	2867	0.0016584228
		3)	gr	145	2401	0.001388864
		4)	gn	159	1940	0.0011221975
		5)	go	165	1815	0.0010498909
		6)	ge	173	1618	9.359358E-4
		7)	gg	176	1570	9.081701E-4
		8)	ga	181	1495	8.647862E-4
		9)	gu	205	1044	6.039042E-4
		10)	gh	241	465	2.689803E-4
	21)	b	0	0	0.0
		1)	bi	105	4071	0.0023548794
		2)	bb	148	2263	0.0013090376
		3)	be	187	1453	8.404912E-4
		4)	ba	199	1154	6.6753395E-4
		5)	br	211	897	5.188717E-4
		6)	bl	221	742	4.2921162E-4
		7)	bu	233	527	3.0484438E-4
		8)	bo	250	361	2.0882128E-4
	22)	à	0	0	0.0
		1)	à_	114	3857	0.0022310906
	23)	f	0	0	0.0
		1)	fi	126	3052	0.0017654364
		2)	fa	155	2015	0.0011655814
		3)	fo	156	1998	0.0011557477
		4)	ff	178	1534	8.873458E-4
		5)	fe	197	1274	7.369482E-4
		6)	fr	200	1118	6.467097E-4
		7)	fu	229	620	3.5864042E-4
		8)	fl	262	250	1.4461308E-4
	24)	è	0	0	0.0
		1)	è_	136	2623	0.0015172804
	25)	ù	0	0	0.0
		1)	ù_	208	936	5.4143136E-4
	26)	ò	0	0	0.0
		1)	ò_	212	893	5.165579E-4
	27)	é	0	0	0.0
		1)	é_	214	853	4.934198E-4
	28)	ì	0	0	0.0
		1)	ì_	243	406	2.3485164E-4
