Italian	5	405028	877
	1)	i	0	0	0.0
		1)	io	0	0	0.0
			1)	ion	0	0	0.0
				1)	ione	0	0	0.0
					1)	ione_	1	7313	0.0042302217
				2)	ioni	0	0	0.0
					1)	ioni_	16	2112	0.0012216913
				3)	iona	0	0	0.0
					1)	ional	78	819	4.7375244E-4
			2)	ior	0	0	0.0
				1)	iore	0	0	0.0
					1)	iore_	665	246	1.4229926E-4
		2)	ia	0	0	0.0
			1)	iam	0	0	0.0
				1)	iamo	0	0	0.0
					1)	iamo_	19	1865	0.0010788136
				2)	iame	0	0	0.0
					1)	iamen	183	509	2.9443222E-4
			2)	ial	0	0	0.0
				1)	iale	0	0	0.0
					1)	iale_	213	470	2.718726E-4
				2)	iali	0	0	0.0
					1)	iali_	855	204	1.1800427E-4
			3)	iar	0	0	0.0
				1)	iare	0	0	0.0
					1)	iare_	274	407	2.3543008E-4
			4)	ian	0	0	0.0
				1)	iano	0	0	0.0
					1)	iano_	347	350	2.0245831E-4
			5)	iat	0	0	0.0
				1)	iati	0	0	0.0
					1)	iativ	392	325	1.87997E-4
				2)	iato	0	0	0.0
					1)	iato_	708	236	1.3651475E-4
		3)	in	0	0	0.0
			1)	int	0	0	0.0
				1)	inte	0	0	0.0
					1)	inter	37	1233	7.132317E-4
					2)	inten	807	216	1.249457E-4
			2)	ini	0	0	0.0
				1)	iniz	0	0	0.0
					1)	inizi	204	480	2.7765712E-4
			3)	ina	0	0	0.0
				1)	inan	0	0	0.0
					1)	inanz	270	409	2.3658699E-4
			4)	inc	0	0	0.0
				1)	inci	0	0	0.0
					1)	incip	401	322	1.8626165E-4
			5)	ind	0	0	0.0
				1)	indi	0	0	0.0
					1)	indi_	821	211	1.2205344E-4
		4)	ig	0	0	0.0
			1)	ign	0	0	0.0
				1)	igno	0	0	0.0
					1)	ignor	53	929	5.373822E-4
			2)	igu	0	0	0.0
				1)	igua	0	0	0.0
					1)	iguar	474	300	1.735357E-4
			3)	igl	0	0	0.0
				1)	igli	0	0	0.0
					1)	iglio	764	226	1.3073022E-4
		5)	iz	0	0	0.0
			1)	izi	0	0	0.0
				1)	izio	0	0	0.0
					1)	izion	117	671	3.881415E-4
				2)	izia	0	0	0.0
					1)	iziat	358	344	1.9898759E-4
			2)	izz	0	0	0.0
				1)	izza	0	0	0.0
					1)	izzaz	432	309	1.7874176E-4
		6)	im	0	0	0.0
			1)	ime	0	0	0.0
				1)	imen	0	0	0.0
					1)	iment	121	650	3.75994E-4
			2)	imp	0	0	0.0
				1)	impo	0	0	0.0
					1)	impor	163	539	3.1178579E-4
				2)	impr	0	0	0.0
					1)	impre	777	222	1.2841642E-4
		7)	it	0	0	0.0
			1)	iti	0	0	0.0
				1)	itic	0	0	0.0
					1)	itica	136	594	3.4360067E-4
			2)	ita	0	0	0.0
				1)	itar	0	0	0.0
					1)	itari	343	352	2.0361521E-4
			3)	itt	0	0	0.0
				1)	itta	0	0	0.0
					1)	ittad	456	303	1.7527105E-4
				2)	itto	0	0	0.0
					1)	itto_	722	233	1.3477939E-4
		8)	il	0	0	0.0
			1)	ili	0	0	0.0
				1)	ilit	0	0	0.0
					1)	ilità	161	544	3.1467807E-4
			2)	ilu	0	0	0.0
				1)	ilup	0	0	0.0
					1)	ilupp	308	377	2.1807652E-4
		9)	ic	0	0	0.0
			1)	ich	0	0	0.0
				1)	iche	0	0	0.0
					1)	iche_	162	544	3.1467807E-4
				2)	ichi	0	0	0.0
					1)	ichia	813	214	1.2378879E-4
			2)	ico	0	0	0.0
				1)	icol	0	0	0.0
					1)	icola	377	335	1.9378153E-4
					2)	icolo	666	246	1.4229926E-4
			3)	ica	0	0	0.0
				1)	icaz	0	0	0.0
					1)	icazi	466	301	1.7411415E-4
				2)	icar	0	0	0.0
					1)	icare	692	239	1.382501E-4
			4)	icu	0	0	0.0
				1)	icur	0	0	0.0
					1)	icure	567	271	1.5676058E-4
		10)	if	0	0	0.0
			1)	ifi	0	0	0.0
				1)	ific	0	0	0.0
					1)	ifica	169	528	3.0542281E-4
			2)	ifo	0	0	0.0
				1)	ifor	0	0	0.0
					1)	iform	648	250	1.4461308E-4
		11)	ib	0	0	0.0
			1)	ibi	0	0	0.0
				1)	ibil	0	0	0.0
					1)	ibili	327	364	2.1055664E-4
					2)	ibile	335	358	2.0708592E-4
		12)	ir	0	0	0.0
			1)	ire	0	0	0.0
				1)	iret	0	0	0.0
					1)	irett	331	362	2.0939973E-4
			2)	iri	0	0	0.0
				1)	irit	0	0	0.0
					1)	iritt	360	343	1.9840914E-4
		13)	is	0	0	0.0
			1)	isi	0	0	0.0
				1)	isio	0	0	0.0
					1)	ision	344	352	2.0361521E-4
			2)	iss	0	0	0.0
				1)	issi	0	0	0.0
					1)	issio	408	319	1.8452629E-4
			3)	isp	0	0	0.0
				1)	ispo	0	0	0.0
					1)	ispos	584	267	1.5444677E-4
				2)	ispe	0	0	0.0
					1)	ispet	598	263	1.5213295E-4
			4)	ist	0	0	0.0
				1)	ista	0	0	0.0
					1)	ista_	591	266	1.5386831E-4
				2)	iste	0	0	0.0
					1)	istem	814	213	1.2321034E-4
			5)	isc	0	0	0.0
				1)	iscu	0	0	0.0
					1)	iscus	622	256	1.480838E-4
		14)	ie	0	0	0.0
			1)	iet	0	0	0.0
				1)	iett	0	0	0.0
					1)	ietti	465	301	1.7411415E-4
			2)	ien	0	0	0.0
				1)	ient	0	0	0.0
					1)	iente	580	268	1.5502522E-4
					2)	ienta	726	232	1.3420093E-4
				2)	iene	0	0	0.0
					1)	iene_	783	221	1.2783796E-4
		15)	iv	0	0	0.0
			1)	ive	0	0	0.0
				1)	ivel	0	0	0.0
					1)	ivell	643	251	1.4519153E-4
				2)	iver	0	0	0.0
					1)	ivers	865	202	1.1684737E-4
		16)	id	0	0	0.0
			1)	ide	0	0	0.0
				1)	ider	0	0	0.0
					1)	idera	644	251	1.4519153E-4
				2)	iden	0	0	0.0
					1)	ident	752	227	1.3130867E-4
		17)	iu	0	0	0.0
			1)	iut	0	0	0.0
				1)	iuti	0	0	0.0
					1)	iuti_	687	241	1.39407E-4
	2)	_	0	0	0.0
		1)	_c	0	0	0.0
			1)	_ch	0	0	0.0
				1)	_che	0	0	0.0
					1)	_che_	2	6079	0.0035164116
				2)	_chi	0	0	0.0
					1)	_chia	447	305	1.7642796E-4
					2)	_chie	532	281	1.625451E-4
			2)	_co	0	0	0.0
				1)	_con	0	0	0.0
					1)	_cont	25	1505	8.705707E-4
					2)	_con_	34	1249	7.2248693E-4
					3)	_cons	52	944	5.46059E-4
					4)	_conc	62	891	5.15401E-4
					5)	_cond	397	323	1.868401E-4
					6)	_conf	492	293	1.6948652E-4
				2)	_com	0	0	0.0
					1)	_comp	71	867	5.0151814E-4
					2)	_come	72	863	4.992043E-4
					3)	_comu	95	755	4.367315E-4
					4)	_comm	320	373	2.1576272E-4
				3)	_col	0	0	0.0
					1)	_coll	208	475	2.7476484E-4
				4)	_cos	0	0	0.0
					1)	_cost	244	435	2.5162674E-4
			3)	_cu	0	0	0.0
				1)	_cui	0	0	0.0
					1)	_cui_	159	549	3.1757032E-4
			4)	_ci	0	0	0.0
				1)	_ciò	0	0	0.0
					1)	_ciò_	337	356	2.0592903E-4
				2)	_cit	0	0	0.0
					1)	_citt	348	350	2.0245831E-4
			5)	_ce	0	0	0.0
				1)	_cer	0	0	0.0
					1)	_cert	698	238	1.3767165E-4
			6)	_cr	0	0	0.0
				1)	_cre	0	0	0.0
					1)	_cred	850	205	1.1858272E-4
		2)	_d	0	0	0.0
			1)	_de	0	0	0.0
				1)	_del	0	0	0.0
					1)	_dell	3	5742	0.003321473
					2)	_del_	14	2530	0.0014634844
				2)	_dei	0	0	0.0
					1)	_dei_	23	1560	9.0238557E-4
				3)	_deg	0	0	0.0
					1)	_degl	144	581	3.360808E-4
				4)	_dec	0	0	0.0
					1)	_deci	385	331	1.9146771E-4
				5)	_dev	0	0	0.0
					1)	_deve	437	308	1.781633E-4
					2)	_devo	869	201	1.16268915E-4
				6)	_des	0	0	0.0
					1)	_desi	703	237	1.370932E-4
				7)	_det	0	0	0.0
					1)	_dett	874	200	1.1569046E-4
			2)	_da	0	0	0.0
				1)	_dal	0	0	0.0
					1)	_dall	114	686	3.9681827E-4
					2)	_dal_	207	475	2.7476484E-4
			3)	_di	0	0	0.0
				1)	_dir	0	0	0.0
					1)	_dire	157	552	3.1930566E-4
					2)	_diri	415	318	1.8394784E-4
				2)	_dis	0	0	0.0
					1)	_disc	188	503	2.909615E-4
					2)	_disp	373	339	1.9609534E-4
				3)	_div	0	0	0.0
					1)	_dive	565	272	1.5733903E-4
				4)	_dif	0	0	0.0
					1)	_diff	710	236	1.3651475E-4
			4)	_do	0	0	0.0
				1)	_dov	0	0	0.0
					1)	_dovr	284	394	2.279102E-4
				2)	_dob	0	0	0.0
					1)	_dobb	547	277	1.6023128E-4
			5)	_du	0	0	0.0
				1)	_due	0	0	0.0
					1)	_due_	756	227	1.3130867E-4
		3)	_p	0	0	0.0
			1)	_pe	0	0	0.0
				1)	_per	0	0	0.0
					1)	_per_	6	3454	0.0019979742
					2)	_perc	172	527	3.0484438E-4
					3)	_pers	506	288	1.6659427E-4
					4)	_pert	688	241	1.39407E-4
					5)	_peri	749	229	1.3246558E-4
			2)	_pr	0	0	0.0
				1)	_pro	0	0	0.0
					1)	_prop	43	1138	6.582787E-4
					2)	_prog	57	904	5.2292086E-4
					3)	_prob	262	414	2.3947925E-4
					4)	_proc	290	389	2.2501795E-4
					5)	_pros	686	242	1.3998545E-4
					6)	_prov	868	201	1.16268915E-4
				2)	_pre	0	0	0.0
					1)	_pres	67	874	5.055673E-4
					2)	_prev	575	270	1.5618213E-4
					3)	_prec	612	259	1.4981914E-4
				3)	_pri	0	0	0.0
					1)	_prim	241	438	2.5336212E-4
					2)	_prin	403	322	1.8626165E-4
			3)	_pa	0	0	0.0
				1)	_par	0	0	0.0
					1)	_part	51	980	5.6688325E-4
					2)	_parl	383	332	1.9204617E-4
				2)	_pae	0	0	0.0
					1)	_paes	254	425	2.4584224E-4
				3)	_pas	0	0	0.0
					1)	_pass	873	200	1.1569046E-4
			4)	_pi	0	0	0.0
				1)	_più	0	0	0.0
					1)	_più_	55	914	5.287054E-4
			5)	_po	0	0	0.0
				1)	_pol	0	0	0.0
					1)	_poli	59	900	5.2060705E-4
				2)	_pos	0	0	0.0
					1)	_poss	79	815	4.7143863E-4
					2)	_posi	518	284	1.6428046E-4
				3)	_pot	0	0	0.0
					1)	_pote	564	272	1.5733903E-4
					2)	_potr	577	269	1.5560367E-4
				4)	_por	0	0	0.0
					1)	_port	601	262	1.515545E-4
			6)	_pu	0	0	0.0
				1)	_pun	0	0	0.0
					1)	_punt	303	378	2.1865497E-4
				2)	_può	0	0	0.0
					1)	_può_	490	294	1.7006497E-4
				3)	_pub	0	0	0.0
					1)	_pubb	751	228	1.3188712E-4
		4)	_q	0	0	0.0
			1)	_qu	0	0	0.0
				1)	_que	0	0	0.0
					1)	_ques	11	2624	0.0015178588
					2)	_quel	193	494	2.8575544E-4
				2)	_qua	0	0	0.0
					1)	_qual	74	860	4.97469E-4
					2)	_quan	96	754	4.3615303E-4
				3)	_qui	0	0	0.0
					1)	_quin	625	255	1.4750534E-4
		5)	_n	0	0	0.0
			1)	_no	0	0	0.0
				1)	_non	0	0	0.0
					1)	_non_	13	2539	0.0014686903
				2)	_nos	0	0	0.0
					1)	_nost	106	731	4.2284862E-4
				3)	_noi	0	0	0.0
					1)	_noi_	540	279	1.6138819E-4
			2)	_ne	0	0	0.0
				1)	_nel	0	0	0.0
					1)	_nell	35	1244	7.1959465E-4
					2)	_nel_	61	898	5.194502E-4
				2)	_nec	0	0	0.0
					1)	_nece	259	416	2.4063616E-4
				3)	_nei	0	0	0.0
					1)	_nei_	436	308	1.781633E-4
			3)	_nu	0	0	0.0
				1)	_nuo	0	0	0.0
					1)	_nuov	222	452	2.6146043E-4
			4)	_na	0	0	0.0
				1)	_naz	0	0	0.0
					1)	_nazi	592	266	1.5386831E-4
		6)	_u	0	0	0.0
			1)	_un	0	0	0.0
				1)	_una	0	0	0.0
					1)	_una_	18	1951	0.0011285604
				2)	_uno	0	0	0.0
					1)	_uno_	557	274	1.5849592E-4
		7)	_e	0	0	0.0
			1)	_eu	0	0	0.0
				1)	_eur	0	0	0.0
					1)	_euro	24	1530	8.85032E-4
			2)	_es	0	0	0.0
				1)	_ess	0	0	0.0
					1)	_esse	75	859	4.968905E-4
			3)	_ec	0	0	0.0
				1)	_eco	0	0	0.0
					1)	_econ	353	346	2.001445E-4
			4)	_em	0	0	0.0
				1)	_eme	0	0	0.0
					1)	_emen	755	227	1.3130867E-4
		8)	_i	0	0	0.0
			1)	_in	0	0	0.0
				1)	_int	0	0	0.0
					1)	_inte	26	1481	8.5668784E-4
				2)	_ini	0	0	0.0
					1)	_iniz	367	341	1.9725223E-4
				3)	_ind	0	0	0.0
					1)	_indi	433	309	1.7874176E-4
				4)	_inv	0	0	0.0
					1)	_inve	754	227	1.3130867E-4
			2)	_im	0	0	0.0
				1)	_imp	0	0	0.0
					1)	_impo	129	612	3.5401282E-4
					2)	_impr	731	232	1.3420093E-4
					3)	_impe	796	218	1.261026E-4
		9)	_a	0	0	0.0
			1)	_al	0	0	0.0
				1)	_all	0	0	0.0
					1)	_alla	38	1232	7.126532E-4
					2)	_alle	167	529	3.0600128E-4
					3)	_all_	333	361	2.0882128E-4
					4)	_allo	835	209	1.2089653E-4
				2)	_alt	0	0	0.0
					1)	_altr	119	659	3.8120008E-4
				3)	_alc	0	0	0.0
					1)	_alcu	291	389	2.2501795E-4
			2)	_an	0	0	0.0
				1)	_anc	0	0	0.0
					1)	_anch	47	1009	5.836584E-4
					2)	_anco	493	293	1.6948652E-4
			3)	_ab	0	0	0.0
				1)	_abb	0	0	0.0
					1)	_abbi	203	481	2.7823556E-4
			4)	_am	0	0	0.0
				1)	_amb	0	0	0.0
					1)	_ambi	354	345	1.9956604E-4
			5)	_au	0	0	0.0
				1)	_aut	0	0	0.0
					1)	_auto	365	342	1.9783068E-4
			6)	_ap	0	0	0.0
				1)	_app	0	0	0.0
					1)	_appr	386	328	1.8973235E-4
					2)	_appl	740	230	1.3304403E-4
			7)	_ac	0	0	0.0
				1)	_acc	0	0	0.0
					1)	_acco	438	308	1.781633E-4
			8)	_ai	0	0	0.0
				1)	_aiu	0	0	0.0
					1)	_aiut	524	283	1.63702E-4
			9)	_at	0	0	0.0
				1)	_att	0	0	0.0
					1)	_attu	606	261	1.5097605E-4
					2)	_atte	674	244	1.4114236E-4
					3)	_atti	797	218	1.261026E-4
			10)	_as	0	0	0.0
				1)	_ass	0	0	0.0
					1)	_assi	786	221	1.2783796E-4
				2)	_asp	0	0	0.0
					1)	_aspe	834	209	1.2089653E-4
			11)	_ag	0	0	0.0
				1)	_agl	0	0	0.0
					1)	_agli	809	216	1.249457E-4
		10)	_t	0	0	0.0
			1)	_tu	0	0	0.0
				1)	_tut	0	0	0.0
					1)	_tutt	40	1154	6.6753395E-4
			2)	_ta	0	0	0.0
				1)	_tal	0	0	0.0
					1)	_tale	249	427	2.4699915E-4
			3)	_tr	0	0	0.0
				1)	_tra	0	0	0.0
					1)	_trat	312	376	2.1749806E-4
					2)	_tras	329	363	2.0997819E-4
			4)	_te	0	0	0.0
				1)	_tem	0	0	0.0
					1)	_temp	619	257	1.4866224E-4
		11)	_s	0	0	0.0
			1)	_so	0	0	0.0
				1)	_son	0	0	0.0
					1)	_sono	44	1095	6.334053E-4
				2)	_soc	0	0	0.0
					1)	_soci	248	431	2.4931296E-4
				3)	_sos	0	0	0.0
					1)	_sost	325	368	2.1287045E-4
				4)	_sot	0	0	0.0
					1)	_sott	502	289	1.6717272E-4
				5)	_sol	0	0	0.0
					1)	_solo	657	248	1.4345617E-4
			2)	_si	0	0	0.0
				1)	_sig	0	0	0.0
					1)	_sign	49	999	5.7787384E-4
				2)	_sia	0	0	0.0
					1)	_sia_	182	514	2.9732447E-4
					2)	_siam	840	208	1.2031808E-4
				3)	_sic	0	0	0.0
					1)	_sicu	380	333	1.9262462E-4
				4)	_sis	0	0	0.0
					1)	_sist	849	206	1.19161174E-4
			3)	_su	0	0	0.0
				1)	_sul	0	0	0.0
					1)	_sull	84	801	4.633403E-4
					2)	_sul_	359	344	1.9898759E-4
				2)	_sua	0	0	0.0
					1)	_sua_	505	288	1.6659427E-4
				3)	_suo	0	0	0.0
					1)	_suo_	587	267	1.5444677E-4
			4)	_st	0	0	0.0
				1)	_sta	0	0	0.0
					1)	_stat	92	760	4.3962375E-4
				2)	_str	0	0	0.0
					1)	_stru	427	311	1.7989866E-4
					2)	_stra	632	254	1.4692689E-4
				3)	_ste	0	0	0.0
					1)	_stes	498	290	1.6775118E-4
			5)	_se	0	0	0.0
				1)	_set	0	0	0.0
					1)	_sett	289	389	2.2501795E-4
				2)	_sec	0	0	0.0
					1)	_seco	440	307	1.7758485E-4
				3)	_sem	0	0	0.0
					1)	_semp	588	267	1.5444677E-4
				4)	_sen	0	0	0.0
					1)	_senz	658	248	1.4345617E-4
				5)	_ser	0	0	0.0
					1)	_serv	844	207	1.1973963E-4
			6)	_sv	0	0	0.0
				1)	_svi	0	0	0.0
					1)	_svil	313	376	2.1749806E-4
			7)	_sa	0	0	0.0
				1)	_sar	0	0	0.0
					1)	_sare	810	215	1.2436725E-4
					2)	_sarà	872	200	1.1569046E-4
			8)	_sp	0	0	0.0
				1)	_spe	0	0	0.0
					1)	_spec	860	203	1.1742582E-4
		12)	_r	0	0	0.0
			1)	_re	0	0	0.0
				1)	_rel	0	0	0.0
					1)	_rela	60	899	5.2002864E-4
				2)	_reg	0	0	0.0
					1)	_regi	139	588	3.4012995E-4
					2)	_rego	779	222	1.2841642E-4
				3)	_rea	0	0	0.0
					1)	_real	460	303	1.7527105E-4
				4)	_res	0	0	0.0
					1)	_resp	468	301	1.7411415E-4
			2)	_ri	0	0	0.0
				1)	_ric	0	0	0.0
					1)	_rico	228	448	2.5914662E-4
					2)	_rich	820	212	1.2263189E-4
				2)	_ris	0	0	0.0
					1)	_risp	240	439	2.5394055E-4
					2)	_riso	338	355	2.0535057E-4
				3)	_rig	0	0	0.0
					1)	_rigu	459	303	1.7527105E-4
				4)	_rit	0	0	0.0
					1)	_rite	719	234	1.3535784E-4
				5)	_rif	0	0	0.0
					1)	_rifo	753	227	1.3130867E-4
			3)	_ra	0	0	0.0
				1)	_rap	0	0	0.0
					1)	_rapp	451	304	1.758495E-4
		13)	_g	0	0	0.0
			1)	_gl	0	0	0.0
				1)	_gli	0	0	0.0
					1)	_gli_	64	876	5.0672423E-4
			2)	_gr	0	0	0.0
				1)	_gru	0	0	0.0
					1)	_grup	420	315	1.8221248E-4
				2)	_gra	0	0	0.0
					1)	_gran	531	281	1.625451E-4
			3)	_gi	0	0	0.0
				1)	_già	0	0	0.0
					1)	_già_	441	307	1.7758485E-4
				2)	_giu	0	0	0.0
					1)	_gius	602	262	1.515545E-4
				3)	_gio	0	0	0.0
					1)	_gior	823	211	1.2205344E-4
			4)	_go	0	0	0.0
				1)	_gov	0	0	0.0
					1)	_gove	620	257	1.4866224E-4
			5)	_ga	0	0	0.0
				1)	_gar	0	0	0.0
					1)	_gara	737	231	1.3362248E-4
			6)	_ge	0	0	0.0
				1)	_gen	0	0	0.0
					1)	_gene	790	220	1.2725951E-4
		14)	_o	0	0	0.0
			1)	_on	0	0	0.0
				1)	_ono	0	0	0.0
					1)	_onor	111	704	4.0723043E-4
			2)	_ob	0	0	0.0
				1)	_obi	0	0	0.0
					1)	_obie	559	273	1.5791749E-4
			3)	_og	0	0	0.0
				1)	_ogg	0	0	0.0
					1)	_oggi	597	264	1.5271141E-4
			4)	_oc	0	0	0.0
				1)	_occ	0	0	0.0
					1)	_occo	659	248	1.4345617E-4
		15)	_m	0	0	0.0
			1)	_mo	0	0	0.0
				1)	_mol	0	0	0.0
					1)	_molt	190	501	2.898046E-4
				2)	_mod	0	0	0.0
					1)	_modo	275	405	2.3427319E-4
			2)	_me	0	0	0.0
				1)	_mem	0	0	0.0
					1)	_memb	220	455	2.631958E-4
				2)	_mer	0	0	0.0
					1)	_merc	405	321	1.856832E-4
			3)	_ma	0	0	0.0
				1)	_mag	0	0	0.0
					1)	_magg	404	322	1.8626165E-4
				2)	_mat	0	0	0.0
					1)	_mate	548	276	1.5965283E-4
			4)	_mi	0	0	0.0
				1)	_mio	0	0	0.0
					1)	_mio_	526	282	1.6312355E-4
				2)	_mig	0	0	0.0
					1)	_migl	696	238	1.3767165E-4
		16)	_l	0	0	0.0
			1)	_la	0	0	0.0
				1)	_lav	0	0	0.0
					1)	_lavo	199	486	2.811278E-4
			2)	_lo	0	0	0.0
				1)	_lor	0	0	0.0
					1)	_loro	323	372	2.1518426E-4
			3)	_li	0	0	0.0
				1)	_liv	0	0	0.0
					1)	_live	647	251	1.4519153E-4
				2)	_lib	0	0	0.0
					1)	_libe	775	223	1.2899487E-4
			4)	_le	0	0	0.0
				1)	_lei	0	0	0.0
					1)	_lei_	803	217	1.2552415E-4
				2)	_leg	0	0	0.0
					1)	_legi	859	204	1.1800427E-4
		17)	_f	0	0	0.0
			1)	_fi	0	0	0.0
				1)	_fin	0	0	0.0
					1)	_fina	243	437	2.5278365E-4
			2)	_fa	0	0	0.0
				1)	_fat	0	0	0.0
					1)	_fatt	251	426	2.4642068E-4
				2)	_fav	0	0	0.0
					1)	_favo	569	271	1.5676058E-4
				3)	_far	0	0	0.0
					1)	_fare	697	238	1.3767165E-4
			3)	_fo	0	0	0.0
				1)	_fon	0	0	0.0
					1)	_fond	410	319	1.8452629E-4
				2)	_for	0	0	0.0
					1)	_form	507	288	1.6659427E-4
			4)	_fr	0	0	0.0
				1)	_fra	0	0	0.0
					1)	_fra_	496	291	1.6832961E-4
		18)	_h	0	0	0.0
			1)	_ha	0	0	0.0
				1)	_han	0	0	0.0
					1)	_hann	271	409	2.3658699E-4
		19)	_v	0	0	0.0
			1)	_vo	0	0	0.0
				1)	_vor	0	0	0.0
					1)	_vorr	534	280	1.6196664E-4
				2)	_vol	0	0	0.0
					1)	_volt	646	251	1.4519153E-4
	3)	z	0	0	0.0
		1)	zi	0	0	0.0
			1)	zio	0	0	0.0
				1)	zion	0	0	0.0
					1)	zione	4	5113	0.0029576267
					2)	zioni	32	1329	7.6876313E-4
					3)	ziona	93	758	4.3846684E-4
			2)	zia	0	0	0.0
				1)	ziat	0	0	0.0
					1)	ziati	282	398	2.3022402E-4
				2)	ziar	0	0	0.0
					1)	ziari	476	299	1.7295724E-4
		2)	zz	0	0	0.0
			1)	zza	0	0	0.0
				1)	zzaz	0	0	0.0
					1)	zzazi	429	309	1.7874176E-4
		3)	za	0	0	0.0
			1)	zaz	0	0	0.0
				1)	zazi	0	0	0.0
					1)	zazio	430	309	1.7874176E-4
			2)	zar	0	0	0.0
				1)	zare	0	0	0.0
					1)	zare_	757	227	1.3130867E-4
	4)	a	0	0	0.0
		1)	az	0	0	0.0
			1)	azi	0	0	0.0
				1)	azio	0	0	0.0
					1)	azion	5	4898	0.0028332593
		2)	am	0	0	0.0
			1)	ame	0	0	0.0
				1)	amen	0	0	0.0
					1)	ament	9	2985	0.0017266801
			2)	amm	0	0	0.0
				1)	amma	0	0	0.0
					1)	amma_	372	339	1.9609534E-4
			3)	amb	0	0	0.0
				1)	ambi	0	0	0.0
					1)	ambie	736	231	1.3362248E-4
					2)	ambit	867	201	1.16268915E-4
		3)	al	0	0	0.0
			1)	all	0	0	0.0
				1)	alla	0	0	0.0
					1)	alla_	29	1437	8.3123596E-4
				2)	alle	0	0	0.0
					1)	alle_	148	574	3.3203163E-4
			2)	alm	0	0	0.0
				1)	alme	0	0	0.0
					1)	almen	205	476	2.753433E-4
			3)	alc	0	0	0.0
				1)	alcu	0	0	0.0
					1)	alcun	265	412	2.3832235E-4
			4)	ali	0	0	0.0
				1)	aliz	0	0	0.0
					1)	alizz	382	332	1.9204617E-4
				2)	alit	0	0	0.0
					1)	alità	596	264	1.5271141E-4
			5)	alt	0	0	0.0
				1)	altr	0	0	0.0
					1)	altri	581	268	1.5502522E-4
					2)	altro	653	249	1.4403462E-4
		4)	an	0	0	0.0
			1)	ant	0	0	0.0
				1)	anto	0	0	0.0
					1)	anto_	41	1142	6.605925E-4
				2)	ante	0	0	0.0
					1)	ante_	120	658	3.806216E-4
				3)	anti	0	0	0.0
					1)	anti_	315	375	2.1691961E-4
			2)	ann	0	0	0.0
				1)	anno	0	0	0.0
					1)	anno_	46	1011	5.848153E-4
				2)	anni	0	0	0.0
					1)	anni_	768	226	1.3073022E-4
			3)	anc	0	0	0.0
				1)	anch	0	0	0.0
					1)	anche	48	1003	5.8018765E-4
				2)	anco	0	0	0.0
					1)	ancor	489	294	1.7006497E-4
			4)	and	0	0	0.0
				1)	ando	0	0	0.0
					1)	ando_	158	551	3.1872722E-4
			5)	anz	0	0	0.0
				1)	anzi	0	0	0.0
					1)	anzia	196	488	2.8228472E-4
				2)	anza	0	0	0.0
					1)	anza_	234	444	2.5683283E-4
		5)	ag	0	0	0.0
			1)	agg	0	0	0.0
				1)	aggi	0	0	0.0
					1)	aggio	166	532	3.0773663E-4
			2)	agl	0	0	0.0
				1)	agli	0	0	0.0
					1)	agli_	458	303	1.7527105E-4
		6)	ab	0	0	0.0
			1)	abi	0	0	0.0
				1)	abil	0	0	0.0
					1)	abili	175	526	3.042659E-4
					2)	abile	624	256	1.480838E-4
			2)	abb	0	0	0.0
				1)	abbi	0	0	0.0
					1)	abbia	201	484	2.799709E-4
		7)	ar	0	0	0.0
			1)	ari	0	0	0.0
				1)	ario	0	0	0.0
					1)	ario_	184	509	2.9443222E-4
				2)	aria	0	0	0.0
					1)	aria_	517	284	1.6428046E-4
				3)	arie	0	0	0.0
					1)	arie_	785	221	1.2783796E-4
			2)	art	0	0	0.0
				1)	arti	0	0	0.0
					1)	artic	225	450	2.6030352E-4
				2)	arte	0	0	0.0
					1)	arte_	371	339	1.9609534E-4
			3)	ars	0	0	0.0
				1)	arsi	0	0	0.0
					1)	arsi_	769	225	1.3015176E-4
		8)	at	0	0	0.0
			1)	ati	0	0	0.0
				1)	ativ	0	0	0.0
					1)	ativa	189	501	2.898046E-4
					2)	ative	525	282	1.6312355E-4
			2)	att	0	0	0.0
				1)	atto	0	0	0.0
					1)	atto_	210	472	2.730295E-4
				2)	attu	0	0	0.0
					1)	attua	407	320	1.8510474E-4
				3)	atti	0	0	0.0
					1)	atti_	523	283	1.63702E-4
					2)	attiv	858	204	1.1800427E-4
				4)	atta	0	0	0.0
					1)	atta_	702	237	1.370932E-4
				5)	atte	0	0	0.0
					1)	atten	808	216	1.249457E-4
			3)	ato	0	0	0.0
				1)	ator	0	0	0.0
					1)	atori	362	343	1.9840914E-4
			4)	ate	0	0	0.0
				1)	ater	0	0	0.0
					1)	ateri	556	274	1.5849592E-4
		9)	ap	0	0	0.0
			1)	app	0	0	0.0
				1)	appr	0	0	0.0
					1)	appro	479	299	1.7295724E-4
					2)	appre	504	288	1.6659427E-4
				2)	appl	0	0	0.0
					1)	appli	631	254	1.4692689E-4
		10)	av	0	0	0.0
			1)	avo	0	0	0.0
				1)	avor	0	0	0.0
					1)	avoro	482	298	1.7237879E-4
					2)	avore	673	244	1.4114236E-4
			2)	avi	0	0	0.0
				1)	avia	0	0	0.0
					1)	avia_	730	232	1.3420093E-4
		11)	ae	0	0	0.0
			1)	aes	0	0	0.0
				1)	aesi	0	0	0.0
					1)	aesi_	497	290	1.6775118E-4
		12)	ad	0	0	0.0
			1)	adi	0	0	0.0
				1)	adin	0	0	0.0
					1)	adini	568	271	1.5676058E-4
		13)	as	0	0	0.0
			1)	asp	0	0	0.0
				1)	aspe	0	0	0.0
					1)	aspet	772	224	1.2957331E-4
		14)	ac	0	0	0.0
			1)	acc	0	0	0.0
				1)	acco	0	0	0.0
					1)	accor	778	222	1.2841642E-4
		15)	ai	0	0	0.0
			1)	aiu	0	0	0.0
				1)	aiut	0	0	0.0
					1)	aiuti	839	208	1.2031808E-4
		16)	au	0	0	0.0
			1)	aut	0	0	0.0
				1)	auto	0	0	0.0
					1)	autor	866	202	1.1684737E-4
	5)	e	0	0	0.0
		1)	el	0	0	0.0
			1)	ell	0	0	0.0
				1)	ella	0	0	0.0
					1)	ella_	7	3379	0.0019545904
				2)	elle	0	0	0.0
					1)	elle_	21	1649	9.5386786E-4
				3)	ello	0	0	0.0
					1)	ello_	125	624	3.6095423E-4
				4)	ellu	0	0	0.0
					1)	ellun	645	251	1.4519153E-4
			2)	ela	0	0	0.0
				1)	elaz	0	0	0.0
					1)	elazi	149	573	3.3145316E-4
		2)	en	0	0	0.0
			1)	ent	0	0	0.0
				1)	ente	0	0	0.0
					1)	ente_	8	3166	0.00183138
				2)	ento	0	0	0.0
					1)	ento_	17	1980	0.0011453356
				3)	enti	0	0	0.0
					1)	enti_	31	1382	7.994211E-4
				4)	enta	0	0	0.0
					1)	entar	218	457	2.643527E-4
					2)	entat	414	318	1.8394784E-4
					3)	ental	536	279	1.6138819E-4
				5)	entr	0	0	0.0
					1)	entra	467	301	1.7411415E-4
			2)	enz	0	0	0.0
				1)	enza	0	0	0.0
					1)	enza_	33	1250	7.230654E-4
				2)	enzi	0	0	0.0
					1)	enzio	501	289	1.6717272E-4
					2)	enzia	856	204	1.1800427E-4
				3)	enze	0	0	0.0
					1)	enze_	512	285	1.6485891E-4
			3)	end	0	0	0.0
				1)	endo	0	0	0.0
					1)	endo_	260	415	2.400577E-4
				2)	ende	0	0	0.0
					1)	ender	395	323	1.868401E-4
				3)	enda	0	0	0.0
					1)	endam	670	245	1.4172081E-4
			4)	ens	0	0	0.0
				1)	enso	0	0	0.0
					1)	enso_	718	234	1.3535784E-4
			5)	ene	0	0	0.0
				1)	ener	0	0	0.0
					1)	enere	738	230	1.3304403E-4
		3)	eu	0	0	0.0
			1)	eur	0	0	0.0
				1)	euro	0	0	0.0
					1)	europ	22	1616	9.3477895E-4
		4)	es	0	0	0.0
			1)	est	0	0	0.0
				1)	esto	0	0	0.0
					1)	esto_	30	1408	8.1446086E-4
				2)	esta	0	0	0.0
					1)	esta_	102	737	4.2631934E-4
				3)	esti	0	0	0.0
					1)	estio	231	445	2.5741127E-4
					2)	esti_	618	257	1.4866224E-4
				4)	este	0	0	0.0
					1)	este_	543	277	1.6023128E-4
			2)	ess	0	0	0.0
				1)	esso	0	0	0.0
					1)	esso_	90	764	4.4193756E-4
				2)	esse	0	0	0.0
					1)	esser	91	761	4.4020222E-4
					2)	esse_	682	243	1.405639E-4
				3)	essa	0	0	0.0
					1)	essar	449	304	1.758495E-4
					2)	essa_	486	295	1.7064343E-4
				4)	essi	0	0	0.0
					1)	essi_	495	291	1.6832961E-4
			3)	ese	0	0	0.0
				1)	esen	0	0	0.0
					1)	esent	110	708	4.0954424E-4
			4)	esi	0	0	0.0
				1)	esid	0	0	0.0
					1)	eside	406	320	1.8510474E-4
			5)	esp	0	0	0.0
				1)	espo	0	0	0.0
					1)	espon	488	294	1.7006497E-4
		5)	et	0	0	0.0
			1)	ett	0	0	0.0
				1)	etto	0	0	0.0
					1)	etto_	98	750	4.3383922E-4
					2)	ettor	402	322	1.8626165E-4
				2)	etti	0	0	0.0
					1)	ettiv	116	684	3.9566137E-4
					2)	etti_	299	379	2.1923342E-4
				3)	ette	0	0	0.0
					1)	etter	656	248	1.4345617E-4
		6)	eg	0	0	0.0
			1)	egl	0	0	0.0
				1)	egli	0	0	0.0
					1)	egli_	107	718	4.1532874E-4
			2)	egi	0	0	0.0
				1)	egio	0	0	0.0
					1)	egion	174	526	3.042659E-4
			3)	egh	0	0	0.0
				1)	eghi	0	0	0.0
					1)	eghi_	623	256	1.480838E-4
		7)	ev	0	0	0.0
			1)	evo	0	0	0.0
				1)	evol	0	0	0.0
					1)	evole	112	700	4.0491662E-4
					2)	evoli	418	316	1.8279093E-4
		8)	eb	0	0	0.0
			1)	ebb	0	0	0.0
				1)	ebbe	0	0	0.0
					1)	ebbe_	128	613	3.5459126E-4
		9)	ez	0	0	0.0
			1)	ezz	0	0	0.0
				1)	ezza	0	0	0.0
					1)	ezza_	235	443	2.5625437E-4
			2)	ezi	0	0	0.0
				1)	ezio	0	0	0.0
					1)	ezion	611	259	1.4981914E-4
		10)	ec	0	0	0.0
			1)	ece	0	0	0.0
				1)	eces	0	0	0.0
					1)	ecess	247	431	2.4931296E-4
			2)	eco	0	0	0.0
				1)	econ	0	0	0.0
					1)	econo	256	422	2.4410688E-4
					2)	econd	522	283	1.63702E-4
			3)	eci	0	0	0.0
				1)	ecis	0	0	0.0
					1)	ecisi	594	265	1.5328986E-4
		11)	em	0	0	0.0
			1)	eme	0	0	0.0
				1)	emen	0	0	0.0
					1)	ement	286	393	2.2733175E-4
					2)	emend	650	250	1.4461308E-4
			2)	emb	0	0	0.0
				1)	embr	0	0	0.0
					1)	embri	311	376	2.1749806E-4
			3)	emp	0	0	0.0
				1)	empo	0	0	0.0
					1)	empo_	857	204	1.1800427E-4
		12)	er	0	0	0.0
			1)	ern	0	0	0.0
				1)	erno	0	0	0.0
					1)	erno_	288	392	2.267533E-4
			2)	erc	0	0	0.0
				1)	erch	0	0	0.0
					1)	erché	318	374	2.1634116E-4
				2)	erca	0	0	0.0
					1)	ercat	544	277	1.6023128E-4
			3)	era	0	0	0.0
				1)	eraz	0	0	0.0
					1)	erazi	444	306	1.7700641E-4
			4)	erv	0	0	0.0
				1)	erve	0	0	0.0
					1)	erven	608	260	1.503976E-4
			5)	erm	0	0	0.0
				1)	ermi	0	0	0.0
					1)	ermin	672	244	1.4114236E-4
			6)	eri	0	0	0.0
				1)	eria	0	0	0.0
					1)	eria_	701	237	1.370932E-4
			7)	ert	0	0	0.0
				1)	erta	0	0	0.0
					1)	ertan	766	226	1.3073022E-4
			8)	ere	0	0	0.0
				1)	eres	0	0	0.0
					1)	eress	816	213	1.2321034E-4
			9)	ers	0	0	0.0
				1)	ersi	0	0	0.0
					1)	ersi_	843	207	1.1973963E-4
		13)	ed	0	0	0.0
			1)	ede	0	0	0.0
				1)	eder	0	0	0.0
					1)	edere	789	220	1.2725951E-4
	6)	d	0	0	0.0
		1)	de	0	0	0.0
			1)	del	0	0	0.0
				1)	dell	0	0	0.0
					1)	della	10	2864	0.0016566874
					2)	delle	28	1457	8.42805E-4
					3)	dell_	88	776	4.48879E-4
					4)	dello	538	279	1.6138819E-4
					5)	dellu	554	274	1.5849592E-4
			2)	der	0	0	0.0
				1)	dere	0	0	0.0
					1)	dere_	124	626	3.6211114E-4
			3)	deg	0	0	0.0
				1)	degl	0	0	0.0
					1)	degli	143	581	3.360808E-4
			4)	dec	0	0	0.0
				1)	deci	0	0	0.0
					1)	decis	445	305	1.7642796E-4
			5)	dev	0	0	0.0
				1)	deve	0	0	0.0
					1)	deve_	484	296	1.7122188E-4
			6)	den	0	0	0.0
				1)	dent	0	0	0.0
					1)	dente	715	235	1.359363E-4
			7)	des	0	0	0.0
				1)	desi	0	0	0.0
					1)	desid	728	232	1.3420093E-4
		2)	da	0	0	0.0
			1)	dam	0	0	0.0
				1)	dame	0	0	0.0
					1)	damen	195	490	2.8344162E-4
			2)	dal	0	0	0.0
				1)	dall	0	0	0.0
					1)	dalla	295	385	2.2270414E-4
			3)	dar	0	0	0.0
				1)	dare	0	0	0.0
					1)	dare_	609	260	1.503976E-4
			4)	dat	0	0	0.0
				1)	dato	0	0	0.0
					1)	dato_	767	226	1.3073022E-4
		3)	di	0	0	0.0
			1)	dir	0	0	0.0
				1)	dire	0	0	0.0
					1)	diret	328	363	2.0997819E-4
					2)	dire_	848	206	1.19161174E-4
				2)	diri	0	0	0.0
					1)	dirit	361	343	1.9840914E-4
			2)	dis	0	0	0.0
				1)	disc	0	0	0.0
					1)	discu	381	332	1.9204617E-4
				2)	disp	0	0	0.0
					1)	dispo	434	308	1.781633E-4
			3)	din	0	0	0.0
				1)	dini	0	0	0.0
					1)	dini_	537	279	1.6138819E-4
			4)	diz	0	0	0.0
				1)	dizi	0	0	0.0
					1)	dizio	714	235	1.359363E-4
		4)	do	0	0	0.0
			1)	dob	0	0	0.0
				1)	dobb	0	0	0.0
					1)	dobbi	545	277	1.6023128E-4
			2)	dov	0	0	0.0
				1)	dovr	0	0	0.0
					1)	dovre	562	272	1.5733903E-4
	7)	q	0	0	0.0
		1)	qu	0	0	0.0
			1)	que	0	0	0.0
				1)	ques	0	0	0.0
					1)	quest	12	2613	0.0015114959
				2)	quel	0	0	0.0
					1)	quell	237	440	2.5451902E-4
			2)	qua	0	0	0.0
				1)	quan	0	0	0.0
					1)	quant	140	586	3.3897304E-4
				2)	qual	0	0	0.0
					1)	quali	334	359	2.0766437E-4
					2)	quale	662	246	1.4229926E-4
			3)	qui	0	0	0.0
				1)	quin	0	0	0.0
					1)	quind	800	217	1.2552415E-4
	8)	m	0	0	0.0
		1)	me	0	0	0.0
			1)	men	0	0	0.0
				1)	ment	0	0	0.0
					1)	mente	15	2235	0.0012928409
					2)	mento	20	1701	9.839474E-4
					3)	menti	85	797	4.6102647E-4
					4)	menta	146	577	3.3376698E-4
				2)	mend	0	0	0.0
					1)	menda	641	251	1.4519153E-4
				3)	meno	0	0	0.0
					1)	meno_	763	226	1.3073022E-4
			2)	mem	0	0	0.0
				1)	memb	0	0	0.0
					1)	membr	219	455	2.631958E-4
			3)	mer	0	0	0.0
				1)	merc	0	0	0.0
					1)	merca	590	266	1.5386831E-4
			4)	met	0	0	0.0
				1)	mett	0	0	0.0
					1)	mette	761	227	1.3130867E-4
		2)	mp	0	0	0.0
			1)	mpo	0	0	0.0
				1)	mpor	0	0	0.0
					1)	mport	133	598	3.4591448E-4
			2)	mpr	0	0	0.0
				1)	mpre	0	0	0.0
					1)	mpres	801	217	1.2552415E-4
		3)	mo	0	0	0.0
			1)	mod	0	0	0.0
				1)	modo	0	0	0.0
					1)	modo_	252	425	2.4584224E-4
			2)	mol	0	0	0.0
				1)	molt	0	0	0.0
					1)	molto	494	291	1.6832961E-4
		4)	mb	0	0	0.0
			1)	mbr	0	0	0.0
				1)	mbri	0	0	0.0
					1)	mbri_	317	374	2.1634116E-4
			2)	mbi	0	0	0.0
				1)	mbie	0	0	0.0
					1)	mbien	746	230	1.3304403E-4
		5)	mi	0	0	0.0
			1)	mis	0	0	0.0
				1)	miss	0	0	0.0
					1)	missi	341	354	2.0477212E-4
			2)	mig	0	0	0.0
				1)	migl	0	0	0.0
					1)	migli	630	254	1.4692689E-4
		6)	mu	0	0	0.0
			1)	mun	0	0	0.0
				1)	muni	0	0	0.0
					1)	munit	369	340	1.9667378E-4
		7)	ma	0	0	0.0
			1)	mag	0	0	0.0
				1)	magg	0	0	0.0
					1)	maggi	391	326	1.8857545E-4
			2)	maz	0	0	0.0
				1)	mazi	0	0	0.0
					1)	mazio	541	278	1.6080974E-4
			3)	mat	0	0	0.0
				1)	mate	0	0	0.0
					1)	mater	549	275	1.5907438E-4
		8)	mm	0	0	0.0
			1)	mmi	0	0	0.0
				1)	mmis	0	0	0.0
					1)	mmiss	439	307	1.7758485E-4
	9)	u	0	0	0.0
		1)	ur	0	0	0.0
			1)	uro	0	0	0.0
				1)	urop	0	0	0.0
					1)	urope	27	1461	8.4511883E-4
			2)	ure	0	0	0.0
				1)	urez	0	0	0.0
					1)	urezz	582	267	1.5444677E-4
			3)	ura	0	0	0.0
				1)	ural	0	0	0.0
					1)	urali	798	217	1.2552415E-4
		2)	ue	0	0	0.0
			1)	ues	0	0	0.0
				1)	uest	0	0	0.0
					1)	uesto	42	1139	6.5885717E-4
					2)	uesta	130	610	3.5285592E-4
					3)	uesti	138	588	3.4012995E-4
		3)	uz	0	0	0.0
			1)	uzi	0	0	0.0
				1)	uzio	0	0	0.0
					1)	uzion	101	740	4.2805471E-4
		4)	up	0	0	0.0
			1)	upp	0	0	0.0
				1)	uppo	0	0	0.0
					1)	uppo_	164	534	3.0889353E-4
			2)	upa	0	0	0.0
				1)	upaz	0	0	0.0
					1)	upazi	424	312	1.8047712E-4
		5)	ua	0	0	0.0
			1)	uan	0	0	0.0
				1)	uant	0	0	0.0
					1)	uanto	173	526	3.042659E-4
			2)	ual	0	0	0.0
				1)	uale	0	0	0.0
					1)	uale_	298	382	2.2096878E-4
				2)	uali	0	0	0.0
					1)	uali_	423	313	1.8105557E-4
			3)	uaz	0	0	0.0
				1)	uazi	0	0	0.0
					1)	uazio	533	280	1.6196664E-4
			4)	uar	0	0	0.0
				1)	uard	0	0	0.0
					1)	uarda	668	245	1.4172081E-4
		6)	ul	0	0	0.0
			1)	ull	0	0	0.0
				1)	ulla	0	0	0.0
					1)	ulla_	185	508	2.9385378E-4
		7)	ut	0	0	0.0
			1)	utt	0	0	0.0
				1)	utto	0	0	0.0
					1)	utto_	202	481	2.7823556E-4
				2)	utti	0	0	0.0
					1)	utti_	266	410	2.3716544E-4
				3)	uttu	0	0	0.0
					1)	uttur	711	235	1.359363E-4
				4)	utta	0	0	0.0
					1)	uttav	741	230	1.3304403E-4
		8)	un	0	0	0.0
			1)	uni	0	0	0.0
				1)	unio	0	0	0.0
					1)	union	264	412	2.3832235E-4
				2)	unit	0	0	0.0
					1)	unita	469	300	1.735357E-4
			2)	unt	0	0	0.0
				1)	unto	0	0	0.0
					1)	unto_	330	362	2.0939973E-4
			3)	unq	0	0	0.0
				1)	unqu	0	0	0.0
					1)	unque	836	208	1.2031808E-4
			4)	unz	0	0	0.0
				1)	unzi	0	0	0.0
					1)	unzio	852	204	1.1800427E-4
		9)	um	0	0	0.0
			1)	ume	0	0	0.0
				1)	umen	0	0	0.0
					1)	ument	363	342	1.9783068E-4
		10)	ui	0	0	0.0
			1)	uir	0	0	0.0
				1)	uire	0	0	0.0
					1)	uire_	689	239	1.382501E-4
			2)	uin	0	0	0.0
				1)	uind	0	0	0.0
					1)	uindi	799	217	1.2552415E-4
		11)	ub	0	0	0.0
			1)	ubb	0	0	0.0
				1)	ubbl	0	0	0.0
					1)	ubbli	723	232	1.3420093E-4
		12)	us	0	0	0.0
			1)	uss	0	0	0.0
				1)	ussi	0	0	0.0
					1)	ussio	758	227	1.3130867E-4
			2)	ust	0	0	0.0
				1)	ustr	0	0	0.0
					1)	ustri	824	210	1.2147499E-4
	10)	s	0	0	0.0
		1)	si	0	0	0.0
			1)	sio	0	0	0.0
				1)	sion	0	0	0.0
					1)	sione	36	1243	7.1901624E-4
					2)	sioni	471	300	1.735357E-4
			2)	sig	0	0	0.0
				1)	sign	0	0	0.0
					1)	signo	58	903	5.2234245E-4
			3)	sis	0	0	0.0
				1)	sist	0	0	0.0
					1)	siste	160	548	3.1699185E-4
			4)	sid	0	0	0.0
				1)	side	0	0	0.0
					1)	sider	177	516	2.9848138E-4
			5)	sib	0	0	0.0
				1)	sibi	0	0	0.0
					1)	sibil	187	507	2.932753E-4
			6)	sic	0	0	0.0
				1)	sicu	0	0	0.0
					1)	sicur	215	468	2.7071568E-4
			7)	sia	0	0	0.0
				1)	siam	0	0	0.0
					1)	siamo	356	344	1.9898759E-4
			8)	siz	0	0	0.0
				1)	sizi	0	0	0.0
					1)	sizio	368	340	1.9667378E-4
		2)	so	0	0	0.0
			1)	son	0	0	0.0
				1)	sono	0	0	0.0
					1)	sono_	39	1196	6.9182896E-4
			2)	soc	0	0	0.0
				1)	soci	0	0	0.0
					1)	socia	322	372	2.1518426E-4
			3)	sot	0	0	0.0
				1)	sott	0	0	0.0
					1)	sotto	528	281	1.625451E-4
			4)	sos	0	0	0.0
				1)	sost	0	0	0.0
					1)	soste	603	261	1.5097605E-4
			5)	sol	0	0	0.0
				1)	solo	0	0	0.0
					1)	solo_	655	248	1.4345617E-4
				2)	solu	0	0	0.0
					1)	soluz	704	236	1.3651475E-4
				3)	solt	0	0	0.0
					1)	solta	876	200	1.1569046E-4
		3)	ss	0	0	0.0
			1)	ssi	0	0	0.0
				1)	ssio	0	0	0.0
					1)	ssion	100	747	4.3210387E-4
				2)	ssib	0	0	0.0
					1)	ssibi	245	433	2.5046984E-4
			2)	sse	0	0	0.0
				1)	sser	0	0	0.0
					1)	ssere	108	710	4.1070115E-4
			3)	ssa	0	0	0.0
				1)	ssar	0	0	0.0
					1)	ssari	442	306	1.7700641E-4
		4)	se	0	0	0.0
			1)	ser	0	0	0.0
				1)	sere	0	0	0.0
					1)	sere_	109	710	4.1070115E-4
			2)	sen	0	0	0.0
				1)	sent	0	0	0.0
					1)	senta	132	606	3.505421E-4
				2)	senz	0	0	0.0
					1)	senza	483	297	1.7180033E-4
			3)	set	0	0	0.0
				1)	sett	0	0	0.0
					1)	setto	455	303	1.7527105E-4
			4)	sec	0	0	0.0
				1)	seco	0	0	0.0
					1)	secon	529	281	1.625451E-4
		5)	sp	0	0	0.0
			1)	spe	0	0	0.0
				1)	spet	0	0	0.0
					1)	spett	145	580	3.3550235E-4
			2)	spo	0	0	0.0
				1)	spon	0	0	0.0
					1)	spons	514	284	1.6428046E-4
		6)	su	0	0	0.0
			1)	sul	0	0	0.0
				1)	sull	0	0	0.0
					1)	sulla	200	485	2.8054937E-4
				2)	sult	0	0	0.0
					1)	sulta	787	220	1.2725951E-4
		7)	st	0	0	0.0
			1)	sti	0	0	0.0
				1)	stio	0	0	0.0
					1)	stion	232	444	2.5683283E-4
				2)	stit	0	0	0.0
					1)	stitu	379	333	1.9262462E-4
			2)	sta	0	0	0.0
				1)	stat	0	0	0.0
					1)	stato	321	372	2.1518426E-4
					2)	stata	685	242	1.3998545E-4
			3)	str	0	0	0.0
				1)	stra	0	0	0.0
					1)	stra_	355	344	1.9898759E-4
					2)	strat	511	285	1.6485891E-4
				2)	stro	0	0	0.0
					1)	stro_	387	327	1.891539E-4
				3)	stru	0	0	0.0
					1)	strut	510	285	1.6485891E-4
				4)	stri	0	0	0.0
					1)	stri_	804	216	1.249457E-4
					2)	stria	875	200	1.1569046E-4
			4)	ste	0	0	0.0
				1)	stes	0	0	0.0
					1)	stess	527	281	1.625451E-4
		8)	sv	0	0	0.0
			1)	svi	0	0	0.0
				1)	svil	0	0	0.0
					1)	svilu	306	377	2.1807652E-4
		9)	sa	0	0	0.0
			1)	sab	0	0	0.0
				1)	sabi	0	0	0.0
					1)	sabil	349	349	2.0187986E-4
			2)	sar	0	0	0.0
				1)	sarà	0	0	0.0
					1)	sarà_	877	200	1.1569046E-4
		10)	sc	0	0	0.0
			1)	scu	0	0	0.0
				1)	scus	0	0	0.0
					1)	scuss	621	256	1.480838E-4
	11)	t	0	0	0.0
		1)	ta	0	0	0.0
			1)	tar	0	0	0.0
				1)	tare	0	0	0.0
					1)	tare_	45	1067	6.172086E-4
				2)	tari	0	0	0.0
					1)	tari_	825	210	1.2147499E-4
			2)	tat	0	0	0.0
				1)	tato	0	0	0.0
					1)	tato_	54	925	5.350684E-4
				2)	tati	0	0	0.0
					1)	tati_	212	470	2.718726E-4
				3)	tata	0	0	0.0
					1)	tata_	309	376	2.1749806E-4
			3)	tal	0	0	0.0
				1)	tale	0	0	0.0
					1)	tale_	118	666	3.8524924E-4
				2)	tali	0	0	0.0
					1)	tali_	326	364	2.1055664E-4
			4)	tam	0	0	0.0
				1)	tame	0	0	0.0
					1)	tamen	137	593	3.4302223E-4
			5)	tan	0	0	0.0
				1)	tant	0	0	0.0
					1)	tanto	150	571	3.3029626E-4
					2)	tante	276	403	2.3311628E-4
				2)	tanz	0	0	0.0
					1)	tanza	851	205	1.1858272E-4
			6)	taz	0	0	0.0
				1)	tazi	0	0	0.0
					1)	tazio	216	465	2.689803E-4
			7)	tad	0	0	0.0
				1)	tadi	0	0	0.0
					1)	tadin	454	303	1.7527105E-4
			8)	tab	0	0	0.0
				1)	tabi	0	0	0.0
					1)	tabil	712	235	1.359363E-4
			9)	tav	0	0	0.0
				1)	tavi	0	0	0.0
					1)	tavia	744	230	1.3304403E-4
		2)	ti	0	0	0.0
			1)	tiv	0	0	0.0
				1)	tiva	0	0	0.0
					1)	tiva_	77	845	4.887922E-4
				2)	tivo	0	0	0.0
					1)	tivo_	155	562	3.250902E-4
				3)	tivi	0	0	0.0
					1)	tivi_	279	402	2.3253783E-4
				4)	tive	0	0	0.0
					1)	tive_	285	393	2.2733175E-4
			2)	tic	0	0	0.0
				1)	tica	0	0	0.0
					1)	tica_	82	807	4.66811E-4
				2)	tico	0	0	0.0
					1)	ticol	221	452	2.6146043E-4
					2)	tico_	660	246	1.4229926E-4
				3)	tich	0	0	0.0
					1)	tiche	470	300	1.735357E-4
			3)	tio	0	0	0.0
				1)	tion	0	0	0.0
					1)	tione	364	342	1.9783068E-4
			4)	tit	0	0	0.0
				1)	tito	0	0	0.0
					1)	tito_	635	252	1.4576998E-4
			5)	tir	0	0	0.0
				1)	tire	0	0	0.0
					1)	tire_	675	243	1.405639E-4
		3)	to	0	0	0.0
			1)	tor	0	0	0.0
				1)	tori	0	0	0.0
					1)	tori_	142	583	3.372377E-4
				2)	tore	0	0	0.0
					1)	tore_	217	464	2.6840187E-4
		4)	tu	0	0	0.0
			1)	tut	0	0	0.0
				1)	tutt	0	0	0.0
					1)	tutto	197	486	2.811278E-4
					2)	tutti	278	402	2.3253783E-4
					3)	tutta	452	303	1.7527105E-4
			2)	tur	0	0	0.0
				1)	tura	0	0	0.0
					1)	tura_	305	377	2.1807652E-4
					2)	tural	411	318	1.8394784E-4
			3)	tua	0	0	0.0
				1)	tuaz	0	0	0.0
					1)	tuazi	583	267	1.5444677E-4
		5)	tr	0	0	0.0
			1)	tra	0	0	0.0
				1)	trat	0	0	0.0
					1)	tratt	272	408	2.3600853E-4
				2)	tras	0	0	0.0
					1)	trasp	639	251	1.4519153E-4
			2)	tri	0	0	0.0
				1)	trib	0	0	0.0
					1)	tribu	412	318	1.8394784E-4
			3)	tru	0	0	0.0
				1)	trut	0	0	0.0
					1)	trutt	509	285	1.6485891E-4
			4)	tro	0	0	0.0
				1)	trol	0	0	0.0
					1)	troll	513	284	1.6428046E-4
		6)	tt	0	0	0.0
			1)	tti	0	0	0.0
				1)	ttiv	0	0	0.0
					1)	ttiva	350	348	2.013014E-4
					2)	ttivi	431	309	1.7874176E-4
					3)	ttivo	837	208	1.2031808E-4
			2)	tta	0	0	0.0
				1)	ttad	0	0	0.0
					1)	ttadi	453	303	1.7527105E-4
				2)	ttav	0	0	0.0
					1)	ttavi	743	230	1.3304403E-4
			3)	ttu	0	0	0.0
				1)	ttur	0	0	0.0
					1)	ttura	615	257	1.4866224E-4
			4)	tte	0	0	0.0
				1)	tter	0	0	0.0
					1)	ttere	699	237	1.370932E-4
			5)	tto	0	0	0.0
				1)	ttor	0	0	0.0
					1)	ttore	742	230	1.3304403E-4
					2)	ttori	780	221	1.2783796E-4
		7)	te	0	0	0.0
			1)	ter	0	0	0.0
				1)	tere	0	0	0.0
					1)	tere_	375	336	1.9435998E-4
					2)	teres	811	214	1.2378879E-4
				2)	teri	0	0	0.0
					1)	teria	589	266	1.5386831E-4
				3)	terv	0	0	0.0
					1)	terve	626	255	1.4750534E-4
				4)	term	0	0	0.0
					1)	termi	654	248	1.4345617E-4
				5)	tern	0	0	0.0
					1)	terno	861	203	1.1742582E-4
			2)	ten	0	0	0.0
				1)	tene	0	0	0.0
					1)	tener	634	253	1.4634844E-4
				2)	tenu	0	0	0.0
					1)	tenut	676	243	1.405639E-4
				3)	tenz	0	0	0.0
					1)	tenzi	817	213	1.2321034E-4
			3)	tem	0	0	0.0
				1)	tema	0	0	0.0
					1)	tema_	671	244	1.4114236E-4
				2)	temp	0	0	0.0
					1)	tempo	759	227	1.3130867E-4
	12)	n	0	0	0.0
		1)	nc	0	0	0.0
			1)	nch	0	0	0.0
				1)	nche	0	0	0.0
					1)	nche_	50	993	5.7440315E-4
				2)	nché	0	0	0.0
					1)	nché_	713	235	1.359363E-4
			2)	nco	0	0	0.0
				1)	ncor	0	0	0.0
					1)	ncora	416	317	1.8336938E-4
					2)	ncorr	629	254	1.4692689E-4
			3)	nci	0	0	0.0
				1)	ncip	0	0	0.0
					1)	ncipi	680	243	1.405639E-4
		2)	no	0	0	0.0
			1)	nor	0	0	0.0
				1)	nore	0	0	0.0
					1)	norev	87	796	4.6044803E-4
				2)	nora	0	0	0.0
					1)	nora_	357	344	1.9898759E-4
			2)	nos	0	0	0.0
				1)	nost	0	0	0.0
					1)	nostr	105	732	4.234271E-4
			3)	nom	0	0	0.0
				1)	nomi	0	0	0.0
					1)	nomic	464	301	1.7411415E-4
		3)	ne	0	0	0.0
			1)	nel	0	0	0.0
				1)	nell	0	0	0.0
					1)	nella	113	697	4.0318124E-4
					2)	nelle	574	270	1.5618213E-4
			2)	nec	0	0	0.0
				1)	nece	0	0	0.0
					1)	neces	258	416	2.4063616E-4
			3)	ner	0	0	0.0
				1)	nere	0	0	0.0
					1)	nere_	561	272	1.5733903E-4
		4)	na	0	0	0.0
			1)	nal	0	0	0.0
				1)	nale	0	0	0.0
					1)	nale_	131	610	3.5285592E-4
				2)	nali	0	0	0.0
					1)	nali_	273	408	2.3600853E-4
			2)	naz	0	0	0.0
				1)	nazi	0	0	0.0
					1)	nazio	171	527	3.0484438E-4
			3)	nan	0	0	0.0
				1)	nanz	0	0	0.0
					1)	nanzi	211	471	2.7245103E-4
			4)	nam	0	0	0.0
				1)	name	0	0	0.0
					1)	namen	694	238	1.3767165E-4
			5)	nar	0	0	0.0
				1)	nare	0	0	0.0
					1)	nare_	762	226	1.3073022E-4
		5)	nz	0	0	0.0
			1)	nzi	0	0	0.0
				1)	nzio	0	0	0.0
					1)	nzion	176	519	3.0021675E-4
				2)	nzia	0	0	0.0
					1)	nziar	535	279	1.6138819E-4
		6)	ni	0	0	0.0
			1)	nio	0	0	0.0
				1)	nion	0	0	0.0
					1)	nione	209	473	2.7360793E-4
			2)	niz	0	0	0.0
				1)	nizi	0	0	0.0
					1)	nizia	293	387	2.2386105E-4
			3)	nit	0	0	0.0
				1)	nita	0	0	0.0
					1)	nitar	425	312	1.8047712E-4
				2)	nità	0	0	0.0
					1)	nità_	700	237	1.370932E-4
		7)	nt	0	0	0.0
			1)	nta	0	0	0.0
				1)	ntar	0	0	0.0
					1)	ntare	227	448	2.5914662E-4
			2)	nte	0	0	0.0
				1)	nter	0	0	0.0
					1)	ntern	319	373	2.1576272E-4
					2)	nterv	599	262	1.515545E-4
					3)	ntere	745	230	1.3304403E-4
			3)	ntr	0	0	0.0
				1)	ntro	0	0	0.0
					1)	ntrol	515	284	1.6428046E-4
					2)	ntro_	617	257	1.4866224E-4
		8)	nd	0	0	0.0
			1)	nda	0	0	0.0
				1)	ndam	0	0	0.0
					1)	ndame	255	423	2.4468533E-4
			2)	nde	0	0	0.0
				1)	nder	0	0	0.0
					1)	ndere	428	310	1.7932021E-4
		9)	ns	0	0	0.0
			1)	nsa	0	0	0.0
				1)	nsab	0	0	0.0
					1)	nsabi	376	335	1.9378153E-4
			2)	nsi	0	0	0.0
				1)	nsid	0	0	0.0
					1)	nside	679	243	1.405639E-4
		10)	nq	0	0	0.0
			1)	nqu	0	0	0.0
				1)	nque	0	0	0.0
					1)	nque_	579	268	1.5502522E-4
	13)	p	0	0	0.0
		1)	pr	0	0	0.0
			1)	pre	0	0	0.0
				1)	pres	0	0	0.0
					1)	prese	56	909	5.2581314E-4
				2)	pren	0	0	0.0
					1)	prend	607	260	1.503976E-4
			2)	pro	0	0	0.0
				1)	prop	0	0	0.0
					1)	propo	104	733	4.2400553E-4
					2)	propr	268	410	2.3716544E-4
				2)	prog	0	0	0.0
					1)	progr	123	635	3.673172E-4
					2)	proge	571	270	1.5618213E-4
				3)	prob	0	0	0.0
					1)	probl	301	378	2.1865497E-4
				4)	proc	0	0	0.0
					1)	proce	316	374	2.1634116E-4
				5)	prov	0	0	0.0
					1)	prova	770	224	1.2957331E-4
			3)	pri	0	0	0.0
				1)	prin	0	0	0.0
					1)	princ	400	322	1.8626165E-4
				2)	prim	0	0	0.0
					1)	prima	572	270	1.5618213E-4
				3)	prio	0	0	0.0
					1)	prio_	773	223	1.2899487E-4
		2)	po	0	0	0.0
			1)	pol	0	0	0.0
				1)	poli	0	0	0.0
					1)	polit	68	873	5.049889E-4
			2)	por	0	0	0.0
				1)	port	0	0	0.0
					1)	porta	94	757	4.378884E-4
					2)	porto	862	203	1.1742582E-4
			3)	pos	0	0	0.0
				1)	poss	0	0	0.0
					1)	possi	229	447	2.5856818E-4
					2)	possa	842	207	1.1973963E-4
				2)	post	0	0	0.0
					1)	posta	238	440	2.5451902E-4
					2)	poste	841	207	1.1973963E-4
				3)	posi	0	0	0.0
					1)	posiz	388	326	1.8857545E-4
					2)	posit	627	255	1.4750534E-4
			4)	pon	0	0	0.0
				1)	pons	0	0	0.0
					1)	ponsa	519	283	1.63702E-4
		3)	pa	0	0	0.0
			1)	par	0	0	0.0
				1)	part	0	0	0.0
					1)	parte	179	515	2.9790294E-4
					2)	parti	191	497	2.874908E-4
				2)	parl	0	0	0.0
					1)	parla	443	306	1.7700641E-4
			2)	paz	0	0	0.0
				1)	pazi	0	0	0.0
					1)	pazio	206	475	2.7476484E-4
			3)	pae	0	0	0.0
				1)	paes	0	0	0.0
					1)	paesi	499	290	1.6775118E-4
		4)	pe	0	0	0.0
			1)	per	0	0	0.0
				1)	perc	0	0	0.0
					1)	perch	314	375	2.1691961E-4
				2)	pert	0	0	0.0
					1)	perta	669	245	1.4172081E-4
				3)	pers	0	0	0.0
					1)	perso	846	206	1.19161174E-4
			2)	pet	0	0	0.0
				1)	pett	0	0	0.0
					1)	petto	604	261	1.5097605E-4
		5)	pu	0	0	0.0
			1)	pun	0	0	0.0
				1)	punt	0	0	0.0
					1)	punto	473	300	1.735357E-4
			2)	pub	0	0	0.0
				1)	pubb	0	0	0.0
					1)	pubbl	724	232	1.3420093E-4
		6)	pl	0	0	0.0
			1)	pli	0	0	0.0
				1)	plic	0	0	0.0
					1)	plica	481	298	1.7237879E-4
		7)	pp	0	0	0.0
			1)	ppo	0	0	0.0
				1)	ppor	0	0	0.0
					1)	pport	593	265	1.5328986E-4
			2)	ppl	0	0	0.0
				1)	ppli	0	0	0.0
					1)	pplic	628	254	1.4692689E-4
			3)	ppr	0	0	0.0
				1)	ppre	0	0	0.0
					1)	ppres	663	246	1.4229926E-4
	14)	r	0	0	0.0
		1)	re	0	0	0.0
			1)	rev	0	0	0.0
				1)	revo	0	0	0.0
					1)	revol	63	890	5.1482255E-4
			2)	reb	0	0	0.0
				1)	rebb	0	0	0.0
					1)	rebbe	86	796	4.6044803E-4
			3)	res	0	0	0.0
				1)	rese	0	0	0.0
					1)	resen	103	734	4.24584E-4
				2)	resp	0	0	0.0
					1)	respo	521	283	1.63702E-4
				3)	ress	0	0	0.0
					1)	ressi	845	206	1.19161174E-4
			4)	rel	0	0	0.0
				1)	rela	0	0	0.0
					1)	relaz	151	571	3.3029626E-4
					2)	relat	384	331	1.9146771E-4
			5)	reg	0	0	0.0
				1)	regi	0	0	0.0
					1)	regio	168	528	3.0542281E-4
				2)	rego	0	0	0.0
					1)	regol	690	239	1.382501E-4
			6)	ren	0	0	0.0
				1)	renz	0	0	0.0
					1)	renza	287	392	2.267533E-4
				2)	rend	0	0	0.0
					1)	rende	472	300	1.735357E-4
			7)	rez	0	0	0.0
				1)	rezz	0	0	0.0
					1)	rezza	366	341	1.9725223E-4
			8)	rem	0	0	0.0
				1)	remo	0	0	0.0
					1)	remo_	487	294	1.7006497E-4
			9)	ret	0	0	0.0
				1)	rett	0	0	0.0
					1)	retti	613	258	1.4924069E-4
		2)	ra	0	0	0.0
			1)	raz	0	0	0.0
				1)	razi	0	0	0.0
					1)	razio	80	811	4.6912482E-4
			2)	rar	0	0	0.0
				1)	rare	0	0	0.0
					1)	rare_	170	527	3.0484438E-4
			3)	ral	0	0	0.0
				1)	rale	0	0	0.0
					1)	rale_	263	413	2.389008E-4
				2)	rali	0	0	0.0
					1)	rali_	500	289	1.6717272E-4
			4)	ram	0	0	0.0
				1)	ramm	0	0	0.0
					1)	ramma	280	401	2.3195938E-4
				2)	rame	0	0	0.0
					1)	ramen	707	236	1.3651475E-4
			5)	ran	0	0	0.0
				1)	rann	0	0	0.0
					1)	ranno	346	350	2.0245831E-4
			6)	rat	0	0	0.0
				1)	ratt	0	0	0.0
					1)	ratta	399	322	1.8626165E-4
				2)	rato	0	0	0.0
					1)	rato_	448	304	1.758495E-4
				3)	rati	0	0	0.0
					1)	ratic	733	231	1.3362248E-4
			7)	rap	0	0	0.0
				1)	rapp	0	0	0.0
					1)	rappr	706	236	1.3651475E-4
		3)	ro	0	0	0.0
			1)	rop	0	0	0.0
				1)	rope	0	0	0.0
					1)	ropea	97	750	4.3383922E-4
					2)	ropeo	230	445	2.5741127E-4
				2)	ropo	0	0	0.0
					1)	ropos	135	596	3.4475757E-4
				3)	ropr	0	0	0.0
					1)	ropri	267	410	2.3716544E-4
			2)	rog	0	0	0.0
				1)	rogr	0	0	0.0
					1)	rogra	153	563	3.2566866E-4
				2)	roge	0	0	0.0
					1)	roget	570	270	1.5618213E-4
			3)	rob	0	0	0.0
				1)	robl	0	0	0.0
					1)	roble	300	378	2.1865497E-4
			4)	ron	0	0	0.0
				1)	ront	0	0	0.0
					1)	ronta	863	202	1.1684737E-4
		4)	rt	0	0	0.0
			1)	rta	0	0	0.0
				1)	rtan	0	0	0.0
					1)	rtant	147	575	3.3261007E-4
			2)	rti	0	0	0.0
				1)	rtic	0	0	0.0
					1)	rtico	223	450	2.6030352E-4
		5)	rc	0	0	0.0
			1)	rch	0	0	0.0
				1)	rché	0	0	0.0
					1)	rché_	297	383	2.2154723E-4
			2)	rca	0	0	0.0
				1)	rcat	0	0	0.0
					1)	rcato	782	221	1.2783796E-4
		6)	ri	0	0	0.0
			1)	rit	0	0	0.0
				1)	rità	0	0	0.0
					1)	rità_	393	324	1.8741854E-4
				2)	rite	0	0	0.0
					1)	riten	720	233	1.3477939E-4
				3)	rito	0	0	0.0
					1)	rito_	805	216	1.249457E-4
				4)	ritt	0	0	0.0
					1)	ritti	826	210	1.2147499E-4
					2)	ritto	831	209	1.2089653E-4
			2)	rin	0	0	0.0
				1)	rinc	0	0	0.0
					1)	rinci	398	322	1.8626165E-4
			3)	rig	0	0	0.0
				1)	rigu	0	0	0.0
					1)	rigua	461	302	1.746926E-4
			4)	ris	0	0	0.0
				1)	risp	0	0	0.0
					1)	rispe	610	259	1.4981914E-4
				2)	riso	0	0	0.0
					1)	risol	776	222	1.2841642E-4
			5)	rim	0	0	0.0
				1)	rima	0	0	0.0
					1)	rima_	616	257	1.4866224E-4
			6)	ric	0	0	0.0
				1)	rico	0	0	0.0
					1)	ricor	716	234	1.3535784E-4
					2)	ricol	788	220	1.2725951E-4
				2)	rich	0	0	0.0
					1)	richi	781	221	1.2783796E-4
			7)	rif	0	0	0.0
				1)	rifo	0	0	0.0
					1)	rifor	760	227	1.3130867E-4
		7)	rr	0	0	0.0
			1)	rre	0	0	0.0
				1)	rrei	0	0	0.0
					1)	rrei_	636	252	1.4576998E-4
				2)	rren	0	0	0.0
					1)	rrenz	661	246	1.4229926E-4
		8)	ru	0	0	0.0
			1)	rut	0	0	0.0
				1)	rutt	0	0	0.0
					1)	ruttu	693	238	1.3767165E-4
			2)	rup	0	0	0.0
				1)	rupp	0	0	0.0
					1)	ruppo	705	236	1.3651475E-4
		9)	rm	0	0	0.0
			1)	rma	0	0	0.0
				1)	rmaz	0	0	0.0
					1)	rmazi	793	218	1.261026E-4
	15)	o	0	0	0.0
		1)	ol	0	0	0.0
			1)	oli	0	0	0.0
				1)	olit	0	0	0.0
					1)	oliti	65	875	5.0614576E-4
			2)	olt	0	0	0.0
				1)	olto	0	0	0.0
					1)	olto_	269	409	2.3658699E-4
				2)	oltr	0	0	0.0
					1)	oltre	576	269	1.5560367E-4
				3)	olta	0	0	0.0
					1)	olta_	734	231	1.3362248E-4
					2)	oltan	854	204	1.1800427E-4
			3)	oll	0	0	0.0
				1)	olle	0	0	0.0
					1)	olleg	307	377	2.1807652E-4
			4)	ola	0	0	0.0
				1)	olar	0	0	0.0
					1)	olare	390	326	1.8857545E-4
			5)	olu	0	0	0.0
				1)	oluz	0	0	0.0
					1)	oluzi	552	274	1.5849592E-4
		2)	or	0	0	0.0
			1)	ore	0	0	0.0
				1)	orev	0	0	0.0
					1)	orevo	70	867	5.0151814E-4
			2)	ort	0	0	0.0
				1)	orta	0	0	0.0
					1)	ortan	178	516	2.9848138E-4
			3)	orr	0	0	0.0
				1)	orre	0	0	0.0
					1)	orre_	352	347	2.0072295E-4
					2)	orren	560	272	1.5733903E-4
					3)	orrei	651	249	1.4403462E-4
			4)	ord	0	0	0.0
				1)	ordi	0	0	0.0
					1)	ordin	491	293	1.6948652E-4
				2)	ordo	0	0	0.0
					1)	ordo_	812	214	1.2378879E-4
			5)	ors	0	0	0.0
				1)	orse	0	0	0.0
					1)	orse_	747	229	1.3246558E-4
				2)	orso	0	0	0.0
					1)	orso_	819	212	1.2263189E-4
			6)	orm	0	0	0.0
				1)	orma	0	0	0.0
					1)	orma_	795	218	1.261026E-4
				2)	orme	0	0	0.0
					1)	orme_	806	216	1.249457E-4
			7)	ori	0	0	0.0
				1)	orit	0	0	0.0
					1)	orità	827	210	1.2147499E-4
			8)	orn	0	0	0.0
				1)	orno	0	0	0.0
					1)	orno_	847	206	1.19161174E-4
		3)	on	0	0	0.0
			1)	ono	0	0	0.0
				1)	onor	0	0	0.0
					1)	onore	83	805	4.656541E-4
				2)	onom	0	0	0.0
					1)	onomi	242	437	2.5278365E-4
				3)	onos	0	0	0.0
					1)	onosc	828	210	1.2147499E-4
			2)	ont	0	0	0.0
				1)	ontr	0	0	0.0
					1)	ontro	194	493	2.85177E-4
			3)	ona	0	0	0.0
				1)	onal	0	0	0.0
					1)	onale	214	469	2.7129412E-4
					2)	onali	281	399	2.3080247E-4
			4)	ond	0	0	0.0
				1)	ondo	0	0	0.0
					1)	ondo_	340	354	2.0477212E-4
			5)	onc	0	0	0.0
				1)	onco	0	0	0.0
					1)	oncor	477	299	1.7295724E-4
			6)	ons	0	0	0.0
				1)	onsa	0	0	0.0
					1)	onsab	520	283	1.63702E-4
				2)	onsi	0	0	0.0
					1)	onsid	677	243	1.405639E-4
		4)	op	0	0	0.0
			1)	ope	0	0	0.0
				1)	opea	0	0	0.0
					1)	opea_	99	748	4.326823E-4
				2)	opeo	0	0	0.0
					1)	opeo_	233	444	2.5683283E-4
				3)	oper	0	0	0.0
					1)	opera	351	348	2.013014E-4
			2)	opo	0	0	0.0
				1)	opos	0	0	0.0
					1)	opost	186	508	2.9385378E-4
			3)	opr	0	0	0.0
				1)	opri	0	0	0.0
					1)	oprio	774	223	1.2899487E-4
		5)	og	0	0	0.0
			1)	ogr	0	0	0.0
				1)	ogra	0	0	0.0
					1)	ogram	154	563	3.2566866E-4
			2)	ogg	0	0	0.0
				1)	oggi	0	0	0.0
					1)	oggi_	558	273	1.5791749E-4
			3)	oge	0	0	0.0
				1)	oget	0	0	0.0
					1)	ogett	573	270	1.5618213E-4
		6)	om	0	0	0.0
			1)	omu	0	0	0.0
				1)	omun	0	0	0.0
					1)	omuni	180	515	2.9790294E-4
			2)	omm	0	0	0.0
				1)	ommi	0	0	0.0
					1)	ommis	566	271	1.5676058E-4
			3)	ome	0	0	0.0
				1)	omen	0	0	0.0
					1)	oment	678	243	1.405639E-4
		7)	oc	0	0	0.0
			1)	occ	0	0	0.0
				1)	occu	0	0	0.0
					1)	occup	236	441	2.5509746E-4
				2)	occo	0	0	0.0
					1)	occor	640	251	1.4519153E-4
			2)	oci	0	0	0.0
				1)	ocia	0	0	0.0
					1)	ocial	370	339	1.9609534E-4
		8)	os	0	0	0.0
			1)	ost	0	0	0.0
				1)	osta	0	0	0.0
					1)	osta_	250	426	2.4642068E-4
				2)	ostr	0	0	0.0
					1)	ostra	292	388	2.244395E-4
					2)	ostro	614	258	1.4924069E-4
				3)	osto	0	0	0.0
					1)	osto_	691	239	1.382501E-4
				4)	oste	0	0	0.0
					1)	oste_	794	218	1.261026E-4
			2)	oss	0	0	0.0
				1)	ossi	0	0	0.0
					1)	ossib	374	337	1.9493843E-4
			3)	osi	0	0	0.0
				1)	osiz	0	0	0.0
					1)	osizi	389	326	1.8857545E-4
		9)	ob	0	0	0.0
			1)	obl	0	0	0.0
				1)	oble	0	0	0.0
					1)	oblem	302	378	2.1865497E-4
			2)	obi	0	0	0.0
				1)	obie	0	0	0.0
					1)	obiet	462	302	1.746926E-4
			3)	obb	0	0	0.0
				1)	obbi	0	0	0.0
					1)	obbia	542	277	1.6023128E-4
		10)	ov	0	0	0.0
			1)	ove	0	0	0.0
				1)	over	0	0	0.0
					1)	overn	339	354	2.0477212E-4
			2)	ovr	0	0	0.0
				1)	ovre	0	0	0.0
					1)	ovreb	853	204	1.1800427E-4
	16)	l	0	0	0.0
		1)	li	0	0	0.0
			1)	lit	0	0	0.0
				1)	liti	0	0	0.0
					1)	litic	66	875	5.0614576E-4
				2)	lità	0	0	0.0
					1)	lità_	81	810	4.6854638E-4
			2)	liz	0	0	0.0
				1)	lizz	0	0	0.0
					1)	lizza	226	449	2.597251E-4
			3)	liv	0	0	0.0
				1)	live	0	0	0.0
					1)	livel	642	251	1.4519153E-4
			4)	lib	0	0	0.0
				1)	libe	0	0	0.0
					1)	liber	725	232	1.3420093E-4
			5)	lin	0	0	0.0
				1)	line	0	0	0.0
					1)	linea	864	202	1.1684737E-4
		2)	la	0	0	0.0
			1)	laz	0	0	0.0
				1)	lazi	0	0	0.0
					1)	lazio	76	846	4.8937066E-4
			2)	lar	0	0	0.0
				1)	lare	0	0	0.0
					1)	lare_	192	496	2.8691234E-4
			3)	lav	0	0	0.0
				1)	lavo	0	0	0.0
					1)	lavor	198	486	2.811278E-4
			4)	lam	0	0	0.0
				1)	lame	0	0	0.0
					1)	lamen	417	317	1.8336938E-4
			5)	lat	0	0	0.0
				1)	lati	0	0	0.0
					1)	lativ	605	261	1.5097605E-4
		3)	lm	0	0	0.0
			1)	lme	0	0	0.0
				1)	lmen	0	0	0.0
					1)	lment	165	532	3.0773663E-4
		4)	lo	0	0	0.0
			1)	lor	0	0	0.0
				1)	loro	0	0	0.0
					1)	loro_	224	450	2.6030352E-4
		5)	lu	0	0	0.0
			1)	lun	0	0	0.0
				1)	luni	0	0	0.0
					1)	lunio	324	368	2.1287045E-4
			2)	lup	0	0	0.0
				1)	lupp	0	0	0.0
					1)	luppo	478	299	1.7295724E-4
			3)	luz	0	0	0.0
				1)	luzi	0	0	0.0
					1)	luzio	553	274	1.5849592E-4
		6)	lt	0	0	0.0
			1)	ltr	0	0	0.0
				1)	ltre	0	0	0.0
					1)	ltre_	345	351	2.0303676E-4
				2)	ltri	0	0	0.0
					1)	ltri_	664	246	1.4229926E-4
				3)	ltro	0	0	0.0
					1)	ltro_	721	233	1.3477939E-4
			2)	ltu	0	0	0.0
				1)	ltur	0	0	0.0
					1)	ltura	818	213	1.2321034E-4
		7)	ll	0	0	0.0
			1)	llu	0	0	0.0
				1)	llun	0	0	0.0
					1)	lluni	550	275	1.5907438E-4
			2)	lle	0	0	0.0
				1)	lleg	0	0	0.0
					1)	llegh	637	252	1.4576998E-4
		8)	le	0	0	0.0
			1)	leg	0	0	0.0
				1)	legh	0	0	0.0
					1)	leghi	638	252	1.4576998E-4
	17)	c	0	0	0.0
		1)	co	0	0	0.0
			1)	con	0	0	0.0
				1)	cont	0	0	0.0
					1)	contr	69	872	5.044104E-4
					2)	conte	546	277	1.6023128E-4
					3)	conti	695	238	1.3767165E-4
				2)	cono	0	0	0.0
					1)	conom	257	422	2.4410688E-4
					2)	conos	830	210	1.2147499E-4
				3)	cons	0	0	0.0
					1)	conse	294	386	2.232826E-4
					2)	consi	485	296	1.7122188E-4
				4)	conc	0	0	0.0
					1)	conco	475	300	1.735357E-4
					2)	conce	563	272	1.5733903E-4
				5)	cond	0	0	0.0
					1)	condo	709	236	1.3651475E-4
					2)	condi	802	217	1.2552415E-4
			2)	com	0	0	0.0
				1)	come	0	0	0.0
					1)	come_	73	862	4.986259E-4
				2)	comu	0	0	0.0
					1)	comun	89	769	4.448298E-4
				3)	comm	0	0	0.0
					1)	commi	555	274	1.5849592E-4
				4)	comp	0	0	0.0
					1)	compe	833	209	1.2089653E-4
			3)	cor	0	0	0.0
				1)	corr	0	0	0.0
					1)	corre	134	598	3.4591448E-4
				2)	cora	0	0	0.0
					1)	cora_	539	279	1.6138819E-4
				3)	cord	0	0	0.0
					1)	cordo	829	210	1.2147499E-4
				4)	cors	0	0	0.0
					1)	corso	832	209	1.2089653E-4
			4)	col	0	0	0.0
				1)	coll	0	0	0.0
					1)	colle	277	403	2.3311628E-4
				2)	cola	0	0	0.0
					1)	colar	396	323	1.868401E-4
				3)	colo	0	0	0.0
					1)	colo_	771	224	1.2957331E-4
			5)	cos	0	0	0.0
				1)	cost	0	0	0.0
					1)	costi	792	219	1.2668106E-4
		2)	ca	0	0	0.0
			1)	cat	0	0	0.0
				1)	cato	0	0	0.0
					1)	cato_	246	432	2.498914E-4
			2)	caz	0	0	0.0
				1)	cazi	0	0	0.0
					1)	cazio	378	334	1.9320307E-4
			3)	car	0	0	0.0
				1)	care	0	0	0.0
					1)	care_	446	305	1.7642796E-4
		3)	cc	0	0	0.0
			1)	ccu	0	0	0.0
				1)	ccup	0	0	0.0
					1)	ccupa	253	425	2.4584224E-4
			2)	cco	0	0	0.0
				1)	ccor	0	0	0.0
					1)	ccorr	652	249	1.4403462E-4
					2)	ccord	822	211	1.2205344E-4
		4)	ch	0	0	0.0
			1)	chi	0	0	0.0
				1)	chia	0	0	0.0
					1)	chiar	283	394	2.279102E-4
				2)	chie	0	0	0.0
					1)	chied	516	284	1.6428046E-4
		5)	cu	0	0	0.0
			1)	cup	0	0	0.0
				1)	cupa	0	0	0.0
					1)	cupaz	426	312	1.8047712E-4
			2)	cur	0	0	0.0
				1)	cure	0	0	0.0
					1)	curez	586	267	1.5444677E-4
			3)	cus	0	0	0.0
				1)	cuss	0	0	0.0
					1)	cussi	739	230	1.3304403E-4
		6)	ce	0	0	0.0
			1)	ces	0	0	0.0
				1)	cess	0	0	0.0
					1)	cessa	435	308	1.781633E-4
					2)	cesso	450	304	1.758495E-4
					3)	cessi	633	253	1.4634844E-4
			2)	cen	0	0	0.0
				1)	cent	0	0	0.0
					1)	centr	684	243	1.405639E-4
		7)	ci	0	0	0.0
			1)	cit	0	0	0.0
				1)	citt	0	0	0.0
					1)	citta	457	303	1.7527105E-4
			2)	cis	0	0	0.0
				1)	cisi	0	0	0.0
					1)	cisio	667	246	1.4229926E-4
			3)	cia	0	0	0.0
				1)	cial	0	0	0.0
					1)	ciale	683	243	1.405639E-4
	18)	v	0	0	0.0
		1)	vo	0	0	0.0
			1)	vol	0	0	0.0
				1)	vole	0	0	0.0
					1)	vole_	115	685	3.9623983E-4
				2)	voli	0	0	0.0
					1)	voli_	421	314	1.8163402E-4
			2)	vor	0	0	0.0
				1)	voro	0	0	0.0
					1)	voro_	480	298	1.7237879E-4
				2)	vorr	0	0	0.0
					1)	vorre	578	268	1.5502522E-4
		2)	vi	0	0	0.0
			1)	vil	0	0	0.0
				1)	vilu	0	0	0.0
					1)	vilup	304	377	2.1807652E-4
		3)	ve	0	0	0.0
			1)	ver	0	0	0.0
				1)	vere	0	0	0.0
					1)	vere_	422	313	1.8105557E-4
			2)	vel	0	0	0.0
				1)	vell	0	0	0.0
					1)	vello	732	231	1.3362248E-4
		4)	vr	0	0	0.0
			1)	vre	0	0	0.0
				1)	vreb	0	0	0.0
					1)	vrebb	595	264	1.5271141E-4
	19)	b	0	0	0.0
		1)	bb	0	0	0.0
			1)	bbi	0	0	0.0
				1)	bbia	0	0	0.0
					1)	bbiam	122	644	3.725233E-4
			2)	bbl	0	0	0.0
				1)	bbli	0	0	0.0
					1)	bblic	729	232	1.3420093E-4
		2)	bi	0	0	0.0
			1)	bia	0	0	0.0
				1)	biam	0	0	0.0
					1)	biamo	126	621	3.592189E-4
			2)	bil	0	0	0.0
				1)	bile	0	0	0.0
					1)	bile_	127	617	3.5690508E-4
				2)	bili	0	0	0.0
					1)	bilit	156	557	3.2219794E-4
					2)	bili_	419	316	1.8279093E-4
			3)	bie	0	0	0.0
				1)	biet	0	0	0.0
					1)	biett	463	302	1.746926E-4
				2)	bien	0	0	0.0
					1)	bient	735	231	1.3362248E-4
			4)	bit	0	0	0.0
				1)	bito	0	0	0.0
					1)	bito_	838	208	1.2031808E-4
		3)	be	0	0	0.0
			1)	ber	0	0	0.0
				1)	bero	0	0	0.0
					1)	bero_	871	200	1.1569046E-4
	20)	g	0	0	0.0
		1)	gn	0	0	0.0
			1)	gno	0	0	0.0
				1)	gnor	0	0	0.0
					1)	gnor_	141	586	3.3897304E-4
					2)	gnora	413	318	1.8394784E-4
		2)	gr	0	0	0.0
			1)	gra	0	0	0.0
				1)	gram	0	0	0.0
					1)	gramm	152	566	3.27404E-4
				2)	graz	0	0	0.0
					1)	grazi	409	319	1.8452629E-4
				3)	gran	0	0	0.0
					1)	grand	649	250	1.4461308E-4
			2)	gru	0	0	0.0
				1)	grup	0	0	0.0
					1)	grupp	394	323	1.868401E-4
		3)	gu	0	0	0.0
			1)	gua	0	0	0.0
				1)	guar	0	0	0.0
					1)	guard	332	361	2.0882128E-4
		4)	gg	0	0	0.0
			1)	ggi	0	0	0.0
				1)	ggio	0	0	0.0
					1)	ggior	336	358	2.0708592E-4
					2)	ggio_	585	267	1.5444677E-4
		5)	go	0	0	0.0
			1)	gov	0	0	0.0
				1)	gove	0	0	0.0
					1)	gover	342	354	2.0477212E-4
		6)	gi	0	0	0.0
			1)	gio	0	0	0.0
				1)	gion	0	0	0.0
					1)	gioni	503	288	1.6659427E-4
				2)	gior	0	0	0.0
					1)	giorn	681	243	1.405639E-4
			2)	giu	0	0	0.0
				1)	gius	0	0	0.0
					1)	giust	551	275	1.5907438E-4
		7)	ge	0	0	0.0
			1)	ger	0	0	0.0
				1)	gere	0	0	0.0
					1)	gere_	727	232	1.3420093E-4
			2)	gen	0	0	0.0
				1)	gene	0	0	0.0
					1)	gener	815	213	1.2321034E-4
		8)	ga	0	0	0.0
			1)	gar	0	0	0.0
				1)	gara	0	0	0.0
					1)	garan	748	229	1.3246558E-4
		9)	gl	0	0	0.0
			1)	gli	0	0	0.0
				1)	glio	0	0	0.0
					1)	glior	784	221	1.2783796E-4
	21)	f	0	0	0.0
		1)	fo	0	0	0.0
			1)	for	0	0	0.0
				1)	form	0	0	0.0
					1)	forma	181	515	2.9790294E-4
			2)	fon	0	0	0.0
				1)	fond	0	0	0.0
					1)	fonda	717	234	1.3535784E-4
		2)	fr	0	0	0.0
			1)	fro	0	0	0.0
				1)	fron	0	0	0.0
					1)	front	239	440	2.5451902E-4
		3)	fi	0	0	0.0
			1)	fin	0	0	0.0
				1)	fina	0	0	0.0
					1)	finan	296	384	2.2212569E-4
				2)	fine	0	0	0.0
					1)	fine_	530	281	1.625451E-4
		4)	fa	0	0	0.0
			1)	fat	0	0	0.0
				1)	fatt	0	0	0.0
					1)	fatto	310	376	2.1749806E-4
					2)	fatti	870	200	1.1569046E-4
			2)	fav	0	0	0.0
				1)	favo	0	0	0.0
					1)	favor	508	286	1.6543736E-4
			3)	far	0	0	0.0
				1)	fare	0	0	0.0
					1)	fare_	765	226	1.3073022E-4
		5)	ff	0	0	0.0
			1)	ffi	0	0	0.0
				1)	ffic	0	0	0.0
					1)	ffici	600	262	1.515545E-4
		6)	fe	0	0	0.0
			1)	fer	0	0	0.0
				1)	ferm	0	0	0.0
					1)	ferma	791	219	1.2668106E-4
	22)	h	0	0	0.0
		1)	ha	0	0	0.0
			1)	han	0	0	0.0
				1)	hann	0	0	0.0
					1)	hanno	261	414	2.3947925E-4
		2)	hi	0	0	0.0
			1)	hia	0	0	0.0
				1)	hiar	0	0	0.0
					1)	hiara	750	228	1.3188712E-4
