English	4	328106	769
	1)	t	0	0	0.0
		1)	ti	0	0	0.0
			1)	tio	0	0	0.0
				1)	tion	1	6451	0.0070748148
			2)	tiv	0	0	0.0
				1)	tive	15	1437	0.0015759586
			3)	tin	0	0	0.0
				1)	ting	22	1122	0.001230498
			4)	tie	0	0	0.0
				1)	ties	127	543	5.955084E-4
			5)	tim	0	0	0.0
				1)	time	174	478	5.2422285E-4
			6)	tic	0	0	0.0
				1)	tica	216	421	4.617109E-4
				2)	ticu	331	338	3.7068475E-4
				3)	tic_	756	203	2.2263019E-4
			7)	tia	0	0	0.0
				1)	tiat	290	362	3.9700555E-4
			8)	tit	0	0	0.0
				1)	titi	424	295	3.2352665E-4
				2)	titu	432	292	3.2023655E-4
		2)	te	0	0	0.0
			1)	ted	0	0	0.0
				1)	ted_	13	1597	0.0017514307
			2)	ter	0	0	0.0
				1)	ter_	91	610	6.689873E-4
				2)	term	410	304	3.3339695E-4
				3)	tern	436	290	3.1804314E-4
				4)	tere	739	208	2.281137E-4
			3)	ten	0	0	0.0
				1)	tent	351	328	3.5971776E-4
			4)	tes	0	0	0.0
				1)	tes_	530	257	2.8185203E-4
			5)	tel	0	0	0.0
				1)	tely	552	252	2.7636852E-4
			6)	tem	0	0	0.0
				1)	tem_	654	225	2.467576E-4
		3)	th	0	0	0.0
			1)	thi	0	0	0.0
				1)	thin	34	917	0.0010056744
			2)	the	0	0	0.0
				1)	ther	479	276	3.0268932E-4
			3)	tho	0	0	0.0
				1)	thor	583	244	2.675949E-4
			4)	tha	0	0	0.0
				1)	than	760	202	2.215335E-4
		4)	tu	0	0	0.0
			1)	tur	0	0	0.0
				1)	ture	84	632	6.931147E-4
				2)	tura	657	224	2.456609E-4
			2)	tut	0	0	0.0
				1)	tuti	672	221	2.423708E-4
		5)	ta	0	0	0.0
			1)	tak	0	0	0.0
				1)	take	98	601	6.59117E-4
			2)	tan	0	0	0.0
				1)	tant	192	458	5.022888E-4
				2)	tanc	456	282	3.0926953E-4
				3)	tand	569	247	2.70885E-4
			3)	tab	0	0	0.0
				1)	tabl	220	418	4.584208E-4
			4)	tat	0	0	0.0
				1)	tate	246	396	4.3429338E-4
				2)	tati	294	359	3.9371545E-4
			5)	tai	0	0	0.0
				1)	tain	279	368	4.035858E-4
			6)	tal	0	0	0.0
				1)	tal_	280	367	4.0248907E-4
		6)	tl	0	0	0.0
			1)	tly	0	0	0.0
				1)	tly_	170	480	5.2641623E-4
		7)	tr	0	0	0.0
			1)	tra	0	0	0.0
				1)	tran	233	407	4.463571E-4
				2)	trat	286	363	3.9810227E-4
			2)	try	0	0	0.0
				1)	try_	423	296	3.2462334E-4
			3)	tri	0	0	0.0
				1)	trie	454	283	3.1036625E-4
			4)	tru	0	0	0.0
				1)	truc	499	269	2.9501243E-4
		8)	tt	0	0	0.0
			1)	tte	0	0	0.0
				1)	tter	283	364	3.9919897E-4
		9)	to	0	0	0.0
			1)	tod	0	0	0.0
				1)	toda	691	218	2.390807E-4
	2)	i	0	0	0.0
		1)	in	0	0	0.0
			1)	ing	0	0	0.0
				1)	ing_	2	5750	0.0063060275
			2)	int	0	0	0.0
				1)	inte	39	892	9.782568E-4
				2)	int_	293	361	3.9590886E-4
			3)	ins	0	0	0.0
				1)	inst	281	367	4.0248907E-4
			4)	ini	0	0	0.0
				1)	init	345	331	3.6300786E-4
			5)	ind	0	0	0.0
				1)	ind_	396	312	3.4217053E-4
				2)	inde	740	208	2.281137E-4
			6)	ina	0	0	0.0
				1)	inan	453	284	3.1146294E-4
				2)	inal	595	241	2.643048E-4
				3)	inat	624	232	2.544345E-4
			7)	ine	0	0	0.0
				1)	ines	464	280	3.0707614E-4
				2)	ine_	674	221	2.423708E-4
			8)	inc	0	0	0.0
				1)	inci	473	278	3.0488273E-4
				2)	incl	670	222	2.434675E-4
			9)	ink	0	0	0.0
				1)	ink_	634	229	2.511444E-4
		2)	io	0	0	0.0
			1)	ion	0	0	0.0
				1)	ion_	3	5455	0.005982501
				2)	ions	10	1806	0.0019806412
				3)	iona	53	822	9.014878E-4
			2)	iou	0	0	0.0
				1)	ious	201	436	4.781614E-4
		3)	ie	0	0	0.0
			1)	ies	0	0	0.0
				1)	ies_	14	1443	0.0015825388
			2)	iev	0	0	0.0
				1)	ieve	255	386	4.233264E-4
			3)	ied	0	0	0.0
				1)	ied_	596	241	2.643048E-4
		4)	it	0	0	0.0
			1)	ity	0	0	0.0
				1)	ity_	16	1401	0.0015364774
			2)	iti	0	0	0.0
				1)	itio	60	777	8.521363E-4
				2)	itie	226	412	4.518406E-4
				3)	itic	230	409	4.485505E-4
				4)	itia	467	279	3.0597943E-4
			3)	ith	0	0	0.0
				1)	ithi	472	278	3.0488273E-4
			4)	itu	0	0	0.0
				1)	itut	554	252	2.7636852E-4
			5)	itt	0	0	0.0
				1)	itte	744	206	2.259203E-4
		5)	iv	0	0	0.0
			1)	ive	0	0	0.0
				1)	ive_	17	1395	0.0015298971
				2)	ives	356	327	3.5862107E-4
				3)	iven	631	230	2.522411E-4
		6)	ia	0	0	0.0
			1)	ial	0	0	0.0
				1)	ial_	41	880	9.650964E-4
			2)	iat	0	0	0.0
				1)	iati	204	431	4.726779E-4
		7)	ic	0	0	0.0
			1)	ica	0	0	0.0
				1)	ical	73	709	7.7756064E-4
				2)	icat	343	332	3.6410455E-4
			2)	icu	0	0	0.0
				1)	icul	144	511	5.6041393E-4
			3)	icy	0	0	0.0
				1)	icy_	263	378	4.1455278E-4
			4)	ice	0	0	0.0
				1)	ice_	324	341	3.7397485E-4
			5)	ici	0	0	0.0
				1)	icie	625	232	2.544345E-4
		8)	ig	0	0	0.0
			1)	igh	0	0	0.0
				1)	ight	80	655	7.183388E-4
		9)	im	0	0	0.0
			1)	imp	0	0	0.0
				1)	impo	126	545	5.9770176E-4
				2)	impl	305	353	3.8713525E-4
			2)	ime	0	0	0.0
				1)	ime_	194	451	4.946119E-4
		10)	il	0	0	0.0
			1)	ili	0	0	0.0
				1)	ilit	164	486	5.3299643E-4
		11)	ib	0	0	0.0
			1)	ibl	0	0	0.0
				1)	ible	185	463	5.077723E-4
			2)	ibi	0	0	0.0
				1)	ibil	538	255	2.7965862E-4
		12)	is	0	0	0.0
			1)	iss	0	0	0.0
				1)	issu	209	424	4.65001E-4
			2)	isi	0	0	0.0
				1)	isio	240	399	4.3758348E-4
			3)	ise	0	0	0.0
				1)	ise_	316	345	3.7836167E-4
				2)	ised	614	237	2.5991802E-4
			4)	isl	0	0	0.0
				1)	isla	669	222	2.434675E-4
			5)	isa	0	0	0.0
				1)	isat	685	220	2.412741E-4
		13)	ir	0	0	0.0
			1)	irs	0	0	0.0
				1)	irst	319	344	3.7726495E-4
			2)	ire	0	0	0.0
				1)	irec	463	280	3.0707614E-4
			3)	iro	0	0	0.0
				1)	iron	658	224	2.456609E-4
		14)	if	0	0	0.0
			1)	ifi	0	0	0.0
				1)	ific	334	336	3.6849137E-4
		15)	id	0	0	0.0
			1)	ide	0	0	0.0
				1)	ider	359	326	3.5752435E-4
				2)	iden	437	290	3.1804314E-4
				3)	ide_	546	253	2.774652E-4
		16)	ip	0	0	0.0
			1)	ipl	0	0	0.0
				1)	iple	610	238	2.610147E-4
	3)	a	0	0	0.0
		1)	at	0	0	0.0
			1)	ati	0	0	0.0
				1)	atio	4	3291	0.0036092412
				2)	ativ	118	567	6.218292E-4
				3)	atin	452	285	3.1255963E-4
			2)	ate	0	0	0.0
				1)	ate_	19	1286	0.0014103568
				2)	ated	169	481	5.275129E-4
				3)	ater	586	244	2.675949E-4
				4)	ates	677	221	2.423708E-4
			3)	att	0	0	0.0
				1)	atte	270	376	4.1235937E-4
		2)	ab	0	0	0.0
			1)	abl	0	0	0.0
				1)	able	37	905	9.92514E-4
		3)	al	0	0	0.0
			1)	all	0	0	0.0
				1)	ally	47	853	9.3548547E-4
				2)	all_	257	385	4.2222967E-4
			2)	als	0	0	0.0
				1)	als_	409	306	3.3559033E-4
			3)	ali	0	0	0.0
				1)	alis	516	264	2.8952892E-4
				2)	alit	608	239	2.6211143E-4
			4)	alr	0	0	0.0
				1)	alre	696	218	2.390807E-4
		4)	ak	0	0	0.0
			1)	ake	0	0	0.0
				1)	ake_	68	727	7.9730124E-4
				2)	aken	754	204	2.237269E-4
			2)	aki	0	0	0.0
				1)	akin	541	255	2.7965862E-4
		5)	an	0	0	0.0
			1)	anc	0	0	0.0
				1)	ance	86	627	6.876312E-4
				2)	anci	577	246	2.6978832E-4
			2)	ant	0	0	0.0
				1)	ant_	110	576	6.3169945E-4
			3)	ang	0	0	0.0
				1)	ange	325	341	3.7397485E-4
			4)	and	0	0	0.0
				1)	and_	357	327	3.5862107E-4
			5)	ans	0	0	0.0
				1)	ansp	678	221	2.423708E-4
		6)	ac	0	0	0.0
			1)	act	0	0	0.0
				1)	acti	116	568	6.229259E-4
				2)	act_	238	400	4.3868017E-4
			2)	ace	0	0	0.0
				1)	ace_	438	290	3.1804314E-4
			3)	acc	0	0	0.0
				1)	acco	468	279	3.0597943E-4
				2)	acce	511	266	2.9172233E-4
		7)	ar	0	0	0.0
			1)	art	0	0	0.0
				1)	arti	156	490	5.3738325E-4
				2)	art_	485	275	3.0159263E-4
			2)	are	0	0	0.0
				1)	area	198	449	4.9241853E-4
			3)	ary	0	0	0.0
				1)	ary_	214	423	4.639043E-4
			4)	ard	0	0	0.0
				1)	ard_	299	356	3.9042535E-4
			5)	arg	0	0	0.0
				1)	arge	360	326	3.5752435E-4
			6)	ars	0	0	0.0
				1)	ars_	382	318	3.4875073E-4
			7)	arl	0	0	0.0
				1)	arly	383	318	3.4875073E-4
			8)	ark	0	0	0.0
				1)	arke	502	268	2.939157E-4
		8)	am	0	0	0.0
			1)	ame	0	0	0.0
				1)	amen	172	479	5.2531954E-4
			2)	amm	0	0	0.0
				1)	amme	183	465	5.099657E-4
		9)	ai	0	0	0.0
			1)	aid	0	0	0.0
				1)	aid_	173	479	5.2531954E-4
			2)	ain	0	0	0.0
				1)	ain_	548	253	2.774652E-4
		10)	ad	0	0	0.0
			1)	ade	0	0	0.0
				1)	ade_	282	366	4.0139238E-4
			2)	ady	0	0	0.0
				1)	ady_	598	241	2.643048E-4
		11)	ap	0	0	0.0
			1)	app	0	0	0.0
				1)	appr	297	358	3.9261876E-4
				2)	appl	476	277	3.0378602E-4
		12)	as	0	0	0.0
			1)	ast	0	0	0.0
				1)	ast_	341	334	3.6629796E-4
			2)	ase	0	0	0.0
				1)	ase_	365	325	3.5642766E-4
			3)	asu	0	0	0.0
				1)	asur	767	200	2.1934009E-4
		13)	ag	0	0	0.0
			1)	age	0	0	0.0
				1)	age_	373	322	3.5313756E-4
			2)	agr	0	0	0.0
				1)	agre	415	302	3.3120354E-4
		14)	au	0	0	0.0
			1)	aut	0	0	0.0
				1)	auth	666	223	2.445642E-4
		15)	ay	0	0	0.0
			1)	ays	0	0	0.0
				1)	ays_	729	211	2.314038E-4
	4)	m	0	0	0.0
		1)	me	0	0	0.0
			1)	men	0	0	0.0
				1)	ment	5	3192	0.0035006679
				2)	mend	332	337	3.6958806E-4
			2)	mes	0	0	0.0
				1)	mes_	287	363	3.9810227E-4
			3)	mea	0	0	0.0
				1)	mean	747	205	2.248236E-4
		2)	mu	0	0	0.0
			1)	mus	0	0	0.0
				1)	must	52	827	9.069713E-4
		3)	mp	0	0	0.0
			1)	mpl	0	0	0.0
				1)	mple	125	546	5.9879845E-4
				2)	mplo	459	281	3.0817284E-4
			2)	mpo	0	0	0.0
				1)	mpor	154	498	5.4615684E-4
			3)	mpe	0	0	0.0
				1)	mpet	302	355	3.8932866E-4
		4)	ma	0	0	0.0
			1)	mak	0	0	0.0
				1)	make	242	398	4.364868E-4
			2)	mar	0	0	0.0
				1)	mark	403	309	3.3888043E-4
			3)	mad	0	0	0.0
				1)	made	430	293	3.2133324E-4
			4)	mat	0	0	0.0
				1)	matt	687	219	2.401774E-4
			5)	mai	0	0	0.0
				1)	main	709	215	2.357906E-4
		5)	mm	0	0	0.0
			1)	mme	0	0	0.0
				1)	mme_	442	289	3.1694645E-4
			2)	mmi	0	0	0.0
				1)	mmit	683	220	2.412741E-4
		6)	mb	0	0	0.0
			1)	mbe	0	0	0.0
				1)	mber	523	261	2.8623882E-4
		7)	mi	0	0	0.0
			1)	mic	0	0	0.0
				1)	mic_	574	246	2.6978832E-4
			2)	min	0	0	0.0
				1)	mina	639	228	2.500477E-4
				2)	ming	708	215	2.357906E-4
	5)	_	0	0	0.0
		1)	_p	0	0	0.0
			1)	_pr	0	0	0.0
				1)	_pro	6	2966	0.0032528136
				2)	_pre	40	890	9.760634E-4
				3)	_pri	179	472	5.1764265E-4
			2)	_pa	0	0	0.0
				1)	_par	31	958	0.0010506391
			3)	_po	0	0	0.0
				1)	_pol	42	868	9.51936E-4
				2)	_pos	107	587	6.4376317E-4
				3)	_poi	265	378	4.1455278E-4
			4)	_pe	0	0	0.0
				1)	_per	190	460	5.044822E-4
				2)	_peo	353	328	3.5971776E-4
			5)	_pl	0	0	0.0
				1)	_pla	210	424	4.65001E-4
			6)	_pu	0	0	0.0
				1)	_pub	656	225	2.467576E-4
		2)	_c	0	0	0.0
			1)	_co	0	0	0.0
				1)	_con	8	2661	0.00291832
				2)	_com	12	1706	0.0018709709
				3)	_cou	72	714	7.8304415E-4
				4)	_coo	659	224	2.456609E-4
			2)	_ca	0	0	0.0
				1)	_can	85	631	6.92018E-4
				2)	_car	344	332	3.6410455E-4
				3)	_cas	626	232	2.544345E-4
			3)	_ch	0	0	0.0
				1)	_cha	268	377	4.134561E-4
			4)	_cl	0	0	0.0
				1)	_cle	398	312	3.4217053E-4
			5)	_cr	0	0	0.0
				1)	_cri	494	272	2.9830253E-4
				2)	_cre	581	245	2.6869163E-4
			6)	_ci	0	0	0.0
				1)	_cit	636	229	2.511444E-4
		3)	_r	0	0	0.0
			1)	_re	0	0	0.0
				1)	_res	20	1177	0.0012908165
				2)	_reg	27	1006	0.0011032807
				3)	_rep	56	799	8.7626366E-4
				4)	_rea	97	602	6.602137E-4
				5)	_rec	153	500	5.483502E-4
				6)	_ref	187	461	5.0557894E-4
				7)	_rel	366	325	3.5642766E-4
				8)	_rem	491	273	2.9939922E-4
				9)	_req	549	253	2.774652E-4
			2)	_ri	0	0	0.0
				1)	_rig	304	354	3.8823197E-4
		4)	_i	0	0	0.0
			1)	_im	0	0	0.0
				1)	_imp	26	1025	0.001124118
			2)	_in	0	0	0.0
				1)	_int	33	939	0.0010298018
				2)	_inc	131	538	5.9002487E-4
				3)	_ind	176	477	5.231261E-4
				4)	_ins	188	461	5.0557894E-4
				5)	_ini	481	276	3.0268932E-4
				6)	_inv	513	265	2.906256E-4
				7)	_inf	600	241	2.643048E-4
			3)	_is	0	0	0.0
				1)	_iss	211	424	4.65001E-4
		5)	_m	0	0	0.0
			1)	_mu	0	0	0.0
				1)	_mus	50	832	9.124548E-4
			2)	_ma	0	0	0.0
				1)	_mak	171	480	5.2641623E-4
				2)	_mad	175	478	5.2422285E-4
				3)	_mar	354	328	3.5971776E-4
				4)	_man	400	311	3.4107384E-4
				5)	_mat	457	282	3.0926953E-4
			3)	_mr	0	0	0.0
				1)	_mr_	224	416	4.562274E-4
			4)	_me	0	0	0.0
				1)	_mea	239	400	4.3868017E-4
			5)	_mo	0	0	0.0
				1)	_mon	390	315	3.4546063E-4
		6)	_s	0	0	0.0
			1)	_st	0	0	0.0
				1)	_sta	59	789	8.652967E-4
				2)	_str	95	605	6.635038E-4
			2)	_sp	0	0	0.0
				1)	_spe	137	522	5.7247764E-4
			3)	_se	0	0	0.0
				1)	_sec	193	458	5.022888E-4
				2)	_see	258	385	4.2222967E-4
				3)	_ser	389	315	3.4546063E-4
			4)	_su	0	0	0.0
				1)	_sup	200	443	4.858383E-4
				2)	_sub	329	339	3.7178147E-4
			5)	_so	0	0	0.0
				1)	_soc	311	350	3.8384515E-4
			6)	_sa	0	0	0.0
				1)	_say	330	339	3.7178147E-4
				2)	_sai	768	200	2.1934009E-4
			7)	_sh	0	0	0.0
				1)	_sha	498	270	2.9610912E-4
			8)	_si	0	0	0.0
				1)	_sit	632	230	2.522411E-4
			9)	_sy	0	0	0.0
				1)	_sys	679	221	2.423708E-4
		7)	_w	0	0	0.0
			1)	_wo	0	0	0.0
				1)	_wor	62	762	8.3568576E-4
			2)	_wi	0	0	0.0
				1)	_wit	189	460	5.044822E-4
			3)	_we	0	0	0.0
				1)	_wel	342	333	3.6520127E-4
			4)	_wa	0	0	0.0
				1)	_way	399	311	3.4107384E-4
		8)	_d	0	0	0.0
			1)	_di	0	0	0.0
				1)	_dis	63	745	8.1704184E-4
				2)	_dir	486	275	3.0159263E-4
				3)	_dif	550	253	2.774652E-4
			2)	_de	0	0	0.0
				1)	_dev	206	430	4.715812E-4
				2)	_dec	223	417	4.573241E-4
				3)	_dem	370	323	3.5423425E-4
				4)	_deb	395	313	3.4326725E-4
				5)	_des	736	210	2.303071E-4
		9)	_a	0	0	0.0
			1)	_ap	0	0	0.0
				1)	_app	71	715	7.8414084E-4
			2)	_ac	0	0	0.0
				1)	_acc	133	533	5.8454135E-4
				2)	_act	146	505	5.538337E-4
			3)	_ar	0	0	0.0
				1)	_are	184	464	5.08869E-4
			4)	_ag	0	0	0.0
				1)	_agr	355	328	3.5971776E-4
			5)	_am	0	0	0.0
				1)	_ame	492	273	2.9939922E-4
			6)	_as	0	0	0.0
				1)	_ass	503	268	2.939157E-4
				2)	_ask	721	213	2.335972E-4
			7)	_au	0	0	0.0
				1)	_aut	588	243	2.6649822E-4
			8)	_ai	0	0	0.0
				1)	_aid	621	234	2.566279E-4
			9)	_ad	0	0	0.0
				1)	_add	629	231	2.533378E-4
			10)	_at	0	0	0.0
				1)	_att	660	224	2.456609E-4
			11)	_al	0	0	0.0
				1)	_alr	697	218	2.390807E-4
		10)	_t	0	0	0.0
			1)	_ta	0	0	0.0
				1)	_tak	90	615	6.744708E-4
			2)	_th	0	0	0.0
				1)	_thi	109	579	6.349896E-4
				2)	_tha	599	241	2.643048E-4
			3)	_tr	0	0	0.0
				1)	_tra	117	568	6.229259E-4
			4)	_ti	0	0	0.0
				1)	_tim	215	422	4.628076E-4
			5)	_te	0	0	0.0
				1)	_ter	477	277	3.0378602E-4
			6)	_to	0	0	0.0
				1)	_tod	730	211	2.314038E-4
		11)	_n	0	0	0.0
			1)	_ne	0	0	0.0
				1)	_nee	122	559	6.1305554E-4
				2)	_new	219	419	4.595175E-4
			2)	_na	0	0	0.0
				1)	_nat	285	364	3.9919897E-4
			3)	_no	0	0	0.0
				1)	_now	397	312	3.4217053E-4
		12)	_f	0	0	0.0
			1)	_fi	0	0	0.0
				1)	_fin	129	541	5.9331494E-4
				2)	_fir	243	398	4.364868E-4
			2)	_fo	0	0	0.0
				1)	_for	150	501	5.494469E-4
			3)	_fa	0	0	0.0
				1)	_fac	195	451	4.946119E-4
				2)	_far	745	206	2.259203E-4
			4)	_fu	0	0	0.0
				1)	_fun	416	300	3.2901013E-4
		13)	_e	0	0	0.0
			1)	_ex	0	0	0.0
				1)	_exp	138	522	5.7247764E-4
				2)	_ext	391	315	3.4546063E-4
				3)	_exa	508	267	2.9281902E-4
				4)	_exc	537	256	2.807553E-4
			2)	_ec	0	0	0.0
				1)	_eco	235	404	4.43067E-4
			3)	_ef	0	0	0.0
				1)	_eff	241	399	4.3758348E-4
			4)	_ev	0	0	0.0
				1)	_eve	273	375	4.1126268E-4
			5)	_em	0	0	0.0
				1)	_emp	512	266	2.9172233E-4
			6)	_en	0	0	0.0
				1)	_env	556	252	2.7636852E-4
				2)	_ens	651	226	2.478543E-4
				3)	_end	652	226	2.478543E-4
		14)	_j	0	0	0.0
			1)	_ju	0	0	0.0
				1)	_jus	225	416	4.562274E-4
		15)	_l	0	0	0.0
			1)	_le	0	0	0.0
				1)	_leg	254	389	4.266165E-4
				2)	_lea	524	261	2.8623882E-4
				3)	_lev	735	210	2.303071E-4
			2)	_la	0	0	0.0
				1)	_las	738	209	2.292104E-4
		16)	_g	0	0	0.0
			1)	_gi	0	0	0.0
				1)	_giv	266	378	4.1455278E-4
			2)	_gr	0	0	0.0
				1)	_gro	367	325	3.5642766E-4
				2)	_gre	449	286	3.1365635E-4
			3)	_ge	0	0	0.0
				1)	_gen	466	280	3.0707614E-4
			4)	_go	0	0	0.0
				1)	_gov	667	223	2.445642E-4
				2)	_goo	711	215	2.357906E-4
		17)	_q	0	0	0.0
			1)	_qu	0	0	0.0
				1)	_que	375	321	3.5204084E-4
		18)	_y	0	0	0.0
			1)	_ye	0	0	0.0
				1)	_yea	388	315	3.4546063E-4
		19)	_b	0	0	0.0
			1)	_be	0	0	0.0
				1)	_bel	518	263	2.8843223E-4
			2)	_ba	0	0	0.0
				1)	_bas	551	253	2.774652E-4
		20)	_u	0	0	0.0
			1)	_un	0	0	0.0
				1)	_und	527	260	2.8514213E-4
			2)	_us	0	0	0.0
				1)	_use	563	249	2.7307842E-4
		21)	_v	0	0	0.0
			1)	_vo	0	0	0.0
				1)	_vot	536	256	2.807553E-4
			2)	_vi	0	0	0.0
				1)	_vie	755	204	2.237269E-4
		22)	_k	0	0	0.0
			1)	_kn	0	0	0.0
				1)	_kno	593	242	2.6540153E-4
		23)	_o	0	0	0.0
			1)	_or	0	0	0.0
				1)	_ord	650	226	2.478543E-4
			2)	_op	0	0	0.0
				1)	_ope	752	205	2.248236E-4
		24)	_h	0	0	0.0
			1)	_he	0	0	0.0
				1)	_hea	769	200	2.1934009E-4
	6)	e	0	0	0.0
		1)	en	0	0	0.0
			1)	ent	0	0	0.0
				1)	ent_	7	2896	0.0031760444
				2)	ents	49	842	9.234218E-4
				3)	enti	57	798	8.7516697E-4
				4)	enta	130	538	5.9002487E-4
				5)	entl	571	247	2.70885E-4
				6)	entr	750	205	2.248236E-4
				7)	ente	751	205	2.248236E-4
			2)	enc	0	0	0.0
				1)	ence	106	588	6.4485986E-4
				2)	ency	510	266	2.9172233E-4
			3)	end	0	0	0.0
				1)	end_	412	304	3.3339695E-4
				2)	endm	646	227	2.48951E-4
				3)	ende	665	223	2.445642E-4
			4)	ene	0	0	0.0
				1)	ener	529	258	2.8294872E-4
			5)	ens	0	0	0.0
				1)	ensu	575	246	2.6978832E-4
			6)	env	0	0	0.0
				1)	envi	580	245	2.6869163E-4
		2)	em	0	0	0.0
			1)	eme	0	0	0.0
				1)	emen	23	1119	0.0012272078
			2)	emp	0	0	0.0
				1)	empl	446	288	3.1584973E-4
			3)	ems	0	0	0.0
				1)	ems_	566	248	2.7198173E-4
		3)	ec	0	0	0.0
			1)	ect	0	0	0.0
				1)	ecti	38	900	9.870304E-4
				2)	ect_	114	570	6.2511925E-4
				3)	ects	526	260	2.8514213E-4
			2)	eco	0	0	0.0
				1)	econ	92	608	6.667939E-4
			3)	eci	0	0	0.0
				1)	ecis	368	323	3.5423425E-4
		4)	es	0	0	0.0
			1)	ess	0	0	0.0
				1)	ess_	44	858	9.40969E-4
				2)	esse	314	347	3.8055505E-4
				3)	essi	645	227	2.48951E-4
			2)	est	0	0	0.0
				1)	esti	202	435	4.770647E-4
				2)	est_	292	362	3.9700555E-4
			3)	ese	0	0	0.0
				1)	esen	260	383	4.200363E-4
			4)	esp	0	0	0.0
				1)	espo	386	316	3.4655735E-4
				2)	espe	484	275	3.0159263E-4
		5)	er	0	0	0.0
			1)	ers	0	0	0.0
				1)	ers_	46	855	9.376789E-4
			2)	era	0	0	0.0
				1)	erat	186	463	5.077723E-4
				2)	eral	525	260	2.8514213E-4
			3)	ern	0	0	0.0
				1)	erna	445	288	3.1584973E-4
			4)	ere	0	0	0.0
				1)	eren	534	256	2.807553E-4
			5)	eri	0	0	0.0
				1)	erio	602	240	2.6320812E-4
		6)	el	0	0	0.0
			1)	ely	0	0	0.0
				1)	ely_	67	729	7.994946E-4
			2)	elo	0	0	0.0
				1)	elop	249	396	4.3429338E-4
			3)	eli	0	0	0.0
				1)	elie	540	255	2.7965862E-4
			4)	ell	0	0	0.0
				1)	ell_	585	244	2.675949E-4
			5)	ela	0	0	0.0
				1)	elat	597	241	2.643048E-4
		7)	ee	0	0	0.0
			1)	eed	0	0	0.0
				1)	eed_	83	647	7.095652E-4
		8)	ev	0	0	0.0
			1)	eve	0	0	0.0
				1)	evel	94	605	6.635038E-4
				2)	even	284	364	3.9919897E-4
				3)	eve_	385	316	3.4655735E-4
				4)	ever	474	278	3.0488273E-4
		9)	ep	0	0	0.0
			1)	epo	0	0	0.0
				1)	epor	136	526	5.7686446E-4
		10)	ea	0	0	0.0
			1)	ear	0	0	0.0
				1)	ear_	141	517	5.6699413E-4
				2)	ears	700	217	2.37984E-4
			2)	eas	0	0	0.0
				1)	eas_	443	289	3.1694645E-4
				2)	ease	620	234	2.566279E-4
				3)	easu	766	200	2.1934009E-4
			3)	eat	0	0	0.0
				1)	eate	455	283	3.1036625E-4
				2)	eat_	734	210	2.303071E-4
			4)	ead	0	0	0.0
				1)	eady	604	240	2.6320812E-4
		11)	eg	0	0	0.0
			1)	egi	0	0	0.0
				1)	egio	182	469	5.143525E-4
				2)	egis	728	211	2.314038E-4
			2)	ega	0	0	0.0
				1)	egar	414	303	3.3230023E-4
		12)	eo	0	0	0.0
			1)	eop	0	0	0.0
				1)	eopl	339	334	3.6629796E-4
		13)	eb	0	0	0.0
			1)	eba	0	0	0.0
				1)	ebat	405	308	3.3778374E-4
		14)	et	0	0	0.0
			1)	eti	0	0	0.0
				1)	etit	433	292	3.2023655E-4
			2)	ety	0	0	0.0
				1)	ety_	719	213	2.335972E-4
		15)	ex	0	0	0.0
			1)	ext	0	0	0.0
				1)	ext_	539	255	2.7965862E-4
			2)	exa	0	0	0.0
				1)	exam	635	229	2.511444E-4
			3)	exp	0	0	0.0
				1)	expe	664	223	2.445642E-4
		16)	ef	0	0	0.0
			1)	eff	0	0	0.0
				1)	effe	603	240	2.6320812E-4
			2)	efo	0	0	0.0
				1)	efor	648	226	2.478543E-4
		17)	eq	0	0	0.0
			1)	equ	0	0	0.0
				1)	equi	733	210	2.303071E-4
	7)	o	0	0	0.0
		1)	on	0	0	0.0
			1)	ons	0	0	0.0
				1)	ons_	9	1886	0.002068377
				2)	onsi	104	590	6.470533E-4
				3)	onst	698	217	2.37984E-4
			2)	ona	0	0	0.0
				1)	onal	55	811	8.8942406E-4
			3)	onc	0	0	0.0
				1)	once	167	485	5.3189974E-4
			4)	ono	0	0	0.0
				1)	onom	261	381	4.1784288E-4
			5)	ont	0	0	0.0
				1)	ontr	274	371	4.068759E-4
			6)	one	0	0	0.0
				1)	one_	404	308	3.3778374E-4
			7)	onm	0	0	0.0
				1)	onme	680	220	2.412741E-4
			8)	ong	0	0	0.0
				1)	ong_	732	210	2.303071E-4
		2)	or	0	0	0.0
			1)	ort	0	0	0.0
				1)	ort_	32	948	0.0010396721
				2)	orta	147	502	5.5054366E-4
				3)	ortu	703	216	2.368873E-4
			2)	ori	0	0	0.0
				1)	orit	231	408	4.474538E-4
			3)	ord	0	0	0.0
				1)	orde	310	351	3.8494187E-4
			4)	ork	0	0	0.0
				1)	ork_	313	347	3.8055505E-4
			5)	orm	0	0	0.0
				1)	orm_	482	275	3.0159263E-4
		3)	ou	0	0	0.0
			1)	oun	0	0	0.0
				1)	ount	81	654	7.1724213E-4
				2)	ound	673	221	2.423708E-4
			2)	ous	0	0	0.0
				1)	ous_	124	546	5.9879845E-4
			3)	our	0	0	0.0
				1)	ours	561	249	2.7307842E-4
				2)	our_	758	203	2.2263019E-4
			4)	out	0	0	0.0
				1)	out_	668	222	2.434675E-4
		4)	ov	0	0	0.0
			1)	ove	0	0	0.0
				1)	over	119	561	6.15249E-4
		5)	op	0	0	0.0
			1)	opo	0	0	0.0
				1)	opos	142	514	5.6370406E-4
			2)	ope	0	0	0.0
				1)	oper	275	370	4.0577917E-4
				2)	ope_	706	215	2.357906E-4
			3)	opl	0	0	0.0
				1)	ople	338	334	3.6629796E-4
			4)	opm	0	0	0.0
				1)	opme	447	287	3.1475304E-4
			5)	opi	0	0	0.0
				1)	opin	763	200	2.1934009E-4
		6)	og	0	0	0.0
			1)	ogr	0	0	0.0
				1)	ogra	143	514	5.6370406E-4
		7)	ol	0	0	0.0
			1)	oli	0	0	0.0
				1)	olic	145	507	5.560271E-4
				2)	olit	333	336	3.6849137E-4
			2)	olu	0	0	0.0
				1)	olut	488	274	3.004959E-4
			3)	ole	0	0	0.0
				1)	ole_	704	216	2.368873E-4
		8)	oi	0	0	0.0
			1)	oin	0	0	0.0
				1)	oint	152	500	5.483502E-4
		9)	om	0	0	0.0
			1)	omp	0	0	0.0
				1)	ompe	272	375	4.1126268E-4
			2)	ome	0	0	0.0
				1)	ome_	522	261	2.8623882E-4
			3)	omi	0	0	0.0
				1)	omic	544	253	2.774652E-4
			4)	omm	0	0	0.0
				1)	ommi	562	249	2.7307842E-4
		10)	os	0	0	0.0
			1)	osa	0	0	0.0
				1)	osal	376	320	3.5094414E-4
			2)	oss	0	0	0.0
				1)	ossi	402	309	3.3888043E-4
			3)	osi	0	0	0.0
				1)	osit	470	278	3.0488273E-4
			4)	ose	0	0	0.0
				1)	osed	742	207	2.27017E-4
		11)	oc	0	0	0.0
			1)	oci	0	0	0.0
				1)	ocia	418	299	3.2791344E-4
			2)	oce	0	0	0.0
				1)	oces	746	205	2.248236E-4
		12)	ot	0	0	0.0
			1)	ote	0	0	0.0
				1)	ote_	440	289	3.1694645E-4
		13)	ob	0	0	0.0
			1)	obl	0	0	0.0
				1)	oble	493	272	2.9830253E-4
		14)	oo	0	0	0.0
			1)	ood	0	0	0.0
				1)	ood_	496	270	2.9610912E-4
		15)	od	0	0	0.0
			1)	odu	0	0	0.0
				1)	oduc	613	237	2.5991802E-4
			2)	oda	0	0	0.0
				1)	oday	707	215	2.357906E-4
	8)	p	0	0	0.0
		1)	po	0	0	0.0
			1)	por	0	0	0.0
				1)	port	11	1800	0.001974061
			2)	pol	0	0	0.0
				1)	poli	45	857	9.398723E-4
			3)	poi	0	0	0.0
				1)	poin	208	427	4.682911E-4
			4)	pos	0	0	0.0
				1)	pose	362	325	3.5642766E-4
				2)	posa	371	322	3.5313756E-4
				3)	posi	393	313	3.4326725E-4
				4)	poss	421	297	3.2572003E-4
			5)	pon	0	0	0.0
				1)	pons	413	303	3.3230023E-4
		2)	pa	0	0	0.0
			1)	par	0	0	0.0
				1)	part	54	813	8.916175E-4
		3)	pr	0	0	0.0
			1)	pro	0	0	0.0
				1)	prop	64	736	8.071716E-4
				2)	prov	112	573	6.284094E-4
				3)	prog	115	568	6.229259E-4
				4)	proc	291	362	3.9700555E-4
				5)	prob	411	304	3.3339695E-4
			2)	pre	0	0	0.0
				1)	pres	74	697	7.6440023E-4
			3)	pri	0	0	0.0
				1)	prin	578	245	2.6869163E-4
		4)	pl	0	0	0.0
			1)	ple	0	0	0.0
				1)	ple_	76	683	7.490464E-4
				2)	plem	558	251	2.7527183E-4
			2)	plo	0	0	0.0
				1)	ploy	426	295	3.2352665E-4
		5)	pp	0	0	0.0
			1)	ppo	0	0	0.0
				1)	ppor	96	603	6.613104E-4
			2)	ppr	0	0	0.0
				1)	ppro	361	325	3.5642766E-4
		6)	pe	0	0	0.0
			1)	pec	0	0	0.0
				1)	pect	247	396	4.3429338E-4
				2)	peci	352	328	3.5971776E-4
			2)	peo	0	0	0.0
				1)	peop	337	334	3.6629796E-4
			3)	per	0	0	0.0
				1)	pera	417	300	3.2901013E-4
				2)	peri	731	210	2.303071E-4
			4)	pet	0	0	0.0
				1)	peti	428	293	3.2133324E-4
		7)	pm	0	0	0.0
			1)	pme	0	0	0.0
				1)	pmen	427	293	3.2133324E-4
		8)	pu	0	0	0.0
			1)	pub	0	0	0.0
				1)	publ	615	236	2.5882132E-4
	9)	b	0	0	0.0
		1)	bl	0	0	0.0
			1)	ble	0	0	0.0
				1)	ble_	18	1317	0.0014443545
				2)	blem	497	270	2.9610912E-4
			2)	bli	0	0	0.0
				1)	blic	741	208	2.281137E-4
		2)	bi	0	0	0.0
			1)	bil	0	0	0.0
				1)	bili	197	449	4.9241853E-4
		3)	bj	0	0	0.0
			1)	bje	0	0	0.0
				1)	bjec	369	323	3.5423425E-4
		4)	ba	0	0	0.0
			1)	bat	0	0	0.0
				1)	bate	434	292	3.2023655E-4
		5)	be	0	0	0.0
			1)	bel	0	0	0.0
				1)	beli	576	246	2.6978832E-4
	10)	u	0	0	0.0
		1)	us	0	0	0.0
			1)	ust	0	0	0.0
				1)	ust_	21	1132	0.001241465
			2)	use	0	0	0.0
				1)	use_	542	254	2.7856193E-4
		2)	ur	0	0	0.0
			1)	ure	0	0	0.0
				1)	ure_	35	914	0.0010023842
				2)	ures	478	276	3.0268932E-4
			2)	ura	0	0	0.0
				1)	ural	300	355	3.8932866E-4
			3)	urs	0	0	0.0
				1)	urse	716	213	2.335972E-4
		3)	ut	0	0	0.0
			1)	uti	0	0	0.0
				1)	utio	93	607	6.656972E-4
			2)	uth	0	0	0.0
				1)	utho	661	223	2.445642E-4
		4)	un	0	0	0.0
			1)	unt	0	0	0.0
				1)	untr	228	410	4.496472E-4
			2)	und	0	0	0.0
				1)	unde	461	280	3.0707614E-4
			3)	uni	0	0	0.0
				1)	unit	617	235	2.577246E-4
		5)	ue	0	0	0.0
			1)	ues	0	0	0.0
				1)	uest	232	407	4.463571E-4
				2)	ues_	487	274	3.004959E-4
		6)	ul	0	0	0.0
			1)	ula	0	0	0.0
				1)	ular	269	376	4.1235937E-4
				2)	ulat	271	375	4.1126268E-4
			2)	ult	0	0	0.0
				1)	ultu	705	215	2.357906E-4
		7)	up	0	0	0.0
			1)	upp	0	0	0.0
				1)	uppo	301	355	3.8932866E-4
		8)	ub	0	0	0.0
			1)	ubl	0	0	0.0
				1)	ubli	611	237	2.5991802E-4
		9)	ua	0	0	0.0
			1)	uat	0	0	0.0
				1)	uati	653	225	2.467576E-4
		10)	um	0	0	0.0
			1)	ume	0	0	0.0
				1)	umen	690	218	2.390807E-4
	11)	n	0	0	0.0
		1)	nt	0	0	0.0
			1)	nts	0	0	0.0
				1)	nts_	24	1048	0.001149342
			2)	nte	0	0	0.0
				1)	nter	82	649	7.117586E-4
				2)	nted	553	252	2.7636852E-4
				3)	nten	753	204	2.237269E-4
			3)	ntr	0	0	0.0
				1)	ntri	244	397	4.3539007E-4
				2)	ntro	565	248	2.7198173E-4
				3)	ntra	630	230	2.522411E-4
			4)	nti	0	0	0.0
				1)	ntio	295	359	3.9371545E-4
				2)	ntin	422	297	3.2572003E-4
			5)	nta	0	0	0.0
				1)	ntal	490	273	2.9939922E-4
				2)	ntat	761	201	2.2043679E-4
		2)	nc	0	0	0.0
			1)	nce	0	0	0.0
				1)	nce_	28	980	0.0010747665
				2)	ncer	205	430	4.715812E-4
			2)	ncl	0	0	0.0
				1)	nclu	317	344	3.7726495E-4
			3)	ncy	0	0	0.0
				1)	ncy_	480	276	3.0268932E-4
			4)	nci	0	0	0.0
				1)	ncip	594	241	2.643048E-4
				2)	ncia	682	220	2.412741E-4
			5)	ncr	0	0	0.0
				1)	ncre	717	213	2.335972E-4
		3)	na	0	0	0.0
			1)	nal	0	0	0.0
				1)	nal_	36	913	0.0010012875
			2)	nat	0	0	0.0
				1)	nati	87	624	6.8434107E-4
			3)	nan	0	0	0.0
				1)	nanc	407	306	3.3559033E-4
		4)	ne	0	0	0.0
			1)	ned	0	0	0.0
				1)	ned_	89	619	6.788576E-4
			2)	nee	0	0	0.0
				1)	need	120	560	6.141523E-4
			3)	new	0	0	0.0
				1)	new_	248	396	4.3429338E-4
			4)	nes	0	0	0.0
				1)	ness	471	278	3.0488273E-4
				2)	nes_	681	220	2.412741E-4
		5)	ni	0	0	0.0
			1)	nin	0	0	0.0
				1)	ning	111	574	6.295061E-4
			2)	nit	0	0	0.0
				1)	niti	236	403	4.4197027E-4
		6)	no	0	0	0.0
			1)	now	0	0	0.0
				1)	now_	180	469	5.143525E-4
			2)	nom	0	0	0.0
				1)	nomi	441	289	3.1694645E-4
		7)	nm	0	0	0.0
			1)	nme	0	0	0.0
				1)	nmen	217	420	4.606142E-4
		8)	nd	0	0	0.0
			1)	nde	0	0	0.0
				1)	nder	327	340	3.7287816E-4
			2)	nds	0	0	0.0
				1)	nds_	429	293	3.2133324E-4
			3)	ndi	0	0	0.0
				1)	ndin	528	259	2.840454E-4
			4)	ndm	0	0	0.0
				1)	ndme	638	228	2.500477E-4
		9)	ns	0	0	0.0
			1)	nsi	0	0	0.0
				1)	nsid	394	313	3.4326725E-4
				2)	nsib	545	253	2.774652E-4
			2)	nst	0	0	0.0
				1)	nsti	515	264	2.8952892E-4
				2)	nstr	559	250	2.741751E-4
			3)	nsu	0	0	0.0
				1)	nsur	591	242	2.6540153E-4
		10)	nf	0	0	0.0
			1)	nfo	0	0	0.0
				1)	nfor	462	280	3.0707614E-4
		11)	nv	0	0	0.0
			1)	nvi	0	0	0.0
				1)	nvir	694	218	2.390807E-4
	12)	s	0	0	0.0
		1)	si	0	0	0.0
			1)	sio	0	0	0.0
				1)	sion	25	1026	0.0011252146
			2)	sid	0	0	0.0
				1)	side	148	501	5.494469E-4
			3)	sin	0	0	0.0
				1)	sing	155	495	5.428667E-4
			4)	sib	0	0	0.0
				1)	sibl	234	404	4.43067E-4
			5)	sit	0	0	0.0
				1)	siti	348	329	3.6081445E-4
			6)	sis	0	0	0.0
				1)	sis_	702	216	2.368873E-4
		2)	se	0	0	0.0
			1)	sed	0	0	0.0
				1)	sed_	30	965	0.001058316
			2)	sen	0	0	0.0
				1)	sent	151	500	5.483502E-4
			3)	ses	0	0	0.0
				1)	ses_	277	369	4.0468248E-4
			4)	ser	0	0	0.0
				1)	serv	425	295	3.2352665E-4
			5)	see	0	0	0.0
				1)	see_	743	206	2.259203E-4
		3)	sp	0	0	0.0
			1)	spe	0	0	0.0
				1)	spec	75	683	7.490464E-4
			2)	spo	0	0	0.0
				1)	spon	378	319	3.4984745E-4
		4)	su	0	0	0.0
			1)	sur	0	0	0.0
				1)	sure	134	527	5.7796115E-4
			2)	sup	0	0	0.0
				1)	supp	256	385	4.2222967E-4
			3)	sue	0	0	0.0
				1)	sue_	520	261	2.8623882E-4
		5)	st	0	0	0.0
			1)	sta	0	0	0.0
				1)	stan	191	459	5.033855E-4
				2)	stat	212	423	4.639043E-4
				3)	stab	627	231	2.533378E-4
			2)	str	0	0	0.0
				1)	stra	259	383	4.200363E-4
				2)	stru	296	358	3.9261876E-4
				3)	stri	759	202	2.215335E-4
			3)	sti	0	0	0.0
				1)	stio	323	341	3.7397485E-4
				2)	stit	514	264	2.8952892E-4
			4)	sts	0	0	0.0
				1)	sts_	531	257	2.8185203E-4
			5)	ste	0	0	0.0
				1)	stem	622	233	2.555312E-4
				2)	ster	722	212	2.325005E-4
		6)	ss	0	0	0.0
			1)	ssu	0	0	0.0
				1)	ssue	222	417	4.573241E-4
			2)	ssi	0	0	0.0
				1)	ssib	387	315	3.4546063E-4
				2)	ssio	420	298	3.2681675E-4
		7)	so	0	0	0.0
			1)	soc	0	0	0.0
				1)	soci	276	369	4.0468248E-4
			2)	sol	0	0	0.0
				1)	solu	517	263	2.8843223E-4
		8)	sa	0	0	0.0
			1)	sat	0	0	0.0
				1)	sati	439	289	3.1694645E-4
			2)	say	0	0	0.0
				1)	say_	458	281	3.0817284E-4
			3)	sal	0	0	0.0
				1)	sal_	686	219	2.401774E-4
		9)	sy	0	0	0.0
			1)	sys	0	0	0.0
				1)	syst	647	226	2.478543E-4
		10)	sl	0	0	0.0
			1)	sla	0	0	0.0
				1)	slat	725	211	2.314038E-4
	13)	l	0	0	0.0
		1)	ll	0	0	0.0
			1)	lly	0	0	0.0
				1)	lly_	29	969	0.0010627027
			2)	llo	0	0	0.0
				1)	llow	505	267	2.9281902E-4
		2)	la	0	0	0.0
			1)	lat	0	0	0.0
				1)	lati	79	673	7.380794E-4
				2)	late	501	269	2.9501243E-4
			2)	lar	0	0	0.0
				1)	larg	592	242	2.6540153E-4
				2)	lar_	642	228	2.500477E-4
			3)	las	0	0	0.0
				1)	last	688	219	2.401774E-4
		3)	li	0	0	0.0
			1)	lit	0	0	0.0
				1)	lity	102	595	6.5253675E-4
				2)	liti	221	418	4.584208E-4
			2)	lic	0	0	0.0
				1)	licy	262	379	4.1564947E-4
			3)	lin	0	0	0.0
				1)	ling	483	275	3.0159263E-4
				2)	line	495	271	2.972058E-4
			4)	lie	0	0	0.0
				1)	liev	579	245	2.6869163E-4
			5)	lis	0	0	0.0
				1)	lish	718	213	2.335972E-4
		4)	le	0	0	0.0
			1)	lem	0	0	0.0
				1)	leme	253	391	4.2880987E-4
			2)	lea	0	0	0.0
				1)	lear	267	377	4.134561E-4
			3)	les	0	0	0.0
				1)	les_	318	344	3.7726495E-4
			4)	led	0	0	0.0
				1)	led_	419	299	3.2791344E-4
			5)	leg	0	0	0.0
				1)	lega	641	228	2.500477E-4
				2)	legi	684	220	2.412741E-4
			6)	lev	0	0	0.0
				1)	leve	713	214	2.346939E-4
		5)	lo	0	0	0.0
			1)	lop	0	0	0.0
				1)	lopm	448	287	3.1475304E-4
			2)	lon	0	0	0.0
				1)	long	640	228	2.500477E-4
			3)	loc	0	0	0.0
				1)	loca	762	201	2.2043679E-4
		6)	lu	0	0	0.0
			1)	lut	0	0	0.0
				1)	luti	619	234	2.566279E-4
			2)	lud	0	0	0.0
				1)	lude	748	205	2.248236E-4
		7)	lr	0	0	0.0
			1)	lre	0	0	0.0
				1)	lrea	695	218	2.390807E-4
		8)	lt	0	0	0.0
			1)	ltu	0	0	0.0
				1)	ltur	710	215	2.357906E-4
	14)	c	0	0	0.0
		1)	ct	0	0	0.0
			1)	cti	0	0	0.0
				1)	ctio	43	860	9.431624E-4
				2)	ctiv	65	736	8.071716E-4
			2)	cts	0	0	0.0
				1)	cts_	340	334	3.6629796E-4
			3)	ctu	0	0	0.0
				1)	ctur	431	293	3.2133324E-4
			4)	cto	0	0	0.0
				1)	ctor	607	239	2.6211143E-4
		2)	co	0	0	0.0
			1)	com	0	0	0.0
				1)	comp	48	845	9.267119E-4
				2)	comm	61	775	8.4994285E-4
				3)	come	347	330	3.6191117E-4
			2)	con	0	0	0.0
				1)	cont	66	731	8.0168806E-4
				2)	cons	70	717	7.863342E-4
				3)	conc	77	683	7.490464E-4
				4)	cono	264	378	4.1455278E-4
				5)	cond	322	343	3.7616826E-4
				6)	conf	628	231	2.533378E-4
			3)	cou	0	0	0.0
				1)	coun	100	600	6.5802026E-4
				2)	cour	364	325	3.5642766E-4
		3)	ci	0	0	0.0
			1)	cia	0	0	0.0
				1)	cial	51	828	9.08068E-4
			2)	cis	0	0	0.0
				1)	cisi	507	267	2.9281902E-4
			3)	cip	0	0	0.0
				1)	cipl	535	256	2.807553E-4
			4)	cit	0	0	0.0
				1)	citi	655	225	2.467576E-4
			5)	cie	0	0	0.0
				1)	cien	701	217	2.37984E-4
		4)	ca	0	0	0.0
			1)	cal	0	0	0.0
				1)	cal_	78	683	7.490464E-4
				2)	call	435	291	3.1913983E-4
			2)	can	0	0	0.0
				1)	can_	99	601	6.59117E-4
			3)	cat	0	0	0.0
				1)	cati	380	319	3.4984745E-4
			4)	cas	0	0	0.0
				1)	case	649	226	2.478543E-4
		5)	ce	0	0	0.0
			1)	ces	0	0	0.0
				1)	cess	101	599	6.5692357E-4
				2)	ces_	168	481	5.275129E-4
			2)	cer	0	0	0.0
				1)	cern	250	396	4.3429338E-4
			3)	cen	0	0	0.0
				1)	cent	377	320	3.5094414E-4
			4)	cep	0	0	0.0
				1)	cept	533	257	2.8185203E-4
			5)	ced	0	0	0.0
				1)	ced_	560	250	2.741751E-4
		6)	cr	0	0	0.0
			1)	cre	0	0	0.0
				1)	crea	227	411	4.507439E-4
		7)	cu	0	0	0.0
			1)	cul	0	0	0.0
				1)	cula	252	393	4.3100328E-4
				2)	cult	328	339	3.7178147E-4
		8)	cl	0	0	0.0
			1)	cle	0	0	0.0
				1)	clea	289	363	3.9810227E-4
			2)	clu	0	0	0.0
				1)	clud	451	285	3.1255963E-4
		9)	ch	0	0	0.0
			1)	cha	0	0	0.0
				1)	chan	444	289	3.1694645E-4
	15)	r	0	0	0.0
		1)	ra	0	0	0.0
			1)	rat	0	0	0.0
				1)	rati	58	793	8.6968346E-4
				2)	rate	161	487	5.340931E-4
			2)	ral	0	0	0.0
				1)	ral_	108	580	6.360863E-4
			3)	ram	0	0	0.0
				1)	ramm	166	485	5.3189974E-4
			4)	ran	0	0	0.0
				1)	rans	306	352	3.8603856E-4
		2)	re	0	0	0.0
			1)	rea	0	0	0.0
				1)	reas	88	623	6.832444E-4
				2)	reat	105	588	6.4485986E-4
				3)	read	358	326	3.5752435E-4
				4)	real	601	240	2.6320812E-4
			2)	rep	0	0	0.0
				1)	repo	135	527	5.7796115E-4
			3)	reg	0	0	0.0
				1)	regi	149	501	5.494469E-4
				2)	rega	401	310	3.3997715E-4
			4)	res	0	0	0.0
				1)	ress	157	488	5.351898E-4
				2)	rese	159	487	5.340931E-4
				3)	resp	163	486	5.3299643E-4
				4)	res_	312	347	3.8055505E-4
				5)	rest	336	334	3.6629796E-4
				6)	reso	379	319	3.4984745E-4
			5)	red	0	0	0.0
				1)	red_	160	487	5.340931E-4
			6)	rec	0	0	0.0
				1)	rect	349	329	3.6081445E-4
				2)	reco	623	233	2.555312E-4
			7)	ren	0	0	0.0
				1)	rent	469	278	3.0488273E-4
				2)	renc	519	262	2.873355E-4
			8)	req	0	0	0.0
				1)	requ	475	277	3.0378602E-4
			9)	rel	0	0	0.0
				1)	rela	570	247	2.70885E-4
			10)	rem	0	0	0.0
				1)	reme	590	242	2.6540153E-4
			11)	ref	0	0	0.0
				1)	refo	693	218	2.390807E-4
		3)	ro	0	0	0.0
			1)	rog	0	0	0.0
				1)	rogr	113	570	6.2511925E-4
			2)	rop	0	0	0.0
				1)	ropo	132	534	5.8563804E-4
			3)	roc	0	0	0.0
				1)	roce	298	356	3.9042535E-4
			4)	rov	0	0	0.0
				1)	rovi	392	313	3.4326725E-4
				2)	rove	606	239	2.6211143E-4
			5)	rob	0	0	0.0
				1)	robl	500	269	2.9501243E-4
			6)	rod	0	0	0.0
				1)	rodu	612	237	2.5991802E-4
			7)	ron	0	0	0.0
				1)	ronm	692	218	2.390807E-4
			8)	rou	0	0	0.0
				1)	roup	757	203	2.2263019E-4
		4)	rt	0	0	0.0
			1)	rta	0	0	0.0
				1)	rtan	165	485	5.3189974E-4
			2)	rti	0	0	0.0
				1)	rtic	213	423	4.639043E-4
			3)	rts	0	0	0.0
				1)	rts_	572	246	2.6978832E-4
			4)	rtu	0	0	0.0
				1)	rtun	723	212	2.325005E-4
		5)	ri	0	0	0.0
			1)	rit	0	0	0.0
				1)	rity	177	474	5.1983603E-4
				2)	riti	374	321	3.5204084E-4
			2)	rin	0	0	0.0
				1)	ring	199	448	4.913218E-4
				2)	rinc	589	242	2.6540153E-4
			3)	rie	0	0	0.0
				1)	ries	309	351	3.8494187E-4
			4)	rig	0	0	0.0
				1)	righ	315	345	3.7836167E-4
			5)	rio	0	0	0.0
				1)	riou	644	227	2.48951E-4
		6)	rl	0	0	0.0
			1)	rly	0	0	0.0
				1)	rly_	278	369	4.0468248E-4
		7)	rd	0	0	0.0
			1)	rde	0	0	0.0
				1)	rder	326	340	3.7287816E-4
			2)	rdi	0	0	0.0
				1)	rdin	573	246	2.6978832E-4
			3)	rds	0	0	0.0
				1)	rds_	637	228	2.500477E-4
		8)	rm	0	0	0.0
			1)	rms	0	0	0.0
				1)	rms_	450	285	3.1255963E-4
		9)	rs	0	0	0.0
			1)	rst	0	0	0.0
				1)	rst_	504	267	2.9281902E-4
			2)	rse	0	0	0.0
				1)	rse_	609	238	2.610147E-4
		10)	ru	0	0	0.0
			1)	ruc	0	0	0.0
				1)	ruct	521	261	2.8623882E-4
		11)	rk	0	0	0.0
			1)	rke	0	0	0.0
				1)	rket	564	248	2.7198173E-4
	16)	d	0	0	0.0
		1)	di	0	0	0.0
			1)	din	0	0	0.0
				1)	ding	69	718	7.874309E-4
			2)	dis	0	0	0.0
				1)	disc	363	325	3.5642766E-4
			3)	dir	0	0	0.0
				1)	dire	460	281	3.0817284E-4
			4)	dif	0	0	0.0
				1)	diff	532	257	2.8185203E-4
			5)	dit	0	0	0.0
				1)	diti	720	213	2.335972E-4
		2)	de	0	0	0.0
			1)	der	0	0	0.0
				1)	der_	139	521	5.7138095E-4
				2)	ders	724	212	2.325005E-4
			2)	ded	0	0	0.0
				1)	ded_	203	435	4.770647E-4
			3)	dev	0	0	0.0
				1)	deve	251	395	4.331967E-4
			4)	dec	0	0	0.0
				1)	deci	372	322	3.5313756E-4
			5)	deb	0	0	0.0
				1)	deba	406	308	3.3778374E-4
			6)	dem	0	0	0.0
				1)	demo	605	240	2.6320812E-4
			7)	den	0	0	0.0
				1)	dent	676	221	2.423708E-4
		3)	da	0	0	0.0
			1)	day	0	0	0.0
				1)	day_	335	335	3.6739465E-4
		4)	dm	0	0	0.0
			1)	dme	0	0	0.0
				1)	dmen	643	228	2.500477E-4
	17)	f	0	0	0.0
		1)	fo	0	0	0.0
			1)	for	0	0	0.0
				1)	form	103	591	6.4815E-4
				2)	fort	663	223	2.445642E-4
		2)	fa	0	0	0.0
			1)	fac	0	0	0.0
				1)	fact	178	474	5.1983603E-4
		3)	fi	0	0	0.0
			1)	fin	0	0	0.0
				1)	fina	218	420	4.606142E-4
			2)	fir	0	0	0.0
				1)	firs	320	344	3.7726495E-4
			3)	fic	0	0	0.0
				1)	fici	727	211	2.314038E-4
		4)	ff	0	0	0.0
			1)	ffi	0	0	0.0
				1)	ffic	288	363	3.9810227E-4
			2)	ffe	0	0	0.0
				1)	ffec	384	317	3.4765404E-4
				2)	ffer	699	217	2.37984E-4
		5)	fe	0	0	0.0
			1)	fec	0	0	0.0
				1)	fect	308	352	3.8603856E-4
			2)	fer	0	0	0.0
				1)	fere	543	254	2.7856193E-4
		6)	fu	0	0	0.0
			1)	fun	0	0	0.0
				1)	fund	584	244	2.675949E-4
	18)	k	0	0	0.0
		1)	ki	0	0	0.0
			1)	kin	0	0	0.0
				1)	king	121	559	6.1305554E-4
		2)	kn	0	0	0.0
			1)	kno	0	0	0.0
				1)	know	489	274	3.004959E-4
		3)	ke	0	0	0.0
			1)	ken	0	0	0.0
				1)	ken_	737	209	2.292104E-4
	19)	w	0	0	0.0
		1)	wo	0	0	0.0
			1)	wor	0	0	0.0
				1)	work	123	546	5.9879845E-4
		2)	wi	0	0	0.0
			1)	wit	0	0	0.0
				1)	with	196	449	4.9241853E-4
		3)	wa	0	0	0.0
			1)	way	0	0	0.0
				1)	way_	381	318	3.4875073E-4
		4)	we	0	0	0.0
			1)	wel	0	0	0.0
				1)	well	715	213	2.335972E-4
	20)	j	0	0	0.0
		1)	je	0	0	0.0
			1)	jec	0	0	0.0
				1)	ject	128	541	5.9331494E-4
		2)	ju	0	0	0.0
			1)	jus	0	0	0.0
				1)	just	207	428	4.693878E-4
	21)	h	0	0	0.0
		1)	hi	0	0	0.0
			1)	hin	0	0	0.0
				1)	hing	140	520	5.7028426E-4
				2)	hin_	465	280	3.0707614E-4
				3)	hink	547	253	2.774652E-4
		2)	ho	0	0	0.0
			1)	hor	0	0	0.0
				1)	hori	662	223	2.445642E-4
		3)	ha	0	0	0.0
			1)	han	0	0	0.0
				1)	hang	671	222	2.434675E-4
				2)	hank	765	200	2.1934009E-4
			2)	hal	0	0	0.0
				1)	hall	675	221	2.423708E-4
		4)	he	0	0	0.0
			1)	hed	0	0	0.0
				1)	hed_	764	200	2.1934009E-4
	22)	g	0	0	0.0
		1)	gh	0	0	0.0
			1)	ght	0	0	0.0
				1)	ght_	158	488	5.351898E-4
		2)	gr	0	0	0.0
			1)	gra	0	0	0.0
				1)	gram	162	487	5.340931E-4
				2)	grat	749	205	2.248236E-4
			2)	gre	0	0	0.0
				1)	gree	321	343	3.7616826E-4
				2)	grea	509	266	2.9172233E-4
			3)	gro	0	0	0.0
				1)	grou	506	267	2.9281902E-4
		3)	gi	0	0	0.0
			1)	gio	0	0	0.0
				1)	gion	181	469	5.143525E-4
			2)	giv	0	0	0.0
				1)	give	307	352	3.8603856E-4
		4)	ga	0	0	0.0
			1)	gar	0	0	0.0
				1)	gard	408	306	3.3559033E-4
		5)	go	0	0	0.0
			1)	gov	0	0	0.0
				1)	gove	555	252	2.7636852E-4
			2)	goo	0	0	0.0
				1)	good	714	214	2.346939E-4
		6)	ge	0	0	0.0
			1)	gem	0	0	0.0
				1)	geme	587	243	2.6649822E-4
	23)	q	0	0	0.0
		1)	qu	0	0	0.0
			1)	que	0	0	0.0
				1)	ques	229	410	4.496472E-4
			2)	qua	0	0	0.0
				1)	qual	726	211	2.314038E-4
	24)	v	0	0	0.0
		1)	ve	0	0	0.0
			1)	ves	0	0	0.0
				1)	ves_	237	402	4.4087358E-4
			2)	vel	0	0	0.0
				1)	velo	245	396	4.3429338E-4
			3)	ved	0	0	0.0
				1)	ved_	303	354	3.8823197E-4
			4)	ven	0	0	0.0
				1)	ven_	350	328	3.5971776E-4
				2)	vent	568	247	2.70885E-4
			5)	ver	0	0	0.0
				1)	vern	557	251	2.7527183E-4
		2)	vi	0	0	0.0
			1)	vin	0	0	0.0
				1)	ving	567	247	2.70885E-4
			2)	vie	0	0	0.0
				1)	view	582	244	2.675949E-4
			3)	vir	0	0	0.0
				1)	viro	689	218	2.390807E-4
		3)	vo	0	0	0.0
			1)	vot	0	0	0.0
				1)	vote	618	234	2.566279E-4
	25)	y	0	0	0.0
		1)	ye	0	0	0.0
			1)	yea	0	0	0.0
				1)	year	346	330	3.6191117E-4
		2)	yi	0	0	0.0
			1)	yin	0	0	0.0
				1)	ying	616	235	2.577246E-4
		3)	ys	0	0	0.0
			1)	yst	0	0	0.0
				1)	yste	633	229	2.511444E-4
		4)	ym	0	0	0.0
			1)	yme	0	0	0.0
				1)	ymen	712	214	2.346939E-4
