s_	17939	0.01967370967706558	2
e_	16923	0.01855946200261892	2
in	14446	0.0158429349459217	2
on	14352	0.015739845102026046	2
re	14161	0.015530375312833808	2
ti	13878	0.015220009080679867	2
t_	12050	0.013215240627049459	2
en	11529	0.012643859683755454	2
es	10378	0.01138155744626716	2
_c	10287	0.01128175770377243	2
d_	10188	0.0111731843575419	2
_p	10025	0.010994422181424966	2
_s	10003	0.010970294771151514	2
nt	9978	0.010942877259477138	2
y_	9622	0.010552451893234015	2
er	9426	0.010337498601706905	2
n_	9070	0.009947073235463783	2
io	9066	0.009942686433595884	2
te	8640	0.009475492034664508	2
at	8481	0.009301116660415474	2
al	8030	0.008806504749809723	2
st	7919	0.00868477099797549	2
ed	7790	0.008543296637735709	2
_a	7731	0.00847859131018418	2
co	7711	0.008456657300844678	2
_r	7490	0.00821428649764319	2
ng	7198	0.007894049961286474	2
me	6896	0.007562846420260005	2
ar	6807	0.007465240078699226	2
or	6716	0.007365440336204495	2
le	6480	0.007106619025998381	2
it	6410	0.007029849993310127	2
de	6100	0.006689872848547859	2
_m	6075	0.0066624553368734825	2
g_	6039	0.00662297412006238	2
l_	5944	0.00651878757569975	2
an	5860	0.006426664736473845	2
se	5788	0.006347702302851641	2
pr	5645	0.006190874136074207	2
ve	5608	0.00615029621879613	2
_e	5566	0.006104234799183177	2
_i	5470	0.0059989515543535715	2
ro	5392	0.005913408917929517	2
po	5321	0.005835543184774288	2
ra	5272	0.00578180486189251	2
ea	5253	0.0057609675530199845	2
is	5164	0.005663361211459204	2
_d	5137	0.005633750298850877	2
_t	5081	0.005572335072700274	2
ns	5046	0.005533950556356147	2
li	4966	0.005446214518998142	2
ta	4949	0.005427570611059566	2
ec	4928	0.00540453990125309	2
ri	4808	0.005272935845216083	2
ce	4772	0.005233454628404981	2
ic	4667	0.005118301079372599	2
_f	4661	0.005111720876570749	2
si	4623	0.005070046258825697	2
r_	4609	0.005054692452288046	2
ne	4328	0.004746519621068055	2
ct	4236	0.004645623178106349	2
nd	3967	0.0043506107524900585	2
pe	3869	0.004243134106726503	2
ur	3788	0.004154301368901523	2
ly	3743	0.004104949847887646	2
rt	3665	0.004019407211463591	2
el	3632	0.003983216096053414	2
nc	3629	0.0039799259946524885	2
tr	3555	0.0038987701600963344	2
ou	3511	0.0038505153395494316	2
la	3508	0.0038472252381485062	2
ma	3440	0.0037726496063942025	2
us	3420	0.003750715597054701	2
_l	3411	0.003740845292851926	2
om	3407	0.0037364584909840254	2
ss	3375	0.0037013640760408238	2
em	3332	0.003654205955960896	2
ca	3270	0.0035862105270084424	2
di	3256	0.0035708567204707914	2
ac	3251	0.003565373218135916	2
as	3168	0.0034743470793769863	2
na	3137	0.0034403493649007594	2
ie	3059	0.003354806728476705	2
ci	3057	0.003352613327542755	2
th	2999	0.0032890047004582013	2
op	2987	0.0032758442948545006	2
_w	2957	0.003242943280845249	2
_n	2854	0.003129983132746818	2
ll	2848	0.0031234029299449678	2
pl	2723	0.002986315371573085	2
_g	2694	0.0029545110580308084	2
su	2679	0.0029380605510261827	2
mp	2679	0.0029380605510261827	2
ol	2664	0.0029216100440215566	2
ge	2658	0.0029150298412197063	2
iv	2631	0.00288541892861138	2
un	2623	0.0028766453248755793	2
rs	2611	0.0028634849192718786	2
im	2585	0.002834970707130527	2
et	2583	0.002832777306196577	2
ee	2543	0.0027889092875175744	2
_b	2538	0.002783425785182699	2
ts	2472	0.0027110435543623453	2
ni	2445	0.002681432641754019	2
fi	2440	0.0026759491394191437	2
bl	2337	0.0025629889913207126	2
mi	2333	0.0025586021894528125	2
lo	2331	0.002556408788518862	2
_o	2329	0.002554215387584912	2
ia	2263	0.002481833156764558	2
ad	2233	0.0024489321427553063	2
id	2182	0.0023930004189395785	2
hi	2157	0.002365582907265202	2
ut	2083	0.0022844270727090474	2
ai	2071	0.0022712666671053467	2
gr	2069	0.002269073266171397	2
eg	2056	0.002254816160100721	2
ul	2051	0.002249332657765846	2
pa	2031	0.0022273986484263445	2
vi	2021	0.002216431643756594	2
tu	2015	0.0022098514409547437	2
ev	2009	0.0022032712381528934	2
am	1989	0.002181337228813392	2
sa	1970	0.002160499919940866	2
os	1954	0.002142952712469265	2
ex	1935	0.002122115403596739	2
ty	1922	0.002107858297526063	2
sp	1866	0.0020464430713754596	2
ke	1823	0.0019992849512955324	2
ha	1768	0.001938966425611904	2
no	1738	0.0019060654116026523	2
so	1735	0.0019027753102017271	2
mo	1712	0.0018775511994613006	2
ir	1698	0.00186219739292365	2
il	1686	0.0018490369873199492	2
_h	1679	0.0018413600840511237	2
he	1658	0.0018183293742446475	2
ay	1626	0.0017832349593014456	2
pp	1621	0.0017777514569665704	2
ab	1615	0.00177117125416472	2
gi	1607	0.0017623976504289195	2
m_	1598	0.001752527346226144	2
cu	1592	0.0017459471434242936	2
ep	1583	0.001736076839221518	2
fo	1571	0.0017229164336178173	2
to	1563	0.001714142829882017	2
rd	1549	0.0016987890233443662	2
w_	1542	0.0016911121200755407	2
fe	1512	0.001658211106066289	2
k_	1493	0.001637373797193763	2
ap	1489	0.0016329869953258626	2
_u	1477	0.001619826589722162	2
ue	1471	0.0016132463869203116	2
oc	1471	0.0016132463869203116	2
ak	1471	0.0016132463869203116	2
ch	1446	0.001585828875245935	2
ig	1437	0.0015759585710431595	2
da	1413	0.001549637759835758	2
ho	1412	0.0015485410593687832	2
ow	1401	0.0015364773542320574	2
mm	1388	0.0015222202481613818	2
ag	1367	0.0014991895383549055	2
ef	1359	0.001490415934619105	2
be	1359	0.001490415934619105	2
ov	1346	0.0014761588285484293	2
ot	1345	0.0014750621280814542	2
cl	1319	0.0014465479159401027	2
rm	1310	0.0014366776117373272	2
fa	1292	0.001416937003331776	2
cr	1281	0.0014048732981950503	2
sh	1249	0.0013697788832518485	2
od	1220	0.0013379745697095719	2
rn	1210	0.0013270075650398212	2
_v	1179	0.0012930098505635943	2
ry	1178	0.0012919131500966194	2
mu	1176	0.0012897197491626691	2
ff	1143	0.0012535286337524922	2
qu	1140	0.001250238532351567	2
ba	1085	0.001189920006667939	2
gh	1052	0.001153728891257762	2
oo	1047	0.0011482453889228865	2
wo	1042	0.0011427618865880113	2
c_	1040	0.0011405684856540612	2
lu	1039	0.0011394717851870861	2
ib	1021	0.001119731176781535	2
tt	1016	0.0011142476744466598	2
fu	1012	0.0011098608725787595	2
go	997	0.0010934103655741336	2
if	996	0.0010923136651071585	2
ua	987	0.001082443360904383	2
og	978	0.0010725730567016074	2
ob	946	0.0010374786417584056	2
uc	942	0.0010330918398905053	2
h_	934	0.001024318236154705	2
wi	930	0.0010199314342868046	2
ru	926	0.0010155446324189045	2
wa	910	9.979974249473035E-4	1
um	899	9.85933719810578E-4	1
ga	896	9.826436184096528E-4	1
do	885	9.705799132729271E-4	1
rk	873	9.574195076692264E-4	1
ew	873	9.574195076692264E-4	1
du	867	9.50839304867376E-4	1
up	858	9.409690006646005E-4	1
rg	858	9.409690006646005E-4	1
cy	841	9.223250927260244E-4	1
we	829	9.091646871223237E-4	1
oi	815	8.93810880584673E-4	1
lt	810	8.883273782497976E-4	1
cc	795	8.718768712451718E-4	1
rr	787	8.631032675093713E-4	1
ds	777	8.521362628396207E-4	1
_j	765	8.3897585723592E-4	1
bi	764	8.37879156768945E-4	1
vo	762	8.356857558349948E-4	1
ht	758	8.312989539670946E-4	1
sc	755	8.280088525661694E-4	1
ms	746	8.181385483633939E-4	1
gu	743	8.148484469624687E-4	1
rl	711	7.797540320192668E-4	1
tl	709	7.775606310853168E-4	1
va	708	7.764639306183416E-4	1
pu	697	7.644002254816161E-4	1
ub	696	7.633035250146409E-4	1
ud	686	7.523365203448904E-4	1
pt	682	7.479497184769902E-4	1
ki	672	7.369827138072395E-4	1
ip	661	7.249190086705139E-4	1
ui	660	7.238223082035388E-4	1
au	649	7.117586030668132E-4	1
ye	637	6.985981974631125E-4	1
pi	635	6.964047965291624E-4	1
nv	634	6.953080960621873E-4	1
nf	623	6.832443909254617E-4	1
ls	616	6.755674876566363E-4	1
a_	616	6.755674876566363E-4	1
xt	612	6.71180685788736E-4	1
nu	607	6.656971834538608E-4	1
p_	597	6.547301787841101E-4	1
bu	591	6.481499759822597E-4	1
ju	577	6.32796169444609E-4	1
nk	571	6.262159666427586E-4	1
je	557	6.108621601051078E-4	1
ys	553	6.064753582372076E-4	1
rc	548	6.009918559023322E-4	1
xp	543	5.955083535674569E-4	1
_q	539	5.911215516995567E-4	1
eq	526	5.76864445628881E-4	1
_y	517	5.669941414261054E-4	1
af	511	5.604139386242551E-4	1
_k	491	5.384799292847539E-4	1
ld	490	5.373832288177789E-4	1
fr	486	5.329964269498785E-4	1
bo	480	5.264162241480282E-4	1
av	480	5.264162241480282E-4	1
mb	479	5.253195236810532E-4	1
ck	454	4.979020120066767E-4	1
nm	453	4.968053115397016E-4	1
eo	449	4.924185096718014E-4	1
mr	443	4.8583830686995105E-4	1
aw	440	4.8254820546902587E-4	1
sl	439	4.8145150500205085E-4	1
sk	423	4.639042975304499E-4	1
rv	418	4.584207951955746E-4	1
of	410	4.496471914597741E-4	1
dr	408	4.47453790525824E-4	1
nn	399	4.3758348632304847E-4	1
jo	386	4.233263802523727E-4	1
eb	385	4.2222967978539766E-4	1
gn	372	4.079725737147219E-4	1
ug	363	3.9810226951194635E-4	1
dm	363	3.9810226951194635E-4	1
sm	361	3.9590886857799625E-4	1
bs	361	3.9590886857799625E-4	1
oa	360	3.9481216811102117E-4	1
sy	358	3.9261876717707107E-4	1
dy	357	3.91522066710096E-4	1
oy	338	3.706847578375699E-4	1
ei	334	3.6629795596966966E-4	1
fl	326	3.575243522338692E-4	1
bj	323	3.54234250832944E-4	1
nl	321	3.5204084989899387E-4	1
pm	320	3.5094414943201885E-4	1
ks	319	3.4984744896504377E-4	1
eh	315	3.454606470971435E-4	1
ph	307	3.3668704336134306E-4	1
o_	304	3.333969419604179E-4	1
br	301	3.301068405594927E-4	1
kn	296	3.2462333822461743E-4	1
xa	294	3.224299372906673E-4	1
ps	283	3.1036623215394165E-4	1
ft	281	3.0817283121999155E-4	1
ym	268	2.9391572514931576E-4	1
dd	267	2.928190246823407E-4	1
gs	263	2.884322228144405E-4	1
xc	257	2.8185202001259013E-4	1
ze	256	2.8075531954561506E-4	1
dl	253	2.774652181446899E-4	1
iz	251	2.752718172107398E-4	1
lv	247	2.708850153428395E-4	1
eu	245	2.686916144088894E-4	1
dg	243	2.6649821347493927E-4	1
yi	239	2.621114116070391E-4	1
xi	238	2.61014711140064E-4	1
ok	238	2.61014711140064E-4	1
gl	233	2.555312088051887E-4	1
wh	223	2.445642041354381E-4	1
ey	223	2.445642041354381E-4	1
lr	220	2.4127410273451293E-4	1
f_	216	2.368873008666127E-4	1
ax	210	2.3030709806476235E-4	1
lf	209	2.292103975977873E-4	1
rp	200	2.1934009339501177E-4	1
gy	198	2.1714669246106165E-4	1
uf	197	2.160499919940866E-4	1
wn	196	2.1495329152711152E-4	1
x_	186	2.0398628685736094E-4	1
tm	184	2.0179288592341084E-4	1
hu	179	1.9630938358853554E-4	1
aj	166	1.8205227751785978E-4	1
oj	164	1.7985887658390965E-4	1
ws	158	1.732786737820593E-4	1
yo	156	1.7108527284810917E-4	1
hr	156	1.7108527284810917E-4	1
sf	143	1.568281667774334E-4	1
lc	135	1.4805456304163293E-4	1
xe	129	1.4147436023978258E-4	1
dv	125	1.3708755837188235E-4	1
lp	125	1.3708755837188235E-4	1
ny	122	1.3379745697095717E-4	1
my	121	1.3270075650398212E-4	1
hn	119	1.30507355570032E-4	1
ek	115	1.2612055370213177E-4	1
rb	113	1.2392715276818164E-4	1
bt	109	1.1954035090028142E-4	1
lk	102	1.11863447631456E-4	1
fy	101	1.1076674716448094E-4	1
gt	98	1.0747664576355576E-4	1
hy	98	1.0747664576355576E-4	1
lw	97	1.0637994529658071E-4	1
oh	97	1.0637994529658071E-4	1
hs	94	1.0308984389565553E-4	1
yc	92	1.0089644296170542E-4	1
tc	91	9.979974249473036E-5	1
rf	90	9.870304202775529E-5	1
gg	89	9.760634156078024E-5	1
yp	88	9.650964109380518E-5	1
tn	87	9.541294062683012E-5	1
kl	86	9.431624015985507E-5	1
rh	85	9.321953969288E-5	1
iu	83	9.102613875892989E-5	1
hl	82	8.992943829195483E-5	1
sw	82	8.992943829195483E-5	1
wr	81	8.883273782497976E-5	1
tw	79	8.663933689102965E-5	1
oe	77	8.444593595707954E-5	1
yt	76	8.334923549010447E-5	1
cs	72	7.896243362220423E-5	1
b_	64	7.018882988640376E-5	1
wl	62	6.799542895245365E-5	1
bv	60	6.580202801850352E-5	1
ej	60	6.580202801850352E-5	1
bm	52	5.702842428270306E-5	1
by	52	5.702842428270306E-5	1
uo	52	5.702842428270306E-5	1
sb	51	5.5931723815728E-5	1
ik	50	5.4835023348752943E-5	1
nh	50	5.4835023348752943E-5	1
lm	49	5.373832288177788E-5	1
ix	44	4.825482054690259E-5	1
hm	43	4.715812007992753E-5	1
rw	42	4.606141961295247E-5	1
wt	41	4.496471914597741E-5	1
yl	41	4.496471914597741E-5	1
sn	40	4.3868018679002356E-5	1
mn	39	4.277131821202729E-5	1
ox	39	4.277131821202729E-5	1
py	39	4.277131821202729E-5	1
_x	36	3.9481216811102116E-5	1
np	36	3.9481216811102116E-5	1
ka	34	3.7287815877152E-5	1
hb	32	3.509441494320188E-5	1
hc	32	3.509441494320188E-5	1
nj	31	3.3997714476226825E-5	1
vy	31	3.3997714476226825E-5	1
zo	31	3.3997714476226825E-5	1
ml	30	3.290101400925176E-5	1
nr	29	3.1804313542276705E-5	1
_z	28	3.070761307530165E-5	1
ah	27	2.961091260832659E-5	1
tf	27	2.961091260832659E-5	1
u_	27	2.961091260832659E-5	1
yn	27	2.961091260832659E-5	1
cq	26	2.851421214135153E-5	1
hd	26	2.851421214135153E-5	1
bb	25	2.7417511674376472E-5	1
fs	24	2.632081120740141E-5	1
sd	21	2.3030709806476235E-5	1
ya	21	2.3030709806476235E-5	1
az	20	2.1934009339501178E-5	1
dc	20	2.1934009339501178E-5	1
nw	20	2.1934009339501178E-5	1
dh	18	1.9740608405551058E-5	1
dw	18	1.9740608405551058E-5	1
nq	18	1.9740608405551058E-5	1
tp	18	1.9740608405551058E-5	1
yb	17	1.8643907938576E-5	1
yw	17	1.8643907938576E-5	1
hw	16	1.754720747160094E-5	1
i_	16	1.754720747160094E-5	1
sr	16	1.754720747160094E-5	1
dj	15	1.645050700462588E-5	1
tb	15	1.645050700462588E-5	1
kg	14	1.5353806537650824E-5	1
lb	14	1.5353806537650824E-5	1
ln	14	1.5353806537650824E-5	1
sg	14	1.5353806537650824E-5	1
dt	13	1.4257106070675764E-5	1
mf	13	1.4257106070675764E-5	1
nx	13	1.4257106070675764E-5	1
yd	13	1.4257106070675764E-5	1
zi	13	1.4257106070675764E-5	1
ae	12	1.3160405603700706E-5	1
ao	12	1.3160405603700706E-5	1
df	12	1.3160405603700706E-5	1
uy	11	1.2063705136725647E-5	1
wu	11	1.2063705136725647E-5	1
xh	11	1.2063705136725647E-5	1
yf	11	1.2063705136725647E-5	1
hq	10	1.0967004669750589E-5	1
iq	10	1.0967004669750589E-5	1
ko	10	1.0967004669750589E-5	1
kw	10	1.0967004669750589E-5	1
wy	10	1.0967004669750589E-5	1
kh	9	9.870304202775529E-6	1
uv	9	9.870304202775529E-6	1
gd	8	8.77360373580047E-6	1
lg	8	8.77360373580047E-6	1
gm	7	7.676903268825412E-6	1
sq	7	7.676903268825412E-6	1
ux	7	7.676903268825412E-6	1
vr	7	7.676903268825412E-6	1
vu	7	7.676903268825412E-6	1
wf	7	7.676903268825412E-6	1
wp	7	7.676903268825412E-6	1
za	6	6.580202801850353E-6	1
db	5	5.4835023348752945E-6	1
fc	5	5.4835023348752945E-6	1
gf	5	5.4835023348752945E-6	1
ja	5	5.4835023348752945E-6	1
kp	5	5.4835023348752945E-6	1
nb	5	5.4835023348752945E-6	1
oz	5	5.4835023348752945E-6	1
pb	5	5.4835023348752945E-6	1
pd	5	5.4835023348752945E-6	1
pg	5	5.4835023348752945E-6	1
pw	5	5.4835023348752945E-6	1
xu	5	5.4835023348752945E-6	1
yg	5	5.4835023348752945E-6	1
yr	5	5.4835023348752945E-6	1
ez	4	4.386801867900235E-6	1
fw	4	4.386801867900235E-6	1
ih	4	4.386801867900235E-6	1
kb	4	4.386801867900235E-6	1
km	4	4.386801867900235E-6	1
pk	4	4.386801867900235E-6	1
td	4	4.386801867900235E-6	1
tg	4	4.386801867900235E-6	1
wd	4	4.386801867900235E-6	1
dn	3	3.2901014009251765E-6	1
fd	3	3.2901014009251765E-6	1
fg	3	3.2901014009251765E-6	1
hh	3	3.2901014009251765E-6	1
kd	3	3.2901014009251765E-6	1
kf	3	3.2901014009251765E-6	1
kt	3	3.2901014009251765E-6	1
ku	3	3.2901014009251765E-6	1
sà	3	3.2901014009251765E-6	1
uu	3	3.2901014009251765E-6	1
wb	3	3.2901014009251765E-6	1
wc	3	3.2901014009251765E-6	1
wm	3	3.2901014009251765E-6	1
xm	3	3.2901014009251765E-6	1
xo	3	3.2901014009251765E-6	1
zz	3	3.2901014009251765E-6	1
àv	3	3.2901014009251765E-6	1
_é	2	2.1934009339501176E-6	1
aï	2	2.1934009339501176E-6	1
bd	2	2.1934009339501176E-6	1
bn	2	2.1934009339501176E-6	1
bé	2	2.1934009339501176E-6	1
dp	2	2.1934009339501176E-6	1
fh	2	2.1934009339501176E-6	1
gw	2	2.1934009339501176E-6	1
ii	2	2.1934009339501176E-6	1
iè	2	2.1934009339501176E-6	1
mc	2	2.1934009339501176E-6	1
uz	2	2.1934009339501176E-6	1
v_	2	2.1934009339501176E-6	1
wk	2	2.1934009339501176E-6	1
xr	2	2.1934009339501176E-6	1
zl	2	2.1934009339501176E-6	1
èc	2	2.1934009339501176E-6	1
é_	2	2.1934009339501176E-6	1
él	2	2.1934009339501176E-6	1
ïv	2	2.1934009339501176E-6	1
_ê	1	1.0967004669750588E-6	1
bp	1	1.0967004669750588E-6	1
cf	1	1.0967004669750588E-6	1
cn	1	1.0967004669750588E-6	1
dq	1	1.0967004669750588E-6	1
dé	1	1.0967004669750588E-6	1
fm	1	1.0967004669750588E-6	1
fp	1	1.0967004669750588E-6	1
fé	1	1.0967004669750588E-6	1
jà	1	1.0967004669750588E-6	1
jö	1	1.0967004669750588E-6	1
kc	1	1.0967004669750588E-6	1
kr	1	1.0967004669750588E-6	1
ky	1	1.0967004669750588E-6	1
lh	1	1.0967004669750588E-6	1
lq	1	1.0967004669750588E-6	1
l­	1	1.0967004669750588E-6	1
mv	1	1.0967004669750588E-6	1
nz	1	1.0967004669750588E-6	1
oq	1	1.0967004669750588E-6	1
pf	1	1.0967004669750588E-6	1
rz	1	1.0967004669750588E-6	1
râ	1	1.0967004669750588E-6	1
rè	1	1.0967004669750588E-6	1
ré	1	1.0967004669750588E-6	1
sj	1	1.0967004669750588E-6	1
sv	1	1.0967004669750588E-6	1
tj	1	1.0967004669750588E-6	1
tq	1	1.0967004669750588E-6	1
tv	1	1.0967004669750588E-6	1
té	1	1.0967004669750588E-6	1
xf	1	1.0967004669750588E-6	1
z_	1	1.0967004669750588E-6	1
zu	1	1.0967004669750588E-6	1
zw	1	1.0967004669750588E-6	1
zy	1	1.0967004669750588E-6	1
­s	1	1.0967004669750588E-6	1
à_	1	1.0967004669750588E-6	1
âc	1	1.0967004669750588E-6	1
èr	1	1.0967004669750588E-6	1
éb	1	1.0967004669750588E-6	1
éf	1	1.0967004669750588E-6	1
éj	1	1.0967004669750588E-6	1
ér	1	1.0967004669750588E-6	1
êt	1	1.0967004669750588E-6	1
ör	1	1.0967004669750588E-6	1
