Spanish	4	458813	938
	1)	i	0	0	0.0
		1)	ió	0	0	0.0
			1)	ión	0	0	0.0
				1)	ión_	1	7059	0.006388449
		2)	io	0	0	0.0
			1)	ion	0	0	0.0
				1)	ione	14	2291	0.0020733725
				2)	iona	55	1137	0.0010289937
			2)	ios	0	0	0.0
				1)	ios_	83	912	8.25367E-4
		3)	id	0	0	0.0
			1)	ida	0	0	0.0
				1)	idad	15	2247	0.0020335522
				2)	ida_	235	503	4.5521886E-4
				3)	idas	352	394	3.5657303E-4
			2)	ido	0	0	0.0
				1)	ido_	33	1528	0.0013828517
				2)	idos	746	246	2.2263189E-4
			3)	ide	0	0	0.0
				1)	ider	389	372	3.3666287E-4
				2)	iden	556	301	2.724073E-4
		4)	ie	0	0	0.0
			1)	ien	0	0	0.0
				1)	ient	27	1653	0.0014959777
				2)	iend	159	642	5.810149E-4
			2)	iem	0	0	0.0
				1)	iemb	224	527	4.7693905E-4
			3)	ier	0	0	0.0
				1)	iera	233	508	4.597439E-4
				2)	iero	287	443	4.009184E-4
				3)	iere	791	232	2.0996179E-4
		5)	ic	0	0	0.0
			1)	ica	0	0	0.0
				1)	ica_	45	1284	0.0011620298
				2)	icac	223	528	4.7784406E-4
				3)	icas	276	461	4.1720853E-4
				4)	icad	683	264	2.3892203E-4
				5)	icar	771	237	2.1448682E-4
			2)	ico	0	0	0.0
				1)	ico_	133	703	6.362204E-4
				2)	icos	362	388	3.5114298E-4
			3)	ici	0	0	0.0
				1)	icio	154	652	5.90065E-4
				2)	icia	168	602	5.448146E-4
				3)	ició	388	373	3.3756785E-4
				4)	icie	835	223	2.0181671E-4
			4)	icu	0	0	0.0
				1)	icul	492	327	2.959375E-4
			5)	ich	0	0	0.0
				1)	icho	817	228	2.0634175E-4
		6)	in	0	0	0.0
			1)	int	0	0	0.0
				1)	inte	63	1074	9.7197824E-4
			2)	inf	0	0	0.0
				1)	info	138	684	6.1902526E-4
			3)	ini	0	0	0.0
				1)	inic	349	395	3.5747804E-4
			4)	ino	0	0	0.0
				1)	ino_	359	390	3.52953E-4
			5)	inc	0	0	0.0
				1)	inci	361	388	3.5114298E-4
			6)	ina	0	0	0.0
				1)	inan	414	361	3.2670778E-4
				2)	inar	799	231	2.0905677E-4
				3)	inad	876	215	1.9457666E-4
				4)	inal	881	213	1.9276663E-4
			7)	ins	0	0	0.0
				1)	inst	420	358	3.2399275E-4
		7)	ié	0	0	0.0
			1)	ién	0	0	0.0
				1)	ién_	81	945	8.5523224E-4
		8)	iv	0	0	0.0
			1)	iva	0	0	0.0
				1)	iva_	119	769	6.9595093E-4
				2)	ivas	547	305	2.7602733E-4
			2)	ivo	0	0	0.0
				1)	ivo_	261	474	4.2897364E-4
				2)	ivos	378	379	3.429979E-4
		9)	ia	0	0	0.0
			1)	ias	0	0	0.0
				1)	ias_	121	767	6.941409E-4
			2)	ial	0	0	0.0
				1)	ial_	192	571	5.167594E-4
				2)	iale	884	212	1.9186163E-4
			3)	iac	0	0	0.0
				1)	iaci	412	363	3.2851778E-4
			4)	iat	0	0	0.0
				1)	iati	600	284	2.5702218E-4
			5)	iad	0	0	0.0
				1)	iado	643	275	2.488771E-4
		10)	im	0	0	0.0
			1)	imp	0	0	0.0
				1)	impo	142	676	6.117852E-4
			2)	imi	0	0	0.0
				1)	imie	286	448	4.0544345E-4
			3)	ime	0	0	0.0
				1)	imer	498	324	2.932225E-4
				2)	imen	759	242	2.1901185E-4
			4)	imo	0	0	0.0
				1)	imos	527	311	2.8145738E-4
				2)	imo_	688	262	2.37112E-4
		11)	it	0	0	0.0
			1)	ita	0	0	0.0
				1)	itar	202	558	5.049943E-4
			2)	ito	0	0	0.0
				1)	ito_	348	395	3.5747804E-4
			3)	iti	0	0	0.0
				1)	itiv	765	240	2.1720184E-4
			4)	itu	0	0	0.0
				1)	itua	852	220	1.9910169E-4
				2)	ituc	899	209	1.8914661E-4
		12)	is	0	0	0.0
			1)	ist	0	0	0.0
				1)	iste	208	547	4.950392E-4
				2)	ista	320	417	3.773882E-4
			2)	ism	0	0	0.0
				1)	ismo	248	488	4.4164376E-4
			3)	isi	0	0	0.0
				1)	isió	449	347	3.1403766E-4
				2)	isie	737	248	2.244419E-4
			4)	isl	0	0	0.0
				1)	isla	916	205	1.8552657E-4
			5)	isp	0	0	0.0
				1)	ispo	930	201	1.8190654E-4
		13)	if	0	0	0.0
			1)	ifi	0	0	0.0
				1)	ific	209	546	4.941342E-4
		14)	il	0	0	0.0
			1)	ili	0	0	0.0
				1)	ilid	218	532	4.8146409E-4
		15)	ib	0	0	0.0
			1)	ibl	0	0	0.0
				1)	ible	272	464	4.1992357E-4
			2)	ibi	0	0	0.0
				1)	ibil	820	226	2.0453174E-4
		16)	iz	0	0	0.0
			1)	iza	0	0	0.0
				1)	izac	307	425	3.8462828E-4
				2)	izar	490	328	2.968425E-4
				3)	izad	875	215	1.9457666E-4
		17)	ir	0	0	0.0
			1)	ire	0	0	0.0
				1)	irec	372	383	3.4661795E-4
		18)	iu	0	0	0.0
			1)	iud	0	0	0.0
				1)	iuda	435	351	3.176577E-4
		19)	ip	0	0	0.0
			1)	ipi	0	0	0.0
				1)	ipio	687	262	2.37112E-4
		20)	ig	0	0	0.0
			1)	igu	0	0	0.0
				1)	igua	857	219	1.9819668E-4
	2)	c	0	0	0.0
		1)	ci	0	0	0.0
			1)	ció	0	0	0.0
				1)	ción	2	5544	0.0050173625
			2)	cio	0	0	0.0
				1)	cion	12	2456	0.0022226989
				2)	cio_	510	319	2.8869745E-4
				3)	cios	727	251	2.2715692E-4
			3)	cia	0	0	0.0
				1)	cia_	24	1679	0.0015195078
				2)	cial	110	805	7.2853116E-4
				3)	cias	269	467	4.2263858E-4
				4)	ciat	610	283	2.5611717E-4
			4)	cie	0	0	0.0
				1)	cien	264	470	4.2535362E-4
				2)	cier	528	311	2.8145738E-4
			5)	cir	0	0	0.0
				1)	cir_	382	377	3.411879E-4
			6)	ciu	0	0	0.0
				1)	ciud	436	351	3.176577E-4
			7)	cip	0	0	0.0
				1)	cipi	667	268	2.4254205E-4
				2)	cipa	763	241	2.1810686E-4
			8)	cis	0	0	0.0
				1)	cisi	734	249	2.2534691E-4
			9)	cit	0	0	0.0
				1)	cita	865	218	1.9729168E-4
			10)	cid	0	0	0.0
				1)	cido	885	212	1.9186163E-4
			11)	cim	0	0	0.0
				1)	cimi	919	205	1.8552657E-4
		2)	co	0	0	0.0
			1)	con	0	0	0.0
				1)	cons	48	1233	0.0011158745
				2)	cont	51	1154	0.0010443788
				3)	conc	206	551	4.986592E-4
				4)	cono	439	350	3.1675267E-4
				5)	conf	548	305	2.7602733E-4
				6)	cond	609	283	2.5611717E-4
				7)	conó	620	282	2.5521216E-4
				8)	conv	696	260	2.35302E-4
			2)	com	0	0	0.0
				1)	comp	61	1085	9.819333E-4
				2)	comu	268	467	4.2263858E-4
				3)	come	847	221	2.000067E-4
			3)	cos	0	0	0.0
				1)	cos_	251	486	4.3983373E-4
			4)	col	0	0	0.0
				1)	cole	723	252	2.2806194E-4
		3)	ch	0	0	0.0
			1)	cho	0	0	0.0
				1)	cho_	145	668	6.045451E-4
			2)	cha	0	0	0.0
				1)	cha_	601	284	2.5702218E-4
		4)	ct	0	0	0.0
			1)	cto	0	0	0.0
				1)	cto_	178	585	5.2942947E-4
				2)	ctor	446	349	3.158477E-4
				3)	ctos	459	344	3.1132266E-4
			2)	cti	0	0	0.0
				1)	ctiv	188	574	5.194744E-4
			3)	ctu	0	0	0.0
				1)	ctua	582	292	2.6426226E-4
				2)	ctur	810	229	2.0724676E-4
		5)	cc	0	0	0.0
			1)	cci	0	0	0.0
				1)	cció	190	573	5.185694E-4
		6)	ca	0	0	0.0
			1)	cac	0	0	0.0
				1)	caci	212	540	4.887041E-4
			2)	cas	0	0	0.0
				1)	cas_	247	490	4.4345375E-4
				2)	caso	529	310	2.8055237E-4
			3)	cad	0	0	0.0
				1)	cado	255	478	4.3259366E-4
			4)	car	0	0	0.0
				1)	car_	724	252	2.2806194E-4
			5)	cam	0	0	0.0
				1)	camb	848	221	2.000067E-4
		7)	cu	0	0	0.0
			1)	cue	0	0	0.0
				1)	cuen	257	477	4.3168868E-4
				2)	cues	337	404	3.656231E-4
				3)	cuer	537	308	2.7874237E-4
			2)	cul	0	0	0.0
				1)	cula	504	322	2.9141246E-4
				2)	culo	518	316	2.8598242E-4
				3)	cult	533	309	2.796474E-4
			3)	cup	0	0	0.0
				1)	cupa	918	205	1.8552657E-4
		8)	cl	0	0	0.0
			1)	cla	0	0	0.0
				1)	clar	293	438	3.9639336E-4
		9)	ce	0	0	0.0
			1)	ces	0	0	0.0
				1)	cesa	472	339	3.067976E-4
				2)	cesi	506	321	2.9050745E-4
				3)	ces_	787	233	2.1086678E-4
				4)	ceso	821	226	2.0453174E-4
			2)	cer	0	0	0.0
				1)	cer_	478	336	3.0408258E-4
			3)	cen	0	0	0.0
				1)	cent	679	265	2.3982703E-4
			4)	cep	0	0	0.0
				1)	cept	878	215	1.9457666E-4
		10)	cr	0	0	0.0
			1)	cre	0	0	0.0
				1)	creo	584	291	2.6335724E-4
				2)	crea	864	218	1.9729168E-4
	3)	e	0	0	0.0
		1)	en	0	0	0.0
			1)	ent	0	0	0.0
				1)	ente	3	4319	0.0039087282
				2)	enta	26	1659	0.0015014077
				3)	ento	29	1650	0.0014932627
				4)	entr	321	417	3.773882E-4
				5)	enti	654	273	2.470671E-4
			2)	enc	0	0	0.0
				1)	enci	19	1985	0.0017964402
			3)	end	0	0	0.0
				1)	enda	292	438	3.9639336E-4
				2)	endo	410	364	3.294228E-4
				3)	ende	438	350	3.1675267E-4
			4)	ene	0	0	0.0
				1)	ener	295	436	3.9458336E-4
			5)	enm	0	0	0.0
				1)	enmi	639	276	2.497821E-4
			6)	ens	0	0	0.0
				1)	ensa	697	259	2.3439698E-4
			7)	eni	0	0	0.0
				1)	enid	722	252	2.2806194E-4
		2)	es	0	0	0.0
			1)	est	0	0	0.0
				1)	esta	39	1423	0.0012878259
				2)	esti	103	819	7.412013E-4
				3)	está	189	573	5.185694E-4
				4)	esto	220	530	4.7965406E-4
				5)	estr	256	477	4.3168868E-4
			2)	esp	0	0	0.0
				1)	espe	65	1071	9.692632E-4
				2)	espo	329	408	3.6924312E-4
			3)	esa	0	0	0.0
				1)	esar	97	833	7.538714E-4
				2)	esas	805	230	2.0815176E-4
			4)	ese	0	0	0.0
				1)	esen	135	692	6.262653E-4
			5)	eso	0	0	0.0
				1)	eso_	702	257	2.3258697E-4
			6)	esi	0	0	0.0
				1)	esid	752	244	2.2082188E-4
				2)	esió	859	219	1.9819668E-4
			7)	esu	0	0	0.0
				1)	esul	768	239	2.1629683E-4
		3)	em	0	0	0.0
			1)	emo	0	0	0.0
				1)	emos	46	1254	0.0011348797
			2)	emb	0	0	0.0
				1)	embr	222	529	4.7874908E-4
				2)	emba	718	253	2.2896694E-4
			3)	ema	0	0	0.0
				1)	ema_	243	498	4.5069383E-4
				2)	emas	376	380	3.439029E-4
			4)	eme	0	0	0.0
				1)	emen	250	487	4.4073875E-4
			5)	emp	0	0	0.0
				1)	empr	385	376	3.402829E-4
				2)	empl	475	337	3.049876E-4
			6)	emá	0	0	0.0
				1)	emás	801	231	2.0905677E-4
		4)	eñ	0	0	0.0
			1)	eño	0	0	0.0
				1)	eñor	67	1061	9.6021313E-4
		5)	ec	0	0	0.0
			1)	ect	0	0	0.0
				1)	ecto	75	993	8.986726E-4
				2)	ecti	380	378	3.420929E-4
				3)	ecta	538	307	2.7783736E-4
			2)	ece	0	0	0.0
				1)	eces	139	684	6.1902526E-4
				2)	ece_	640	276	2.497821E-4
				3)	ecer	772	236	2.135818E-4
			3)	ech	0	0	0.0
				1)	echo	166	609	5.5114966E-4
				2)	echa	928	202	1.8281155E-4
			4)	eco	0	0	0.0
				1)	econ	187	574	5.194744E-4
			5)	eci	0	0	0.0
				1)	ecis	326	411	3.7195816E-4
				2)	ecir	426	355	3.2127774E-4
				3)	ecia	742	247	2.235369E-4
				4)	ecid	877	215	1.9457666E-4
			6)	ecc	0	0	0.0
				1)	ecci	644	275	2.488771E-4
			7)	ecu	0	0	0.0
				1)	ecue	792	232	2.0996179E-4
		6)	er	0	0	0.0
			1)	era	0	0	0.0
				1)	era_	77	973	8.805725E-4
				2)	erac	653	273	2.470671E-4
				3)	eral	863	218	1.9729168E-4
				4)	erar	917	205	1.8552657E-4
			2)	ero	0	0	0.0
				1)	ero_	128	719	6.5070053E-4
				2)	eros	703	257	2.3258697E-4
			3)	erc	0	0	0.0
				1)	erca	316	419	3.7919823E-4
			4)	ere	0	0	0.0
				1)	eren	335	406	3.6743312E-4
				2)	erec	468	341	3.0860762E-4
				3)	eres	762	241	2.1810686E-4
			5)	erí	0	0	0.0
				1)	ería	370	386	3.4933296E-4
			6)	eri	0	0	0.0
				1)	erio	416	360	3.2580277E-4
				2)	eria	704	257	2.3258697E-4
			7)	erm	0	0	0.0
				1)	ermi	454	345	3.1222764E-4
			8)	erd	0	0	0.0
				1)	erdo	597	285	2.579272E-4
			9)	ers	0	0	0.0
				1)	erso	711	255	2.3077696E-4
			10)	ert	0	0	0.0
				1)	erta	733	249	2.2534691E-4
			11)	ern	0	0	0.0
				1)	erna	766	240	2.1720184E-4
		7)	eu	0	0	0.0
			1)	eur	0	0	0.0
				1)	euro	143	674	6.099752E-4
		8)	et	0	0	0.0
			1)	ete	0	0	0.0
				1)	eten	291	438	3.9639336E-4
			2)	eti	0	0	0.0
				1)	etiv	587	290	2.6245223E-4
		9)	eg	0	0	0.0
			1)	egu	0	0	0.0
				1)	egur	299	433	3.9186832E-4
				2)	egun	304	426	3.8553326E-4
			2)	egi	0	0	0.0
				1)	egio	371	385	3.4842794E-4
		10)	eb	0	0	0.0
			1)	ebe	0	0	0.0
				1)	ebe_	318	418	3.7829322E-4
				2)	eber	659	272	2.461621E-4
				3)	ebem	684	264	2.3892203E-4
			2)	eba	0	0	0.0
				1)	ebat	393	371	3.3575785E-4
		11)	ed	0	0	0.0
			1)	edi	0	0	0.0
				1)	edid	425	355	3.2127774E-4
				2)	edio	493	325	2.941275E-4
			2)	eda	0	0	0.0
				1)	edad	906	207	1.8733658E-4
		12)	el	0	0	0.0
			1)	ell	0	0	0.0
				1)	ello	592	288	2.606422E-4
			2)	ela	0	0	0.0
				1)	elac	818	227	2.0543674E-4
		13)	ea	0	0	0.0
			1)	eal	0	0	0.0
				1)	eali	619	282	2.5521216E-4
		14)	ef	0	0	0.0
			1)	efi	0	0	0.0
				1)	efic	621	281	2.5430715E-4
			2)	efo	0	0	0.0
				1)	efor	693	261	2.3620701E-4
			3)	efe	0	0	0.0
				1)	efec	925	203	1.8371656E-4
		15)	ej	0	0	0.0
			1)	ejo	0	0	0.0
				1)	ejor	675	266	2.4073204E-4
		16)	ex	0	0	0.0
			1)	exi	0	0	0.0
				1)	exis	689	262	2.37112E-4
	4)	n	0	0	0.0
		1)	nt	0	0	0.0
			1)	nte	0	0	0.0
				1)	nte_	4	4251	0.0038471876
				2)	nter	71	1021	9.2401286E-4
				3)	ntes	80	962	8.706174E-4
				4)	nten	290	438	3.9639336E-4
			2)	nto	0	0	0.0
				1)	nto_	23	1850	0.0016742642
				2)	ntos	161	637	5.764899E-4
			3)	ntr	0	0	0.0
				1)	ntra	203	556	5.031843E-4
				2)	ntro	403	368	3.3304282E-4
			4)	nta	0	0	0.0
				1)	ntar	211	540	4.887041E-4
				2)	nta_	275	461	4.1720853E-4
				3)	ntal	524	313	2.832674E-4
				4)	ntad	636	276	2.497821E-4
			5)	nti	0	0	0.0
				1)	ntid	840	222	2.009117E-4
		2)	ne	0	0	0.0
			1)	nes	0	0	0.0
				1)	nes_	10	2608	0.00236026
			2)	nec	0	0	0.0
				1)	nece	163	616	5.5748475E-4
			3)	ner	0	0	0.0
				1)	nera	465	342	3.0951263E-4
				2)	ner_	845	221	2.000067E-4
			4)	nen	0	0	0.0
				1)	nent	804	230	2.0815176E-4
		3)	nc	0	0	0.0
			1)	nci	0	0	0.0
				1)	ncia	20	1983	0.0017946302
				2)	ncio	353	393	3.5566802E-4
				3)	ncip	470	340	3.077026E-4
				4)	nció	575	295	2.6697727E-4
				5)	ncie	698	258	2.3349198E-4
			2)	ncl	0	0	0.0
				1)	nclu	631	278	2.5159214E-4
		4)	nd	0	0	0.0
			1)	ndo	0	0	0.0
				1)	ndo_	54	1138	0.0010298988
			2)	nda	0	0	0.0
				1)	nda_	662	270	2.4435206E-4
				2)	ndam	798	231	2.0905677E-4
				3)	ndas	938	200	1.8100154E-4
			3)	ndi	0	0	0.0
				1)	ndic	716	254	2.2987195E-4
		5)	nf	0	0	0.0
			1)	nfo	0	0	0.0
				1)	nfor	120	768	6.950459E-4
		6)	no	0	0	0.0
			1)	nos	0	0	0.0
				1)	nos_	126	735	6.651806E-4
			2)	nor	0	0	0.0
				1)	norm	755	243	2.1991687E-4
		7)	na	0	0	0.0
			1)	nac	0	0	0.0
				1)	naci	176	587	5.312395E-4
			2)	nal	0	0	0.0
				1)	nal_	216	534	4.832741E-4
				2)	nale	375	381	3.4480792E-4
			3)	nas	0	0	0.0
				1)	nas_	273	462	4.1811354E-4
			4)	nan	0	0	0.0
				1)	nanc	502	322	2.9141246E-4
			5)	nar	0	0	0.0
				1)	nar_	677	265	2.3982703E-4
			6)	nad	0	0	0.0
				1)	nado	739	247	2.235369E-4
		8)	nu	0	0	0.0
			1)	nue	0	0	0.0
				1)	nuev	260	474	4.2897364E-4
		9)	ni	0	0	0.0
			1)	nic	0	0	0.0
				1)	nici	317	418	3.7829322E-4
				2)	nica	751	244	2.2082188E-4
			2)	nit	0	0	0.0
				1)	nita	638	276	2.497821E-4
			3)	nid	0	0	0.0
				1)	nida	758	242	2.1901185E-4
				2)	nido	844	221	2.000067E-4
		10)	ns	0	0	0.0
			1)	nsi	0	0	0.0
				1)	nsid	453	345	3.1222764E-4
			2)	nst	0	0	0.0
				1)	nsti	517	316	2.8598242E-4
				2)	nstr	816	228	2.0634175E-4
			3)	nsa	0	0	0.0
				1)	nsab	581	293	2.6516724E-4
		11)	nó	0	0	0.0
			1)	nóm	0	0	0.0
				1)	nómi	618	282	2.5521216E-4
		12)	nm	0	0	0.0
			1)	nmi	0	0	0.0
				1)	nmie	637	276	2.497821E-4
	5)	m	0	0	0.0
		1)	me	0	0	0.0
			1)	men	0	0	0.0
				1)	ment	5	3810	0.0034480793
			2)	med	0	0	0.0
				1)	medi	101	823	7.4482133E-4
			3)	mer	0	0	0.0
				1)	merc	445	349	3.158477E-4
			4)	mej	0	0	0.0
				1)	mejo	672	266	2.4073204E-4
		2)	mo	0	0	0.0
			1)	mos	0	0	0.0
				1)	mos_	11	2513	0.0022742844
		3)	má	0	0	0.0
			1)	más	0	0	0.0
				1)	más_	43	1331	0.0012045652
		4)	mi	0	0	0.0
			1)	mie	0	0	0.0
				1)	mien	68	1051	9.5116306E-4
				2)	miem	271	464	4.1992357E-4
			2)	min	0	0	0.0
				1)	mina	322	416	3.764832E-4
			3)	mis	0	0	0.0
				1)	mism	336	404	3.656231E-4
		5)	mb	0	0	0.0
			1)	mbi	0	0	0.0
				1)	mbié	86	899	8.136019E-4
				2)	mbit	775	235	2.1267681E-4
				3)	mbie	889	211	1.9095662E-4
			2)	mbr	0	0	0.0
				1)	mbro	265	468	4.235436E-4
				2)	mbre	710	255	2.3077696E-4
			3)	mba	0	0	0.0
				1)	mbar	707	256	2.3168196E-4
		6)	ma	0	0	0.0
			1)	mas	0	0	0.0
				1)	mas_	111	795	7.194811E-4
			2)	may	0	0	0.0
				1)	mayo	509	319	2.8869745E-4
			3)	mar	0	0	0.0
				1)	marc	732	249	2.2534691E-4
			4)	mac	0	0	0.0
				1)	maci	740	247	2.235369E-4
			5)	mat	0	0	0.0
				1)	mate	898	209	1.8914661E-4
			6)	man	0	0	0.0
				1)	mane	924	203	1.8371656E-4
		7)	mp	0	0	0.0
			1)	mpo	0	0	0.0
				1)	mpor	164	610	5.5205467E-4
			2)	mpr	0	0	0.0
				1)	mpre	231	512	4.6336392E-4
			3)	mpl	0	0	0.0
				1)	mpli	309	424	3.8372327E-4
				2)	mple	536	308	2.7874237E-4
			4)	mpe	0	0	0.0
				1)	mpet	347	396	3.5838305E-4
		8)	mu	0	0	0.0
			1)	mun	0	0	0.0
				1)	muni	282	452	4.0906348E-4
	6)	_	0	0	0.0
		1)	_c	0	0	0.0
			1)	_co	0	0	0.0
				1)	_con	6	3806	0.0034444593
				2)	_com	17	2045	0.0018507408
				3)	_col	477	337	3.049876E-4
				4)	_cos	603	284	2.5702218E-4
				5)	_cor	713	254	2.2987195E-4
			2)	_cr	0	0	0.0
				1)	_cre	150	661	5.982101E-4
			3)	_cu	0	0	0.0
				1)	_cue	167	609	5.5114966E-4
				2)	_cua	386	376	3.402829E-4
			4)	_ca	0	0	0.0
				1)	_cas	367	387	3.5023797E-4
				2)	_cam	550	304	2.7512232E-4
				3)	_car	576	295	2.6697727E-4
				4)	_cap	895	210	1.900516E-4
			5)	_cl	0	0	0.0
				1)	_cla	462	344	3.1132266E-4
			6)	_ci	0	0	0.0
				1)	_ciu	479	336	3.0408258E-4
		2)	_p	0	0	0.0
			1)	_pr	0	0	0.0
				1)	_pro	8	3185	0.0028824494
				2)	_pre	22	1875	0.0016968894
				3)	_pri	102	823	7.4482133E-4
			2)	_pa	0	0	0.0
				1)	_par	47	1239	0.0011213045
				2)	_paí	305	426	3.8553326E-4
				3)	_pas	663	270	2.4435206E-4
			3)	_pe	0	0	0.0
				1)	_per	74	997	9.0229267E-4
			4)	_po	0	0	0.0
				1)	_pol	93	864	7.819266E-4
				2)	_pos	156	649	5.8735E-4
				3)	_pod	424	356	3.2218272E-4
				4)	_pon	521	315	2.8507743E-4
			5)	_pu	0	0	0.0
				1)	_pue	175	588	5.321445E-4
				2)	_pun	484	334	3.0227256E-4
			6)	_pl	0	0	0.0
				1)	_pla	323	415	3.7557818E-4
		3)	_e	0	0	0.0
			1)	_es	0	0	0.0
				1)	_est	25	1675	0.0015158879
				2)	_esp	124	742	6.715157E-4
				3)	_esc	783	234	2.117718E-4
			2)	_eu	0	0	0.0
				1)	_eur	147	663	6.000201E-4
			3)	_ex	0	0	0.0
				1)	_exp	279	460	4.1630352E-4
				2)	_exi	355	392	3.54763E-4
				3)	_ext	819	227	2.0543674E-4
				4)	_exc	853	220	1.9910169E-4
			4)	_ec	0	0	0.0
				1)	_eco	308	425	3.8462828E-4
			5)	_em	0	0	0.0
				1)	_emp	324	412	3.7286317E-4
				2)	_emb	726	252	2.2806194E-4
			6)	_ej	0	0	0.0
				1)	_eje	523	314	2.8417242E-4
			7)	_en	0	0	0.0
				1)	_enm	598	285	2.579272E-4
				2)	_ent	649	274	2.4797212E-4
				3)	_enc	681	265	2.3982703E-4
			8)	_el	0	0	0.0
				1)	_ell	613	283	2.5611717E-4
				2)	_ele	728	251	2.2715692E-4
		4)	_d	0	0	0.0
			1)	_de	0	0	0.0
				1)	_deb	28	1652	0.0014950727
				2)	_des	35	1459	0.0013204062
				3)	_dec	95	834	7.547764E-4
				4)	_dem	241	500	4.5250385E-4
				5)	_der	455	345	3.1222764E-4
				6)	_def	832	224	2.0272173E-4
			2)	_di	0	0	0.0
				1)	_dis	148	662	5.991151E-4
				2)	_dir	277	461	4.1720853E-4
				3)	_dic	311	423	3.8281825E-4
				4)	_dif	520	316	2.8598242E-4
			3)	_dí	0	0	0.0
				1)	_día	910	207	1.8733658E-4
		5)	_r	0	0	0.0
			1)	_re	0	0	0.0
				1)	_res	31	1552	0.0014045719
				2)	_rec	82	940	8.5070723E-4
				3)	_reg	136	687	6.217403E-4
				4)	_ref	152	653	5.9097004E-4
				5)	_rea	253	484	4.380237E-4
				6)	_rel	263	473	4.2806863E-4
				7)	_rep	481	335	3.0317757E-4
		6)	_s	0	0	0.0
			1)	_se	0	0	0.0
				1)	_señ	50	1190	0.0010769592
				2)	_seg	129	719	6.5070053E-4
				3)	_ser	179	584	5.285245E-4
				4)	_sen	488	331	2.9955755E-4
				5)	_sea	540	307	2.7783736E-4
			2)	_so	0	0	0.0
				1)	_soc	345	398	3.6019305E-4
				2)	_sol	645	275	2.488771E-4
			3)	_si	0	0	0.0
				1)	_sin	473	339	3.067976E-4
				2)	_sig	670	267	2.4163706E-4
				3)	_sid	680	265	2.3982703E-4
				4)	_sit	794	232	2.0996179E-4
			4)	_só	0	0	0.0
				1)	_sól	476	337	3.049876E-4
			5)	_su	0	0	0.0
				1)	_sup	788	233	2.1086678E-4
		7)	_i	0	0	0.0
			1)	_in	0	0	0.0
				1)	_int	53	1144	0.0010353288
				2)	_inf	112	794	7.185761E-4
				3)	_ins	219	532	4.8146409E-4
				4)	_inc	366	387	3.5023797E-4
				5)	_ini	392	372	3.3666287E-4
				6)	_ind	417	360	3.2580277E-4
			2)	_im	0	0	0.0
				1)	_imp	70	1027	9.294429E-4
		8)	_t	0	0	0.0
			1)	_tr	0	0	0.0
				1)	_tra	57	1133	0.0010253737
			2)	_ta	0	0	0.0
				1)	_tam	79	965	8.7333244E-4
			3)	_te	0	0	0.0
				1)	_ten	344	398	3.6019305E-4
				2)	_tem	487	331	2.9955755E-4
				3)	_ter	539	307	2.7783736E-4
		9)	_m	0	0	0.0
			1)	_má	0	0	0.0
				1)	_más	59	1092	9.882684E-4
			2)	_me	0	0	0.0
				1)	_med	117	773	6.995709E-4
				2)	_mer	471	340	3.077026E-4
				3)	_mej	676	266	2.4073204E-4
			3)	_ma	0	0	0.0
				1)	_man	227	518	4.6879397E-4
				2)	_mar	341	401	3.629081E-4
				3)	_may	511	319	2.8869745E-4
				4)	_mat	872	216	1.9548165E-4
			4)	_mi	0	0	0.0
				1)	_mie	252	485	4.3892872E-4
				2)	_mis	404	367	3.3213783E-4
			5)	_mo	0	0	0.0
				1)	_mod	767	240	2.1720184E-4
		10)	_q	0	0	0.0
			1)	_qu	0	0	0.0
				1)	_qui	125	737	6.6699064E-4
				2)	_que	447	348	3.1494268E-4
				3)	_qué	841	222	2.009117E-4
		11)	_g	0	0	0.0
			1)	_gr	0	0	0.0
				1)	_gra	181	582	5.267145E-4
			2)	_ge	0	0	0.0
				1)	_gen	738	248	2.244419E-4
		12)	_n	0	0	0.0
			1)	_ne	0	0	0.0
				1)	_nec	186	575	5.203794E-4
			2)	_nu	0	0	0.0
				1)	_nue	262	474	4.2897364E-4
			3)	_na	0	0	0.0
				1)	_nac	743	247	2.235369E-4
			4)	_no	0	0	0.0
				1)	_nor	921	205	1.8552657E-4
		13)	_h	0	0	0.0
			1)	_ha	0	0	0.0
				1)	_han	198	563	5.095193E-4
				2)	_hab	215	535	4.841791E-4
				3)	_hac	831	224	2.0272173E-4
			2)	_he	0	0	0.0
				1)	_hec	522	315	2.8507743E-4
				2)	_hem	561	300	2.715023E-4
			3)	_ho	0	0	0.0
				1)	_hoy	803	231	2.0905677E-4
		14)	_f	0	0	0.0
			1)	_fi	0	0	0.0
				1)	_fin	230	515	4.6607896E-4
			2)	_fo	0	0	0.0
				1)	_for	245	493	4.461688E-4
			3)	_fu	0	0	0.0
				1)	_fun	302	431	3.900583E-4
				2)	_fue	934	201	1.8190654E-4
		15)	_a	0	0	0.0
			1)	_ac	0	0	0.0
				1)	_act	236	503	4.5521886E-4
				2)	_acu	628	279	2.5249715E-4
				3)	_ace	720	253	2.2896694E-4
				4)	_acc	736	249	2.2534691E-4
			2)	_ap	0	0	0.0
				1)	_apl	343	399	3.6109806E-4
				2)	_apr	405	367	3.3213783E-4
				3)	_apo	515	317	2.8688743E-4
			3)	_añ	0	0	0.0
				1)	_año	400	369	3.3394783E-4
			4)	_ay	0	0	0.0
				1)	_ayu	432	352	3.185627E-4
			5)	_au	0	0	0.0
				1)	_aut	486	332	3.0046256E-4
			6)	_as	0	0	0.0
				1)	_así	495	325	2.941275E-4
				2)	_asu	624	280	2.5340216E-4
			7)	_ah	0	0	0.0
				1)	_aho	557	301	2.724073E-4
			8)	_ad	0	0	0.0
				1)	_ade	627	279	2.5249715E-4
			9)	_am	0	0	0.0
				1)	_amp	650	274	2.4797212E-4
			10)	_aq	0	0	0.0
				1)	_aqu	866	218	1.9729168E-4
			11)	_ag	0	0	0.0
				1)	_agr	867	218	1.9729168E-4
			12)	_an	0	0	0.0
				1)	_ant	911	207	1.8733658E-4
		16)	_o	0	0	0.0
			1)	_ob	0	0	0.0
				1)	_obj	437	351	3.176577E-4
				2)	_obs	699	258	2.3349198E-4
			2)	_op	0	0	0.0
				1)	_opi	871	216	1.9548165E-4
		17)	_l	0	0	0.0
			1)	_lu	0	0	0.0
				1)	_lug	461	344	3.1132266E-4
			2)	_ll	0	0	0.0
				1)	_lle	543	306	2.7693235E-4
			3)	_le	0	0	0.0
				1)	_leg	725	252	2.2806194E-4
			4)	_li	0	0	0.0
				1)	_lib	822	226	2.0453174E-4
		18)	_u	0	0	0.0
			1)	_us	0	0	0.0
				1)	_ust	591	289	2.6154722E-4
		19)	_v	0	0	0.0
			1)	_ve	0	0	0.0
				1)	_vez	750	245	2.2172688E-4
				2)	_ver	837	223	2.0181671E-4
			2)	_vo	0	0	0.0
				1)	_vot	782	234	2.117718E-4
			3)	_vi	0	0	0.0
				1)	_vis	836	223	2.0181671E-4
		20)	_ú	0	0	0.0
			1)	_úl	0	0	0.0
				1)	_últ	756	243	2.1991687E-4
		21)	_á	0	0	0.0
			1)	_ám	0	0	0.0
				1)	_ámb	778	235	2.1267681E-4
		22)	_j	0	0	0.0
			1)	_ju	0	0	0.0
				1)	_jus	909	207	1.8733658E-4
		23)	_b	0	0	0.0
			1)	_bu	0	0	0.0
				1)	_bue	923	204	1.8462156E-4
	7)	a	0	0	0.0
		1)	ac	0	0	0.0
			1)	aci	0	0	0.0
				1)	ació	7	3743	0.0033874437
				2)	acio	42	1338	0.0012109003
				3)	acia	395	370	3.3485284E-4
			2)	acc	0	0	0.0
				1)	acci	552	303	2.7421734E-4
			3)	act	0	0	0.0
				1)	actu	596	286	2.588322E-4
				2)	acti	908	207	1.8733658E-4
			4)	acu	0	0	0.0
				1)	acue	712	255	2.3077696E-4
			5)	ace	0	0	0.0
				1)	acer	887	212	1.9186163E-4
		2)	ad	0	0	0.0
			1)	ado	0	0	0.0
				1)	ado_	9	2657	0.0024046055
				2)	ados	72	1018	9.212978E-4
				3)	ador	549	304	2.7512232E-4
			2)	ada	0	0	0.0
				1)	ada_	123	752	6.805658E-4
				2)	adas	229	515	4.6607896E-4
				3)	adan	583	292	2.6426226E-4
			3)	ade	0	0	0.0
				1)	ades	195	570	5.158544E-4
		3)	am	0	0	0.0
			1)	ame	0	0	0.0
				1)	amen	21	1942	0.0017575249
			2)	amb	0	0	0.0
				1)	ambi	40	1379	0.0012480055
			3)	amo	0	0	0.0
				1)	amos	84	905	8.1903196E-4
			4)	ama	0	0	0.0
				1)	ama_	469	341	3.0860762E-4
			5)	ami	0	0	0.0
				1)	amie	564	299	2.705973E-4
				2)	amin	920	205	1.8552657E-4
			6)	amp	0	0	0.0
				1)	ampl	661	271	2.4525708E-4
		4)	an	0	0	0.0
			1)	ant	0	0	0.0
				1)	ante	32	1539	0.0013928068
				2)	anti	519	316	2.8598242E-4
			2)	anc	0	0	0.0
				1)	anci	160	641	5.8010995E-4
			3)	and	0	0	0.0
				1)	ando	242	499	4.5159884E-4
			4)	ano	0	0	0.0
				1)	anos	330	408	3.6924312E-4
			5)	anz	0	0	0.0
				1)	anza	690	262	2.37112E-4
			6)	ans	0	0	0.0
				1)	ansp	777	235	2.1267681E-4
			7)	ana	0	0	0.0
				1)	ana_	907	207	1.8733658E-4
		5)	al	0	0	0.0
			1)	ale	0	0	0.0
				1)	ales	36	1450	0.0013122611
			2)	alm	0	0	0.0
				1)	alme	171	598	5.411946E-4
			3)	ali	0	0	0.0
				1)	aliz	310	423	3.8281825E-4
				2)	alid	460	344	3.1132266E-4
		6)	at	0	0	0.0
			1)	ati	0	0	0.0
				1)	ativ	106	816	7.3848624E-4
			2)	ate	0	0	0.0
				1)	ate_	572	296	2.6788228E-4
				2)	ater	811	229	2.0724676E-4
			3)	ata	0	0	0.0
				1)	ata_	933	201	1.8190654E-4
		7)	ab	0	0	0.0
			1)	abl	0	0	0.0
				1)	able	114	786	7.1133603E-4
			2)	abo	0	0	0.0
				1)	abor	573	296	2.6788228E-4
			3)	abi	0	0	0.0
				1)	abil	588	290	2.6245223E-4
		8)	ar	0	0	0.0
			1)	ari	0	0	0.0
				1)	ario	116	776	7.0228596E-4
				2)	aria	185	576	5.212844E-4
			2)	art	0	0	0.0
				1)	arti	225	525	4.7512903E-4
				2)	arte	339	402	3.6381307E-4
			3)	arr	0	0	0.0
				1)	arro	379	379	3.429979E-4
			4)	ars	0	0	0.0
				1)	arse	508	320	2.8960247E-4
			5)	arg	0	0	0.0
				1)	argo	602	284	2.5702218E-4
			6)	are	0	0	0.0
				1)	arec	612	283	2.5611717E-4
			7)	ará	0	0	0.0
				1)	ará_	655	273	2.470671E-4
			8)	arí	0	0	0.0
				1)	aría	830	224	2.0272173E-4
			9)	ara	0	0	0.0
				1)	aran	882	213	1.9276663E-4
		9)	ay	0	0	0.0
			1)	ayu	0	0	0.0
				1)	ayud	440	350	3.1675267E-4
			2)	ayo	0	0	0.0
				1)	ayor	535	309	2.796474E-4
		10)	ap	0	0	0.0
			1)	apl	0	0	0.0
				1)	apli	491	328	2.968425E-4
			2)	apr	0	0	0.0
				1)	apro	656	273	2.470671E-4
			3)	apo	0	0	0.0
				1)	apoy	735	249	2.2534691E-4
		11)	as	0	0	0.0
			1)	así	0	0	0.0
				1)	así_	494	325	2.941275E-4
			2)	aso	0	0	0.0
				1)	aso_	526	313	2.832674E-4
			3)	asu	0	0	0.0
				1)	asun	826	225	2.0362673E-4
		12)	ah	0	0	0.0
			1)	aho	0	0	0.0
				1)	ahor	565	299	2.705973E-4
		13)	au	0	0	0.0
			1)	aut	0	0	0.0
				1)	auto	571	296	2.6788228E-4
		14)	aí	0	0	0.0
			1)	aís	0	0	0.0
				1)	aíse	579	294	2.6607225E-4
		15)	añ	0	0	0.0
			1)	año	0	0	0.0
				1)	años	719	253	2.2896694E-4
		16)	av	0	0	0.0
			1)	avo	0	0	0.0
				1)	avor	849	221	2.000067E-4
	8)	o	0	0	0.0
		1)	on	0	0	0.0
			1)	one	0	0	0.0
				1)	ones	13	2431	0.0022000736
				2)	onen	809	229	2.0724676E-4
			2)	ona	0	0	0.0
				1)	onal	118	771	6.977609E-4
				2)	onas	754	243	2.1991687E-4
			3)	ont	0	0	0.0
				1)	ontr	155	651	5.8916E-4
				2)	onte	399	369	3.3394783E-4
			4)	ons	0	0	0.0
				1)	onsi	285	448	4.0544345E-4
				2)	onst	497	324	2.932225E-4
				3)	onse	651	273	2.470671E-4
				4)	onsa	652	273	2.470671E-4
			5)	onó	0	0	0.0
				1)	onóm	617	282	2.5521216E-4
			6)	ono	0	0	0.0
				1)	onoc	879	214	1.9367164E-4
			7)	onc	0	0	0.0
				1)	once	913	206	1.8643159E-4
		2)	or	0	0	0.0
			1)	orm	0	0	0.0
				1)	orma	91	882	7.982168E-4
				2)	orme	151	659	5.9640006E-4
			2)	ora	0	0	0.0
				1)	ora_	127	726	6.5703556E-4
			3)	ort	0	0	0.0
				1)	orta	132	709	6.4165046E-4
				2)	ortu	850	220	1.9910169E-4
			4)	ore	0	0	0.0
				1)	ores	137	685	6.199303E-4
			5)	ord	0	0	0.0
				1)	orda	915	205	1.8552657E-4
			6)	orí	0	0	0.0
				1)	oría	922	204	1.8462156E-4
		3)	ol	0	0	0.0
			1)	olí	0	0	0.0
				1)	olít	99	831	7.520614E-4
			2)	olu	0	0	0.0
				1)	oluc	559	300	2.715023E-4
			3)	oll	0	0	0.0
				1)	ollo	630	278	2.5159214E-4
			4)	ole	0	0	0.0
				1)	oleg	905	207	1.8733658E-4
		4)	og	0	0	0.0
			1)	ogr	0	0	0.0
				1)	ogra	172	592	5.3576456E-4
		5)	om	0	0	0.0
			1)	omu	0	0	0.0
				1)	omun	267	467	4.2263858E-4
			2)	omp	0	0	0.0
				1)	ompe	315	419	3.7919823E-4
				2)	ompr	568	298	2.6969227E-4
			3)	ome	0	0	0.0
				1)	omen	340	401	3.629081E-4
			4)	omi	0	0	0.0
				1)	omis	856	219	1.9819668E-4
			5)	omb	0	0	0.0
				1)	ombr	904	207	1.8733658E-4
		6)	op	0	0	0.0
			1)	opu	0	0	0.0
				1)	opue	280	458	4.1449352E-4
			2)	ope	0	0	0.0
				1)	opea	594	286	2.588322E-4
				2)	opeo	658	272	2.461621E-4
				3)	oper	927	202	1.8281155E-4
			3)	opi	0	0	0.0
				1)	opin	869	217	1.9638667E-4
		7)	oc	0	0	0.0
			1)	oci	0	0	0.0
				1)	ocia	312	420	3.801032E-4
			2)	ocu	0	0	0.0
				1)	ocup	880	213	1.9276663E-4
			3)	oce	0	0	0.0
				1)	oced	893	210	1.900516E-4
		8)	os	0	0	0.0
			1)	osi	0	0	0.0
				1)	osib	413	362	3.2761277E-4
				2)	osic	616	282	2.5521216E-4
		9)	ob	0	0	0.0
			1)	obj	0	0	0.0
				1)	obje	434	351	3.176577E-4
			2)	obl	0	0	0.0
				1)	oble	482	334	3.0227256E-4
		10)	od	0	0	0.0
			1)	odu	0	0	0.0
				1)	oduc	669	267	2.4163706E-4
		11)	oy	0	0	0.0
			1)	oye	0	0	0.0
				1)	oyec	808	229	2.0724676E-4
	9)	d	0	0	0.0
		1)	da	0	0	0.0
			1)	dad	0	0	0.0
				1)	dad_	16	2065	0.0018688409
				2)	dade	214	538	4.8689413E-4
				3)	dada	503	322	2.9141246E-4
			2)	das	0	0	0.0
				1)	das_	44	1319	0.0011937051
			3)	dam	0	0	0.0
				1)	dame	334	407	3.6833814E-4
			4)	dar	0	0	0.0
				1)	dar_	391	372	3.3666287E-4
			5)	dan	0	0	0.0
				1)	dano	705	257	2.3258697E-4
		2)	do	0	0	0.0
			1)	dos	0	0	0.0
				1)	dos_	37	1448	0.0013104511
			2)	dor	0	0	0.0
				1)	dore	870	217	1.9638667E-4
		3)	de	0	0	0.0
			1)	deb	0	0	0.0
				1)	debe	58	1130	0.0010226587
				2)	deba	373	383	3.4661795E-4
			2)	des	0	0	0.0
				1)	des_	104	819	7.412013E-4
				2)	desa	237	502	4.5431385E-4
				3)	dese	431	352	3.185627E-4
			3)	dec	0	0	0.0
				1)	deci	130	717	6.488905E-4
			4)	der	0	0	0.0
				1)	dera	390	372	3.3666287E-4
				2)	dere	411	364	3.294228E-4
				3)	der_	929	202	1.8281155E-4
			5)	den	0	0	0.0
				1)	dent	595	286	2.588322E-4
				2)	den_	793	232	2.0996179E-4
			6)	dem	0	0	0.0
				1)	demo	633	277	2.5068712E-4
				2)	demá	802	231	2.0905677E-4
		4)	di	0	0	0.0
			1)	did	0	0	0.0
				1)	dida	327	411	3.7195816E-4
				2)	dido	932	201	1.8190654E-4
			2)	dir	0	0	0.0
				1)	dire	360	390	3.52953E-4
			3)	dic	0	0	0.0
				1)	dici	505	321	2.9050745E-4
				2)	dich	569	297	2.687873E-4
				3)	dica	708	256	2.3168196E-4
			4)	dis	0	0	0.0
				1)	disp	590	289	2.6154722E-4
			5)	dif	0	0	0.0
				1)	difi	890	211	1.9095662E-4
	10)	l	0	0	0.0
		1)	le	0	0	0.0
			1)	les	0	0	0.0
				1)	les_	18	2030	0.0018371656
			2)	leg	0	0	0.0
				1)	lega	289	439	3.9729837E-4
				2)	legi	673	266	2.4073204E-4
			3)	lem	0	0	0.0
				1)	lema	513	318	2.8779244E-4
				2)	leme	776	235	2.1267681E-4
		2)	li	0	0	0.0
			1)	lid	0	0	0.0
				1)	lida	78	965	8.7333244E-4
			2)	liz	0	0	0.0
				1)	liza	170	599	5.420996E-4
			3)	lic	0	0	0.0
				1)	lica	177	587	5.312395E-4
				2)	lici	834	223	2.0181671E-4
		3)	lí	0	0	0.0
			1)	lít	0	0	0.0
				1)	líti	96	833	7.538714E-4
		4)	lm	0	0	0.0
			1)	lme	0	0	0.0
				1)	lmen	165	610	5.5205467E-4
		5)	la	0	0	0.0
			1)	lac	0	0	0.0
				1)	laci	201	561	5.077093E-4
			2)	lar	0	0	0.0
				1)	lar_	249	487	4.4073875E-4
				2)	lara	674	266	2.4073204E-4
			3)	lat	0	0	0.0
				1)	lati	607	283	2.5611717E-4
			4)	lan	0	0	0.0
				1)	lant	608	283	2.5611717E-4
			5)	lam	0	0	0.0
				1)	lame	648	274	2.4797212E-4
			6)	lad	0	0	0.0
				1)	lado	701	257	2.3258697E-4
			7)	lab	0	0	0.0
				1)	labo	862	218	1.9729168E-4
		6)	ll	0	0	0.0
			1)	llo	0	0	0.0
				1)	llo_	204	555	5.0227926E-4
		7)	lu	0	0	0.0
			1)	lug	0	0	0.0
				1)	luga	458	344	3.1132266E-4
			2)	luc	0	0	0.0
				1)	luci	546	305	2.7602733E-4
		8)	lo	0	0	0.0
			1)	los	0	0	0.0
				1)	los_	531	309	2.796474E-4
		9)	lt	0	0	0.0
			1)	lti	0	0	0.0
				1)	ltim	730	250	2.2625193E-4
			2)	lta	0	0	0.0
				1)	ltad	851	220	1.9910169E-4
			3)	ltu	0	0	0.0
				1)	ltur	894	210	1.900516E-4
	11)	t	0	0	0.0
		1)	to	0	0	0.0
			1)	tos	0	0	0.0
				1)	tos_	30	1563	0.001414527
			2)	tor	0	0	0.0
				1)	tori	325	411	3.7195816E-4
		2)	te	0	0	0.0
			1)	tes	0	0	0.0
				1)	tes_	52	1152	0.0010425688
			2)	ten	0	0	0.0
				1)	tenc	169	599	5.420996E-4
				2)	tend	574	295	2.6697727E-4
				3)	teni	580	293	2.6516724E-4
			3)	ter	0	0	0.0
				1)	teri	196	569	5.149494E-4
				2)	terr	891	210	1.900516E-4
				3)	tern	897	209	1.8914661E-4
			4)	tem	0	0	0.0
				1)	tema	294	437	3.9548834E-4
			5)	ted	0	0	0.0
				1)	ted_	838	222	2.009117E-4
		3)	ti	0	0	0.0
			1)	tiv	0	0	0.0
				1)	tiva	56	1133	0.0010253737
				2)	tivo	113	788	7.1314606E-4
			2)	tic	0	0	0.0
				1)	tica	66	1063	9.6202316E-4
				2)	tico	356	390	3.52953E-4
				3)	tici	516	316	2.8598242E-4
				4)	ticu	935	201	1.8190654E-4
			3)	tit	0	0	0.0
				1)	titu	368	386	3.4933296E-4
			4)	tió	0	0	0.0
				1)	tión	396	369	3.3394783E-4
			5)	tid	0	0	0.0
				1)	tido	443	349	3.158477E-4
			6)	tir	0	0	0.0
				1)	tir_	615	282	2.5521216E-4
			7)	tim	0	0	0.0
				1)	timo	665	268	2.4254205E-4
				2)	tima	796	231	2.0905677E-4
		4)	ta	0	0	0.0
			1)	tam	0	0	0.0
				1)	tamb	85	899	8.136019E-4
				2)	tame	394	370	3.3485284E-4
			2)	tad	0	0	0.0
				1)	tado	88	887	8.027418E-4
				2)	tada	748	245	2.2172688E-4
			3)	tar	0	0	0.0
				1)	tar_	100	826	7.4753637E-4
				2)	tari	183	579	5.2399945E-4
			4)	tan	0	0	0.0
				1)	tant	140	679	6.145002E-4
				2)	tan_	450	346	3.1313265E-4
				3)	tanc	744	246	2.2263189E-4
			5)	tas	0	0	0.0
				1)	tas_	149	661	5.982101E-4
			6)	tac	0	0	0.0
				1)	taci	240	500	4.5250385E-4
			7)	tab	0	0	0.0
				1)	tabl	377	379	3.429979E-4
			8)	tal	0	0	0.0
				1)	tale	555	301	2.724073E-4
				2)	tal_	605	283	2.5611717E-4
		5)	tu	0	0	0.0
			1)	tur	0	0	0.0
				1)	tura	146	663	6.000201E-4
			2)	tua	0	0	0.0
				1)	tuac	812	228	2.0634175E-4
				2)	tual	823	225	2.0362673E-4
			3)	tuc	0	0	0.0
				1)	tuci	896	209	1.8914661E-4
		6)	tr	0	0	0.0
			1)	tra	0	0	0.0
				1)	tran	239	500	4.5250385E-4
				2)	trat	246	490	4.4345375E-4
				3)	trar	729	250	2.2625193E-4
			2)	tru	0	0	0.0
				1)	truc	604	283	2.5611717E-4
			3)	tro	0	0	0.0
				1)	trol	694	260	2.35302E-4
			4)	tri	0	0	0.0
				1)	trib	760	241	2.1810686E-4
	12)	u	0	0	0.0
		1)	ue	0	0	0.0
			1)	ues	0	0	0.0
				1)	uest	34	1517	0.0013728966
				2)	ues_	873	215	1.9457666E-4
			2)	uen	0	0	0.0
				1)	uent	442	349	3.158477E-4
			3)	uer	0	0	0.0
				1)	uerd	544	305	2.7602733E-4
			4)	ued	0	0	0.0
				1)	ueda	578	294	2.6607225E-4
			5)	uev	0	0	0.0
				1)	uevo	706	256	2.3168196E-4
				2)	ueva	902	207	1.8733658E-4
		2)	un	0	0	0.0
			1)	unt	0	0	0.0
				1)	unto	141	677	6.126902E-4
				2)	unta	429	352	3.185627E-4
			2)	und	0	0	0.0
				1)	unda	466	341	3.0860762E-4
				2)	undo	753	243	2.1991687E-4
			3)	unc	0	0	0.0
				1)	unci	489	330	2.9865254E-4
			4)	uni	0	0	0.0
				1)	unit	691	261	2.3620701E-4
		3)	ur	0	0	0.0
			1)	uro	0	0	0.0
				1)	urop	182	580	5.2490446E-4
				2)	uro_	789	232	2.0996179E-4
			2)	ura	0	0	0.0
				1)	ural	332	407	3.6833814E-4
				2)	ura_	451	345	3.1222764E-4
			3)	uri	0	0	0.0
				1)	urid	629	278	2.5159214E-4
		4)	ui	0	0	0.0
			1)	uie	0	0	0.0
				1)	uier	226	519	4.6969898E-4
			2)	uis	0	0	0.0
				1)	uisi	554	301	2.724073E-4
			3)	uir	0	0	0.0
				1)	uir_	784	233	2.1086678E-4
		5)	uc	0	0	0.0
			1)	uci	0	0	0.0
				1)	ució	296	435	3.9367835E-4
				2)	ucio	780	234	2.117718E-4
			2)	uch	0	0	0.0
				1)	ucha	657	272	2.461621E-4
		6)	um	0	0	0.0
			1)	ume	0	0	0.0
				1)	umen	401	368	3.3304282E-4
		7)	ud	0	0	0.0
			1)	uda	0	0	0.0
				1)	udad	419	358	3.2399275E-4
				2)	uda_	779	234	2.117718E-4
		8)	ug	0	0	0.0
			1)	uga	0	0	0.0
				1)	ugar	441	349	3.158477E-4
		9)	ul	0	0	0.0
			1)	ult	0	0	0.0
				1)	ulta	464	342	3.0951263E-4
			2)	ula	0	0	0.0
				1)	ular	512	318	2.8779244E-4
			3)	ulo	0	0	0.0
				1)	ulo_	833	223	2.0181671E-4
		10)	us	0	0	0.0
			1)	ust	0	0	0.0
				1)	uste	541	306	2.7693235E-4
				2)	ustr	888	211	1.9095662E-4
		11)	ua	0	0	0.0
			1)	uac	0	0	0.0
				1)	uaci	570	296	2.6788228E-4
			2)	ual	0	0	0.0
				1)	ual_	900	208	1.882416E-4
	13)	f	0	0	0.0
		1)	fo	0	0	0.0
			1)	for	0	0	0.0
				1)	form	38	1439	0.0013023061
		2)	fi	0	0	0.0
			1)	fic	0	0	0.0
				1)	fica	144	669	6.054501E-4
				2)	fici	507	320	2.8960247E-4
			2)	fin	0	0	0.0
				1)	fina	244	497	4.4978881E-4
		3)	fe	0	0	0.0
			1)	fec	0	0	0.0
				1)	fect	415	360	3.2580277E-4
			2)	fer	0	0	0.0
				1)	fere	678	265	2.3982703E-4
		4)	fu	0	0	0.0
			1)	fun	0	0	0.0
				1)	fund	532	309	2.796474E-4
				2)	func	858	219	1.9819668E-4
			2)	fue	0	0	0.0
				1)	fuer	632	277	2.5068712E-4
		5)	fa	0	0	0.0
			1)	fav	0	0	0.0
				1)	favo	846	221	2.000067E-4
	14)	p	0	0	0.0
		1)	pr	0	0	0.0
			1)	pre	0	0	0.0
				1)	pres	41	1359	0.0012299054
				2)	prec	496	324	2.932225E-4
				3)	preg	709	255	2.3077696E-4
			2)	pro	0	0	0.0
				1)	prop	89	886	8.018368E-4
				2)	prob	194	570	5.158544E-4
				3)	prog	200	561	5.077093E-4
				4)	proc	351	394	3.5657303E-4
				5)	proy	807	229	2.0724676E-4
				6)	prod	825	225	2.0362673E-4
				7)	prom	828	224	2.0272173E-4
			3)	pri	0	0	0.0
				1)	prim	398	369	3.3394783E-4
				2)	prin	467	341	3.0860762E-4
		2)	pu	0	0	0.0
			1)	pue	0	0	0.0
				1)	pues	49	1200	0.0010860092
			2)	pun	0	0	0.0
				1)	punt	427	353	3.194677E-4
		3)	pa	0	0	0.0
			1)	par	0	0	0.0
				1)	part	69	1029	9.312529E-4
				2)	pare	364	387	3.5023797E-4
			2)	paí	0	0	0.0
				1)	país	303	426	3.8553326E-4
			3)	pac	0	0	0.0
				1)	paci	444	349	3.158477E-4
		4)	po	0	0	0.0
			1)	por	0	0	0.0
				1)	port	73	1012	9.1586774E-4
			2)	pol	0	0	0.0
				1)	polí	98	832	7.529664E-4
			3)	pos	0	0	0.0
				1)	posi	122	761	6.8871083E-4
			4)	pon	0	0	0.0
				1)	pone	180	582	5.267145E-4
				2)	pons	666	268	2.4254205E-4
			5)	pod	0	0	0.0
				1)	podr	815	228	2.0634175E-4
		5)	pe	0	0	0.0
			1)	pec	0	0	0.0
				1)	pect	213	538	4.8689413E-4
				2)	peci	749	245	2.2172688E-4
			2)	per	0	0	0.0
				1)	pera	266	467	4.2263858E-4
				2)	pers	485	333	3.0136755E-4
				3)	perm	553	302	2.7331233E-4
				4)	peri	937	201	1.8190654E-4
			3)	pet	0	0	0.0
				1)	pete	433	351	3.176577E-4
			4)	pea	0	0	0.0
				1)	pea_	892	210	1.900516E-4
		6)	pl	0	0	0.0
			1)	pli	0	0	0.0
				1)	plic	288	440	3.9820338E-4
				2)	plia	843	221	2.000067E-4
			2)	pla	0	0	0.0
				1)	plan	428	353	3.194677E-4
		7)	pi	0	0	0.0
			1)	pio	0	0	0.0
				1)	pio_	786	233	2.1086678E-4
	15)	r	0	0	0.0
		1)	re	0	0	0.0
			1)	res	0	0	0.0
				1)	res_	60	1090	9.864584E-4
				2)	resp	76	978	8.850975E-4
				3)	rese	131	714	6.4617547E-4
				4)	resa	301	432	3.909633E-4
				5)	resu	383	376	3.402829E-4
				6)	reso	686	262	2.37112E-4
				7)	resi	842	221	2.000067E-4
				8)	rest	903	207	1.8733658E-4
			2)	rec	0	0	0.0
				1)	reci	174	588	5.321445E-4
				2)	rece	350	394	3.5657303E-4
				3)	rect	357	390	3.52953E-4
				4)	reco	358	390	3.52953E-4
				5)	rech	369	386	3.4933296E-4
				6)	recu	593	287	2.597372E-4
			3)	reg	0	0	0.0
				1)	regi	254	478	4.3259366E-4
				2)	regu	448	347	3.1403766E-4
			4)	rel	0	0	0.0
				1)	rela	298	433	3.9186832E-4
			5)	rea	0	0	0.0
				1)	real	313	419	3.7919823E-4
			6)	rem	0	0	0.0
				1)	remo	406	366	3.3123282E-4
			7)	reo	0	0	0.0
				1)	reo_	563	299	2.705973E-4
			8)	ren	0	0	0.0
				1)	renc	567	298	2.6969227E-4
				2)	rent	695	260	2.35302E-4
			9)	ref	0	0	0.0
				1)	refo	692	261	2.3620701E-4
			10)	rev	0	0	0.0
				1)	revi	936	201	1.8190654E-4
		2)	ra	0	0	0.0
			1)	rac	0	0	0.0
				1)	raci	62	1079	9.765033E-4
			2)	rar	0	0	0.0
				1)	rar_	184	577	5.221894E-4
			3)	ram	0	0	0.0
				1)	rama	217	532	4.8146409E-4
			4)	ras	0	0	0.0
				1)	ras_	274	461	4.1720853E-4
			5)	ran	0	0	0.0
				1)	rans	314	419	3.7919823E-4
				2)	ran_	430	352	3.185627E-4
				3)	rant	814	228	2.0634175E-4
			6)	rad	0	0	0.0
				1)	rado	333	407	3.6833814E-4
			7)	ral	0	0	0.0
				1)	ral_	346	397	3.5928804E-4
				2)	rale	671	266	2.4073204E-4
			8)	rat	0	0	0.0
				1)	rata	499	323	2.9231748E-4
		3)	ro	0	0	0.0
			1)	ros	0	0	0.0
				1)	ros_	105	816	7.3848624E-4
			2)	rop	0	0	0.0
				1)	rope	197	565	5.1132933E-4
				2)	ropu	270	464	4.1992357E-4
				3)	ropi	901	208	1.882416E-4
			3)	rog	0	0	0.0
				1)	rogr	199	561	5.077093E-4
			4)	roc	0	0	0.0
				1)	roce	387	374	3.3847286E-4
			5)	rol	0	0	0.0
				1)	roll	407	365	3.303278E-4
			6)	rob	0	0	0.0
				1)	robl	551	303	2.7421734E-4
				2)	roba	745	246	2.2263189E-4
			7)	rod	0	0	0.0
				1)	rodu	566	298	2.6969227E-4
			8)	roy	0	0	0.0
				1)	roye	806	229	2.0724676E-4
		4)	rí	0	0	0.0
			1)	ría	0	0	0.0
				1)	ría_	109	805	7.2853116E-4
		5)	ri	0	0	0.0
			1)	rio	0	0	0.0
				1)	rio_	157	646	5.8463495E-4
				2)	rios	319	417	3.773882E-4
				3)	rior	480	335	3.0317757E-4
			2)	ria	0	0	0.0
				1)	ria_	162	618	5.592948E-4
				2)	rias	855	219	1.9819668E-4
			3)	rid	0	0	0.0
				1)	rida	173	588	5.321445E-4
			4)	rim	0	0	0.0
				1)	rime	418	359	3.2489776E-4
			5)	rin	0	0	0.0
				1)	rinc	463	343	3.1041764E-4
			6)	rib	0	0	0.0
				1)	ribu	770	238	2.1539183E-4
		6)	rm	0	0	0.0
			1)	rme	0	0	0.0
				1)	rme_	158	645	5.8372994E-4
			2)	rma	0	0	0.0
				1)	rma_	423	357	3.2308773E-4
				2)	rmas	854	219	1.9819668E-4
		7)	rt	0	0	0.0
			1)	rta	0	0	0.0
				1)	rtan	191	572	5.176644E-4
			2)	rte	0	0	0.0
				1)	rte_	228	517	4.6788898E-4
			3)	rti	0	0	0.0
				1)	rtic	457	344	3.1132266E-4
		8)	rs	0	0	0.0
			1)	rse	0	0	0.0
				1)	rse_	238	501	4.5340884E-4
			2)	rso	0	0	0.0
				1)	rson	813	228	2.0634175E-4
		9)	rr	0	0	0.0
			1)	rro	0	0	0.0
				1)	rrol	409	364	3.294228E-4
		10)	rá	0	0	0.0
			1)	rán	0	0	0.0
				1)	rán_	558	300	2.715023E-4
		11)	rg	0	0	0.0
			1)	rgo	0	0	0.0
				1)	rgo_	635	276	2.497821E-4
		12)	rc	0	0	0.0
			1)	rca	0	0	0.0
				1)	rcad	700	257	2.3258697E-4
		13)	rd	0	0	0.0
			1)	rdo	0	0	0.0
				1)	rdo_	715	254	2.2987195E-4
		14)	ru	0	0	0.0
			1)	ruc	0	0	0.0
				1)	ruct	868	217	1.9638667E-4
		15)	rn	0	0	0.0
			1)	rno	0	0	0.0
				1)	rnos	926	202	1.8281155E-4
	16)	s	0	0	0.0
		1)	se	0	0	0.0
			1)	señ	0	0	0.0
				1)	seño	64	1073	9.710732E-4
			2)	seg	0	0	0.0
				1)	segu	108	811	7.3396123E-4
			3)	sen	0	0	0.0
				1)	sent	115	785	7.10431E-4
			4)	ses	0	0	0.0
				1)	ses_	234	503	4.5521886E-4
			5)	ser	0	0	0.0
				1)	serv	402	368	3.3304282E-4
			6)	sea	0	0	0.0
				1)	sea_	797	231	2.0905677E-4
		2)	sp	0	0	0.0
			1)	spe	0	0	0.0
				1)	spec	92	877	7.936917E-4
				2)	sper	545	305	2.7602733E-4
			2)	spo	0	0	0.0
				1)	spon	232	509	4.606489E-4
		3)	si	0	0	0.0
			1)	sió	0	0	0.0
				1)	sión	94	840	7.602064E-4
			2)	sid	0	0	0.0
				1)	side	283	451	4.0815846E-4
				2)	sido	790	232	2.0996179E-4
			3)	sio	0	0	0.0
				1)	sion	354	392	3.54763E-4
			4)	sis	0	0	0.0
				1)	sist	381	377	3.411879E-4
			5)	sic	0	0	0.0
				1)	sici	562	299	2.705973E-4
			6)	sib	0	0	0.0
				1)	sibl	585	290	2.6245223E-4
			7)	sin	0	0	0.0
				1)	sino	642	275	2.488771E-4
			8)	sig	0	0	0.0
				1)	sigu	682	264	2.3892203E-4
			9)	sie	0	0	0.0
				1)	sier	717	253	2.2896694E-4
			10)	sit	0	0	0.0
				1)	situ	860	218	1.9729168E-4
		4)	st	0	0	0.0
			1)	sta	0	0	0.0
				1)	sta_	107	813	7.3577126E-4
				2)	stas	422	357	3.2308773E-4
				3)	stab	599	284	2.5702218E-4
				4)	star	606	283	2.5611717E-4
				5)	stan	634	276	2.497821E-4
			2)	sto	0	0	0.0
				1)	sto_	207	549	4.9684924E-4
			3)	str	0	0	0.0
				1)	stru	300	432	3.909633E-4
				2)	stra	342	399	3.6109806E-4
			4)	stá	0	0	0.0
				1)	stá_	374	381	3.4480792E-4
			5)	sti	0	0	0.0
				1)	stió	397	369	3.3394783E-4
				2)	stit	474	338	3.058926E-4
			6)	ste	0	0	0.0
				1)	sted	589	289	2.6154722E-4
				2)	sten	641	275	2.488771E-4
				3)	ste_	757	242	2.1901185E-4
				4)	stem	883	212	1.9186163E-4
		5)	so	0	0	0.0
			1)	sos	0	0	0.0
				1)	sos_	278	460	4.1630352E-4
			2)	soc	0	0	0.0
				1)	soci	297	434	3.9277333E-4
			3)	sol	0	0	0.0
				1)	solu	530	309	2.796474E-4
			4)	son	0	0	0.0
				1)	sona	785	233	2.1086678E-4
		6)	sa	0	0	0.0
			1)	sas	0	0	0.0
				1)	sas_	284	451	4.0815846E-4
			2)	sar	0	0	0.0
				1)	sarr	408	364	3.294228E-4
				2)	sari	452	345	3.1222764E-4
				3)	sar_	827	224	2.0272173E-4
			3)	sad	0	0	0.0
				1)	sado	839	222	2.009117E-4
			4)	sab	0	0	0.0
				1)	sabi	861	218	1.9729168E-4
		7)	sm	0	0	0.0
			1)	smo	0	0	0.0
				1)	smo_	331	407	3.6833814E-4
		8)	só	0	0	0.0
			1)	sól	0	0	0.0
				1)	sólo	501	322	2.9141246E-4
		9)	su	0	0	0.0
			1)	sul	0	0	0.0
				1)	sult	623	280	2.5340216E-4
			2)	sun	0	0	0.0
				1)	sunt	824	225	2.0362673E-4
	17)	b	0	0	0.0
		1)	bi	0	0	0.0
			1)	bié	0	0	0.0
				1)	bién	87	899	8.136019E-4
			2)	bil	0	0	0.0
				1)	bili	205	554	5.0137425E-4
			3)	bie	0	0	0.0
				1)	bien	622	281	2.5430715E-4
			4)	bit	0	0	0.0
				1)	bito	773	236	2.135818E-4
		2)	bl	0	0	0.0
			1)	ble	0	0	0.0
				1)	ble_	134	699	6.326004E-4
				2)	blem	328	410	3.7105315E-4
				3)	bles	660	271	2.4525708E-4
			2)	bli	0	0	0.0
				1)	blic	829	224	2.0272173E-4
		3)	br	0	0	0.0
			1)	bro	0	0	0.0
				1)	bros	363	388	3.5114298E-4
			2)	bre	0	0	0.0
				1)	bre_	611	283	2.5611717E-4
		4)	bj	0	0	0.0
			1)	bje	0	0	0.0
				1)	bjet	483	334	3.0227256E-4
		5)	ba	0	0	0.0
			1)	bat	0	0	0.0
				1)	bate	534	309	2.796474E-4
			2)	bar	0	0	0.0
				1)	barg	764	241	2.1810686E-4
		6)	be	0	0	0.0
			1)	bem	0	0	0.0
				1)	bemo	664	269	2.4344707E-4
			2)	ben	0	0	0.0
				1)	ben_	886	212	1.9186163E-4
		7)	bu	0	0	0.0
			1)	bue	0	0	0.0
				1)	buen	914	206	1.8643159E-4
	18)	í	0	0	0.0
		1)	ít	0	0	0.0
			1)	íti	0	0	0.0
				1)	ític	90	884	8.000268E-4
		2)	ís	0	0	0.0
			1)	íse	0	0	0.0
				1)	íses	577	294	2.6607225E-4
		3)	ía	0	0	0.0
			1)	ías	0	0	0.0
				1)	ías_	646	274	2.4797212E-4
		4)	íc	0	0	0.0
			1)	ícu	0	0	0.0
				1)	ícul	668	267	2.4163706E-4
	19)	ñ	0	0	0.0
		1)	ño	0	0	0.0
			1)	ñor	0	0	0.0
				1)	ñor_	153	652	5.90065E-4
				2)	ñora	514	317	2.8688743E-4
			2)	ños	0	0	0.0
				1)	ños_	625	279	2.5249715E-4
	20)	h	0	0	0.0
		1)	ha	0	0	0.0
			1)	han	0	0	0.0
				1)	han_	193	571	5.167594E-4
		2)	ho	0	0	0.0
			1)	hor	0	0	0.0
				1)	hora	365	387	3.5023797E-4
			2)	hoy	0	0	0.0
				1)	hoy_	800	231	2.0905677E-4
		3)	he	0	0	0.0
			1)	hec	0	0	0.0
				1)	hech	525	313	2.832674E-4
			2)	hem	0	0	0.0
				1)	hemo	560	300	2.715023E-4
	21)	q	0	0	0.0
		1)	qu	0	0	0.0
			1)	qui	0	0	0.0
				1)	quie	210	541	4.8960914E-4
				2)	quis	542	306	2.7693235E-4
			2)	qué	0	0	0.0
				1)	qué_	781	234	2.117718E-4
			3)	que	0	0	0.0
				1)	quer	874	215	1.9457666E-4
	22)	g	0	0	0.0
		1)	gr	0	0	0.0
			1)	gra	0	0	0.0
				1)	gram	221	529	4.7874908E-4
				2)	gran	421	358	3.2399275E-4
				3)	grac	761	241	2.1810686E-4
		2)	ga	0	0	0.0
			1)	gar	0	0	0.0
				1)	gar_	259	475	4.2987865E-4
		3)	gi	0	0	0.0
			1)	gio	0	0	0.0
				1)	gion	384	376	3.402829E-4
		4)	gu	0	0	0.0
			1)	gur	0	0	0.0
				1)	guri	626	279	2.5249715E-4
			2)	gun	0	0	0.0
				1)	gunt	721	252	2.2806194E-4
		5)	ge	0	0	0.0
			1)	gen	0	0	0.0
				1)	gene	931	201	1.8190654E-4
	23)	v	0	0	0.0
		1)	vo	0	0	0.0
			1)	vos	0	0	0.0
				1)	vos_	258	476	4.3078366E-4
		2)	va	0	0	0.0
			1)	vas	0	0	0.0
				1)	vas_	338	402	3.6381307E-4
		3)	vi	0	0	0.0
			1)	vid	0	0	0.0
				1)	vida	647	274	2.4797212E-4
			2)	vis	0	0	0.0
				1)	vist	714	254	2.2987195E-4
		4)	ve	0	0	0.0
			1)	vez	0	0	0.0
				1)	vez_	747	245	2.2172688E-4
			2)	ven	0	0	0.0
				1)	venc	912	206	1.8643159E-4
	24)	z	0	0	0.0
		1)	za	0	0	0.0
			1)	zar	0	0	0.0
				1)	zar_	281	455	4.1177848E-4
			2)	zac	0	0	0.0
				1)	zaci	306	425	3.8462828E-4
			3)	zad	0	0	0.0
				1)	zado	769	238	2.1539183E-4
	25)	y	0	0	0.0
		1)	yu	0	0	0.0
			1)	yud	0	0	0.0
				1)	yuda	456	344	3.1132266E-4
		2)	ye	0	0	0.0
			1)	yec	0	0	0.0
				1)	yect	795	231	2.0905677E-4
	26)	ó	0	0	0.0
		1)	ól	0	0	0.0
			1)	ólo	0	0	0.0
				1)	ólo_	500	322	2.9141246E-4
		2)	óm	0	0	0.0
			1)	ómi	0	0	0.0
				1)	ómic	614	282	2.5521216E-4
	27)	j	0	0	0.0
		1)	je	0	0	0.0
			1)	jet	0	0	0.0
				1)	jeti	586	290	2.6245223E-4
		2)	ju	0	0	0.0
			1)	jus	0	0	0.0
				1)	just	741	247	2.235369E-4
	28)	x	0	0	0.0
		1)	xi	0	0	0.0
			1)	xis	0	0	0.0
				1)	xist	685	262	2.37112E-4
	29)	ú	0	0	0.0
		1)	úl	0	0	0.0
			1)	últ	0	0	0.0
				1)	últi	731	249	2.2534691E-4
	30)	á	0	0	0.0
		1)	ám	0	0	0.0
			1)	ámb	0	0	0.0
				1)	ámbi	774	235	2.1267681E-4
