s_	28693	0.025967385333264554	2
o_	22432	0.020301132255107185	2
es	20268	0.018342695637772487	2
a_	18803	0.01701685938805191	2
en	17217	0.01558151720917352	2
ci	16914	0.015307299882439503	2
_p	15051	0.013621270576480842	2
re	14651	0.01325926750488478	2
nt	14236	0.012883689318103865	2
n_	13370	0.012099952668098388	2
er	13180	0.01192800120909026	2
_c	13170	0.011918951132300357	2
ar	12790	0.011575048214284098	2
os	12632	0.011432057001003653	2
te	12608	0.011410336816707889	2
ta	11493	0.010401253254633865	2
e_	11413	0.010328852640314653	2
ra	10834	0.009804853194179352	2
on	10682	0.009667292026972849	2
_a	10401	0.009412984869176615	2
co	10116	0.00915505768066442	2
ad	9816	0.008883555376967374	2
r_	9649	0.008732419094576017	2
as	9612	0.008698933810453382	2
_d	9368	0.008478111936779784	2
de	9357	0.008468156852310891	2
_e	9351	0.00846272680623695	2
or	8939	0.008089863642493006	2
an	8882	0.008038278204790568	2
da	8379	0.007583059342258519	2
do	8294	0.0075061336895443555	2
st	8287	0.007499798635791425	2
ac	8192	0.00741382290628736	2
ti	8181	0.007403867821818468	2
ro	8006	0.007245491477995191	2
_s	7948	0.007193001032613762	2
ec	7904	0.007153180694738195	2
ic	7832	0.007088020141850904	2
pr	7756	0.007019239558247652	2
in	7724	0.006990279312519967	2
me	7571	0.006851813137634472	2
al	7452	0.006744117223834644	2
to	7325	0.006629181248602894	2
ón	7280	0.0065884559030483375	2
ió	7191	0.006507910219618214	2
_m	7134	0.006456324781915775	2
ca	7039	0.0063703490524117095	2
_r	6847	0.0061965875780456	2
se	6767	0.006124186963726387	2
io	6709	0.006071696518344958	2
ri	6420	0.005810149299116803	2
id	6355	0.005751323799982443	2
ia	6225	0.0056336728017137225	2
le	6065	0.0054888715730752975	2
am	5994	0.005424616027866996	2
si	5901	0.005340450313720912	2
_i	5713	0.005170308870070762	2
di	5703	0.005161258793280861	2
ie	5659	0.005121438455405294	2
ne	5415	0.004900616581731696	2
ma	5403	0.004889756489583814	2
po	5357	0.004848126136350267	2
ue	5301	0.004797445706326818	2
em	5235	0.004737715199513468	2
pe	5140	0.004651739470009403	2
nc	5014	0.004537708502456644	2
_t	4887	0.004422772527224893	2
na	4826	0.004367567058806494	2
la	4753	0.004301501498240212	2
is	4605	0.004167560361749669	2
mo	4584	0.0041485552004908765	2
li	4531	0.004100589793504398	2
mi	4505	0.004077059593850654	2
tr	4466	0.004041764294370038	2
nd	4138	0.0037449217756612666	2
cu	4093	0.0037041964301067092	2
pa	3943	0.003568445278258186	2
ce	3792	0.0034317891187306726	2
_f	3688	0.0033376683201156963	2
im	3687	0.003336763312436706	2
mp	3669	0.0033204731742148834	2
sa	3492	0.0031602868150336257	2
om	3460	0.0031313265693059407	2
ni	3456	0.00312770653858998	2
it	3436	0.003109606385010177	2
eg	3324	0.003008245524963279	2
un	3295	0.002982000302272565	2
ct	3267	0.0029566600872608403	2
at	3173	0.0028715893654357658	2
_h	3131	0.002833579042918179	2
ur	3107	0.0028118588586224153	2
ns	3087	0.0027937587050426123	2
rt	3081	0.0027883286589686714	2
ol	3061	0.0027702285053888684	2
l_	3035	0.002746698305735124	2
ab	3006	0.0027204530830444097	2
so	2982	0.002698732898748646	2
bi	2911	0.0026344773535403447	2
no	2895	0.0026199972306765024	2
lo	2839	0.0025693168006530537	2
_n	2803	0.002536736524209408	2
ir	2786	0.0025213513936665753	2
mb	2778	0.002514111332234654	2
iv	2754	0.0024923911479388904	2
sp	2732	0.0024724809790011067	2
d_	2629	0.0023792651880651205	2
ed	2617	0.002368405095917239	2
rm	2610	0.0023620700421643076	2
qu	2543	0.002301434527671967	2
va	2524	0.002284239381771154	2
tu	2493	0.0022561841437224593	2
oc	2461	0.0022272238979947744	2
_l	2452	0.0022190788288838632	2
fi	2440	0.0022082187367359813	2
_v	2413	0.002183783529403247	2
el	2411	0.0021819735140452667	2
_o	2369	0.00214396319152768	2
op	2352	0.0021285780609848473	2
ve	2335	0.002113192930442015	2
gu	2322	0.002101427830615143	2
bl	2321	0.0021005228229361524	2
ha	2299	0.0020806126539983693	2
ga	2294	0.0020760876156034184	2
pu	2279	0.0020625125004185662	2
ía	2202	0.001992826909136324	2
pl	2175	0.00196839170180359	2
et	2160	0.0019548165866187374	2
gr	2115	0.0019140912410641805	2
vi	2090	0.0018914660490894266	2
ea	2080	0.0018824159722995249	2
ui	2017	0.0018254004885231451	2
ba	2011	0.0018199704424492042	2
eb	1955	0.0017692900124257555	2
vo	1952	0.001766574989388785	2
ob	1911	0.0017294696745501885	2
fo	1898	0.0017177045747233165	2
za	1892	0.0017122745286493755	2
uc	1882	0.001703224451859474	2
il	1844	0.0016688341600578482	2
ul	1837	0.001662499106304917	2
ex	1821	0.0016480189834410745	2
_g	1821	0.0016480189834410745	2
ap	1810	0.0016380638989721829	2
su	1770	0.0016018635918125766	2
be	1768	0.0016000535764545962	2
br	1699	0.0015376080466042753	2
ho	1665	0.00150683778551861	2
ig	1658	0.001500502731765679	2
ua	1625	0.0014706374783590038	2
ch	1609	0.0014561573554951613	2
lu	1606	0.0014534423324581909	2
rí	1579	0.0014290071251254566	2
cr	1569	0.001419957048335555	2
ño	1565	0.0014163370176195945	2
ll	1525	0.0013801367104599883	2
us	1499	0.001356606510806244	2
ás	1490	0.0013484614416953329	2
rá	1482	0.0013412213802634116	2
má	1465	0.0013258362497205788	2
ev	1444	0.0013068310884617857	2
ib	1426	0.0012905409502399628	2
gi	1422	0.001286920919524002	2
ud	1417	0.0012823958811290514	2
ef	1400	0.0012670107505862187	2
eñ	1398	0.0012652007352282385	2
pi	1327	0.0012009451900199374	2
fe	1325	0.001199135174661957	2
_q	1317	0.0011918951132300357	2
rr	1314	0.0011891800901930652	2
iz	1276	0.0011547897983914394	2
rs	1243	0.0011249245449847642	2
rc	1226	0.0011095394144419316	2
lt	1215	0.0010995843299730398	2
od	1188	0.0010751491226403055	2
mu	1187	0.0010742441149613154	2
nf	1182	0.0010697190765663646	2
á_	1178	0.001066099045850404	2
fu	1140	0.0010317087540487782	2
rd	1107	0.001001843500642103	2
_b	1100	9.95508446889172E-4	1
cl	1091	9.873633777782605E-4	1
ut	1078	9.755982779513884E-4	1
én	1073	9.710732395564377E-4	1
go	1070	9.683582165194672E-4	1
lí	1063	9.62023162766536E-4	1
ít	1061	9.602131474085558E-4	1
if	1045	9.457330245447133E-4	1
je	1043	9.439230091867329E-4	1
au	1037	9.38492963112792E-4	1
ié	1032	9.339679247178412E-4	1
eo	1031	9.330629170388511E-4	1
rg	996	9.013876482741956E-4	1
ru	987	8.932425791632842E-4	1
du	979	8.86002517731363E-4	1
ep	970	8.778574486204516E-4	1
ot	969	8.769524409414614E-4	1
ay	962	8.706173871885303E-4	1
ej	938	8.488972028927665E-4	1
nu	935	8.461821798557961E-4	1
og	928	8.39847126102865E-4	1
ip	907	8.208419648440717E-4	1
sc	905	8.190319494860914E-4	1
um	893	8.081718573382095E-4	1
ge	880	7.964067575113374E-4	1
cc	876	7.927867267953769E-4	1
he	871	7.88261688400426E-4	1
ju	820	7.421062967719281E-4	1
xi	817	7.393912737349576E-4	1
fa	770	6.968559128224203E-4	1
_u	765	6.923308744274696E-4	1
up	763	6.905208590694892E-4	1
eu	751	6.796607669216073E-4	1
í_	748	6.769457438846368E-4	1
oy	741	6.706106901317058E-4	1
tá	740	6.697056824527156E-4	1
_j	714	6.461754827989715E-4	1
sm	689	6.235502908242176E-4	1
án	687	6.217402754662374E-4	1
ag	681	6.163102293922964E-4	1
añ	674	6.099751756393653E-4	1
rn	662	5.991150834914835E-4	1
fr	658	5.954950527755228E-4	1
av	650	5.882549913436016E-4	1
az	638	5.773948991957197E-4	1
lm	632	5.719648531217787E-4	1
bu	619	5.601997532949068E-4	1
ún	595	5.38479568999143E-4	1
rv	585	5.294294922092413E-4	1
bo	584	5.285244845302513E-4	1
rl	581	5.258094614932808E-4	1
ng	569	5.149493693453989E-4	1
zo	557	5.04089277197517E-4	1
és	552	4.995642388025662E-4	1
ís	549	4.968492157655958E-4	1
ez	548	4.959442080866056E-4	1
ug	531	4.80559077543773E-4	1
z_	526	4.7603403914882217E-4	1
jo	514	4.651739470009403E-4	1
ye	510	4.6155391628497966E-4	1
é_	508	4.597439009269994E-4	1
nv	500	4.525038394950781E-4	1
pt	489	4.425487550261864E-4	1
yo	486	4.398337319892159E-4	1
ja	482	4.362137012732553E-4	1
ña	475	4.298786475203242E-4	1
dr	470	4.253536091253734E-4	1
aí	464	4.199235630514325E-4	1
ya	462	4.181135476934522E-4	1
xp	460	4.1630353233547185E-4	1
sí	458	4.1449351697749157E-4	1
íc	443	4.009184017926392E-4	1
_ú	435	3.9367834036071797E-4	1
óm	420	3.801032251758656E-4	1
bs	409	3.701481407069739E-4	1
nm	408	3.6924313302798376E-4	1
_é	392	3.5476301016414125E-4	1
ub	391	3.538580024851511E-4	1
aj	388	3.5114297944818063E-4	1
xt	387	3.5023797176919044E-4	1
ól	382	3.457129333742397E-4	1
ov	365	3.3032780283140704E-4	1
yu	361	3.267077721154464E-4	1
iu	354	3.203727183625153E-4	1
sf	352	3.18562703004535E-4	1
bj	352	3.18562703004535E-4	1
ué	351	3.1765769532554486E-4	1
só	351	3.1765769532554486E-4	1
uy	347	3.140376646095842E-4	1
ah	343	3.104176338936236E-4	1
ó_	338	3.058925954986728E-4	1
nz	337	3.0498758781968263E-4	1
of	333	3.01367557103722E-4	1
nó	330	2.9865253406675154E-4	1
té	317	2.868874342398795E-4	1
eq	305	2.7602734209199767E-4	1
af	299	2.705972960180567E-4	1
tí	295	2.669772653020961E-4	1
_á	293	2.6516724994411577E-4	1
ám	280	2.5340215011724373E-4	1
y_	274	2.479721040433028E-4	1
dí	270	2.4435207332734217E-4	1
mí	265	2.398270349323914E-4	1
fl	264	2.3892202725340125E-4	1
gl	259	2.3439698885845047E-4	1
rz	257	2.3258697350047016E-4	1
úl	251	2.2715692742652921E-4	1
aq	245	2.2172688135258827E-4	1
sl	244	2.2082187367359813E-4	1
ác	240	2.1720184295763749E-4	1
ró	237	2.1448681992066704E-4	1
lv	229	2.0724675848874578E-4	1
ré	228	2.0634175080975562E-4	1
hi	227	2.0543674313076548E-4	1
uí	225	2.0362672777278514E-4	1
xc	221	2.0000669705682453E-4	1
oo	207	1.8733658955096235E-4	1
gn	206	1.8643158187197219E-4	1
ér	198	1.7919152044005093E-4	1
nq	198	1.7919152044005093E-4	1
íd	197	1.7828651276106076E-4	1
át	196	1.7738150508207062E-4	1
hu	191	1.7285646668711984E-4	1
úb	188	1.7014144365014937E-4	1
pú	183	1.656164052551986E-4	1
cí	181	1.6380638989721828E-4	1
có	179	1.6199637453923797E-4	1
ví	176	1.592813515022675E-4	1
_z	174	1.574713361442872E-4	1
ál	171	1.5475631310731672E-4	1
gú	170	1.5385130542832655E-4	1
xa	166	1.5023127471236594E-4	1
ld	163	1.4751625167539546E-4	1
hí	162	1.466112439964053E-4	1
uf	160	1.44801228638425E-4	1
mú	158	1.4299121328044468E-4	1
pc	157	1.4208620560145452E-4	1
oa	157	1.4208620560145452E-4	1
sg	155	1.402761902434742E-4	1
ee	154	1.3937118256448407E-4	1
ín	153	1.384661748854939E-4	1
dm	149	1.348461441695333E-4	1
zc	147	1.3303612881155295E-4	1
ló	144	1.303211057745825E-4	1
uj	142	1.2851109041660217E-4	1
oh	140	1.2670107505862187E-4	1
gí	139	1.2579606737963173E-4	1
lc	137	1.239860520216514E-4	1
fí	137	1.239860520216514E-4	1
óx	135	1.2217603666367109E-4	1
rb	134	1.2127102898468093E-4	1
nj	132	1.1946101362670063E-4	1
ío	130	1.176509982687203E-4	1
aú	128	1.1584098291074E-4	1
íf	126	1.1403096755275969E-4	1
rp	124	1.1222095219477937E-4	1
zó	124	1.1222095219477937E-4	1
lq	123	1.1131594451578922E-4	1
eh	121	1.0950592915780891E-4	1
tó	120	1.0860092147881874E-4	1
ét	119	1.0769591379982859E-4	1
lg	110	9.955084468891718E-5	1
óg	109	9.864583700992703E-5	1
uo	108	9.774082933093687E-5	1
ei	107	9.683582165194672E-5	1
ní	106	9.593081397295657E-5	1
iq	102	9.231078325699594E-5	1
cn	100	9.050076789901562E-5	1
nú	100	9.050076789901562E-5	1
ár	100	9.050076789901562E-5	1
ij	98	8.869075254103531E-5	1
mó	96	8.688073718305499E-5	1
ae	93	8.416571414608453E-5	1
uá	89	8.05456834301239E-5	1
bí	86	7.783066039315343E-5	1
pí	86	7.783066039315343E-5	1
uz	85	7.692565271416328E-5	1
óv	85	7.692565271416328E-5	1
ór	83	7.511563735618297E-5	1
dé	81	7.330562199820265E-5	1
rj	80	7.24006143192125E-5	1
uv	80	7.24006143192125E-5	1
éc	78	7.059059896123219E-5	1
ég	77	6.968559128224203E-5	1
lá	76	6.878058360325187E-5	1
áp	76	6.878058360325187E-5	1
vé	74	6.697056824527156E-5	1
ná	73	6.606556056628141E-5	1
rf	73	6.606556056628141E-5	1
vu	71	6.425554520830109E-5	1
oq	70	6.335053752931093E-5	1
úm	69	6.244552985032078E-5	1
zá	66	5.973050681335031E-5	1
bv	65	5.882549913436015E-5	1
ls	64	5.792049145537E-5	1
né	63	5.7015483776379845E-5	1
él	61	5.520546841839953E-5	1
dó	60	5.430046073940937E-5	1
oj	60	5.430046073940937E-5	1
éx	60	5.430046073940937E-5	1
ód	60	5.430046073940937E-5	1
ím	59	5.339545306041922E-5	1
ai	58	5.2490445381429064E-5	1
ír	58	5.2490445381429064E-5	1
oz	57	5.1585437702438904E-5	1
u_	56	5.068043002344875E-5	1
út	54	4.887041466546844E-5	1
i_	53	4.7965406986478284E-5	1
_ó	52	4.706039930748812E-5	1
nn	52	4.706039930748812E-5	1
sé	52	4.706039930748812E-5	1
uq	52	4.706039930748812E-5	1
bt	51	4.615539162849797E-5	1
ox	51	4.615539162849797E-5	1
mé	50	4.525038394950781E-5	1
cá	49	4.4345376270517656E-5	1
iá	48	4.3440368591527496E-5	1
xe	47	4.253536091253734E-5	1
fé	46	4.163035323354719E-5	1
ós	46	4.163035323354719E-5	1
sq	44	3.9820337875566875E-5	1
áx	43	3.8915330196576715E-5	1
ao	39	3.5295299480616094E-5	1
oe	39	3.5295299480616094E-5	1
sv	39	3.5295299480616094E-5	1
_x	38	3.4390291801625934E-5	1
dh	38	3.4390291801625934E-5	1
gé	38	3.4390291801625934E-5	1
pá	36	3.258027644364563E-5	1
dq	35	3.167526876465547E-5	1
g_	35	3.167526876465547E-5	1
pó	35	3.167526876465547E-5	1
rq	35	3.167526876465547E-5	1
áf	35	3.167526876465547E-5	1
bá	34	3.077026108566531E-5	1
cé	33	2.9865253406675156E-5	1
lp	33	2.9865253406675156E-5	1
oi	32	2.8960245727685E-5	1
ép	32	2.8960245727685E-5	1
eí	31	2.8055238048694843E-5	1
jó	31	2.8055238048694843E-5	1
tú	30	2.7150230369704686E-5	1
éd	30	2.7150230369704686E-5	1
oí	29	2.6245222690714532E-5	1
ñe	29	2.6245222690714532E-5	1
úa	29	2.6245222690714532E-5	1
fá	28	2.5340215011724375E-5	1
nl	28	2.5340215011724375E-5	1
sn	28	2.5340215011724375E-5	1
ey	27	2.443520733273422E-5	1
sr	27	2.443520733273422E-5	1
t_	27	2.443520733273422E-5	1
óc	27	2.443520733273422E-5	1
c_	26	2.353019965374406E-5	1
gü	26	2.353019965374406E-5	1
xo	26	2.353019965374406E-5	1
_í	24	2.1720184295763748E-5	1
dv	24	2.1720184295763748E-5	1
pé	24	2.1720184295763748E-5	1
ji	23	2.0815176616773594E-5	1
lé	23	2.0815176616773594E-5	1
zg	23	2.0815176616773594E-5	1
íe	23	2.0815176616773594E-5	1
bó	22	1.9910168937783438E-5	1
tc	22	1.9910168937783438E-5	1
tn	22	1.9910168937783438E-5	1
sb	21	1.900516125879328E-5	1
nr	20	1.8100153579803124E-5	1
x_	20	1.8100153579803124E-5	1
ót	20	1.8100153579803124E-5	1
ág	19	1.7195145900812967E-5	1
óf	19	1.7195145900812967E-5	1
m_	18	1.6290138221822813E-5	1
üe	18	1.6290138221822813E-5	1
lb	17	1.5385130542832657E-5	1
rú	17	1.5385130542832657E-5	1
sd	17	1.5385130542832657E-5	1
xh	17	1.5385130542832657E-5	1
zi	17	1.5385130542832657E-5	1
zu	16	1.44801228638425E-5	1
éb	16	1.44801228638425E-5	1
úr	16	1.44801228638425E-5	1
_k	15	1.3575115184852343E-5	1
ém	15	1.3575115184852343E-5	1
mn	14	1.2670107505862188E-5	1
sá	14	1.2670107505862188E-5	1
vá	14	1.2670107505862188E-5	1
íz	14	1.2670107505862188E-5	1
óp	14	1.2670107505862188E-5	1
by	13	1.176509982687203E-5	1
gá	13	1.176509982687203E-5	1
ts	13	1.176509982687203E-5	1
zq	13	1.176509982687203E-5	1
áb	13	1.176509982687203E-5	1
ñí	13	1.176509982687203E-5	1
ax	12	1.0860092147881874E-5	1
fó	12	1.0860092147881874E-5	1
nh	12	1.0860092147881874E-5	1
ív	12	1.0860092147881874E-5	1
úc	12	1.0860092147881874E-5	1
gm	11	9.955084468891719E-6	1
gó	11	9.955084468891719E-6	1
ou	11	9.955084468891719E-6	1
sh	11	9.955084468891719E-6	1
úe	11	9.955084468891719E-6	1
_y	10	9.050076789901562E-6	1
iñ	10	9.050076789901562E-6	1
ss	10	9.050076789901562E-6	1
zm	10	9.050076789901562E-6	1
íg	10	9.050076789901562E-6	1
eó	9	8.145069110911407E-6	1
yó	9	8.145069110911407E-6	1
íb	9	8.145069110911407E-6	1
ús	9	8.145069110911407E-6	1
aé	8	7.24006143192125E-6	1
lf	8	7.24006143192125E-6	1
lz	8	7.24006143192125E-6	1
p_	8	7.24006143192125E-6	1
ój	8	7.24006143192125E-6	1
b_	7	6.335053752931094E-6	1
bd	7	6.335053752931094E-6	1
dá	7	6.335053752931094E-6	1
ln	7	6.335053752931094E-6	1
áu	7	6.335053752931094E-6	1
ñi	7	6.335053752931094E-6	1
bé	6	5.430046073940937E-6	1
ck	6	5.430046073940937E-6	1
h_	6	5.430046073940937E-6	1
há	6	5.430046073940937E-6	1
jé	6	5.430046073940937E-6	1
tm	6	5.430046073940937E-6	1
ux	6	5.430046073940937E-6	1
w_	6	5.430046073940937E-6	1
üí	6	5.430046073940937E-6	1
cú	5	4.525038394950781E-6	1
ik	5	4.525038394950781E-6	1
k_	5	4.525038394950781E-6	1
kh	5	4.525038394950781E-6	1
ko	5	4.525038394950781E-6	1
oñ	5	4.525038394950781E-6	1
ps	5	4.525038394950781E-6	1
tb	5	4.525038394950781E-6	1
v_	5	4.525038394950781E-6	1
­_	5	4.525038394950781E-6	1
dj	4	3.620030715960625E-6	1
eá	4	3.620030715960625E-6	1
ke	4	3.620030715960625E-6	1
lr	4	3.620030715960625E-6	1
uñ	4	3.620030715960625E-6	1
vó	4	3.620030715960625E-6	1
xu	4	3.620030715960625E-6	1
áj	4	3.620030715960625E-6	1
éf	4	3.620030715960625E-6	1
úp	4	3.620030715960625E-6	1
bú	3	2.7150230369704685E-6	1
ew	3	2.7150230369704685E-6	1
eú	3	2.7150230369704685E-6	1
gh	3	2.7150230369704685E-6	1
hó	3	2.7150230369704685E-6	1
ix	3	2.7150230369704685E-6	1
kg	3	2.7150230369704685E-6	1
ki	3	2.7150230369704685E-6	1
km	3	2.7150230369704685E-6	1
lú	3	2.7150230369704685E-6	1
ms	3	2.7150230369704685E-6	1
ty	3	2.7150230369704685E-6	1
uó	3	2.7150230369704685E-6	1
xá	3	2.7150230369704685E-6	1
íp	3	2.7150230369704685E-6	1
ak	2	1.8100153579803125E-6	1
aw	2	1.8100153579803125E-6	1
a­	2	1.8100153579803125E-6	1
aó	2	1.8100153579803125E-6	1
f_	2	1.8100153579803125E-6	1
ft	2	1.8100153579803125E-6	1
jí	2	1.8100153579803125E-6	1
py	2	1.8100153579803125E-6	1
sú	2	1.8100153579803125E-6	1
th	2	1.8100153579803125E-6	1
tl	2	1.8100153579803125E-6	1
tt	2	1.8100153579803125E-6	1
yá	2	1.8100153579803125E-6	1
yé	2	1.8100153579803125E-6	1
zí	2	1.8100153579803125E-6	1
áq	2	1.8100153579803125E-6	1
éi	2	1.8100153579803125E-6	1
éj	2	1.8100153579803125E-6	1
éu	2	1.8100153579803125E-6	1
_w	1	9.050076789901562E-7	1
bb	1	9.050076789901562E-7	1
bm	1	9.050076789901562E-7	1
bp	1	9.050076789901562E-7	1
cq	1	9.050076789901562E-7	1
dl	1	9.050076789901562E-7	1
dt	1	9.050076789901562E-7	1
ff	1	9.050076789901562E-7	1
fs	1	9.050076789901562E-7	1
fú	1	9.050076789901562E-7	1
ht	1	9.050076789901562E-7	1
hé	1	9.050076789901562E-7	1
hú	1	9.050076789901562E-7	1
ii	1	9.050076789901562E-7	1
iú	1	9.050076789901562E-7	1
j_	1	9.050076789901562E-7	1
já	1	9.050076789901562E-7	1
ka	1	9.050076789901562E-7	1
kl	1	9.050076789901562E-7	1
kn	1	9.050076789901562E-7	1
kp	1	9.050076789901562E-7	1
lk	1	9.050076789901562E-7	1
mm	1	9.050076789901562E-7	1
ny	1	9.050076789901562E-7	1
ok	1	9.050076789901562E-7	1
ow	1	9.050076789901562E-7	1
o­	1	9.050076789901562E-7	1
pp	1	9.050076789901562E-7	1
rh	1	9.050076789901562E-7	1
rk	1	9.050076789901562E-7	1
rw	1	9.050076789901562E-7	1
ry	1	9.050076789901562E-7	1
r­	1	9.050076789901562E-7	1
sk	1	9.050076789901562E-7	1
s­	1	9.050076789901562E-7	1
we	1	9.050076789901562E-7	1
wo	1	9.050076789901562E-7	1
xm	1	9.050076789901562E-7	1
yr	1	9.050076789901562E-7	1
ze	1	9.050076789901562E-7	1
ád	1	9.050076789901562E-7	1
áñ	1	9.050076789901562E-7	1
íj	1	9.050076789901562E-7	1
íq	1	9.050076789901562E-7	1
ñu	1	9.050076789901562E-7	1
ñé	1	9.050076789901562E-7	1
ñó	1	9.050076789901562E-7	1
ú_	1	9.050076789901562E-7	1
úo	1	9.050076789901562E-7	1
üi	1	9.050076789901562E-7	1
üé	1	9.050076789901562E-7	1
