Dutch	3	761940	924
	1)	e	0	0	0.0
		1)	en	0	0	0.0
			1)	en_	1	28879	0.026207488
			2)	end	43	2541	0.0023059396
			3)	ent	46	2497	0.0022660098
			4)	ens	62	2187	0.001984687
			5)	ene	218	860	7.804439E-4
			6)	eni	258	759	6.887871E-4
			7)	eno	332	635	5.76258E-4
			8)	enk	337	631	5.72628E-4
			9)	eng	483	482	4.3741157E-4
			10)	enw	537	432	3.9203692E-4
			11)	enh	575	399	3.6208966E-4
			12)	enl	588	388	3.5210725E-4
			13)	ena	682	326	2.9584268E-4
			14)	enb	922	201	1.8240607E-4
		2)	er	0	0	0.0
			1)	er_	12	5013	0.004549262
			2)	ers	27	3382	0.003069141
			3)	ere	30	3231	0.0029321096
			4)	erk	55	2262	0.002052749
			5)	erd	69	2003	0.0018177083
			6)	eri	85	1740	0.0015790376
			7)	erv	184	1007	9.138454E-4
			8)	erg	216	875	7.940563E-4
			9)	ert	232	830	7.532191E-4
			10)	ern	240	807	7.323468E-4
			11)	erh	278	725	6.5793237E-4
			12)	era	279	724	6.5702485E-4
			13)	erw	313	673	6.107427E-4
			14)	erm	385	577	5.236234E-4
			15)	erb	389	573	5.199934E-4
			16)	erz	398	567	5.1454845E-4
			17)	erl	402	565	5.127335E-4
			18)	ero	510	451	4.092793E-4
			19)	erp	553	415	3.7660956E-4
			20)	err	809	258	2.3413317E-4
			21)	eru	833	245	2.2233576E-4
		3)	el	0	0	0.0
			1)	eli	17	4033	0.003659919
			2)	ele	33	3084	0.0027987082
			3)	el_	57	2241	0.0020336916
			4)	eld	114	1408	0.00127775
			5)	ela	136	1275	0.0011570534
			6)	ell	154	1171	0.0010626742
			7)	els	405	562	5.10011E-4
			8)	elk	611	376	3.4121732E-4
			9)	elf	670	334	3.0310263E-4
			10)	elo	782	268	2.432081E-4
		4)	ei	0	0	0.0
			1)	eid	32	3171	0.0028776599
			2)	eit	273	735	6.670073E-4
			3)	ein	418	552	5.0093606E-4
			4)	eil	538	431	3.9112943E-4
			5)	eig	685	325	2.949352E-4
		5)	ee	0	0	0.0
			1)	eer	37	3030	0.0027497036
			2)	een	119	1389	0.0012605076
			3)	eel	120	1380	0.0012523402
			4)	ee_	406	562	5.10011E-4
			5)	eed	569	403	3.6571964E-4
			6)	eem	589	388	3.5210725E-4
			7)	eef	875	222	2.0146342E-4
			8)	ees	886	217	1.9692596E-4
		6)	ed	0	0	0.0
			1)	ede	42	2611	0.002369464
			2)	edi	317	666	6.043903E-4
			3)	ed_	352	616	5.590156E-4
			4)	edr	599	383	3.475698E-4
			5)	eda	773	275	2.4956054E-4
			6)	eds	854	236	2.1416832E-4
		7)	et	0	0	0.0
			1)	ete	64	2108	0.001912995
			2)	etr	251	773	7.01492E-4
			3)	et_	271	737	6.6882226E-4
			4)	ett	681	326	2.9584268E-4
			5)	etg	810	257	2.3322567E-4
			6)	eta	853	236	2.1416832E-4
		8)	eg	0	0	0.0
			1)	ege	67	2048	0.0018585455
			2)	egi	192	985	8.938805E-4
			3)	egg	496	465	4.219842E-4
			4)	ega	498	463	4.201692E-4
			5)	egd	525	441	4.0020436E-4
			6)	egr	618	370	3.3577238E-4
			7)	eg_	702	316	2.8676775E-4
		9)	es	0	0	0.0
			1)	est	71	1950	0.0017696111
			2)	es_	139	1249	0.0011334586
			3)	esc	421	549	4.982136E-4
			4)	esl	478	487	4.4194903E-4
			5)	esp	676	330	2.9947265E-4
		10)	ev	0	0	0.0
			1)	eve	72	1932	0.0017532763
			2)	evo	213	886	8.040387E-4
			3)	eva	363	604	5.481257E-4
			4)	evr	417	553	5.018436E-4
			5)	evi	675	330	2.9947265E-4
		11)	em	0	0	0.0
			1)	eme	79	1810	0.0016425621
			2)	ema	486	476	4.3196662E-4
			3)	emo	687	324	2.940277E-4
			4)	em_	688	324	2.940277E-4
			5)	emm	788	265	2.4048562E-4
			6)	emi	848	239	2.168908E-4
		12)	ek	0	0	0.0
			1)	eke	96	1603	0.0014547111
			2)	ek_	407	561	5.091035E-4
			3)	eko	620	366	3.321424E-4
			4)	ekk	710	313	2.8404527E-4
		13)	ec	0	0	0.0
			1)	ech	101	1541	0.0013984465
			2)	ect	342	624	5.6627556E-4
			3)	eco	490	473	4.2924413E-4
		14)	eu	0	0	0.0
			1)	eur	223	854	7.749989E-4
			2)	euw	355	610	5.535707E-4
			3)	eun	441	525	4.7643378E-4
		15)	ez	0	0	0.0
			1)	eze	373	596	5.4086576E-4
			2)	ezi	559	410	3.720721E-4
		16)	eb	0	0	0.0
			1)	ebr	456	515	4.6735886E-4
			2)	ebi	567	404	3.6662712E-4
			3)	eba	690	323	2.9312022E-4
			4)	ebe	798	262	2.3776313E-4
		17)	ep	0	0	0.0
			1)	epa	516	447	4.0564933E-4
			2)	epe	581	395	3.5845969E-4
		18)	ef	0	0	0.0
			1)	eft	556	414	3.7570205E-4
			2)	ef_	591	387	3.5119976E-4
			3)	eff	607	379	3.439398E-4
		19)	ew	0	0	0.0
			1)	ewe	636	357	3.2397496E-4
		20)	eh	0	0	0.0
			1)	eho	711	313	2.8404527E-4
			2)	eha	793	263	2.3867063E-4
			3)	ehe	864	230	2.0872337E-4
		21)	ea	0	0	0.0
			1)	eau	800	261	2.3685565E-4
	2)	i	0	0	0.0
		1)	in	0	0	0.0
			1)	ing	2	8724	0.007916968
			2)	ind	143	1232	0.0011180312
			3)	ins	233	823	7.4686663E-4
			4)	int	341	624	5.6627556E-4
			5)	ini	351	618	5.6083064E-4
			6)	inn	453	517	4.6917383E-4
			7)	ina	506	456	4.1381677E-4
			8)	in_	511	450	4.083718E-4
			9)	inz	787	265	2.4048562E-4
			10)	ine	827	246	2.2324326E-4
		2)	ij	0	0	0.0
			1)	ijk	14	4665	0.0042334544
			2)	ijn	98	1584	0.0014374688
			3)	ijd	186	1003	9.1021537E-4
			4)	ijz	357	609	5.526632E-4
			5)	ijv	528	440	3.9929687E-4
			6)	ijf	546	423	3.8386948E-4
			7)	ij_	555	414	3.7570205E-4
			8)	ijg	821	252	2.2868821E-4
			9)	ijs	847	239	2.168908E-4
		3)	ie	0	0	0.0
			1)	ie_	41	2664	0.0024175611
			2)	ien	112	1422	0.0012904549
			3)	ieu	202	930	8.439684E-4
			4)	ies	264	748	6.788047E-4
			5)	ied	270	739	6.7063724E-4
			6)	ier	291	706	6.4069E-4
			7)	iek	358	608	5.5175566E-4
			8)	iev	518	445	4.0383433E-4
			9)	ief	625	363	3.294199E-4
			10)	iet	723	307	2.7860032E-4
		4)	id	0	0	0.0
			1)	id_	58	2225	0.0020191716
			2)	ids	207	911	8.26726E-4
			3)	ide	243	791	7.178269E-4
			4)	idi	378	584	5.2997586E-4
			5)	idd	492	468	4.2470667E-4
		5)	ig	0	0	0.0
			1)	ige	89	1689	0.0015327556
			2)	ig_	177	1029	9.338102E-4
			3)	igh	444	524	4.7552626E-4
			4)	igd	662	340	3.0854758E-4
			5)	igi	900	210	1.9057351E-4
		6)	it	0	0	0.0
			1)	ite	130	1313	0.0011915382
			2)	iti	175	1035	9.392552E-4
			3)	it_	248	783	7.1056694E-4
			4)	itt	547	421	3.820545E-4
			5)	itg	648	350	3.176225E-4
			6)	its	761	281	2.550055E-4
			7)	itv	876	221	2.0055594E-4
			8)	itu	896	213	1.9329599E-4
		7)	ic	0	0	0.0
			1)	ich	135	1284	0.0011652209
		8)	is	0	0	0.0
			1)	isc	161	1131	0.0010263745
			2)	is_	211	896	8.1311364E-4
			3)	iss	214	885	8.031312E-4
			4)	ist	284	713	6.470424E-4
			5)	ise	580	395	3.5845969E-4
		9)	il	0	0	0.0
			1)	ili	249	780	7.0784445E-4
			2)	ill	263	749	6.7971216E-4
		10)	io	0	0	0.0
			1)	ion	268	744	6.751747E-4
			2)	io_	743	293	2.6589542E-4
		11)	ik	0	0	0.0
			1)	ikk	449	520	4.7189632E-4
			2)	ike	695	319	2.8949024E-4
		12)	ia	0	0	0.0
			1)	ial	590	387	3.5119976E-4
			2)	iat	775	272	2.4683806E-4
		13)	ir	0	0	0.0
			1)	ire	728	302	2.7406286E-4
		14)	ië	0	0	0.0
			1)	iël	745	292	2.6498793E-4
		15)	im	0	0	0.0
			1)	imm	870	226	2.050934E-4
	3)	_	0	0	0.0
		1)	_b	0	0	0.0
			1)	_be	3	6918	0.0062780357
			2)	_bi	204	918	8.3307846E-4
			3)	_bu	413	558	5.0638104E-4
			4)	_bl	584	391	3.548297E-4
			5)	_br	640	355	3.2216E-4
			6)	_bo	696	319	2.8949024E-4
			7)	_ba	795	263	2.3867063E-4
		2)	_g	0	0	0.0
			1)	_ge	5	6512	0.005909594
			2)	_gr	166	1113	0.0010100396
			3)	_ga	300	692	6.279851E-4
			4)	_go	322	655	5.9440784E-4
		3)	_v	0	0	0.0
			1)	_ve	9	5130	0.0046554385
			2)	_vo	25	3513	0.0031880226
			3)	_vr	165	1114	0.001010947
			4)	_va	302	690	6.261701E-4
			5)	_vi	354	612	5.5538566E-4
		4)	_s	0	0	0.0
			1)	_st	35	3071	0.0027869106
			2)	_so	364	604	5.481257E-4
			3)	_sc	392	571	5.1817845E-4
			4)	_sp	445	524	4.7552626E-4
			5)	_sl	622	366	3.321424E-4
			6)	_sa	657	344	3.1217755E-4
			7)	_si	874	224	2.0327841E-4
		5)	_i	0	0	0.0
			1)	_in	40	2777	0.0025201077
			2)	_im	816	254	2.305032E-4
			3)	_is	835	244	2.2142827E-4
		6)	_o	0	0	0.0
			1)	_on	48	2417	0.0021934104
			2)	_op	113	1414	0.001283195
			3)	_ov	245	786	7.132894E-4
			4)	_or	770	276	2.5046803E-4
			5)	_oo	830	246	2.2324326E-4
			6)	_om	908	207	1.8785102E-4
		7)	_w	0	0	0.0
			1)	_we	50	2371	0.0021516657
			2)	_wa	128	1335	0.001211503
			3)	_wi	200	940	8.5304334E-4
			4)	_wo	554	415	3.7660956E-4
		8)	_r	0	0	0.0
			1)	_re	52	2334	0.0021180883
			2)	_ri	348	621	5.6355307E-4
			3)	_ra	582	393	3.566447E-4
			4)	_ro	747	292	2.6498793E-4
		9)	_c	0	0	0.0
			1)	_co	53	2313	0.0020990311
		10)	_m	0	0	0.0
			1)	_mo	56	2253	0.0020445816
			2)	_mi	76	1861	0.0016888443
			3)	_me	86	1704	0.0015463679
			4)	_ma	95	1606	0.0014574336
		11)	_h	0	0	0.0
			1)	_he	73	1932	0.0017532763
			2)	_ho	188	993	9.0114045E-4
			3)	_ha	329	637	5.7807297E-4
			4)	_hi	763	279	2.5319052E-4
			5)	_hu	903	210	1.9057351E-4
		12)	_p	0	0	0.0
			1)	_pr	87	1703	0.0015454604
			2)	_pl	308	685	6.216326E-4
			3)	_pa	440	527	4.7824875E-4
			4)	_po	474	490	4.4467152E-4
			5)	_pu	651	347	3.1490004E-4
			6)	_pe	742	294	2.668029E-4
		13)	_d	0	0	0.0
			1)	_de	93	1642	0.0014901033
			2)	_da	108	1429	0.0012968073
			3)	_do	227	844	7.65924E-4
			4)	_di	267	745	6.760822E-4
			5)	_du	462	507	4.600989E-4
			6)	_dr	623	364	3.3032743E-4
		14)	_a	0	0	0.0
			1)	_aa	99	1580	0.0014338387
			2)	_al	234	822	7.459592E-4
			3)	_af	282	715	6.4885744E-4
			4)	_am	560	408	3.702571E-4
			5)	_an	592	387	3.5119976E-4
			6)	_ac	608	378	3.4303233E-4
			7)	_ar	649	350	3.176225E-4
			8)	_au	836	244	2.2142827E-4
		15)	_u	0	0	0.0
			1)	_ui	118	1392	0.0012632301
		16)	_t	0	0	0.0
			1)	_te	121	1364	0.0012378204
			2)	_to	142	1242	0.0011271061
			3)	_tw	517	447	4.0564933E-4
			4)	_ti	568	404	3.6662712E-4
			5)	_tr	638	356	3.2306748E-4
			6)	_ta	906	208	1.8875852E-4
		17)	_z	0	0	0.0
			1)	_zo	123	1352	0.0012269304
			2)	_ze	222	855	7.7590643E-4
			3)	_zi	311	677	6.1437266E-4
			4)	_zu	472	496	4.5011647E-4
			5)	_za	735	297	2.695254E-4
		18)	_l	0	0	0.0
			1)	_la	152	1173	0.0010644891
			2)	_li	189	992	9.0023293E-4
			3)	_le	298	693	6.2889257E-4
			4)	_lo	846	240	2.177983E-4
		19)	_n	0	0	0.0
			1)	_na	157	1165	0.0010572292
			2)	_no	289	708	6.4250495E-4
			3)	_ni	307	686	6.2254013E-4
			4)	_ne	442	525	4.7643378E-4
		20)	_k	0	0	0.0
			1)	_ko	203	928	8.421534E-4
			2)	_ka	400	566	5.13641E-4
			3)	_kr	557	412	3.7388707E-4
			4)	_kw	664	338	3.067326E-4
			5)	_ke	672	332	3.0128766E-4
			6)	_kl	841	242	2.1961328E-4
		21)	_e	0	0	0.0
			1)	_ec	253	769	6.9786207E-4
			2)	_ee	326	648	5.880554E-4
			3)	_er	347	622	5.644606E-4
			4)	_en	377	585	5.308833E-4
			5)	_ei	466	503	4.5646893E-4
			6)	_el	749	290	2.6317293E-4
			7)	_ev	771	276	2.5046803E-4
		22)	_j	0	0	0.0
			1)	_ja	530	439	3.9838938E-4
			2)	_ju	722	308	2.795078E-4
		23)	_f	0	0	0.0
			1)	_fi	716	312	2.8313778E-4
			2)	_fr	842	242	2.1961328E-4
			3)	_fe	907	208	1.8875852E-4
	4)	v	0	0	0.0
		1)	ve	0	0	0.0
			1)	ver	4	6705	0.0060847397
			2)	ven	80	1796	0.0016298572
			3)	ve_	726	303	2.7497034E-4
			4)	vei	786	265	2.4048562E-4
			5)	vee	920	201	1.8240607E-4
		2)	vo	0	0	0.0
			1)	voo	45	2517	0.0022841597
			2)	vol	159	1143	0.0010372644
			3)	voe	160	1142	0.0010363569
			4)	vor	247	783	7.1056694E-4
		3)	vi	0	0	0.0
			1)	vin	296	693	6.2889257E-4
		4)	vr	0	0	0.0
			1)	vra	318	665	6.0348277E-4
			2)	vro	356	609	5.526632E-4
			3)	vri	759	281	2.550055E-4
		5)	va	0	0	0.0
			1)	vaa	338	628	5.6990556E-4
			2)	van	409	560	5.08196E-4
			3)	val	487	474	4.3015165E-4
			4)	vas	887	216	1.9601846E-4
	5)	g	0	0	0.0
		1)	ge	0	0	0.0
			1)	gen	6	6471	0.0058723865
			2)	gel	47	2430	0.0022052077
			3)	gev	92	1664	0.0015100682
			4)	ger	148	1194	0.0010835466
			5)	geb	150	1178	0.0010690266
			6)	ge_	156	1166	0.0010581367
			7)	ges	198	954	8.657482E-4
			8)	gem	261	754	6.842496E-4
			9)	gez	369	598	5.4268073E-4
			10)	ged	423	548	4.973061E-4
			11)	gew	604	382	3.4666227E-4
			12)	geh	643	353	3.20345E-4
			13)	gek	692	322	2.922127E-4
			14)	get	768	277	2.5137555E-4
			15)	geg	857	234	2.1235333E-4
			16)	gee	919	202	1.8331356E-4
		2)	gr	0	0	0.0
			1)	gro	163	1119	0.0010154846
			2)	gra	231	834	7.5684907E-4
			3)	gri	372	597	5.417733E-4
			4)	gre	843	241	2.1870578E-4
		3)	gi	0	0	0.0
			1)	gin	191	990	8.9841796E-4
			2)	gio	508	452	4.101868E-4
			3)	gie	825	247	2.2415075E-4
		4)	ga	0	0	0.0
			1)	gaa	235	817	7.414217E-4
			2)	gan	615	372	3.3758735E-4
			3)	ga_	769	276	2.5046803E-4
		5)	go	0	0	0.0
			1)	goe	319	664	6.025753E-4
		6)	gd	0	0	0.0
			1)	gd_	360	605	5.490332E-4
			2)	gde	814	254	2.305032E-4
		7)	gg	0	0	0.0
			1)	gge	414	557	5.054735E-4
		8)	gh	0	0	0.0
			1)	ghe	448	521	4.728038E-4
		9)	gt	0	0	0.0
			1)	gt_	512	450	4.083718E-4
		10)	gs	0	0	0.0
			1)	gst	724	306	2.7769283E-4
			2)	gsp	868	227	2.0600088E-4
	6)	n	0	0	0.0
		1)	ng	0	0	0.0
			1)	ng_	7	6123	0.005556579
			2)	nge	29	3324	0.0030165063
			3)	ngs	205	914	8.294485E-4
			4)	ngr	465	504	4.5737642E-4
		2)	nd	0	0	0.0
			1)	nde	11	5102	0.0046300287
			2)	nd_	88	1695	0.0015382004
			3)	ndi	404	562	5.10011E-4
			4)	nda	495	465	4.219842E-4
			5)	nds	542	428	3.8840697E-4
			6)	ndp	917	202	1.8331356E-4
		3)	nt	0	0	0.0
			1)	nte	75	1864	0.0016915668
			2)	nt_	117	1401	0.0012713976
			3)	ntw	230	835	7.577566E-4
			4)	nti	260	754	6.842496E-4
			5)	ntr	451	517	4.6917383E-4
			6)	nta	521	444	4.0292685E-4
		4)	ne	0	0	0.0
			1)	nen	109	1427	0.0012949924
			2)	nem	303	689	6.252626E-4
			3)	ner	485	477	4.328741E-4
			4)	ne_	523	442	4.0111187E-4
			5)	nee	616	371	3.3667986E-4
		5)	ns	0	0	0.0
			1)	nst	168	1107	0.0010045946
			2)	ns_	179	1027	9.319952E-4
			3)	nse	443	524	4.7552626E-4
			4)	nsc	617	370	3.3577238E-4
			5)	nsp	803	260	2.3594816E-4
		6)	ni	0	0	0.0
			1)	nie	185	1003	9.1021537E-4
			2)	nin	304	687	6.2344765E-4
			3)	nis	422	548	4.973061E-4
			4)	nit	668	335	3.0401011E-4
			5)	nig	733	298	2.7043288E-4
		7)	nh	0	0	0.0
			1)	nhe	195	975	8.848056E-4
		8)	nn	0	0	0.0
			1)	nne	239	810	7.350692E-4
			2)	nni	804	260	2.3594816E-4
		9)	no	0	0	0.0
			1)	nom	315	670	6.0802023E-4
			2)	noe	602	382	3.4666227E-4
			3)	nod	839	243	2.2052077E-4
			4)	noo	898	211	1.91481E-4
		10)	na	0	0	0.0
			1)	nat	325	650	5.898704E-4
			2)	nal	387	575	5.218084E-4
			3)	nam	481	482	4.3741157E-4
			4)	nan	634	358	3.2488245E-4
			5)	naa	647	350	3.176225E-4
			6)	nau	792	263	2.3867063E-4
			7)	nad	884	217	1.9692596E-4
		11)	nk	0	0	0.0
			1)	nke	331	635	5.76258E-4
			2)	nk_	732	298	2.7043288E-4
		12)	nc	0	0	0.0
			1)	nci	501	460	4.1744675E-4
		13)	nl	0	0	0.0
			1)	nli	641	354	3.2125248E-4
		14)	nw	0	0	0.0
			1)	nwe	697	318	2.8858273E-4
		15)	nb	0	0	0.0
			1)	nbe	915	203	1.8422106E-4
	7)	t	0	0	0.0
		1)	te	0	0	0.0
			1)	ten	8	5560	0.0050456603
			2)	ter	24	3514	0.00318893
			3)	tel	44	2522	0.002288697
			4)	te_	54	2275	0.0020645463
			5)	teu	269	741	6.724522E-4
			6)	tee	339	627	5.6899805E-4
			7)	tei	340	625	5.671831E-4
			8)	teg	396	567	5.1454845E-4
			9)	tem	491	472	4.2833664E-4
			10)	tek	630	360	3.2669745E-4
		2)	ti	0	0	0.0
			1)	tie	21	3673	0.0033332214
			2)	tin	299	692	6.279851E-4
			3)	tig	349	619	5.617381E-4
			4)	tij	350	618	5.6083064E-4
			5)	tio	401	565	5.127335E-4
			6)	tis	565	405	3.675346E-4
			7)	tia	785	266	2.413931E-4
		3)	tr	0	0	0.0
			1)	tre	107	1435	0.0013022523
			2)	tra	255	766	6.951396E-4
			3)	tro	297	693	6.2889257E-4
			4)	tru	564	405	3.675346E-4
			5)	tri	633	359	3.2578994E-4
		4)	to	0	0	0.0
			1)	toe	140	1244	0.0011289212
			2)	tor	566	404	3.6662712E-4
		5)	ta	0	0	0.0
			1)	taa	155	1168	0.0010599517
			2)	tat	277	729	6.615623E-4
			3)	tan	312	673	6.107427E-4
			4)	tal	531	438	3.974819E-4
			5)	tai	717	309	2.8041532E-4
		6)	tt	0	0	0.0
			1)	tte	194	976	8.857131E-4
		7)	tg	0	0	0.0
			1)	tge	353	615	5.5810815E-4
		8)	tu	0	0	0.0
			1)	tuu	394	569	5.163635E-4
		9)	tw	0	0	0.0
			1)	twe	428	541	4.909537E-4
			2)	twi	429	539	4.8913865E-4
			3)	two	650	347	3.1490004E-4
		10)	ts	0	0	0.0
			1)	tst	469	497	4.5102398E-4
			2)	ts_	585	389	3.5301474E-4
		11)	tl	0	0	0.0
			1)	tli	656	344	3.1217755E-4
		12)	tv	0	0	0.0
			1)	tvo	890	215	1.9511097E-4
	8)	s	0	0	0.0
		1)	st	0	0	0.0
			1)	ste	10	5113	0.004640011
			2)	sta	51	2354	0.0021362384
			3)	st_	106	1449	0.0013149572
			4)	str	127	1336	0.0012124105
			5)	sti	190	991	8.993255E-4
			6)	stu	637	356	3.2306748E-4
			7)	sto	806	259	2.3504066E-4
		2)	sc	0	0	0.0
			1)	sch	26	3415	0.0030990883
		3)	se	0	0	0.0
			1)	sen	196	974	8.8389806E-4
			2)	sel	499	461	4.1835423E-4
			3)	ser	734	297	2.695254E-4
			4)	se_	852	236	2.1416832E-4
		4)	sl	0	0	0.0
			1)	sla	228	842	7.64109E-4
			2)	slu	731	298	2.7043288E-4
			3)	slo	757	283	2.568205E-4
			4)	sle	867	227	2.0600088E-4
		5)	sp	0	0	0.0
			1)	spr	241	803	7.287168E-4
			2)	spe	536	432	3.9203692E-4
			3)	spa	897	212	1.923885E-4
		6)	ss	0	0	0.0
			1)	ssi	379	583	5.2906835E-4
			2)	sse	488	473	4.2924413E-4
			3)	ssa	597	384	3.4847728E-4
		7)	si	0	0	0.0
			1)	sie	467	501	4.5465393E-4
			2)	sin	548	418	3.7933202E-4
			3)	sit	736	296	2.686179E-4
		8)	sa	0	0	0.0
			1)	sar	654	346	3.1399255E-4
			2)	sam	669	334	3.0310263E-4
		9)	so	0	0	0.0
			1)	soc	693	320	2.9039773E-4
			2)	sol	807	258	2.3413317E-4
		10)	sb	0	0	0.0
			1)	sbe	799	261	2.3685565E-4
	9)	l	0	0	0.0
		1)	li	0	0	0.0
			1)	lij	13	4694	0.0042597717
			2)	lin	84	1756	0.0015935575
			3)	lid	336	632	5.735355E-4
			4)	lie	391	571	5.1817845E-4
			5)	lit	399	566	5.13641E-4
			6)	lig	420	549	4.982136E-4
			7)	lis	489	473	4.2924413E-4
			8)	lic	631	360	3.2669745E-4
		2)	le	0	0	0.0
			1)	len	34	3072	0.0027878182
			2)	le_	61	2197	0.0019937619
			3)	lei	171	1075	9.7555487E-4
			4)	leg	199	953	8.6484075E-4
			5)	lee	265	745	6.760822E-4
			6)	lem	452	517	4.6917383E-4
			7)	lev	558	411	3.729796E-4
			8)	led	705	315	2.8586027E-4
			9)	ler	738	296	2.686179E-4
		3)	ll	0	0	0.0
			1)	lle	39	2807	0.0025473326
			2)	lli	305	687	6.2344765E-4
		4)	la	0	0	0.0
			1)	lan	70	1979	0.0017959285
			2)	lag	238	814	7.386992E-4
			3)	laa	252	770	6.987695E-4
			4)	lat	411	558	5.0638104E-4
			5)	las	872	224	2.0327841E-4
		5)	ld	0	0	0.0
			1)	ld_	174	1045	9.483301E-4
			2)	lde	471	496	4.5011647E-4
		6)	ls	0	0	0.0
			1)	ls_	275	731	6.633773E-4
			2)	lst	758	282	2.55913E-4
		7)	lg	0	0	0.0
			1)	lge	390	572	5.190859E-4
		8)	lo	0	0	0.0
			1)	loo	610	376	3.4121732E-4
			2)	lot	756	285	2.5863547E-4
		9)	lu	0	0	0.0
			1)	lui	635	358	3.2488245E-4
		10)	lt	0	0	0.0
			1)	lt_	718	309	2.8041532E-4
		11)	lk	0	0	0.0
			1)	lke	820	252	2.2868821E-4
	10)	m	0	0	0.0
		1)	me	0	0	0.0
			1)	men	15	4511	0.0040937006
			2)	mee	201	930	8.439684E-4
			3)	mer	288	708	6.4250495E-4
			4)	me_	450	518	4.7008132E-4
			5)	mev	502	459	4.1653923E-4
			6)	med	639	355	3.2216E-4
			7)	mel	767	277	2.5137555E-4
		2)	mo	0	0	0.0
			1)	moe	105	1506	0.0013666843
			2)	mog	430	537	4.8732368E-4
		3)	mi	0	0	0.0
			1)	min	145	1220	0.0011071414
			2)	mis	187	1002	9.0930786E-4
			3)	mij	220	858	7.786289E-4
			4)	mid	497	463	4.201692E-4
			5)	mil	507	452	4.101868E-4
		4)	ma	0	0	0.0
			1)	maa	197	957	8.684707E-4
			2)	ma_	427	542	4.9186114E-4
			3)	mak	570	402	3.6481215E-4
			4)	mat	642	353	3.20345E-4
			5)	mar	700	317	2.8767524E-4
			6)	man	701	316	2.8676775E-4
		5)	mm	0	0	0.0
			1)	mmi	257	759	6.887871E-4
			2)	mma	482	482	4.3741157E-4
			3)	mme	573	400	3.6299715E-4
			4)	mmu	878	220	1.9964844E-4
		6)	ms	0	0	0.0
			1)	mst	612	375	3.4030984E-4
		7)	mt	0	0	0.0
			1)	mt_	713	312	2.8313778E-4
		8)	mu	0	0	0.0
			1)	mun	837	244	2.2142827E-4
	11)	d	0	0	0.0
		1)	de	0	0	0.0
			1)	den	16	4466	0.0040528635
			2)	der	22	3618	0.0032833093
			3)	de_	23	3541	0.0032134324
			4)	del	66	2068	0.0018766953
			5)	dee	375	595	5.399583E-4
			6)	dem	435	531	4.8187873E-4
			7)	deb	703	316	2.8676775E-4
			8)	ded	819	253	2.2959571E-4
		2)	di	0	0	0.0
			1)	dig	110	1427	0.0012949924
			2)	din	208	910	8.258185E-4
			3)	die	225	851	7.722764E-4
			4)	dis	879	220	1.9964844E-4
		3)	da	0	0	0.0
			1)	daa	137	1271	0.0011534235
			2)	dan	576	398	3.6118217E-4
			3)	dat	826	247	2.2415075E-4
			4)	dag	901	210	1.9057351E-4
			5)	dac	902	210	1.9057351E-4
		4)	do	0	0	0.0
			1)	doe	242	793	7.1964186E-4
			2)	doo	873	224	2.0327841E-4
		5)	ds	0	0	0.0
			1)	dst	365	603	5.472182E-4
			2)	ds_	679	328	2.9765768E-4
			3)	dse	815	254	2.305032E-4
		6)	dd	0	0	0.0
			1)	dde	416	554	5.027511E-4
		7)	dr	0	0	0.0
			1)	dra	504	458	4.1563174E-4
			2)	dri	550	418	3.7933202E-4
			3)	dru	828	246	2.2324326E-4
		8)	du	0	0	0.0
			1)	dui	571	401	3.6390466E-4
			2)	dur	923	200	1.8149857E-4
		9)	dt	0	0	0.0
			1)	dt_	587	389	3.5301474E-4
		10)	dh	0	0	0.0
			1)	dhe	858	233	2.1144585E-4
	12)	c	0	0	0.0
		1)	ch	0	0	0.0
			1)	cht	18	3956	0.003590042
			2)	che	151	1173	0.0010644891
			3)	cha	215	882	8.004087E-4
			4)	chi	346	622	5.644606E-4
			5)	ch_	678	329	2.9856517E-4
			6)	chr	755	286	2.5954295E-4
		2)	co	0	0	0.0
			1)	con	103	1509	0.0013694068
			2)	com	209	905	8.2128105E-4
			3)	col	730	299	2.7134037E-4
		3)	ct	0	0	0.0
			1)	cti	280	723	6.5611734E-4
			2)	cte	673	331	3.0038014E-4
			3)	ctu	805	260	2.3594816E-4
		4)	ci	0	0	0.0
			1)	cia	605	382	3.4666227E-4
			2)	cië	741	295	2.677104E-4
		5)	ce	0	0	0.0
			1)	cen	721	308	2.795078E-4
		6)	cu	0	0	0.0
			1)	cul	860	232	2.1053835E-4
		7)	cr	0	0	0.0
			1)	cra	866	228	2.0690839E-4
	13)	o	0	0	0.0
		1)	oo	0	0	0.0
			1)	oor	19	3919	0.0035564646
			2)	oog	684	325	2.949352E-4
			3)	oop	832	245	2.2233576E-4
			4)	oof	862	231	2.0963086E-4
			5)	ood	865	229	2.0781587E-4
			6)	oot	881	219	1.9874095E-4
			7)	oon	909	206	1.8694354E-4
		2)	on	0	0	0.0
			1)	ond	59	2211	0.0020064667
			2)	ont	146	1210	0.0010980665
			3)	ona	293	701	6.361525E-4
			4)	ono	535	434	3.9385192E-4
			5)	one	574	399	3.6208966E-4
			6)	onc	586	389	3.5301474E-4
			7)	ong	712	312	2.8313778E-4
			8)	ons	750	289	2.6226544E-4
		3)	or	0	0	0.0
			1)	ord	97	1587	0.0014401912
			2)	orm	224	852	7.7318394E-4
			3)	org	250	773	7.01492E-4
			4)	ort	274	731	6.633773E-4
			5)	ors	374	595	5.399583E-4
			6)	orz	395	569	5.163635E-4
			7)	or_	494	466	4.228917E-4
			8)	ori	663	338	3.067326E-4
			9)	ore	665	337	3.0582512E-4
			10)	orb	824	247	2.2415075E-4
			11)	ora	851	237	2.1507582E-4
		4)	oe	0	0	0.0
			1)	oet	116	1405	0.0012750275
			2)	oed	178	1028	9.329027E-4
			3)	oer	212	892	8.0948364E-4
			4)	oel	368	598	5.4268073E-4
			5)	oeg	371	597	5.417733E-4
			6)	oek	455	515	4.6735886E-4
			7)	oen	524	441	4.0020436E-4
			8)	oep	579	396	3.593672E-4
			9)	oei	802	260	2.3594816E-4
			10)	oe_	812	256	2.3231818E-4
			11)	oev	916	202	1.8331356E-4
		5)	ov	0	0	0.0
			1)	ove	126	1340	0.0012160405
		6)	om	0	0	0.0
			1)	ome	144	1226	0.0011125862
			2)	omm	229	836	7.5866404E-4
			3)	omi	477	487	4.4194903E-4
			4)	om_	522	442	4.0111187E-4
			5)	oms	593	385	3.4938476E-4
		7)	ou	0	0	0.0
			1)	ouw	180	1026	9.310877E-4
			2)	oud	226	848	7.69554E-4
		8)	og	0	0	0.0
			1)	oge	256	760	6.896946E-4
			2)	ogr	431	534	4.8460122E-4
		9)	ot	0	0	0.0
			1)	ote	438	527	4.7824875E-4
			2)	ot_	863	230	2.0872337E-4
		10)	ol	0	0	0.0
			1)	oli	461	509	4.6191388E-4
			2)	olg	470	496	4.5011647E-4
			3)	oll	527	440	3.9929687E-4
			4)	ole	760	281	2.550055E-4
			5)	olk	823	249	2.2596573E-4
		11)	op	0	0	0.0
			1)	ope	539	430	3.9022195E-4
			2)	op_	549	418	3.7933202E-4
			3)	opg	776	271	2.4593057E-4
		12)	oa	0	0	0.0
			1)	oal	594	385	3.4938476E-4
		13)	ob	0	0	0.0
			1)	obl	645	351	3.1853002E-4
		14)	oc	0	0	0.0
			1)	oci	694	320	2.9039773E-4
			2)	oce	780	269	2.441156E-4
		15)	od	0	0	0.0
			1)	odi	725	305	2.7678534E-4
			2)	ode	737	296	2.686179E-4
		16)	os	0	0	0.0
			1)	ost	883	217	1.9692596E-4
	14)	a	0	0	0.0
		1)	aa	0	0	0.0
			1)	aar	20	3685	0.0033441114
			2)	aan	38	2852	0.0025881696
			3)	aat	74	1908	0.0017314964
			4)	aal	181	1023	9.283652E-4
			5)	aag	295	695	6.3070754E-4
			6)	aak	306	686	6.2254013E-4
			7)	aad	880	220	1.9964844E-4
		2)	an	0	0	0.0
			1)	and	36	3059	0.0027760207
			2)	ang	78	1816	0.0016480071
			3)	an_	125	1341	0.001216948
			4)	ant	164	1116	0.0010127621
			5)	ank	362	605	5.490332E-4
			6)	ans	598	384	3.4847728E-4
			7)	ani	627	363	3.294199E-4
			8)	anc	646	351	3.1853002E-4
			9)	ann	744	293	2.6589542E-4
		3)	at	0	0	0.0
			1)	ati	63	2115	0.0019193474
			2)	at_	104	1507	0.0013675918
			3)	ate	115	1406	0.001275935
			4)	ats	343	624	5.6627556E-4
			5)	atr	781	269	2.441156E-4
			6)	att	829	246	2.2324326E-4
			7)	atu	850	238	2.1598331E-4
		4)	am	0	0	0.0
			1)	ame	111	1426	0.0012940848
			2)	amm	436	529	4.8006375E-4
		5)	ag	0	0	0.0
			1)	ag_	134	1289	0.0011697584
			2)	age	217	864	7.8407384E-4
		6)	al	0	0	0.0
			1)	al_	138	1254	0.0011379961
			2)	ale	167	1112	0.0010091321
			3)	all	266	745	6.760822E-4
			4)	ali	380	582	5.281609E-4
			5)	als	433	533	4.836937E-4
			6)	ald	859	233	2.1144585E-4
		7)	ac	0	0	0.0
			1)	ach	169	1093	9.918897E-4
			2)	act	412	558	5.0638104E-4
		8)	ar	0	0	0.0
			1)	ard	173	1050	9.5286756E-4
			2)	ari	210	901	8.176511E-4
			3)	ar_	219	859	7.795364E-4
			4)	art	272	737	6.6882226E-4
			5)	aro	426	543	4.9276865E-4
			6)	are	439	527	4.7824875E-4
			7)	ark	752	288	2.6135796E-4
			8)	ara	753	287	2.6045047E-4
			9)	arm	777	271	2.4593057E-4
			10)	arb	818	253	2.2959571E-4
			11)	arv	834	244	2.2142827E-4
			12)	arl	869	227	2.0600088E-4
		9)	ak	0	0	0.0
			1)	ake	183	1009	9.1566035E-4
			2)	ak_	419	551	5.000286E-4
			3)	akt	595	385	3.4938476E-4
			4)	akk	811	257	2.3322567E-4
		10)	as	0	0	0.0
			1)	ast	324	651	5.907779E-4
			2)	ass	794	263	2.3867063E-4
		11)	ap	0	0	0.0
			1)	app	344	624	5.6627556E-4
			2)	ap_	706	315	2.8586027E-4
		12)	ad	0	0	0.0
			1)	ade	383	579	5.254384E-4
		13)	au	0	0	0.0
			1)	aut	540	430	3.9022195E-4
		14)	af	0	0	0.0
			1)	afg	628	363	3.294199E-4
		15)	ai	0	0	0.0
			1)	air	660	341	3.094551E-4
	15)	r	0	0	0.0
		1)	re	0	0	0.0
			1)	ren	28	3337	0.0030283039
			2)	reg	131	1312	0.0011906307
			3)	rec	176	1034	9.3834766E-4
			4)	re_	193	977	8.8662055E-4
			5)	rek	254	767	6.9604703E-4
			6)	rei	286	712	6.4613495E-4
			7)	ree	301	691	6.270776E-4
			8)	res	381	580	5.2634586E-4
			9)	red	500	460	4.1744675E-4
			10)	ref	601	382	3.4666227E-4
			11)	rel	789	264	2.3957812E-4
			12)	rea	861	231	2.0963086E-4
		2)	rd	0	0	0.0
			1)	rde	49	2386	0.002165278
			2)	rd_	132	1308	0.0011870007
			3)	rdi	370	597	5.417733E-4
		3)	ri	0	0	0.0
			1)	rin	81	1793	0.0016271347
			2)	rij	90	1676	0.0015209581
			3)	ric	281	721	6.5430236E-4
			4)	ris	333	634	5.753505E-4
			5)	rie	572	400	3.6299715E-4
			6)	rit	677	329	2.9856517E-4
			7)	rig	808	258	2.3413317E-4
			8)	rio	921	201	1.8240607E-4
		4)	rs	0	0	0.0
			1)	rst	122	1352	0.0012269304
			2)	rs_	147	1202	0.0010908064
			3)	rsc	290	707	6.415975E-4
			4)	rsl	403	562	5.10011E-4
		5)	rg	0	0	0.0
			1)	rge	162	1123	0.0010191145
			2)	rga	699	317	2.8767524E-4
		6)	ra	0	0	0.0
			1)	raa	172	1065	9.6647994E-4
			2)	ran	246	784	7.1147445E-4
			3)	ram	328	637	5.7807297E-4
			4)	rat	367	601	5.454032E-4
			5)	rag	388	574	5.2090094E-4
			6)	rac	424	545	4.945836E-4
			7)	ral	624	363	3.294199E-4
			8)	rak	766	277	2.5137555E-4
			9)	rap	778	270	2.4502308E-4
		7)	rt	0	0	0.0
			1)	rt_	262	752	6.8243465E-4
			2)	rte	415	556	5.0456607E-4
			3)	rti	606	380	3.448473E-4
		8)	ro	0	0	0.0
			1)	rou	276	730	6.624698E-4
			2)	ron	359	607	5.508482E-4
			3)	rog	460	512	4.6463637E-4
			4)	rot	476	488	4.4285654E-4
			5)	roe	480	482	4.3741157E-4
			6)	rom	541	428	3.8840697E-4
			7)	rob	561	407	3.693496E-4
			8)	rol	609	377	3.421248E-4
			9)	roo	661	340	3.0854758E-4
			10)	roc	765	278	2.5228303E-4
			11)	rok	790	263	2.3867063E-4
			12)	rop	796	262	2.3776313E-4
		9)	rv	0	0	0.0
			1)	rvo	314	672	6.098352E-4
			2)	rva	614	372	3.3758735E-4
		10)	rk	0	0	0.0
			1)	rke	323	654	5.935003E-4
			2)	rkt	457	514	4.6645134E-4
			3)	rki	459	513	4.6554385E-4
			4)	rk_	855	234	2.1235333E-4
		11)	rz	0	0	0.0
			1)	rzi	376	590	5.354208E-4
			2)	rzo	659	342	3.1036258E-4
		12)	ru	0	0	0.0
			1)	rui	384	578	5.245309E-4
			2)	ruc	704	315	2.8586027E-4
			3)	ruk	895	213	1.9329599E-4
			4)	rug	911	205	1.8603605E-4
		13)	rm	0	0	0.0
			1)	rme	393	570	5.1727094E-4
			2)	rmi	397	567	5.1454845E-4
		14)	rb	0	0	0.0
			1)	rbe	464	505	4.582839E-4
			2)	rbi	856	234	2.1235333E-4
		15)	rl	0	0	0.0
			1)	rli	484	479	4.346891E-4
			2)	rle	578	396	3.593672E-4
		16)	rn	0	0	0.0
			1)	rne	520	444	4.0292685E-4
			2)	rna	912	205	1.8603605E-4
		17)	rh	0	0	0.0
			1)	rhe	544	427	3.8749946E-4
			2)	rha	801	260	2.3594816E-4
		18)	rw	0	0	0.0
			1)	rwe	655	345	3.1308504E-4
			2)	rwa	893	214	1.9420349E-4
		19)	rr	0	0	0.0
			1)	rre	680	327	2.9675016E-4
	16)	k	0	0	0.0
		1)	ke	0	0	0.0
			1)	ken	31	3190	0.0028949024
			2)	ke_	65	2087	0.0018939377
			3)	kel	124	1344	0.0012196704
			4)	ker	310	678	6.152802E-4
			5)	keu	899	210	1.9057351E-4
		2)	ko	0	0	0.0
			1)	kom	141	1244	0.0011289212
		3)	kt	0	0	0.0
			1)	kt_	158	1156	0.0010490618
			2)	kte	772	275	2.4956054E-4
		4)	kk	0	0	0.0
			1)	kke	170	1087	9.864448E-4
			2)	kki	797	262	2.3776313E-4
		5)	ki	0	0	0.0
			1)	kin	206	913	8.28541E-4
		6)	kh	0	0	0.0
			1)	khe	503	459	4.1653923E-4
		7)	kr	0	0	0.0
			1)	kri	813	255	2.3141068E-4
		8)	ka	0	0	0.0
			1)	kan	845	240	2.177983E-4
			2)	kad	891	215	1.9511097E-4
		9)	ks	0	0	0.0
			1)	kst	904	209	1.8966601E-4
		10)	kw	0	0	0.0
			1)	kwe	905	208	1.8875852E-4
	17)	j	0	0	0.0
		1)	jk	0	0	0.0
			1)	jk_	60	2206	0.0020019293
			2)	jke	94	1615	0.001465601
			3)	jkh	514	448	4.0655682E-4
		2)	jn	0	0	0.0
			1)	jnh	320	661	5.998528E-4
			2)	jn_	334	634	5.753505E-4
		3)	jd	0	0	0.0
			1)	jde	658	343	3.1127007E-4
			2)	jd_	783	267	2.4230061E-4
		4)	jv	0	0	0.0
			1)	jve	707	314	2.8495278E-4
		5)	ja	0	0	0.0
			1)	jaa	714	312	2.8313778E-4
		6)	jz	0	0	0.0
			1)	jze	740	295	2.677104E-4
	18)	u	0	0	0.0
		1)	ui	0	0	0.0
			1)	uit	68	2033	0.001844933
			2)	uid	458	513	4.6554385E-4
			3)	uis	748	290	2.6317293E-4
			4)	uik	751	288	2.6135796E-4
		2)	uw	0	0	0.0
			1)	uw_	244	788	7.151044E-4
			2)	uwe	283	714	6.479499E-4
		3)	uu	0	0	0.0
			1)	uur	259	756	6.8606465E-4
		4)	ud	0	0	0.0
			1)	ude	316	666	6.043903E-4
		5)	un	0	0	0.0
			1)	unt	327	640	5.8079546E-4
			2)	un_	720	308	2.795078E-4
			3)	una	910	205	1.8603605E-4
		6)	ur	0	0	0.0
			1)	ure	366	602	5.4631074E-4
			2)	ur_	382	579	5.254384E-4
			3)	urg	667	335	3.0401011E-4
		7)	ul	0	0	0.0
			1)	ull	529	439	3.9838938E-4
			2)	ult	583	392	3.5573723E-4
		8)	uc	0	0	0.0
			1)	uct	596	384	3.4847728E-4
		9)	us	0	0	0.0
			1)	ust	691	322	2.922127E-4
		10)	um	0	0	0.0
			1)	ume	709	313	2.8404527E-4
		11)	uk	0	0	0.0
			1)	uk_	831	245	2.2233576E-4
		12)	ut	0	0	0.0
			1)	uto	838	243	2.2052077E-4
			2)	uta	889	215	1.9511097E-4
			3)	uti	894	213	1.9329599E-4
	19)	h	0	0	0.0
		1)	he	0	0	0.0
			1)	hei	77	1817	0.0016489147
			2)	hee	102	1509	0.0013694068
			3)	her	221	858	7.786289E-4
			4)	he_	287	711	6.4522744E-4
			5)	hed	603	382	3.4666227E-4
			6)	hel	708	314	2.8495278E-4
		2)	ht	0	0	0.0
			1)	ht_	129	1314	0.0011924456
			2)	hte	133	1304	0.0011833707
			3)	hts	533	435	3.947594E-4
			4)	hti	666	336	3.049176E-4
			5)	htl	698	318	2.8858273E-4
		3)	ha	0	0	0.0
			1)	han	237	816	7.405142E-4
			2)	hap	345	623	5.653681E-4
			3)	har	913	205	1.8603605E-4
		4)	ho	0	0	0.0
			1)	hou	321	655	5.9440784E-4
			2)	hoo	475	489	4.4376403E-4
			3)	hoe	822	250	2.2687322E-4
		5)	hi	0	0	0.0
			1)	hie	619	369	3.348649E-4
			2)	hil	885	217	1.9692596E-4
		6)	hr	0	0	0.0
			1)	hri	918	202	1.8331356E-4
	20)	p	0	0	0.0
		1)	pr	0	0	0.0
			1)	pro	82	1787	0.0016216898
			2)	pre	447	521	4.728038E-4
			3)	pri	644	352	3.194375E-4
			4)	pra	762	280	2.54098E-4
		2)	pe	0	0	0.0
			1)	pen	182	1015	9.2110527E-4
			2)	per	335	632	5.735355E-4
			3)	pel	552	417	3.7842453E-4
			4)	pec	739	295	2.677104E-4
		3)	pl	0	0	0.0
			1)	pla	292	705	6.397825E-4
			2)	ple	888	216	1.9601846E-4
		4)	pu	0	0	0.0
			1)	pun	425	545	4.945836E-4
		5)	pa	0	0	0.0
			1)	par	473	492	4.4648652E-4
			2)	pas	671	332	3.0128766E-4
			3)	paa	871	224	2.0327841E-4
		6)	pp	0	0	0.0
			1)	ppe	513	449	4.074643E-4
		7)	po	0	0	0.0
			1)	pol	629	361	3.2760494E-4
			2)	por	779	270	2.4502308E-4
		8)	pg	0	0	0.0
			1)	pge	791	263	2.3867063E-4
	21)	w	0	0	0.0
		1)	we	0	0	0.0
			1)	wer	83	1774	0.0016098924
			2)	wee	285	712	6.4613495E-4
			3)	wel	437	528	4.7915624E-4
			4)	wet	468	499	4.5283895E-4
			5)	wen	526	440	3.9929687E-4
			6)	we_	632	359	3.2578994E-4
			7)	weg	729	300	2.7224788E-4
		2)	wa	0	0	0.0
			1)	waa	153	1172	0.0010635817
			2)	wat	882	218	1.9783345E-4
		3)	wi	0	0	0.0
			1)	wij	236	816	7.405142E-4
			2)	wil	386	575	5.218084E-4
			3)	wik	551	417	3.7842453E-4
		4)	wo	0	0	0.0
			1)	woo	309	681	6.1800267E-4
			2)	wor	727	302	2.7406286E-4
	22)	b	0	0	0.0
		1)	be	0	0	0.0
			1)	bel	91	1671	0.0015164206
			2)	bes	100	1554	0.0014102439
			3)	bet	149	1183	0.001073564
			4)	ber	432	533	4.836937E-4
			5)	bev	434	532	4.827862E-4
			6)	beg	454	516	4.6826634E-4
			7)	bed	493	467	4.2379918E-4
			8)	beh	505	458	4.1563174E-4
			9)	bep	626	363	3.294199E-4
			10)	ben	715	312	2.8313778E-4
			11)	bee	849	238	2.1598331E-4
			12)	bew	924	200	1.8149857E-4
		2)	bi	0	0	0.0
			1)	bij	294	699	6.3433754E-4
			2)	bie	410	560	5.08196E-4
			3)	bin	686	325	2.949352E-4
		3)	br	0	0	0.0
			1)	bre	361	605	5.490332E-4
			2)	bru	689	324	2.940277E-4
		4)	bl	0	0	0.0
			1)	bli	463	506	4.5919142E-4
			2)	ble	577	398	3.6118217E-4
		5)	bu	0	0	0.0
			1)	bur	534	435	3.947594E-4
		6)	ba	0	0	0.0
			1)	baa	621	366	3.321424E-4
			2)	bat	746	292	2.6498793E-4
			3)	ban	840	242	2.1961328E-4
			4)	bar	892	215	1.9511097E-4
		7)	bo	0	0	0.0
			1)	bou	844	241	2.1870578E-4
	23)	z	0	0	0.0
		1)	zi	0	0	0.0
			1)	zie	330	635	5.76258E-4
			2)	zit	532	435	3.947594E-4
			3)	zij	545	426	3.8659197E-4
			4)	zin	764	278	2.5228303E-4
			5)	zig	877	220	1.9964844E-4
			6)	zic	914	204	1.8512855E-4
		2)	ze	0	0	0.0
			1)	zen	408	560	5.08196E-4
			2)	zeg	446	522	4.737113E-4
			3)	zet	652	346	3.1399255E-4
			4)	zel	653	346	3.1399255E-4
			5)	zek	817	253	2.2959571E-4
		3)	zu	0	0	0.0
			1)	zul	509	451	4.092793E-4
		4)	za	0	0	0.0
			1)	zak	519	444	4.0292685E-4
			2)	zaa	683	325	2.949352E-4
		5)	zo	0	0	0.0
			1)	zon	563	405	3.675346E-4
			2)	zor	600	382	3.4666227E-4
			3)	zoa	613	374	3.3940235E-4
			4)	zoe	774	272	2.4683806E-4
	24)	f	0	0	0.0
		1)	ff	0	0	0.0
			1)	ffe	479	483	4.3831908E-4
		2)	ft	0	0	0.0
			1)	ft_	515	447	4.0564933E-4
		3)	fi	0	0	0.0
			1)	fin	543	428	3.8840697E-4
		4)	fe	0	0	0.0
			1)	fen	562	407	3.693496E-4
			2)	fer	754	286	2.5954295E-4
		5)	fg	0	0	0.0
			1)	fge	674	330	2.9947265E-4
		6)	fr	0	0	0.0
			1)	fra	784	267	2.4230061E-4
	25)	ë	0	0	0.0
		1)	ël	0	0	0.0
			1)	ële	719	308	2.795078E-4
