Spanish	3	25528195
	1)	i	4.968232E-4	12683
		1)	ió	0.018843524	24625
			1)	ión	0.9999993	1391468
			2)	Esc	7.18665E-7	1
		2)	id	3.894966E-4	509
			1)	ido	0.72727996	275026
			2)	ida	0.24583176	92963
			3)	ide	0.026311822	9950
			4)	idí	3.1203972E-4	118
			5)	idó	2.5121841E-4	95
			6)	Esc	1.3222021E-5	5
		3)	io	0.23986639	313461
			1)	ios	0.8529111	192050
			2)	ior	0.14429098	32490
			3)	ion	0.0023271306	524
			4)	io–	4.5299108E-4	102
			5)	Esc	1.7764356E-5	4
		4)	ia	0.3416482	446471
			1)	ias	0.5028099	158812
			2)	ial	0.37187392	117456
			3)	iar	0.11550773	36483
			4)	ian	0.009324076	2945
			5)	ia–	4.6857834E-4	148
			6)	Esc	1.583035E-5	5
		5)	it	0.0026568412	3472
			1)	ito	0.60904557	84756
			2)	itó	0.011130912	1549
			3)	itu	0.037050344	5156
			4)	ita	0.1896854	26397
			5)	ite	0.12673718	17637
			6)	ité	0.019509636	2715
			7)	ity	8.120033E-4	113
			8)	ith	4.3115218E-4	60
			9)	its	0.0048792055	679
			10)	ití	6.4672827E-4	90
			11)	Esc	7.1858696E-5	10
		6)	ie	0.015650265	20452
			1)	ien	0.59703225	43655
			2)	ier	0.275	20108
			3)	iez	0.075834244	5545
			4)	ies	0.03800602	2779
			5)	iel	0.014059081	1028
			6)	Esc	6.8380745E-5	5
		7)	ic	1.7217433E-4	225
			1)	ica	0.6187902	255931
			2)	ico	0.33321404	137817
			3)	ice	0.04213018	17425
			4)	icó	0.0053699357	2221
			5)	icy	1.7649947E-4	73
			6)	icé	3.046429E-4	126
			7)	Esc	1.4506805E-5	6
		8)	il	0.03425198	44761
			1)	ila	0.08658687	774
			2)	ilo	0.8810829	7876
			3)	ile	0.03199463	286
			4)	Esc	3.35608E-4	3
		9)	iv	3.902618E-5	51
			1)	iva	0.52637607	110759
			2)	ivo	0.46097767	96998
			3)	ive	0.012104478	2547
			4)	ivó	5.2276894E-4	110
			5)	Esc	1.900978E-5	4
		10)	ir	0.20732239	270932
			1)	ire	0.0985239	3077
			2)	irá	0.6617463	20667
			3)	iré	0.12593257	3933
			4)	ira	0.077455096	2419
			5)	iro	0.02651212	828
			6)	iró	0.00963786	301
			7)	Esc	1.921168E-4	6
		11)	ip	9.412197E-5	123
			1)	ipo	0.8942289	22886
			2)	ipe	0.05353026	1370
			3)	ipa	0.029617473	758
			4)	ipé	0.008674247	222
			5)	ipó	0.011214004	287
			6)	ips	0.0025006838	64
			7)	Esc	2.3443911E-4	6
		12)	im	6.657407E-5	87
			1)	imo	0.55416083	45163
			2)	ima	0.41219416	33593
			3)	ime	0.031301383	2551
			4)	imó	0.0022945348	187
			5)	Esc	4.9080958E-5	4
		13)	in	0.100788556	131712
			1)	ine	0.04092212	4026
			2)	ina	0.17863023	17574
			3)	ino	0.73214614	72030
			4)	inó	0.010784493	1061
			5)	ing	0.036033016	3545
			6)	int	7.72499E-4	76
			7)	ini	6.4036105E-4	63
			8)	Esc	7.1151226E-5	7
		14)	ié	0.0043785847	5722
			1)	ién	0.99999404	167744
			2)	Esc	5.9614295E-6	1
		15)	is	0.032449886	42406
			1)	iso	0.86225444	30460
			2)	isa	0.112296894	3967
			3)	ise	0.019928664	704
			4)	isó	0.0032553927	115
			5)	ist	0.002123082	75
			6)	Esc	1.4153881E-4	5
		16)	ig	6.810451E-5	89
			1)	iga	0.3261493	8414
			2)	igo	0.42983952	11089
			3)	ige	0.23385534	6033
			4)	igó	0.0060082176	155
			5)	igí	0.003953795	102
			6)	Esc	1.9381348E-4	5
		17)	iz	0.0011003853	1438
			1)	iza	0.47732162	11313
			2)	izá	0.20336695	4820
			3)	izo	0.2502848	5932
			4)	izó	0.068857856	1632
			5)	Esc	1.6876926E-4	4
		18)	ik	4.8208814E-5	63
			1)	ika	0.9975787	412
			2)	Esc	0.0024213076	1
		19)	ix	7.652192E-5	100
		20)	ii	7.346105E-5	96
		21)	Esc	1.5304386E-5	20
	2)	ó	0.0031591344	80647
		1)	ón	0.99990773	1419666
			1)	ón–	0.997191	355
			2)	Esc	0.0028089888	1
		2)	ós	9.085806E-5	129
		3)	Esc	1.4086521E-6	2
	3)	n	0.11207388	2861044
		1)	ne	0.251429	109307
			1)	nes	0.792295	523459
			2)	nea	0.014846667	9809
			3)	nen	0.07332671	48446
			4)	ner	0.11520735	76116
			5)	nel	0.0012381052	818
			6)	net	3.9352977E-4	260
			7)	neo	0.0026018373	1719
			8)	nez	7.8705954E-5	52
			9)	Esc	1.2108608E-5	8
		2)	na	0.3371325	146566
			1)	nas	0.41604888	113479
			2)	nal	0.36054835	98341
			3)	nar	0.19159755	52259
			4)	nan	0.031200275	8510
			5)	naz	3.446329E-4	94
			6)	na–	2.3830998E-4	65
			7)	Esc	2.1997845E-5	6
		3)	no	0.38118842	165719
			1)	nos	0.9705299	202668
			2)	nor	0.02793288	5833
			3)	non	3.112699E-4	65
			4)	nol	8.4761187E-4	177
			5)	no–	3.543688E-4	74
			6)	Esc	2.3943838E-5	5
		4)	nt	0.0012743161	554
			1)	nte	0.6588508	842037
			2)	nto	0.26365626	336963
			3)	nta	0.073165216	93508
			4)	nté	7.785365E-4	995
			5)	ntó	0.0033050634	4224
			6)	ntí	1.2597424E-4	161
			7)	nts	6.0248552E-5	77
			8)	nti	5.1641615E-5	66
			9)	Esc	6.25959E-6	8
		5)	ns	7.015639E-4	305
			1)	nsa	0.4920838	16939
			2)	nso	0.4135607	14236
			3)	nse	0.084797956	2919
			4)	nsó	0.00424135	146
			5)	nsé	0.0051709614	178
			6)	Esc	1.4525172E-4	5
		6)	nd	3.3583058E-4	146
			1)	ndo	0.75953084	312471
			2)	nda	0.12850024	52865
			3)	nde	0.10999028	45250
			4)	ndó	0.0011400097	469
			5)	ndi	2.7224113E-4	112
			6)	ndí	5.5177446E-4	227
			7)	Esc	1.4584346E-5	6
		7)	ng	0.008513075	3701
			1)	nga	0.69145304	16617
			2)	ngo	0.29119506	6998
			3)	nge	0.014563914	350
			4)	ngs	0.0026215047	63
			5)	Esc	1.6644473E-4	4
		8)	ni	2.9672703E-4	129
			1)	nir	0.42224994	11842
			2)	nio	0.46182922	12952
			3)	nil	0.01782849	500
			4)	nia	0.0766625	2150
			5)	nis	0.0023533606	66
			6)	nió	0.018862542	529
			7)	Esc	2.1394188E-4	6
		9)	nú	1.3571237E-4	59
			1)	núa	0.60763025	1959
			2)	núe	0.37344912	1204
			3)	núm	0.017990075	58
			4)	Esc	9.305211E-4	3
		10)	ní	0.0061530606	2675
			1)	nía	0.99991757	12129
			2)	Esc	8.244023E-5	1
		11)	nó	0.0069305315	3013
		12)	né	7.314666E-4	318
			1)	nés	0.9992983	1424
			2)	Esc	7.017544E-4	1
		13)	nl	0.0030615788	1331
			1)	nlo	0.99236643	130
			2)	Esc	0.007633588	1
		14)	nn	1.9781802E-4	86
		15)	n°	4.5314129E-4	197
		16)	n–	0.0012375127	538
		17)	n 	1.8861718E-4	82
		18)	Esc	3.910356E-5	17
	4)	o	0.19034353	4859127
		1)	od	3.0333566E-5	109
			1)	odo	0.98733294	46845
			2)	oda	0.011465666	544
			3)	ode	0.001138136	54
			4)	Esc	6.3229774E-5	3
		2)	os	0.7041417	2530248
			1)	oso	0.36149016	17272
			2)	osa	0.45732525	21851
			3)	ose	0.15946002	7619
			4)	ost	0.0038928422	186
			5)	os–	0.017727083	847
			6)	Esc	1.0464629E-4	5
		3)	or	0.25080988	901255
			1)	ora	0.93965006	124529
			2)	oro	0.030861637	4090
			3)	ore	0.016766395	2222
			4)	ori	0.0034936278	463
			5)	oré	6.1874185E-4	82
			6)	oró	0.004904661	650
			7)	ord	0.0027088819	359
			8)	ort	5.2819424E-4	70
			9)	or–	3.999185E-4	53
			10)	Esc	6.791069E-5	9
		4)	ol	0.006427655	23097
			1)	ole	0.040302068	2028
			2)	ola	0.3043124	15313
			3)	olo	0.6536566	32892
			4)	oló	0.0016494435	83
			5)	Esc	7.9491256E-5	4
		5)	ot	7.9034246E-5	284
			1)	ota	0.4206835	9417
			2)	otó	0.035961583	805
			3)	oto	0.42975205	9620
			4)	oté	0.022470403	503
			5)	ote	0.08760331	1961
			6)	ots	0.0032611124	73
			7)	Esc	2.6803665E-4	6
		6)	oy	0.023893388	85858
			1)	oyó	0.008909853	357
			2)	oyo	0.8530498	34180
			3)	oya	0.09843267	3944
			4)	oye	0.03688729	1478
			5)	oyé	0.0025955874	104
			6)	Esc	1.2478785E-4	5
		7)	om	4.2578307E-5	153
			1)	omó	0.0626945	826
			2)	oma	0.5448197	7178
			3)	ome	0.24500948	3228
			4)	omo	0.13867173	1827
			5)	omé	0.008425048	111
			6)	Esc	3.7950664E-4	5
		8)	oc	1.5751191E-4	566
			1)	oco	0.4699306	11307
			2)	oca	0.25210923	6066
			3)	oce	0.24363077	5862
			4)	ock	0.004197664	101
			5)	ocó	0.026225012	631
			6)	ocí	0.0036573708	88
			7)	Esc	2.493662E-4	6
		9)	on	0.012315149	44253
			1)	one	0.47412628	28449
			2)	ona	0.41006282	24605
			3)	ono	0.08764562	5259
			4)	oné	0.0040331315	242
			5)	ons	0.0015332567	92
			6)	ong	0.0012666034	76
			7)	onó	0.021215606	1273
			8)	Esc	1.16660834E-4	7
		10)	oj	4.035199E-5	145
			1)	oja	0.2861522	2147
			2)	ojo	0.705851	5296
			3)	oje	0.007596961	57
			4)	Esc	3.9984006E-4	3
		11)	oí	2.4489485E-5	88
			1)	oír	0.99938196	1617
			2)	Esc	6.1804696E-4	1
		12)	op	1.9480272E-5	70
			1)	opa	0.8759056	3748
			2)	ope	0.123627014	529
			3)	Esc	4.6739893E-4	2
		13)	oz	0.0013689066	4919
			1)	ozo	0.2711223	215
			2)	oza	0.7263556	576
			3)	Esc	0.002522068	2
		14)	oa	4.5917783E-5	165
			1)	oar	0.9907407	107
			2)	Esc	0.009259259	1
		15)	ow	2.6437512E-5	95
		16)	oe	2.3654617E-5	85
			1)	oes	0.9928058	138
			2)	Esc	0.007194245	1
		17)	ox	2.3654617E-5	85
			1)	oxa	0.989011	90
			2)	Esc	0.010989011	1
		18)	o–	4.7281402E-4	1699
		19)	o 	2.8385539E-5	102
		20)	o—	2.3098037E-5	83
		21)	Esc	5.565792E-6	20
	5)	d	0.01878844	479635
		1)	do	0.6822738	1277557
			1)	dos	0.91776097	327146
			2)	dor	0.070226476	25033
			3)	doy	0.010803426	3851
			4)	don	2.552874E-4	91
			5)	do–	9.3979423E-4	335
			6)	Esc	1.402678E-5	5
		2)	da	0.20779023	389087
			1)	dar	0.0946491	69091
			2)	dad	0.55386114	404302
			3)	dan	0.03754675	27408
			4)	das	0.3128841	228396
			5)	dal	5.246791E-4	383
			6)	daz	2.7124403E-4	198
			7)	dam	1.01374026E-4	74
			8)	da–	1.5069112E-4	110
			9)	Esc	1.0959355E-5	8
		3)	dí	4.357813E-4	816
			1)	día	0.9860836	27422
			2)	dío	0.009673127	269
			3)	dín	0.004135352	115
			4)	Esc	1.07878746E-4	3
		4)	de	0.10592636	198347
			1)	der	0.2148417	61055
			2)	den	0.22800209	64795
			3)	des	0.49603078	140965
			4)	dez	0.01816416	5162
			5)	dea	0.040459417	11498
			6)	deo	0.0015658758	445
			7)	dem	2.7798695E-4	79
			8)	de 	6.298692E-4	179
			9)	Esc	2.8150578E-5	8
		5)	di	7.316426E-5	137
			1)	dio	0.482541	37768
			2)	die	0.012891439	1009
			3)	dir	0.32153216	25166
			4)	dió	0.08130933	6364
			5)	dia	0.100141816	7838
			6)	diz	6.6437543E-4	52
			7)	dis	8.304693E-4	65
			8)	Esc	8.9435154E-5	7
		6)	dé	0.0015690261	2938
			1)	dés	0.97838783	3350
			2)	dén	0.021028038	72
			3)	Esc	5.8411213E-4	2
		7)	dó	0.0016795737	3145
			1)	dón	0.91964287	824
			2)	dós	0.078125	70
			3)	Esc	0.002232143	2
		8)	dá	3.364488E-5	63
		9)	ds	7.9038764E-5	148
		10)	dy	2.9906558E-5	56
		11)	dt	2.7770375E-5	52
		12)	d–	7.530044E-5	141
		13)	Esc	6.408548E-6	12
	6)	e	0.10716425	2735710
		1)	es	0.58278096	1809990
			1)	ese	0.26426753	39346
			2)	esa	0.33168107	49383
			3)	eso	0.39205572	58372
			4)	esó	0.004500057	670
			5)	esé	9.6045993E-4	143
			6)	ess	8.731454E-4	130
			7)	est	0.0015985278	238
			8)	es–	0.0040097525	597
			9)	Esc	5.3732027E-5	8
		2)	er	0.15681885	487045
			1)	ero	0.5087276	265509
			2)	era	0.35773546	186705
			3)	ere	0.06216996	32447
			4)	eré	0.003590671	1874
			5)	eró	0.0018853898	984
			6)	erá	0.064681895	33758
			7)	ers	6.1121886E-4	319
			8)	erí	2.2034535E-4	115
			9)	erg	2.3950581E-4	125
			10)	er–	1.1879488E-4	62
			11)	Esc	1.9160465E-5	10
		3)	eo	0.04589538	142541
			1)	eos	0.92778033	37949
			2)	eor	0.07217074	2952
			3)	Esc	4.889617E-5	2
		4)	em	6.536198E-5	203
			1)	ema	0.95756775	87086
			2)	eme	0.010028039	912
			3)	emo	0.03237121	2944
			4)	Esc	3.298697E-5	3
		5)	en	0.13137275	408015
			1)	ene	0.5650386	69945
			2)	ena	0.24047565	29768
			3)	eno	0.18761107	23224
			4)	enó	0.002690083	333
			5)	enú	4.44308E-4	55
			6)	ent	0.002568908	318
			7)	ens	5.089346E-4	63
			8)	en–	5.977962E-4	74
			9)	Esc	6.462662E-5	8
		6)	eb	3.08779E-4	959
			1)	ebe	0.8197998	69601
			2)	eba	0.10063604	8544
			3)	ebo	0.07837456	6654
			4)	ebé	0.0011425206	97
			5)	Esc	4.7114252E-5	4
		7)	ed	0.002114766	6568
			1)	ede	0.5885017	77182
			2)	edo	0.12808998	16799
			3)	eda	0.27377048	35905
			4)	edó	0.006450629	846
			5)	edé	7.396111E-4	97
			6)	edí	0.00240183	315
			7)	Esc	4.574914E-5	6
		8)	ea	0.039138302	121555
			1)	ear	0.29502073	28594
			2)	eas	0.3758796	36431
			3)	ean	0.2307732	22367
			4)	eal	0.09828522	9526
			5)	Esc	4.12703E-5	4
		9)	ez	0.019177463	59561
			1)	eza	0.9736689	23407
			2)	ezó	0.021006655	505
			3)	ezo	0.005199667	125
			4)	Esc	1.2479202E-4	3
		10)	ec	1.642099E-5	51
			1)	ece	0.8891182	45241
			2)	ecí	0.0017491108	89
			3)	eca	0.057170372	2909
			4)	eco	0.04744217	2414
			5)	ecé	0.0020439047	104
			6)	ecu	0.0023583516	120
			7)	Esc	1.17917574E-4	6
		11)	el	0.016445782	51077
			1)	elo	0.6036521	12661
			2)	ela	0.23285973	4884
			3)	ele	0.08396109	1761
			4)	elí	0.06755984	1417
			5)	eló	0.011728807	246
			6)	Esc	2.3839039E-4	5
		12)	et	1.5422852E-4	479
			1)	eto	0.5565076	38906
			2)	eta	0.21731916	15193
			3)	ete	0.1701592	11896
			4)	etc	0.048518833	3392
			5)	etó	0.0021741928	152
			6)	etu	0.0028464762	199
			7)	etí	0.0016163408	113
			8)	ets	7.438028E-4	52
			9)	Esc	1.14431205E-4	8
		13)	ee	0.0020709767	6432
			1)	eer	0.43726432	3363
			2)	een	0.5624756	4326
			3)	Esc	2.600442E-4	2
		14)	ex	3.480606E-4	1081
			1)	exo	0.965081	1907
			2)	exa	0.03390688	67
			3)	Esc	0.0010121458	2
		15)	ey	0.0023353223	7253
			1)	eyó	0.62913907	95
			2)	eye	0.3576159	54
			3)	Esc	0.013245033	2
		16)	eó	5.2804756E-4	1640
			1)	eón	0.99	99
			2)	Esc	0.01	1
		17)	eí	6.34301E-5	197
			1)	eía	0.8870588	754
			2)	eír	0.11058824	94
			3)	Esc	0.002352941	2
		18)	ew	3.123208E-5	97
		19)	eé	6.439604E-5	200
		20)	e–	2.0445744E-4	635
		21)	e 	5.8278416E-5	181
		22)	Esc	6.7615842E-6	21
	7)	s	0.24213187	6181190
		1)	se	0.30782261	201352
			1)	seo	0.04834957	12947
			2)	ses	0.492899	131988
			3)	sea	0.15178189	40644
			4)	ser	0.27268383	73019
			5)	sen	0.02241774	6003
			6)	sez	0.0042086947	1127
			7)	see	0.006049765	1620
			8)	sed	4.6306843E-4	124
			9)	sel	0.001112858	298
			10)	Esc	3.3609806E-5	9
		2)	so	0.3662204	239551
			1)	sos	0.91886044	106597
			2)	soy	0.04981467	5779
			3)	sor	0.02445479	2837
			4)	sol	0.0031635205	367
			5)	son	0.0030083614	349
			6)	so–	6.46496E-4	75
			7)	Esc	5.171968E-5	6
		3)	sa	0.1822992	119245
			1)	sar	0.32232133	47193
			2)	sas	0.614803	90017
			3)	san	0.04556196	6671
			4)	sal	0.017286362	2531
			5)	Esc	2.7319418E-5	4
		4)	st	0.0011328248	741
			1)	stá	0.18442836	79496
			2)	sta	0.43156087	186020
			3)	sto	0.25349388	109266
			4)	ste	0.107421584	46303
			5)	sté	0.019195434	8274
			6)	stó	0.0030925204	1333
			7)	sts	3.039161E-4	131
			8)	stí	4.848738E-4	209
			9)	Esc	1.8559762E-5	8
		5)	sí	0.1088582	71206
			1)	sía	0.9992953	1418
			2)	Esc	7.047216E-4	1
		6)	si	0.0132499235	8667
			1)	sin	0.7337487	99398
			2)	sis	0.25038755	33919
			3)	sia	0.0124164	1682
			4)	sio	0.0017864261	242
			5)	sil	0.0011663443	158
			6)	sir	4.502975E-4	61
			7)	Esc	4.4291555E-5	6
		7)	sr	3.5467662E-4	232
			1)	sra	0.99206346	125
			2)	Esc	0.007936508	1
		8)	sé	0.010363589	6779
		9)	só	0.0033633127	2200
			1)	són	0.98913044	91
			2)	Esc	0.010869565	1
		10)	ss	2.7212256E-4	178
			1)	sse	0.9893617	93
			2)	Esc	0.010638298	1
		11)	sl	3.684356E-4	241
			1)	sla	0.65282315	1399
			2)	slo	0.28324777	607
			3)	sle	0.06252916	134
			4)	Esc	0.0013999067	3
		12)	sv	0.0011679868	764
		13)	sk	0.0012490121	817
			1)	sky	0.9928058	138
			2)	Esc	0.007194245	1
		14)	sh	2.27788E-4	149
		15)	s–	0.002933726	1919
		16)	s—	9.172671E-5	60
		17)	Esc	2.4460456E-5	16
	8)	a	0.16832063	4296922
		1)	ar	0.26520273	1026696
			1)	aro	0.03879085	23015
			2)	ara	0.84602654	501956
			3)	aré	0.016332103	9690
			4)	ará	0.09383628	55674
			5)	are	0.0026107768	1549
			6)	ard	2.0731152E-4	123
			7)	aró	0.0017697326	1050
			8)	ari	1.0955487E-4	65
			9)	art	9.438574E-5	56
			10)	ar–	2.0562607E-4	122
			11)	Esc	1.6854596E-5	10
		2)	ad	0.11260117	435920
			1)	ado	0.78479034	542101
			2)	ada	0.21354915	147511
			3)	ade	0.001310153	905
			4)	adá	8.3965606E-5	58
			5)	adó	9.265171E-5	64
			6)	ad–	1.6503585E-4	114
			7)	Esc	8.686097E-6	6
		3)	an	0.12645185	489541
			1)	ana	0.5446027	40684
			2)	ano	0.41412777	30937
			3)	ant	0.0011512102	86
			4)	ane	0.0026236882	196
			5)	ang	6.826944E-4	51
			6)	ans	0.001472478	110
			7)	anó	0.0023291926	174
			8)	aní	0.032193724	2405
			9)	and	6.960805E-4	52
			10)	Esc	1.2047547E-4	9
		4)	as	0.36620745	1417722
			1)	así	0.3135011	54373
			2)	aso	0.34576622	59969
			3)	ase	0.20607941	35742
			4)	asa	0.07703617	13361
			5)	asi	0.049435534	8574
			6)	asó	0.0044626896	774
			7)	asé	4.958544E-4	86
			8)	ask	4.4972842E-4	78
			9)	ast	4.7279143E-4	82
			10)	as–	0.0022428764	389
			11)	Esc	5.7657493E-5	10
		5)	at	7.723378E-5	299
			1)	ate	0.47209373	55209
			2)	ata	0.34165633	39955
			3)	ato	0.17649323	20640
			4)	ató	0.004925392	576
			5)	ats	0.0025567575	299
			6)	atu	0.0016760016	196
			7)	até	5.3871475E-4	63
			8)	Esc	5.9857197E-5	7
		6)	ac	1.85981E-5	72
			1)	ace	0.82178235	45710
			2)	aco	0.099491216	5534
			3)	aca	0.06858674	3815
			4)	acó	0.005950776	331
			5)	ací	0.0011685813	65
			6)	ack	9.528432E-4	53
			7)	ach	0.0019416428	108
			8)	Esc	1.2584722E-4	7
		7)	ag	1.4723497E-5	57
			1)	aga	0.5979945	8528
			2)	ago	0.39471287	5629
			3)	agó	0.0070822523	101
			4)	Esc	2.1036393E-4	3
		8)	al	0.12025506	465551
			1)	alo	0.10065188	2455
			2)	ale	0.12623508	3079
			3)	ala	0.69542044	16962
			4)	aló	0.025993194	634
			5)	alá	0.021360338	521
			6)	all	0.0073387725	179
			7)	alé	0.007584765	185
			8)	alí	0.0053708334	131
			9)	al–	0.0096757	236
			10)	Esc	3.6898855E-4	9
		9)	ay	7.9558544E-5	308
			1)	aya	0.8248602	28767
			2)	ayo	0.15641578	5455
			3)	ayó	0.0117275985	409
			4)	aye	0.0034121864	119
			5)	ays	0.0034408602	120
			6)	Esc	1.4336918E-4	5
		10)	am	1.2037104E-4	466
			1)	ama	0.8350756	29317
			2)	amo	0.04238471	1488
			3)	ame	0.101917	3578
			4)	amó	0.009513772	334
			5)	ami	0.010966474	385
			6)	Esc	1.4242173E-4	5
		11)	az	0.007871904	30475
			1)	azo	0.6811189	19480
			2)	aza	0.28695804	8207
			3)	azó	0.024615385	704
			4)	azi	0.007167832	205
			5)	Esc	1.3986015E-4	4
		12)	ae	4.4842088E-4	1736
			1)	aer	0.78588575	3274
			2)	aen	0.16346616	681
			3)	ael	0.049927987	208
			4)	Esc	7.201152E-4	3
		13)	aw	1.3431962E-5	52
		14)	ap	2.0922864E-5	81
			1)	apa	0.91004753	2681
			2)	ape	0.089273594	263
			3)	Esc	6.788866E-4	2
		15)	ao	2.898204E-4	1122
			1)	aos	0.9984351	638
			2)	Esc	0.0015649452	1
		16)	ax	4.4687105E-5	173
			1)	axa	0.98245615	56
			2)	Esc	0.01754386	1
		17)	aq	1.9373021E-5	75
		18)	a–	2.4410007E-4	945
		19)	a 	1.3690269E-5	53
		20)	Esc	4.907832E-6	19
	9)	r	0.10541262	2690994
		1)	ro	0.22663905	466170
			1)	ros	0.7929459	251191
			2)	ror	0.01435372	4547
			3)	ron	0.13338195	42253
			4)	rol	0.05661938	17936
			5)	roz	0.0021718405	688
			6)	roe	2.2412889E-4	71
			7)	ro–	2.809503E-4	89
			8)	Esc	2.2097214E-5	7
		2)	re	0.17477416	359490
			1)	reo	0.16253823	59948
			2)	res	0.69811887	257483
			3)	red	0.013768084	5078
			4)	rea	0.035586078	13125
			5)	ren	0.069458604	25618
			6)	ree	0.010069843	3714
			7)	rer	0.006355335	2344
			8)	rez	9.5709605E-4	353
			9)	reó	0.0022612412	834
			10)	rey	5.2599615E-4	194
			11)	reí	1.464113E-4	54
			12)	rel	1.8165846E-4	67
			13)	Esc	3.2535845E-5	12
		3)	ra	0.51802945	1065526
			1)	ran	0.19801432	83985
			2)	rar	0.28311673	120080
			3)	ras	0.35633618	151135
			4)	ral	0.16036366	68016
			5)	rae	0.0014169983	601
			6)	raz	3.1122094E-4	132
			7)	raq	1.6032593E-4	68
			8)	ra–	2.617085E-4	111
			9)	Esc	1.8861874E-5	8
		4)	rs	2.124574E-4	437
			1)	rso	0.08507098	10583
			2)	rse	0.9025337	112277
			3)	rsa	0.012371183	1539
			4)	Esc	2.4115368E-5	3
		5)	rd	2.4989268E-4	514
			1)	rdo	0.76282066	64408
			2)	rda	0.086387	7294
			3)	rde	0.13299145	11229
			4)	rdé	9.0011134E-4	76
			5)	rdó	0.016107256	1360
			6)	rds	7.224578E-4	61
			7)	Esc	7.106142E-5	6
		6)	ri	2.8198006E-4	580
			1)	ria	0.43216774	112084
			2)	rie	0.044090487	11435
			3)	rir	0.050614413	13127
			4)	rio	0.43955922	114001
			5)	ril	0.019911086	5164
			6)	rió	0.009766611	2533
			7)	riz	0.002594919	673
			8)	ris	0.0012646855	328
			9)	Esc	3.084599E-5	8
		7)	rá	0.06735094	138533
			1)	rán	0.93400943	53968
			2)	rás	0.06595594	3811
			3)	Esc	3.4613455E-5	2
		8)	rí	1.025824E-4	211
			1)	ría	0.99443287	177196
			2)	río	0.0050845174	906
			3)	rín	4.6580017E-4	83
			4)	Esc	1.6836151E-5	3
		9)	rt	9.1886606E-5	189
			1)	rta	0.13680282	23093
			2)	rte	0.6567045	110855
			3)	rtó	0.0020911703	353
			4)	rto	0.20392169	34423
			5)	rtí	4.5022363E-4	76
			6)	Esc	2.9619976E-5	5
		10)	ré	0.008336401	17147
			1)	rés	0.99993426	15211
			2)	Esc	6.573758E-5	1
		11)	rg	7.24397E-5	149
			1)	rgo	0.8630952	64235
			2)	rga	0.11834892	8808
			3)	rge	0.015129528	1126
			4)	rgó	0.003372568	251
			5)	Esc	5.3746102E-5	4
		12)	ró	0.0036142066	7434
			1)	rón	0.99841523	630
			2)	Esc	0.0015847861	1
		13)	ry	6.757798E-5	139
		14)	rk	3.0628868E-5	63
		15)	r–	1.3904534E-4	286
		16)	Esc	7.2925877E-6	15
	10)	b	1.1963242E-4	3054
		1)	ba	0.24763504	39973
			1)	bar	0.2652782	11629
			2)	ban	0.30389854	13322
			3)	bal	0.19583914	8585
			4)	bas	0.2348929	10297
			5)	Esc	9.124712E-5	4
		2)	bi	6.257008E-4	101
			1)	bio	0.6074902	23861
			2)	bia	0.07128672	2800
			3)	bil	0.032868274	1291
			4)	bir	0.21867204	8589
			5)	bió	0.043815877	1721
			6)	bie	0.013111666	515
			7)	big	0.0013493559	53
			8)	bis	0.011202199	440
			9)	Esc	2.0367636E-4	8
		3)	be	0.54385793	87789
			1)	ber	0.41674244	30701
			2)	ben	0.5672671	41790
			3)	bes	0.01594972	1175
			4)	Esc	4.072269E-5	3
		4)	bí	0.0023479268	379
			1)	bía	0.9999203	12545
			2)	Esc	7.970668E-5	1
		5)	bo	0.18116207	29243
			1)	bor	0.5467882	7678
			2)	bos	0.36091724	5068
			3)	bol	0.08339268	1171
			4)	boa	0.0037031763	52
			5)	box	0.004842615	68
			6)	Esc	3.5607463E-4	5
		6)	bó	0.01822586	2942
			1)	bón	0.9992847	1397
			2)	Esc	7.153076E-4	1
		7)	bé	8.796982E-4	142
			1)	bés	0.9943182	175
			2)	Esc	0.0056818184	1
		8)	by	0.001294767	209
		9)	bú	0.0013257423	214
			1)	bús	0.997555	408
			2)	Esc	0.002444988	1
		10)	bu	4.2745896E-4	69
			1)	bus	0.990099	100
			2)	Esc	0.00990099	1
		11)	bg	0.002149685	347
		12)	Esc	6.814564E-5	11
	11)	y	0.0037209836	94990
		1)	ya	0.63995594	125999
			1)	yan	0.40117034	12683
			2)	yar	0.53193104	16817
			3)	yas	0.06680373	2112
			4)	Esc	9.4891664E-5	3
		2)	yo	0.23330641	45935
			1)	yos	0.080870226	3286
			2)	yor	0.91908056	37345
			3)	Esc	4.9221075E-5	2
		3)	ye	0.11385719	22417
			1)	yen	0.52426773	11115
			2)	yer	0.28088298	5955
			3)	yes	0.1947078	4128
			4)	Esc	1.4150277E-4	3
		4)	yó	0.011138368	2193
		5)	ys	9.4470434E-4	186
		6)	yé	7.669374E-4	151
		7)	Esc	3.0474333E-5	6
	12)	h	3.6077756E-5	921
		1)	ha	0.25486222	47909
			1)	han	0.8279858	111663
			2)	har	0.108734176	14664
			3)	has	0.062264107	8397
			4)	hay	9.862006E-4	133
			5)	Esc	2.9660168E-5	4
		2)	ho	0.67062455	126064
			1)	hos	0.6078283	68250
			2)	hoy	0.37314868	41899
			3)	hoc	0.00470232	528
			4)	hol	0.0131718395	1479
			5)	hoa	5.5216637E-4	62
			6)	ho–	5.432605E-4	61
			7)	Esc	5.3435455E-5	6
		3)	he	0.03992978	7506
			1)	hes	0.66354305	1487
			2)	hen	0.30522087	684
			3)	hez	0.029897368	67
			4)	Esc	0.0013386881	3
		4)	hí	0.025875093	4864
			1)	hía	0.9846154	64
			2)	Esc	0.015384615	1
		5)	ht	7.181615E-4	135
		6)	hó	0.0017714651	333
		7)	hé	0.0010799022	203
			1)	hén	0.99421966	172
			2)	Esc	0.0057803467	1
		8)	hu	0.005096287	958
		9)	Esc	4.255772E-5	8
	13)	c	1.803496E-4	4604
		1)	ct	1.3551043E-4	89
			1)	cto	0.79932	123423
			2)	cta	0.19319345	29831
			3)	ctó	0.002836604	438
			4)	cte	0.0042743348	660
			5)	cté	3.4324202E-4	53
			6)	Esc	3.2381322E-5	5
		2)	ca	0.46655023	306419
			1)	cas	0.51274896	102015
			2)	cal	0.053408526	10626
			3)	car	0.28346828	56398
			4)	cae	0.005433335	1081
			5)	caz	0.05544917	11032
			6)	can	0.087496296	17408
			7)	cao	0.0015832566	315
			8)	ca–	3.7193968E-4	74
			9)	Esc	4.0209692E-5	8
		3)	ce	0.20702492	135969
			1)	cer	0.617258	114939
			2)	cen	0.18602753	34640
			3)	ces	0.18940546	35269
			4)	ced	0.0017990537	335
			5)	cel	0.0043499507	810
			6)	cea	0.001127765	210
			7)	Esc	3.222186E-5	6
		4)	cé	5.146351E-4	338
			1)	cés	0.9996239	2658
			2)	Esc	3.7608124E-4	1
		5)	ch	4.0348613E-4	265
			1)	cho	0.6929373	126055
			2)	cha	0.26308036	47858
			3)	che	0.041019384	7462
			4)	chó	0.0018305354	333
			5)	ché	0.0011049177	201
			6)	Esc	2.7485516E-5	5
		6)	co	0.3178953	208786
			1)	cos	0.9920023	96252
			2)	cot	0.0021024859	204
			3)	col	0.0010409367	101
			4)	com	6.699097E-4	65
			5)	coz	0.0029888279	290
			6)	co–	0.0011336934	110
			7)	Esc	6.183782E-5	6
		7)	cí	3.9587318E-4	260
			1)	cía	0.8971684	8428
			2)	cío	0.102618694	964
			3)	Esc	2.1290185E-4	2
		8)	có	0.0054128044	3555
			1)	cón	0.9908257	108
			2)	Esc	0.0091743115	1
		9)	cu	1.9489141E-4	128
			1)	cua	0.048728812	138
			2)	cus	0.927613	2627
			3)	cuo	0.02259887	64
			4)	Esc	0.001059322	3
		10)	ck	2.801564E-4	184
			1)	cks	0.9875	79
			2)	Esc	0.0125	1
		11)	cy	1.7662033E-4	116
		12)	cs	8.9985016E-4	591
		13)	cm	9.592312E-5	63
		14)	Esc	1.9793659E-5	13
	14)	t	3.4687135E-4	8855
		1)	to	0.32689694	816176
			1)	tos	0.8224912	323661
			2)	toy	0.06997228	27535
			3)	tor	0.10673091	42000
			4)	to–	7.9539936E-4	313
			5)	Esc	1.0164848E-5	4
		2)	te	0.4376142	1092608
			1)	tes	0.8190648	255092
			2)	ten	0.11572262	36041
			3)	ted	0.0025205254	785
			4)	ter	0.03586531	11170
			5)	tea	0.015900182	4952
			6)	teó	0.0018301904	570
			7)	tez	0.001149488	358
			8)	tee	0.0016471714	513
			9)	teo	0.002510893	782
			10)	tel	0.0015347913	478
			11)	teé	6.004309E-4	187
			12)	tem	2.7292315E-4	85
			13)	te–	0.0011559097	360
			14)	tex	1.7980818E-4	56
			15)	Esc	4.4952045E-5	14
		3)	ta	0.18872544	471198
			1)	tas	0.30338812	139027
			2)	tal	0.11605943	53184
			3)	tad	0.067271434	30827
			4)	tar	0.41321075	189353
			5)	tan	0.09942215	45560
			6)	tat	4.0807598E-4	187
			7)	ta–	2.2476912E-4	103
			8)	Esc	1.5275571E-5	7
		4)	tó	0.0051230844	12791
			1)	tón	0.998779	818
			2)	Esc	0.0012210013	1
		5)	tá	0.031853963	79531
			1)	tán	0.99850965	43549
			2)	tás	0.0014444903	63
			3)	Esc	4.5856836E-5	2
		6)	tu	0.002243327	5601
			1)	tud	0.8076626	19879
			2)	tus	0.034615852	852
			3)	tua	0.0572868	1410
			4)	tuó	0.0110917	273
			5)	tum	0.0028033967	69
			6)	tuo	0.08629586	2124
			7)	Esc	2.4377361E-4	6
		7)	té	0.005109066	12756
			1)	tén	0.7982718	5358
			2)	tés	0.20143028	1352
			3)	Esc	2.9797378E-4	2
		8)	ti	6.0879436E-5	152
			1)	tir	0.76291454	49504
			2)	tió	0.06460363	4192
			3)	til	0.13113365	8509
			4)	tio	0.023671556	1536
			5)	tia	0.010233017	664
			6)	tis	0.0046541733	302
			7)	tin	0.0016181729	105
			8)	tiz	0.0010479596	68
			9)	Esc	1.2328936E-4	8
		9)	tc	0.0013585726	3392
		10)	tí	2.675491E-4	668
			1)	tía	0.9744521	7514
			2)	tín	0.025288548	195
			3)	Esc	2.5936973E-4	2
		11)	tú	3.9251216E-5	98
			1)	túa	0.49443883	1956
			2)	túe	0.31420627	1243
			3)	tún	0.19059657	754
			4)	Esc	7.5834175E-4	3
		12)	ts	5.7034416E-4	1424
		13)	ty	8.8916015E-5	222
		14)	th	4.2855918E-5	107
		15)	Esc	5.6073163E-6	14
	15)	m	1.7615815E-4	4497
		1)	ma	0.42171928	244951
			1)	mas	0.72047645	139972
			2)	mar	0.18576568	36090
			3)	man	0.037595805	7304
			4)	mal	0.05614149	10907
			5)	Esc	2.058916E-5	4
		2)	mo	0.299911	174200
			1)	mos	0.99710715	608360
			2)	mor	0.0028043434	1711
			3)	mo–	8.358943E-5	51
			4)	Esc	4.9170253E-6	3
		3)	me	0.25900638	150441
			1)	mer	0.44234747	31009
			2)	men	0.34032324	23857
			3)	mes	0.21728648	15232
			4)	Esc	4.2795396E-5	3
		4)	mó	0.0058432715	3394
			1)	món	0.9980952	524
			2)	Esc	0.0019047619	1
		5)	mí	0.010326441	5998
			1)	mía	0.9513321	18140
			2)	mío	0.048563037	926
			3)	Esc	1.0488777E-4	2
		6)	mi	7.024322E-4	408
			1)	mir	0.56697977	6700
			2)	mis	0.013116696	155
			3)	mio	0.09393247	1110
			4)	mil	0.17584835	2078
			5)	mia	0.109080136	1289
			6)	mió	0.033764914	399
			7)	mix	0.006685284	79
			8)	Esc	5.923669E-4	7
		7)	ms	0.0013652665	793
		8)	mé	6.679992E-4	388
			1)	mén	0.9811321	52
			2)	Esc	0.018867925	1
		9)	mg	1.20515324E-4	70
		10)	mh	1.20515324E-4	70
		11)	mt	1.9798946E-4	115
		12)	Esc	1.8938123E-5	11
	16)	f	1.0341506E-5	264
		1)	fe	0.43582147	4560
			1)	fes	0.9996971	3300
			2)	Esc	3.029385E-4	1
		2)	fi	0.057918377	606
			1)	fin	0.97545093	31907
			2)	fia	0.007214919	236
			3)	fil	0.015499847	507
			4)	fió	0.0017120147	56
			5)	Esc	1.2228676E-4	4
		3)	fo	0.2066329	2162
			1)	fos	0.9981884	551
			2)	Esc	0.0018115942	1
		4)	fr	0.22813724	2387
			1)	fra	0.6484333	2442
			2)	fre	0.3510356	1322
			3)	Esc	5.3106743E-4	2
		5)	fa	0.04128835	432
			1)	fas	0.7657099	987
			2)	far	0.0961986	124
			3)	fax	0.07757952	100
			4)	faz	0.057408843	74
			5)	Esc	0.0031031808	4
		6)	ft	0.005638918	59
		7)	fé	0.023893721	250
		8)	Esc	6.690242E-4	7
	17)	l	0.023630813	603252
		1)	le	0.2960502	168187
			1)	les	0.8878664	385627
			2)	len	0.014581079	6333
			3)	leo	0.07498446	32568
			4)	lea	0.002871089	1247
			5)	ley	0.01601317	6955
			6)	ler	0.0018465222	802
			7)	lez	2.2333249E-4	97
			8)	lee	9.232611E-4	401
			9)	leí	3.2924273E-4	143
			10)	leó	1.45051E-4	63
			11)	le–	1.9109894E-4	83
			12)	Esc	2.5326364E-5	11
		2)	la	0.13404611	76152
			1)	lan	0.13570678	18857
			2)	las	0.25376025	35261
			3)	lar	0.60296935	83785
			4)	laz	4.102077E-4	57
			5)	lao	0.005469436	760
			6)	lam	0.0016408308	228
			7)	Esc	4.3179756E-5	6
		3)	lo	0.53721774	305195
			1)	los	0.83417875	56242
			2)	lor	0.1589837	10719
			3)	loj	0.0021358014	144
			4)	lo–	0.003826644	258
			5)	lo 	8.0092554E-4	54
			6)	Esc	7.415977E-5	5
		4)	ll	5.069503E-4	288
			1)	llo	0.78943527	99502
			2)	lla	0.0852811	10749
			3)	llí	0.048515573	6115
			4)	llá	0.043850463	5527
			5)	lle	0.030037606	3786
			6)	lló	0.0028323892	357
			7)	Esc	4.760318E-5	6
		5)	li	2.0770881E-4	118
			1)	lio	0.34555432	11084
			2)	lir	0.3288128	10547
			3)	liz	0.018643223	598
			4)	lia	0.28625762	9182
			5)	lió	0.01565033	502
			6)	lis	0.0024005487	77
			7)	lic	0.0024629007	79
			8)	Esc	2.182317E-4	7
		6)	lí	0.013497553	7668
			1)	líe	0.20340632	418
			2)	lía	0.7124088	1464
			3)	lío	0.02919708	60
			4)	lín	0.05304136	109
			5)	Esc	0.001946472	4
		7)	lt	8.9772453E-4	510
			1)	ltó	0.014517081	787
			2)	lta	0.7263152	39375
			3)	lto	0.22620453	12263
			4)	lte	0.032889396	1783
			5)	Esc	7.37844E-5	4
		8)	lv	2.270715E-4	129
			1)	lva	0.40132025	2371
			2)	lvo	0.3234597	1911
			3)	lve	0.26455653	1563
			4)	lví	0.009986459	59
			5)	Esc	6.7704805E-4	4
		9)	lá	0.010711086	6085
			1)	lás	0.28767124	63
			2)	lán	0.70319635	154
			3)	Esc	0.00913242	2
		10)	ls	1.5314124E-4	87
			1)	lso	0.7405006	4112
			2)	lsa	0.19683054	1093
			3)	lse	0.044300377	246
			4)	lsó	0.017648118	98
			5)	Esc	7.203313E-4	4
		11)	ló	0.0043548443	2474
			1)	lón	0.9996206	2635
			2)	Esc	3.7936267E-4	1
		12)	ld	1.9714735E-4	112
			1)	lde	0.12762818	692
			2)	ldo	0.6276282	3403
			3)	lda	0.22334932	1211
			4)	ldó	0.020656584	112
			5)	Esc	7.377351E-4	4
		13)	lé	0.0010614273	603
			1)	lés	0.9992013	1251
			2)	Esc	7.9872203E-4	1
		14)	lf	1.1793636E-4	67
			1)	lfo	0.98333335	59
			2)	Esc	0.016666668	1
		15)	ly	2.1474979E-4	122
		16)	l–	5.104708E-4	290
		17)	Esc	2.8163908E-5	16
	18)	í	0.0048797806	124572
		1)	ía	0.8517826	322743
			1)	ías	0.5396858	49881
			2)	ían	0.4596542	42484
			3)	ía–	6.2752905E-4	58
			4)	Esc	3.24584E-5	3
		2)	ís	0.10939475	41450
			1)	íso	0.9908257	108
			2)	Esc	0.0091743115	1
		3)	ío	0.021409173	8112
			1)	íos	0.99976283	4215
			2)	Esc	2.3719165E-4	1
		4)	íe	0.002655033	1006
			1)	íen	0.11584582	541
			2)	íes	0.8837259	4127
			3)	Esc	4.282655E-4	2
		5)	ír	0.004523585	1714
		6)	íz	0.008189431	3103
		7)	ín	0.0018474385	700
			1)	ína	0.99642855	279
			2)	Esc	0.0035714286	1
		8)	í–	1.7682626E-4	67
		9)	Esc	2.1113583E-5	8
	19)	z	0.004073378	103986
		1)	zó	0.03476379	4466
			1)	zón	0.9999505	20224
			2)	Esc	4.944376E-5	1
		2)	za	0.59491545	76427
			1)	zar	0.7836223	97474
			2)	zan	0.08130944	10114
			3)	zas	0.1350441	16798
			4)	Esc	2.4117888E-5	3
		3)	zo	0.32857466	42211
			1)	zos	0.99995285	21197
			2)	Esc	4.717426E-5	1
		4)	zá	0.03751936	4820
			1)	zás	0.99982786	5808
			2)	Esc	1.7214667E-4	1
		5)	zi	0.0016113088	207
			1)	zis	0.99473685	189
			2)	Esc	0.005263158	1
		6)	zu	0.002568753	330
			1)	zul	0.9985528	690
			2)	Esc	0.001447178	1
		7)	Esc	4.67046E-5	6
	20)	g	1.8614711E-4	4752
		1)	ga	0.2996834	63514
			1)	gas	0.17115906	25584
			2)	gal	0.063207895	9448
			3)	gar	0.60586053	90561
			4)	gan	0.15974578	23878
			5)	Esc	2.6760328E-5	4
		2)	go	0.6352029	134623
			1)	gos	0.69384044	20231
			2)	gor	0.30609095	8925
			3)	Esc	6.859181E-5	2
		3)	ge	0.052468423	11120
			1)	gen	0.6180282	18073
			2)	ger	0.36740416	10744
			3)	ges	0.0144650005	423
			4)	Esc	1.0258865E-4	3
		4)	gó	0.0111448215	2362
			1)	gón	0.9955157	222
			2)	Esc	0.004484305	1
		5)	gí	7.171943E-4	152
			1)	gía	0.99996257	26720
			2)	Esc	3.742375E-5	1
		6)	gs	7.549413E-4	160
		7)	Esc	2.83103E-5	6
	21)	u	3.9591518E-4	10107
		1)	ut	0.0014843352	346
			1)	uto	0.6689762	11683
			2)	uta	0.2763399	4826
			3)	ute	0.05101924	891
			4)	utó	0.003435639	60
			5)	Esc	2.290426E-4	4
		2)	ua	0.062080387	14471
			1)	ual	0.6960942	63126
			2)	uar	0.20982291	19028
			3)	uas	0.09279271	8415
			4)	uan	0.0012460578	113
			5)	Esc	4.410824E-5	4
		3)	ul	0.0031788796	741
			1)	ula	0.20720991	8254
			2)	ulo	0.7539288	30032
			3)	ule	0.024150223	962
			4)	ulé	0.0038409398	153
			5)	uló	0.01074459	428
			6)	Esc	1.255209E-4	5
		4)	ud	0.15253474	35556
			1)	uda	0.7330876	49328
			2)	ude	0.09221555	6205
			3)	udo	0.17050588	11473
			4)	udó	0.0028682677	193
			5)	udí	0.0012483653	84
			6)	Esc	7.4307456E-5	5
		5)	ue	0.37605587	87659
			1)	uen	0.3926178	23433
			2)	ues	0.51295155	30615
			3)	ueo	0.037078615	2213
			4)	uea	0.002194893	131
			5)	uel	0.042339657	2527
			6)	uez	0.010337779	617
			7)	uee	0.001306883	78
			8)	ueó	0.0010388044	62
			9)	Esc	1.3403928E-4	8
		6)	uí	0.12536196	29222
			1)	uía	0.97736484	2893
			2)	uíe	0.02195946	65
			3)	Esc	6.756757E-4	2
		7)	ué	0.17459385	40698
			1)	ués	0.99200326	21709
			2)	uél	0.007905319	173
			3)	Esc	9.139097E-5	2
		8)	un	0.012655458	2950
			1)	uno	0.23954943	8315
			2)	una	0.74840826	25978
			3)	une	0.0052432944	182
			4)	uní	0.0066837603	232
			5)	Esc	1.1523724E-4	4
		9)	ur	0.0025782816	601
			1)	ura	0.5405314	63720
			2)	uro	0.4435971	52293
			3)	uró	0.0038851753	458
			4)	ure	0.011952428	1409
			5)	Esc	3.393166E-5	4
		10)	us	0.020956581	4885
			1)	usa	0.17186528	9400
			2)	uso	0.80173326	43850
			3)	use	0.016912276	925
			4)	ust	0.001956339	107
			5)	usó	0.006417523	351
			6)	ush	0.0010055947	55
			7)	Esc	1.0970125E-4	6
		11)	up	2.6168913E-4	61
			1)	upo	0.599472	12035
			2)	upa	0.3438932	6904
			3)	upe	0.046921697	942
			4)	upó	0.0095138475	191
			5)	Esc	1.9924287E-4	4
		12)	ui	0.0049935435	1164
			1)	uir	0.9752873	57619
			2)	uió	0.01580934	934
			3)	uis	0.0038253863	226
			4)	uid	0.0031821798	188
			5)	uia	0.0018111343	107
			6)	Esc	8.463244E-5	5
		13)	uz	0.018944578	4416
			1)	uza	0.9976019	416
			2)	Esc	0.0023980816	1
		14)	ub	0.0017074144	398
			1)	ubo	0.8891646	2150
			2)	uba	0.043010753	104
			3)	ube	0.066583954	161
			4)	Esc	0.0012406948	3
		15)	um	0.011750272	2739
			1)	umo	0.60504633	7050
			2)	uma	0.28844833	3361
			3)	ume	0.08942671	1042
			4)	ums	0.012100927	141
			5)	umí	0.0045485753	53
			6)	Esc	4.291109E-4	5
		16)	uo	0.029056074	6773
			1)	uos	0.9998989	9894
			2)	Esc	1.01061145E-4	1
		17)	uó	0.0017331543	404
		18)	Esc	7.292976E-5	17
	22)	p	1.7588396E-5	449
		1)	po	0.7476401	83874
			1)	por	0.9562385	537451
			2)	pos	0.043608453	24510
			3)	pol	1.4767448E-4	83
			4)	Esc	5.337632E-6	3
		2)	pe	0.051771626	5808
			1)	pea	0.42143482	38595
			2)	peo	0.31355098	28715
			3)	pel	0.22824852	20903
			4)	pen	0.021598602	1978
			5)	pes	0.006420616	588
			6)	per	0.0073815244	676
			7)	pez	0.001288491	118
			8)	Esc	7.643591E-5	7
		3)	pl	0.02251638	2526
			1)	ple	0.13608283	5639
			2)	plo	0.79499495	32943
			3)	pla	0.06884985	2853
			4)	Esc	7.239731E-5	3
		4)	pt	0.011846503	1329
			1)	pte	0.20507152	3340
			2)	pto	0.4413336	7188
			3)	pta	0.19567753	3187
			4)	ptó	0.15435624	2514
			5)	pté	0.003254129	53
			6)	Esc	3.0699332E-4	5
		5)	pa	0.1568659	17598
			1)	paz	0.42119864	18828
			2)	par	0.18690857	8355
			3)	pas	0.08158654	3647
			4)	pal	0.1936422	8656
			5)	pan	0.116552204	5210
			6)	Esc	1.1185432E-4	5
		6)	ps	0.001230111	138
			1)	pso	0.9981343	535
			2)	Esc	0.0018656716	1
		7)	pé	0.0025047911	281
		8)	pó	0.004724339	530
			1)	pón	0.9848485	65
			2)	Esc	0.015151516	1
		9)	pm	8.20074E-4	92
		10)	Esc	8.022463E-5	9
	23)	á	0.008975879	229138
		1)	ás	0.7136411	265867
		2)	án	0.273319	101825
		3)	ál	0.013031808	4855
		4)	Esc	8.052611E-6	3
	24)	v	4.0817613E-5	1042
		1)	va	0.48142046	163332
			1)	var	0.1676124	18934
			2)	vas	0.67442435	76185
			3)	van	0.14935865	16872
			4)	val	0.008569177	968
			5)	Esc	3.5409823E-5	4
		2)	ve	0.103498384	35114
			1)	ves	0.081465304	10928
			2)	ven	0.085185215	11427
			3)	vez	0.34207526	45887
			4)	ver	0.28166956	37784
			5)	veo	0.022759294	3053
			6)	vel	0.17743751	23802
			7)	vea	0.009355688	1255
			8)	Esc	5.2183117E-5	7
		3)	vo	0.40080643	135982
			1)	vos	0.6616765	88265
			2)	voy	0.050796125	6776
			3)	vor	0.25244385	33675
			4)	von	0.005862245	782
			5)	voz	0.029183784	3893
			6)	Esc	3.7482383E-5	5
		4)	ví	3.4190956E-4	116
			1)	vía	0.9534199	22024
			2)	vío	0.02982684	689
			3)	víe	0.016623376	384
			4)	Esc	1.2987012E-4	3
		5)	vó	0.0033424608	1134
		6)	vé	0.010572669	3587
			1)	vés	0.96365714	16042
			2)	vén	0.03622274	603
			3)	Esc	1.2014177E-4	2
		7)	Esc	1.7684977E-5	6
	25)	é	0.0036332768	92751
		1)	és	0.2572528	63242
			1)	ése	0.4611165	1429
			2)	ésa	0.53823817	1668
			3)	Esc	6.4536947E-4	2
		2)	én	0.70806146	174067
		3)	él	0.034673523	8524
		4)	Esc	1.2203257E-5	3
	26)	q	3.2121345E-6	82
	27)	ú	1.8528532E-5	473
		1)	ún	0.9152011	81495
			1)	úna	0.39851484	322
			2)	úne	0.5990099	484
			3)	Esc	0.0024752475	2
		2)	úa	0.047267705	4209
			1)	úan	0.9995721	2336
			2)	Esc	4.27899E-4	1
		3)	úe	0.030006962	2672
			1)	úen	0.90012485	1442
			2)	úes	0.09862672	158
			3)	Esc	0.0012484394	2
		4)	úo	9.994834E-4	89
		5)	úm	6.5134873E-4	58
			1)	úms	0.9982759	579
			2)	Esc	0.0017241379	1
		6)	ús	0.005805988	517
		7)	Esc	6.7380905E-5	6
	28)	j	7.677785E-6	196
		1)	je	0.18167801	23447
			1)	jes	0.4088163	4331
			2)	jen	0.21946384	2325
			3)	jer	0.3571833	3784
			4)	jez	0.014158958	150
			5)	Esc	3.775722E-4	4
		2)	jo	0.6481582	83650
			1)	jos	0.38280714	16138
			2)	jor	0.6171454	26017
			3)	Esc	4.7441707E-5	2
		3)	ja	0.15926948	20555
			1)	jar	0.5704842	23128
			2)	jas	0.23585999	9562
			3)	jan	0.19195382	7782
			4)	jal	0.0016033151	65
			5)	Esc	9.866555E-5	4
		4)	jó	0.009336887	1205
			1)	jón	0.9975309	404
			2)	Esc	0.002469136	1
		5)	jé	0.001518697	196
		6)	Esc	3.874227E-5	5
	29)	x	5.981621E-5	1527
		1)	xo	0.8751666	1970
			1)	xos	0.99897116	971
			2)	Esc	0.0010288066	1
		2)	xa	0.09462461	213
			1)	xas	0.9937107	158
			2)	Esc	0.006289308	1
		3)	xi	0.028876055	65
			1)	xia	0.6527197	156
			2)	xis	0.33891213	81
			3)	Esc	0.008368201	2
		4)	Esc	0.001332741	3
	30)	k	4.904381E-5	1252
		1)	kg	0.07262945	108
		2)	km	0.24075319	358
			1)	kmh	0.9811321	52
			2)	Esc	0.018867925	1
		3)	ky	0.09683927	144
		4)	ks	0.068594486	102
		5)	ka	0.47276396	703
			1)	kas	0.9830508	58
			2)	Esc	0.016949153	1
		6)	ko	0.044384666	66
		7)	Esc	0.00403497	6
	31)	w	1.0302334E-5	263
	32)	­	5.6016493E-6	143
	33)	à	3.7213754E-6	95
	34)	°	7.991164E-6	204
	35)	 	0.0012259386	31296
		1)	  	0.9999676	30822
		2)	Esc	3.2443306E-5	1
	36)	–	2.7091612E-4	6916
	37)	…	5.679994E-6	145
	38)	—	1.073323E-5	274
	39)	”	4.073927E-6	104
	40)	Esc	1.5277225E-6	39
