Portuguese	6	192087	523
	1)	m	0	0	0.0
		1)	me	0	0	0.0
			1)	men	0	0	0.0
				1)	ment	0	0	0.0
					1)	mente	0	0	0.0
						1)	mente_	1	3295	0.0019391913
					2)	mento	0	0	0.0
						1)	mento_	4	1742	0.0010252113
						2)	mentos	110	439	2.5836265E-4
					3)	menta	0	0	0.0
						1)	mentar	361	241	1.4183462E-4
			2)	mer	0	0	0.0
				1)	merc	0	0	0.0
					1)	merca	0	0	0.0
						1)	mercad	255	291	1.712609E-4
			3)	med	0	0	0.0
				1)	medi	0	0	0.0
					1)	medid	0	0	0.0
						1)	medida	256	291	1.712609E-4
			4)	mel	0	0	0.0
				1)	melh	0	0	0.0
					1)	melho	0	0	0.0
						1)	melhor	292	276	1.6243302E-4
			5)	mes	0	0	0.0
				1)	mesm	0	0	0.0
					1)	mesmo	0	0	0.0
						1)	mesmo_	303	269	1.5831333E-4
			6)	mei	0	0	0.0
				1)	meir	0	0	0.0
					1)	meiro	0	0	0.0
						1)	meiro_	481	210	1.2359033E-4
		2)	mu	0	0	0.0
			1)	mui	0	0	0.0
				1)	muit	0	0	0.0
					1)	muito	0	0	0.0
						1)	muito_	45	591	3.478185E-4
			2)	mun	0	0	0.0
				1)	muni	0	0	0.0
					1)	munit	0	0	0.0
						1)	munitá	309	265	1.5595923E-4
		3)	mp	0	0	0.0
			1)	mpo	0	0	0.0
				1)	mpor	0	0	0.0
					1)	mport	0	0	0.0
						1)	mporta	103	444	2.6130528E-4
			2)	mpr	0	0	0.0
				1)	mpre	0	0	0.0
					1)	mpreg	0	0	0.0
						1)	mprego	469	212	1.2476738E-4
					2)	mpres	0	0	0.0
						1)	mpresa	503	205	1.2064771E-4
		4)	ma	0	0	0.0
			1)	mat	0	0	0.0
				1)	maté	0	0	0.0
					1)	matér	0	0	0.0
						1)	matéri	371	240	1.412461E-4
			2)	maç	0	0	0.0
				1)	maçã	0	0	0.0
					1)	mação	0	0	0.0
						1)	mação_	388	236	1.3889199E-4
		5)	mb	0	0	0.0
			1)	mbi	0	0	0.0
				1)	mbie	0	0	0.0
					1)	mbien	0	0	0.0
						1)	mbient	482	210	1.2359033E-4
	2)	_	0	0	0.0
		1)	_p	0	0	0.0
			1)	_pa	0	0	0.0
				1)	_par	0	0	0.0
					1)	_para	0	0	0.0
						1)	_para_	2	2705	0.0015919612
					2)	_part	0	0	0.0
						1)	_parti	123	426	2.5071183E-4
						2)	_parte	182	341	2.0068717E-4
				2)	_paí	0	0	0.0
					1)	_país	0	0	0.0
						1)	_paíse	241	302	1.7773468E-4
				3)	_pas	0	0	0.0
					1)	_pass	0	0	0.0
						1)	_passa	436	223	1.3124116E-4
			2)	_po	0	0	0.0
				1)	_pol	0	0	0.0
					1)	_polí	0	0	0.0
						1)	_polít	25	808	4.7552853E-4
				2)	_pod	0	0	0.0
					1)	_pode	0	0	0.0
						1)	_poder	84	470	2.7660694E-4
						2)	_pode_	285	280	1.6478711E-4
						3)	_podem	375	240	1.412461E-4
				3)	_pon	0	0	0.0
					1)	_pont	0	0	0.0
						1)	_ponto	173	350	2.0598389E-4
				4)	_pos	0	0	0.0
					1)	_poss	0	0	0.0
						1)	_possí	408	231	1.3594936E-4
				5)	_por	0	0	0.0
					1)	_porq	0	0	0.0
						1)	_porqu	429	227	1.3359527E-4
				6)	_poi	0	0	0.0
					1)	_pois	0	0	0.0
						1)	_pois_	445	220	1.294756E-4
			3)	_pr	0	0	0.0
				1)	_pro	0	0	0.0
					1)	_prop	0	0	0.0
						1)	_propo	38	618	3.637087E-4
					2)	_prog	0	0	0.0
						1)	_progr	41	615	3.6194312E-4
					3)	_proc	0	0	0.0
						1)	_proce	114	437	2.571856E-4
					4)	_prob	0	0	0.0
						1)	_probl	234	310	1.8244288E-4
					5)	_proj	0	0	0.0
						1)	_proje	327	255	1.5007397E-4
				2)	_pri	0	0	0.0
					1)	_prim	0	0	0.0
						1)	_prime	194	333	1.9597897E-4
					2)	_prin	0	0	0.0
						1)	_princ	195	332	1.9539043E-4
				3)	_pre	0	0	0.0
					1)	_prec	0	0	0.0
						1)	_preci	207	325	1.9127075E-4
				4)	_pró	0	0	0.0
					1)	_próp	0	0	0.0
						1)	_própr	384	238	1.4006905E-4
			4)	_pe	0	0	0.0
				1)	_pel	0	0	0.0
					1)	_pelo	0	0	0.0
						1)	_pelo_	53	551	3.242775E-4
					2)	_pela	0	0	0.0
						1)	_pela_	95	456	2.6836758E-4
				2)	_per	0	0	0.0
					1)	_perm	0	0	0.0
						1)	_permi	316	260	1.530166E-4
					2)	_perg	0	0	0.0
						1)	_pergu	523	200	1.1770508E-4
				3)	_pes	0	0	0.0
					1)	_pess	0	0	0.0
						1)	_pesso	425	228	1.3418379E-4
		2)	_s	0	0	0.0
			1)	_se	0	0	0.0
				1)	_sen	0	0	0.0
					1)	_senh	0	0	0.0
						1)	_senho	7	1488	8.757258E-4
					2)	_sent	0	0	0.0
						1)	_senti	284	280	1.6478711E-4
				2)	_sej	0	0	0.0
					1)	_seja	0	0	0.0
						1)	_seja_	216	320	1.8832812E-4
				3)	_seg	0	0	0.0
					1)	_segu	0	0	0.0
						1)	_segur	275	284	1.6714122E-4
						2)	_segun	435	223	1.3124116E-4
				4)	_ser	0	0	0.0
					1)	_será	0	0	0.0
						1)	_será_	343	247	1.4536578E-4
				5)	_seu	0	0	0.0
					1)	_seus	0	0	0.0
						1)	_seus_	522	200	1.1770508E-4
			2)	_so	0	0	0.0
				1)	_sob	0	0	0.0
					1)	_sobr	0	0	0.0
						1)	_sobre	14	964	5.673385E-4
				2)	_soc	0	0	0.0
					1)	_soci	0	0	0.0
						1)	_socia	254	293	1.7243794E-4
			3)	_si	0	0	0.0
				1)	_sit	0	0	0.0
					1)	_situ	0	0	0.0
						1)	_situa	296	275	1.6184448E-4
			4)	_su	0	0	0.0
				1)	_sua	0	0	0.0
					1)	_suas	0	0	0.0
						1)	_suas_	493	209	1.2300181E-4
		3)	_c	0	0	0.0
			1)	_co	0	0	0.0
				1)	_com	0	0	0.0
					1)	_como	0	0	0.0
						1)	_como_	8	1225	7.209436E-4
					2)	_comu	0	0	0.0
						1)	_comun	85	470	2.7660694E-4
					3)	_comp	0	0	0.0
						1)	_compr	437	223	1.3124116E-4
				2)	_con	0	0	0.0
					1)	_cont	0	0	0.0
						1)	_contr	27	801	4.7140886E-4
						2)	_conti	344	247	1.4536578E-4
						3)	_conta	389	236	1.3889199E-4
						4)	_conte	511	203	1.1947066E-4
					2)	_cons	0	0	0.0
						1)	_const	88	467	2.7484135E-4
						2)	_consi	115	436	2.5659706E-4
						3)	_conse	128	420	2.4718067E-4
					3)	_conc	0	0	0.0
						1)	_conco	198	332	1.9539043E-4
						2)	_conce	446	220	1.294756E-4
				3)	_col	0	0	0.0
					1)	_cole	0	0	0.0
						1)	_coleg	201	328	1.9303634E-4
			2)	_ci	0	0	0.0
				1)	_cid	0	0	0.0
					1)	_cida	0	0	0.0
						1)	_cidad	209	324	1.9068223E-4
			3)	_ca	0	0	0.0
				1)	_cas	0	0	0.0
					1)	_caso	0	0	0.0
						1)	_caso_	416	229	1.3477232E-4
		4)	_r	0	0	0.0
			1)	_re	0	0	0.0
				1)	_rel	0	0	0.0
					1)	_rela	0	0	0.0
						1)	_relat	9	1172	6.8975176E-4
				2)	_ref	0	0	0.0
					1)	_refe	0	0	0.0
						1)	_refer	104	441	2.595397E-4
					2)	_refo	0	0	0.0
						1)	_refor	217	320	1.8832812E-4
				3)	_res	0	0	0.0
					1)	_resp	0	0	0.0
						1)	_respo	113	437	2.571856E-4
						2)	_respe	118	433	2.548315E-4
					2)	_reso	0	0	0.0
						1)	_resol	428	227	1.3359527E-4
				4)	_reg	0	0	0.0
					1)	_regi	0	0	0.0
						1)	_regiõ	290	277	1.6302154E-4
				5)	_rea	0	0	0.0
					1)	_real	0	0	0.0
						1)	_reali	411	230	1.3536084E-4
		5)	_m	0	0	0.0
			1)	_ma	0	0	0.0
				1)	_mai	0	0	0.0
					1)	_mais	0	0	0.0
						1)	_mais_	10	1124	6.6150253E-4
					2)	_maio	0	0	0.0
						1)	_maior	274	285	1.6772974E-4
				2)	_mat	0	0	0.0
					1)	_maté	0	0	0.0
						1)	_matér	376	240	1.412461E-4
			2)	_mu	0	0	0.0
				1)	_mui	0	0	0.0
					1)	_muit	0	0	0.0
						1)	_muito	33	687	4.0431696E-4
			3)	_me	0	0	0.0
				1)	_mes	0	0	0.0
					1)	_mesm	0	0	0.0
						1)	_mesmo	245	301	1.7714614E-4
				2)	_mer	0	0	0.0
					1)	_merc	0	0	0.0
						1)	_merca	253	294	1.7302646E-4
				3)	_med	0	0	0.0
					1)	_medi	0	0	0.0
						1)	_medid	263	289	1.7008385E-4
				4)	_mel	0	0	0.0
					1)	_melh	0	0	0.0
						1)	_melho	294	276	1.6243302E-4
			4)	_mi	0	0	0.0
				1)	_min	0	0	0.0
					1)	_minh	0	0	0.0
						1)	_minha	500	207	1.21824756E-4
		6)	_t	0	0	0.0
			1)	_ta	0	0	0.0
				1)	_tam	0	0	0.0
					1)	_tamb	0	0	0.0
						1)	_també	17	908	5.343811E-4
			2)	_tr	0	0	0.0
				1)	_tra	0	0	0.0
					1)	_trab	0	0	0.0
						1)	_traba	79	493	2.90143E-4
					2)	_tran	0	0	0.0
						1)	_trans	97	452	2.660135E-4
					3)	_trat	0	0	0.0
						1)	_trata	210	323	1.900937E-4
			3)	_to	0	0	0.0
				1)	_tod	0	0	0.0
					1)	_todo	0	0	0.0
						1)	_todos	94	457	2.6895612E-4
			4)	_te	0	0	0.0
				1)	_tem	0	0	0.0
					1)	_temo	0	0	0.0
						1)	_temos	200	328	1.9303634E-4
		7)	_i	0	0	0.0
			1)	_in	0	0	0.0
				1)	_int	0	0	0.0
					1)	_inte	0	0	0.0
						1)	_inter	20	816	4.8023672E-4
				2)	_ini	0	0	0.0
					1)	_inic	0	0	0.0
						1)	_inici	130	418	2.4600362E-4
				3)	_inc	0	0	0.0
					1)	_incl	0	0	0.0
						1)	_inclu	512	203	1.1947066E-4
			2)	_im	0	0	0.0
				1)	_imp	0	0	0.0
					1)	_impo	0	0	0.0
						1)	_impor	46	591	3.478185E-4
			3)	_is	0	0	0.0
				1)	_iss	0	0	0.0
					1)	_isso	0	0	0.0
						1)	_isso_	180	344	2.0245273E-4
				2)	_ist	0	0	0.0
					1)	_isto	0	0	0.0
						1)	_isto_	455	218	1.2829853E-4
		8)	_e	0	0	0.0
			1)	_es	0	0	0.0
				1)	_est	0	0	0.0
					1)	_esta	0	0	0.0
						1)	_esta_	32	697	4.102022E-4
					2)	_este	0	0	0.0
						1)	_este_	34	678	3.990202E-4
					3)	_está	0	0	0.0
						1)	_está_	171	352	2.0716095E-4
				2)	_esp	0	0	0.0
					1)	_espe	0	0	0.0
						1)	_espec	197	332	1.9539043E-4
						2)	_esper	415	229	1.3477232E-4
				3)	_ess	0	0	0.0
					1)	_essa	0	0	0.0
						1)	_essa_	335	250	1.4713134E-4
					2)	_esse	0	0	0.0
						1)	_esse_	360	242	1.4242315E-4
			2)	_eu	0	0	0.0
				1)	_eur	0	0	0.0
					1)	_euro	0	0	0.0
						1)	_europ	57	542	3.1898078E-4
			3)	_en	0	0	0.0
				1)	_ent	0	0	0.0
					1)	_entr	0	0	0.0
						1)	_entre	82	475	2.7954957E-4
			4)	_em	0	0	0.0
				1)	_emp	0	0	0.0
					1)	_empr	0	0	0.0
						1)	_empre	135	409	2.407069E-4
			5)	_ex	0	0	0.0
				1)	_exi	0	0	0.0
					1)	_exis	0	0	0.0
						1)	_exist	187	339	1.995101E-4
			6)	_ec	0	0	0.0
				1)	_eco	0	0	0.0
					1)	_econ	0	0	0.0
						1)	_econó	319	258	1.5183956E-4
		9)	_q	0	0	0.0
			1)	_qu	0	0	0.0
				1)	_que	0	0	0.0
					1)	_ques	0	0	0.0
						1)	_quest	37	642	3.7783332E-4
				2)	_qua	0	0	0.0
					1)	_quan	0	0	0.0
						1)	_quand	312	262	1.5419365E-4
						2)	_quant	424	228	1.3418379E-4
					2)	_qual	0	0	0.0
						1)	_qualq	494	209	1.2300181E-4
		10)	_d	0	0	0.0
			1)	_de	0	0	0.0
				1)	_dep	0	0	0.0
					1)	_depu	0	0	0.0
						1)	_deput	42	613	3.6076608E-4
				2)	_des	0	0	0.0
					1)	_dese	0	0	0.0
						1)	_desen	91	461	2.7131021E-4
					2)	_dest	0	0	0.0
						1)	_deste	258	291	1.712609E-4
						2)	_desta	267	288	1.6949531E-4
				3)	_deb	0	0	0.0
					1)	_deba	0	0	0.0
						1)	_debat	164	365	2.1481178E-4
				4)	_dev	0	0	0.0
					1)	_deve	0	0	0.0
						1)	_dever	167	358	2.1069209E-4
						2)	_devem	299	273	1.6066743E-4
						3)	_deve_	340	248	1.459543E-4
				5)	_dec	0	0	0.0
					1)	_deci	0	0	0.0
						1)	_decis	352	244	1.4360019E-4
			2)	_di	0	0	0.0
				1)	_dir	0	0	0.0
					1)	_dire	0	0	0.0
						1)	_direc	183	341	2.0068717E-4
						2)	_direi	219	319	1.877396E-4
				2)	_dis	0	0	0.0
					1)	_disp	0	0	0.0
						1)	_dispo	286	280	1.6478711E-4
				3)	_diz	0	0	0.0
					1)	_dize	0	0	0.0
						1)	_dizer	320	258	1.5183956E-4
		11)	_f	0	0	0.0
			1)	_fo	0	0	0.0
				1)	_for	0	0	0.0
					1)	_form	0	0	0.0
						1)	_forma	50	565	3.3251685E-4
			2)	_fa	0	0	0.0
				1)	_fac	0	0	0.0
					1)	_fact	0	0	0.0
						1)	_facto	141	396	2.3305605E-4
				2)	_faz	0	0	0.0
					1)	_faze	0	0	0.0
						1)	_fazer	211	323	1.900937E-4
			3)	_fi	0	0	0.0
				1)	_fin	0	0	0.0
					1)	_fina	0	0	0.0
						1)	_finan	222	317	1.8656255E-4
		12)	_n	0	0	0.0
			1)	_ne	0	0	0.0
				1)	_nec	0	0	0.0
					1)	_nece	0	0	0.0
						1)	_neces	68	521	3.0662175E-4
				2)	_nes	0	0	0.0
					1)	_nest	0	0	0.0
						1)	_neste	155	373	2.1951998E-4
						2)	_nesta	499	207	1.21824756E-4
			2)	_no	0	0	0.0
				1)	_nos	0	0	0.0
					1)	_noss	0	0	0.0
						1)	_nossa	143	393	2.3129048E-4
						2)	_nosso	144	392	2.3070196E-4
			3)	_ní	0	0	0.0
				1)	_nív	0	0	0.0
					1)	_níve	0	0	0.0
						1)	_nível	311	263	1.5478217E-4
			4)	_na	0	0	0.0
				1)	_nac	0	0	0.0
					1)	_naci	0	0	0.0
						1)	_nacio	412	230	1.3536084E-4
		13)	_g	0	0	0.0
			1)	_go	0	0	0.0
				1)	_gos	0	0	0.0
					1)	_gost	0	0	0.0
						1)	_gosta	102	445	2.6189382E-4
			2)	_gr	0	0	0.0
				1)	_gra	0	0	0.0
					1)	_gran	0	0	0.0
						1)	_grand	202	327	1.9244781E-4
				2)	_gru	0	0	0.0
					1)	_grup	0	0	0.0
						1)	_grupo	324	256	1.506625E-4
		14)	_a	0	0	0.0
			1)	_ap	0	0	0.0
				1)	_apr	0	0	0.0
					1)	_apre	0	0	0.0
						1)	_apres	116	435	2.5600856E-4
					2)	_apro	0	0	0.0
						1)	_aprov	397	234	1.3771495E-4
				2)	_apl	0	0	0.0
					1)	_apli	0	0	0.0
						1)	_aplic	178	347	2.0421832E-4
				3)	_ape	0	0	0.0
					1)	_apen	0	0	0.0
						1)	_apena	249	297	1.7479205E-4
			2)	_al	0	0	0.0
				1)	_alt	0	0	0.0
					1)	_alte	0	0	0.0
						1)	_alter	150	382	2.248167E-4
				2)	_alg	0	0	0.0
					1)	_algu	0	0	0.0
						1)	_algum	318	259	1.5242808E-4
				3)	_ala	0	0	0.0
					1)	_alar	0	0	0.0
						1)	_alarg	501	207	1.21824756E-4
			3)	_ai	0	0	0.0
				1)	_ain	0	0	0.0
					1)	_aind	0	0	0.0
						1)	_ainda	162	366	2.154003E-4
			4)	_as	0	0	0.0
				1)	_ass	0	0	0.0
					1)	_assi	0	0	0.0
						1)	_assim	282	281	1.6537563E-4
			5)	_ac	0	0	0.0
				1)	_aco	0	0	0.0
					1)	_acor	0	0	0.0
						1)	_acord	364	241	1.4183462E-4
				2)	_act	0	0	0.0
					1)	_actu	0	0	0.0
						1)	_actua	387	237	1.3948051E-4
			6)	_aq	0	0	0.0
				1)	_aqu	0	0	0.0
					1)	_aqui	0	0	0.0
						1)	_aqui_	385	238	1.4006905E-4
			7)	_an	0	0	0.0
				1)	_ano	0	0	0.0
					1)	_anos	0	0	0.0
						1)	_anos_	456	218	1.2829853E-4
			8)	_am	0	0	0.0
				1)	_amb	0	0	0.0
					1)	_ambi	0	0	0.0
						1)	_ambie	484	210	1.2359033E-4
			9)	_au	0	0	0.0
				1)	_aut	0	0	0.0
					1)	_auto	0	0	0.0
						1)	_autor	495	209	1.2300181E-4
			10)	_ag	0	0	0.0
				1)	_ago	0	0	0.0
					1)	_agor	0	0	0.0
						1)	_agora	506	205	1.2064771E-4
		15)	_o	0	0	0.0
			1)	_ob	0	0	0.0
				1)	_obj	0	0	0.0
					1)	_obje	0	0	0.0
						1)	_objec	151	380	2.2363965E-4
			2)	_ou	0	0	0.0
				1)	_out	0	0	0.0
					1)	_outr	0	0	0.0
						1)	_outro	196	332	1.9539043E-4
		16)	_l	0	0	0.0
			1)	_lu	0	0	0.0
				1)	_lug	0	0	0.0
					1)	_luga	0	0	0.0
						1)	_lugar	270	287	1.6890679E-4
			2)	_le	0	0	0.0
				1)	_leg	0	0	0.0
					1)	_legi	0	0	0.0
						1)	_legis	454	218	1.2829853E-4
		17)	_h	0	0	0.0
			1)	_ho	0	0	0.0
				1)	_hoj	0	0	0.0
					1)	_hoje	0	0	0.0
						1)	_hoje_	356	243	1.4301167E-4
		18)	_ú	0	0	0.0
			1)	_úl	0	0	0.0
				1)	_últ	0	0	0.0
					1)	_últi	0	0	0.0
						1)	_últim	396	234	1.3771495E-4
		19)	_v	0	0	0.0
			1)	_vi	0	0	0.0
				1)	_vis	0	0	0.0
					1)	_vist	0	0	0.0
						1)	_vista	451	219	1.2888707E-4
	3)	a	0	0	0.0
		1)	am	0	0	0.0
			1)	ame	0	0	0.0
				1)	amen	0	0	0.0
					1)	ament	0	0	0.0
						1)	amente	3	1972	0.001160572
						2)	amento	26	806	4.743515E-4
						3)	amenta	159	367	2.1598882E-4
			2)	amb	0	0	0.0
				1)	ambé	0	0	0.0
					1)	ambém	0	0	0.0
						1)	ambém_	16	908	5.343811E-4
				2)	ambi	0	0	0.0
					1)	ambie	0	0	0.0
						1)	ambien	483	210	1.2359033E-4
		2)	aç	0	0	0.0
			1)	açõ	0	0	0.0
				1)	açõe	0	0	0.0
					1)	ações	0	0	0.0
						1)	ações_	11	1105	6.5032055E-4
		3)	al	0	0	0.0
			1)	alm	0	0	0.0
				1)	alme	0	0	0.0
					1)	almen	0	0	0.0
						1)	alment	31	707	4.1608745E-4
			2)	alt	0	0	0.0
				1)	alte	0	0	0.0
					1)	alter	0	0	0.0
						1)	altera	165	363	2.1363472E-4
			3)	ali	0	0	0.0
				1)	alid	0	0	0.0
					1)	alida	0	0	0.0
						1)	alidad	206	325	1.9127075E-4
			4)	alq	0	0	0.0
				1)	alqu	0	0	0.0
					1)	alque	0	0	0.0
						1)	alquer	491	209	1.2300181E-4
			5)	ala	0	0	0.0
				1)	alar	0	0	0.0
					1)	alarg	0	0	0.0
						1)	alarga	498	207	1.21824756E-4
			6)	alg	0	0	0.0
				1)	algu	0	0	0.0
					1)	algum	0	0	0.0
						1)	alguma	510	203	1.1947066E-4
		4)	at	0	0	0.0
			1)	ató	0	0	0.0
				1)	atór	0	0	0.0
					1)	atóri	0	0	0.0
						1)	atório	47	577	3.3957916E-4
			2)	ati	0	0	0.0
				1)	ativ	0	0	0.0
					1)	ativa	0	0	0.0
						1)	ativa_	80	484	2.848463E-4
						2)	ativam	350	245	1.4418873E-4
						3)	ativas	453	218	1.2829853E-4
			3)	até	0	0	0.0
				1)	atér	0	0	0.0
					1)	atéri	0	0	0.0
						1)	atéria	374	240	1.412461E-4
		5)	an	0	0	0.0
			1)	ant	0	0	0.0
				1)	ante	0	0	0.0
					1)	antes	0	0	0.0
						1)	antes_	76	494	2.9073155E-4
			2)	anc	0	0	0.0
				1)	ance	0	0	0.0
					1)	ancei	0	0	0.0
						1)	anceir	433	225	1.3241821E-4
		6)	ac	0	0	0.0
			1)	aci	0	0	0.0
				1)	acio	0	0	0.0
					1)	acion	0	0	0.0
						1)	aciona	83	474	2.7896103E-4
			2)	aco	0	0	0.0
				1)	acor	0	0	0.0
					1)	acord	0	0	0.0
						1)	acordo	414	229	1.3477232E-4
		7)	ap	0	0	0.0
			1)	apr	0	0	0.0
				1)	apre	0	0	0.0
					1)	apres	0	0	0.0
						1)	aprese	117	434	2.5542002E-4
			2)	apl	0	0	0.0
				1)	apli	0	0	0.0
					1)	aplic	0	0	0.0
						1)	aplica	226	315	1.853855E-4
			3)	ape	0	0	0.0
				1)	apen	0	0	0.0
					1)	apena	0	0	0.0
						1)	apenas	248	297	1.7479205E-4
		8)	ai	0	0	0.0
			1)	ain	0	0	0.0
				1)	aind	0	0	0.0
					1)	ainda	0	0	0.0
						1)	ainda_	161	366	2.154003E-4
		9)	ab	0	0	0.0
			1)	aba	0	0	0.0
				1)	abal	0	0	0.0
					1)	abalh	0	0	0.0
						1)	abalho	179	344	2.0245273E-4
			2)	abi	0	0	0.0
				1)	abil	0	0	0.0
					1)	abili	0	0	0.0
						1)	abilid	315	260	1.530166E-4
		10)	aí	0	0	0.0
			1)	aís	0	0	0.0
				1)	aíse	0	0	0.0
					1)	aíses	0	0	0.0
						1)	aíses_	240	302	1.7773468E-4
		11)	as	0	0	0.0
			1)	ass	0	0	0.0
				1)	assi	0	0	0.0
					1)	assim	0	0	0.0
						1)	assim_	295	275	1.6184448E-4
		12)	ad	0	0	0.0
			1)	adã	0	0	0.0
				1)	adão	0	0	0.0
					1)	adãos	0	0	0.0
						1)	adãos_	393	235	1.3830347E-4
			2)	ado	0	0	0.0
				1)	ador	0	0	0.0
					1)	adore	0	0	0.0
						1)	adores	464	215	1.2653296E-4
			3)	ada	0	0	0.0
				1)	adam	0	0	0.0
					1)	adame	0	0	0.0
						1)	adamen	492	209	1.2300181E-4
		13)	ag	0	0	0.0
			1)	ago	0	0	0.0
				1)	agor	0	0	0.0
					1)	agora	0	0	0.0
						1)	agora_	505	205	1.2064771E-4
	4)	i	0	0	0.0
		1)	id	0	0	0.0
			1)	ida	0	0	0.0
				1)	idad	0	0	0.0
					1)	idade	0	0	0.0
						1)	idade_	5	1576	9.27516E-4
						2)	idades	72	504	2.966168E-4
					2)	idadã	0	0	0.0
						1)	idadão	317	259	1.5242808E-4
			2)	ide	0	0	0.0
				1)	iden	0	0	0.0
					1)	ident	0	0	0.0
						1)	idente	489	209	1.2300181E-4
		2)	im	0	0	0.0
			1)	ime	0	0	0.0
				1)	imen	0	0	0.0
					1)	iment	0	0	0.0
						1)	imento	21	813	4.7847116E-4
				2)	imei	0	0	0.0
					1)	imeir	0	0	0.0
						1)	imeiro	426	227	1.3359527E-4
			2)	imp	0	0	0.0
				1)	impo	0	0	0.0
					1)	impor	0	0	0.0
						1)	import	49	568	3.3428243E-4
		3)	il	0	0	0.0
			1)	ili	0	0	0.0
				1)	ilid	0	0	0.0
					1)	ilida	0	0	0.0
						1)	ilidad	54	545	3.2074633E-4
		4)	iz	0	0	0.0
			1)	iza	0	0	0.0
				1)	izaç	0	0	0.0
					1)	izaçã	0	0	0.0
						1)	ização	93	459	2.7013317E-4
		5)	in	0	0	0.0
			1)	ini	0	0	0.0
				1)	inic	0	0	0.0
					1)	inici	0	0	0.0
						1)	inicia	134	409	2.407069E-4
			2)	inc	0	0	0.0
				1)	incí	0	0	0.0
					1)	incíp	0	0	0.0
						1)	incípi	373	240	1.412461E-4
			3)	int	0	0	0.0
				1)	inte	0	0	0.0
					1)	inter	0	0	0.0
						1)	intern	378	239	1.4065758E-4
			4)	ina	0	0	0.0
				1)	inan	0	0	0.0
					1)	inanc	0	0	0.0
						1)	inance	432	225	1.3241821E-4
		6)	iv	0	0	0.0
			1)	iva	0	0	0.0
				1)	ivam	0	0	0.0
					1)	ivame	0	0	0.0
						1)	ivamen	137	404	2.3776427E-4
		7)	iç	0	0	0.0
			1)	içõ	0	0	0.0
				1)	içõe	0	0	0.0
					1)	ições	0	0	0.0
						1)	ições_	140	397	2.3364459E-4
		8)	ic	0	0	0.0
			1)	ica	0	0	0.0
				1)	icaç	0	0	0.0
					1)	icaçã	0	0	0.0
						1)	icação	160	366	2.154003E-4
			2)	ici	0	0	0.0
				1)	icia	0	0	0.0
					1)	iciat	0	0	0.0
						1)	iciati	177	347	2.0421832E-4
		9)	ia	0	0	0.0
			1)	iat	0	0	0.0
				1)	iati	0	0	0.0
					1)	iativ	0	0	0.0
						1)	iativa	172	351	2.0657241E-4
			2)	iaç	0	0	0.0
				1)	iaçã	0	0	0.0
					1)	iação	0	0	0.0
						1)	iação_	281	281	1.6537563E-4
		10)	io	0	0	0.0
			1)	ion	0	0	0.0
				1)	iona	0	0	0.0
					1)	ionai	0	0	0.0
						1)	ionais	190	337	1.9833306E-4
					2)	ional	0	0	0.0
						1)	ional_	231	312	1.8361992E-4
		11)	ir	0	0	0.0
			1)	ire	0	0	0.0
				1)	irei	0	0	0.0
					1)	ireit	0	0	0.0
						1)	ireito	273	285	1.6772974E-4
				2)	irec	0	0	0.0
					1)	irect	0	0	0.0
						1)	irecti	406	231	1.3594936E-4
		12)	ib	0	0	0.0
			1)	ibi	0	0	0.0
				1)	ibil	0	0	0.0
					1)	ibili	0	0	0.0
						1)	ibilid	323	256	1.506625E-4
		13)	ie	0	0	0.0
			1)	ien	0	0	0.0
				1)	ient	0	0	0.0
					1)	iente	0	0	0.0
						1)	iente_	355	243	1.4301167E-4
		14)	it	0	0	0.0
			1)	itu	0	0	0.0
				1)	itua	0	0	0.0
					1)	ituaç	0	0	0.0
						1)	ituaçã	471	212	1.2476738E-4
	5)	s	0	0	0.0
		1)	se	0	0	0.0
			1)	sen	0	0	0.0
				1)	senh	0	0	0.0
					1)	senho	0	0	0.0
						1)	senhor	6	1488	8.757258E-4
				2)	senv	0	0	0.0
					1)	senvo	0	0	0.0
						1)	senvol	99	445	2.6189382E-4
				3)	sent	0	0	0.0
					1)	senti	0	0	0.0
						1)	sentid	398	233	1.3712642E-4
			2)	seg	0	0	0.0
				1)	segu	0	0	0.0
					1)	segur	0	0	0.0
						1)	segura	132	410	2.4129542E-4
					2)	segun	0	0	0.0
						1)	segund	434	223	1.3124116E-4
			3)	sem	0	0	0.0
				1)	semp	0	0	0.0
					1)	sempr	0	0	0.0
						1)	sempre	514	202	1.1888213E-4
		2)	so	0	0	0.0
			1)	sob	0	0	0.0
				1)	sobr	0	0	0.0
					1)	sobre	0	0	0.0
						1)	sobre_	24	808	4.7552853E-4
			2)	soc	0	0	0.0
				1)	soci	0	0	0.0
					1)	socia	0	0	0.0
						1)	social	430	226	1.3300675E-4
			3)	sol	0	0	0.0
				1)	solu	0	0	0.0
					1)	soluç	0	0	0.0
						1)	soluçã	513	202	1.1888213E-4
		3)	st	0	0	0.0
			1)	sta	0	0	0.0
				1)	star	0	0	0.0
					1)	stari	0	0	0.0
						1)	staria	122	426	2.5071183E-4
			2)	sti	0	0	0.0
				1)	stit	0	0	0.0
					1)	stitu	0	0	0.0
						1)	stitui	181	343	2.0186421E-4
		4)	sí	0	0	0.0
			1)	sív	0	0	0.0
				1)	síve	0	0	0.0
					1)	sível	0	0	0.0
						1)	sível_	276	283	1.665527E-4
		5)	si	0	0	0.0
			1)	sit	0	0	0.0
				1)	situ	0	0	0.0
					1)	situa	0	0	0.0
						1)	situaç	325	255	1.5007397E-4
			2)	siç	0	0	0.0
				1)	siçã	0	0	0.0
					1)	sição	0	0	0.0
						1)	sição_	353	243	1.4301167E-4
			3)	sid	0	0	0.0
				1)	side	0	0	0.0
					1)	sider	0	0	0.0
						1)	sidera	377	239	1.4065758E-4
				2)	sida	0	0	0.0
					1)	sidad	0	0	0.0
						1)	sidade	502	206	1.2123623E-4
			4)	sis	0	0	0.0
				1)	sist	0	0	0.0
					1)	siste	0	0	0.0
						1)	sistem	467	212	1.2476738E-4
		6)	ss	0	0	0.0
			1)	ssí	0	0	0.0
				1)	ssív	0	0	0.0
					1)	ssíve	0	0	0.0
						1)	ssível	341	247	1.4536578E-4
			2)	ssá	0	0	0.0
				1)	ssár	0	0	0.0
					1)	ssári	0	0	0.0
						1)	ssário	457	217	1.2771001E-4
		7)	sp	0	0	0.0
			1)	spe	0	0	0.0
				1)	spei	0	0	0.0
					1)	speit	0	0	0.0
						1)	speito	447	219	1.2888707E-4
			2)	spo	0	0	0.0
				1)	spon	0	0	0.0
					1)	spons	0	0	0.0
						1)	sponsa	466	212	1.2476738E-4
		8)	sa	0	0	0.0
			1)	sab	0	0	0.0
				1)	sabi	0	0	0.0
					1)	sabil	0	0	0.0
						1)	sabili	475	211	1.2417886E-4
	6)	ê	0	0	0.0
		1)	ên	0	0	0.0
			1)	ênc	0	0	0.0
				1)	ênci	0	0	0.0
					1)	ência	0	0	0.0
						1)	ência_	12	1058	6.2265986E-4
						2)	ências	517	201	1.182936E-4
	7)	e	0	0	0.0
		1)	en	0	0	0.0
			1)	enh	0	0	0.0
				1)	enho	0	0	0.0
					1)	enhor	0	0	0.0
						1)	enhor_	13	1020	6.002959E-4
						2)	enhora	138	404	2.3776427E-4
			2)	ent	0	0	0.0
				1)	ente	0	0	0.0
					1)	entes	0	0	0.0
						1)	entes_	66	525	3.0897584E-4
					2)	entem	0	0	0.0
						1)	enteme	359	242	1.4242315E-4
				2)	ento	0	0	0.0
					1)	entos	0	0	0.0
						1)	entos_	96	454	2.6719054E-4
				3)	entr	0	0	0.0
					1)	entre	0	0	0.0
						1)	entre_	126	421	2.477692E-4
				4)	enta	0	0	0.0
					1)	entar	0	0	0.0
						1)	entar_	133	410	2.4129542E-4
					2)	entaç	0	0	0.0
						1)	entaçã	386	237	1.3948051E-4
					3)	entan	0	0	0.0
						1)	entant	421	228	1.3418379E-4
				5)	enti	0	0	0.0
					1)	entid	0	0	0.0
						1)	entido	407	231	1.3594936E-4
			3)	env	0	0	0.0
				1)	envo	0	0	0.0
					1)	envol	0	0	0.0
						1)	envolv	73	502	2.9543976E-4
			4)	enç	0	0	0.0
				1)	ençã	0	0	0.0
					1)	enção	0	0	0.0
						1)	enção_	224	316	1.8597403E-4
		2)	es	0	0	0.0
			1)	est	0	0	0.0
				1)	estã	0	0	0.0
					1)	estão	0	0	0.0
						1)	estão_	35	677	3.984317E-4
				2)	esta	0	0	0.0
					1)	estas	0	0	0.0
						1)	estas_	379	239	1.4065758E-4
				3)	este	0	0	0.0
					1)	estes	0	0	0.0
						1)	estes_	410	230	1.3536084E-4
			2)	ese	0	0	0.0
				1)	esen	0	0	0.0
					1)	esent	0	0	0.0
						1)	esenta	75	498	2.9308564E-4
					2)	esenv	0	0	0.0
						1)	esenvo	100	445	2.6189382E-4
			3)	esp	0	0	0.0
				1)	espe	0	0	0.0
					1)	espei	0	0	0.0
						1)	espeit	153	376	2.2128555E-4
					2)	espec	0	0	0.0
						1)	especi	472	212	1.2476738E-4
				2)	espo	0	0	0.0
					1)	espon	0	0	0.0
						1)	espons	251	294	1.7302646E-4
			4)	ess	0	0	0.0
				1)	essá	0	0	0.0
					1)	essár	0	0	0.0
						1)	essári	242	301	1.7714614E-4
				2)	esse	0	0	0.0
					1)	esses	0	0	0.0
						1)	esses_	490	209	1.2300181E-4
		3)	ep	0	0	0.0
			1)	epu	0	0	0.0
				1)	eput	0	0	0.0
					1)	eputa	0	0	0.0
						1)	eputad	39	616	3.6253166E-4
		4)	eu	0	0	0.0
			1)	eur	0	0	0.0
				1)	euro	0	0	0.0
					1)	europ	0	0	0.0
						1)	europe	52	551	3.242775E-4
		5)	el	0	0	0.0
			1)	ela	0	0	0.0
				1)	elat	0	0	0.0
					1)	elató	0	0	0.0
						1)	elatór	62	534	3.1427256E-4
					2)	elati	0	0	0.0
						1)	elativ	87	469	2.760184E-4
		6)	ec	0	0	0.0
			1)	ect	0	0	0.0
				1)	ecti	0	0	0.0
					1)	ectiv	0	0	0.0
						1)	ectiva	107	440	2.589512E-4
						2)	ectivo	170	352	2.0716095E-4
				2)	ecto	0	0	0.0
					1)	ectos	0	0	0.0
						1)	ectos_	363	241	1.4183462E-4
			2)	ece	0	0	0.0
				1)	eces	0	0	0.0
					1)	ecess	0	0	0.0
						1)	ecessá	243	301	1.7714614E-4
						2)	ecessi	496	208	1.2241329E-4
			3)	eco	0	0	0.0
				1)	econ	0	0	0.0
					1)	econó	0	0	0.0
						1)	económ	279	282	1.6596416E-4
		7)	er	0	0	0.0
			1)	era	0	0	0.0
				1)	eraç	0	0	0.0
					1)	eraçã	0	0	0.0
						1)	eração	163	365	2.1481178E-4
					2)	eraçõ	0	0	0.0
						1)	eraçõe	441	222	1.3065264E-4
			2)	erc	0	0	0.0
				1)	erca	0	0	0.0
					1)	ercad	0	0	0.0
						1)	ercado	257	291	1.712609E-4
			3)	erd	0	0	0.0
				1)	erda	0	0	0.0
					1)	erdad	0	0	0.0
						1)	erdade	326	255	1.5007397E-4
			4)	erm	0	0	0.0
				1)	ermo	0	0	0.0
					1)	ermos	0	0	0.0
						1)	ermos_	342	247	1.4536578E-4
			5)	erg	0	0	0.0
				1)	ergu	0	0	0.0
					1)	ergun	0	0	0.0
						1)	ergunt	521	200	1.1770508E-4
		8)	em	0	0	0.0
			1)	eme	0	0	0.0
				1)	emen	0	0	0.0
					1)	ement	0	0	0.0
						1)	emente	235	308	1.8126583E-4
			2)	emp	0	0	0.0
				1)	empr	0	0	0.0
					1)	empre	0	0	0.0
						1)	empreg	362	241	1.4183462E-4
						2)	empres	461	217	1.2771001E-4
		9)	eb	0	0	0.0
			1)	eba	0	0	0.0
				1)	ebat	0	0	0.0
					1)	ebate	0	0	0.0
						1)	ebate_	266	288	1.6949531E-4
		10)	eg	0	0	0.0
			1)	egi	0	0	0.0
				1)	egiõ	0	0	0.0
					1)	egiõe	0	0	0.0
						1)	egiões	289	277	1.6302154E-4
				2)	egis	0	0	0.0
					1)	egisl	0	0	0.0
						1)	egisla	462	217	1.2771001E-4
			2)	egu	0	0	0.0
				1)	egur	0	0	0.0
					1)	egura	0	0	0.0
						1)	eguran	338	248	1.459543E-4
		11)	ex	0	0	0.0
			1)	exi	0	0	0.0
				1)	exis	0	0	0.0
					1)	exist	0	0	0.0
						1)	existe	383	238	1.4006905E-4
		12)	ei	0	0	0.0
			1)	eit	0	0	0.0
				1)	eito	0	0	0.0
					1)	eitos	0	0	0.0
						1)	eitos_	422	228	1.3418379E-4
			2)	eir	0	0	0.0
				1)	eiro	0	0	0.0
					1)	eiros	0	0	0.0
						1)	eiros_	479	211	1.2417886E-4
		13)	ef	0	0	0.0
			1)	efo	0	0	0.0
				1)	efor	0	0	0.0
					1)	eform	0	0	0.0
						1)	eforma	450	219	1.2888707E-4
		14)	ed	0	0	0.0
			1)	edi	0	0	0.0
				1)	edid	0	0	0.0
					1)	edida	0	0	0.0
						1)	edidas	473	212	1.2476738E-4
	8)	t	0	0	0.0
		1)	ta	0	0	0.0
			1)	tam	0	0	0.0
				1)	tamb	0	0	0.0
					1)	també	0	0	0.0
						1)	também	15	908	5.343811E-4
				2)	tame	0	0	0.0
					1)	tamen	0	0	0.0
						1)	tament	109	439	2.5836265E-4
				3)	tamo	0	0	0.0
					1)	tamos	0	0	0.0
						1)	tamos_	259	290	1.7067237E-4
			2)	taç	0	0	0.0
				1)	taçã	0	0	0.0
					1)	tação	0	0	0.0
						1)	tação_	51	562	3.3075127E-4
			3)	tan	0	0	0.0
				1)	tant	0	0	0.0
					1)	tante	0	0	0.0
						1)	tante_	98	447	2.6307086E-4
						2)	tantes	402	232	1.365379E-4
					2)	tanto	0	0	0.0
						1)	tanto_	129	418	2.4600362E-4
			4)	tar	0	0	0.0
				1)	tari	0	0	0.0
					1)	taria	0	0	0.0
						1)	taria_	108	439	2.5836265E-4
			5)	tad	0	0	0.0
				1)	tado	0	0	0.0
					1)	tados	0	0	0.0
						1)	tados_	203	326	1.9185928E-4
		2)	tó	0	0	0.0
			1)	tór	0	0	0.0
				1)	tóri	0	0	0.0
					1)	tório	0	0	0.0
						1)	tório_	44	592	3.4840705E-4
		3)	tr	0	0	0.0
			1)	tra	0	0	0.0
				1)	trab	0	0	0.0
					1)	traba	0	0	0.0
						1)	trabal	77	493	2.90143E-4
				2)	tran	0	0	0.0
					1)	trans	0	0	0.0
						1)	transp	417	228	1.3418379E-4
		4)	to	0	0	0.0
			1)	tod	0	0	0.0
				1)	todo	0	0	0.0
					1)	todos	0	0	0.0
						1)	todos_	89	465	2.736643E-4
		5)	ti	0	0	0.0
			1)	tiv	0	0	0.0
				1)	tivo	0	0	0.0
					1)	tivos	0	0	0.0
						1)	tivos_	154	375	2.2069702E-4
				2)	tiva	0	0	0.0
					1)	tivam	0	0	0.0
						1)	tivame	185	339	1.995101E-4
					2)	tivas	0	0	0.0
						1)	tivas_	188	338	1.9892158E-4
			2)	tic	0	0	0.0
				1)	tica	0	0	0.0
					1)	ticas	0	0	0.0
						1)	ticas_	328	254	1.4948545E-4
		6)	te	0	0	0.0
			1)	tem	0	0	0.0
				1)	temo	0	0	0.0
					1)	temos	0	0	0.0
						1)	temos_	168	357	2.1010356E-4
				2)	teme	0	0	0.0
					1)	temen	0	0	0.0
						1)	tement	310	264	1.5537071E-4
		7)	tu	0	0	0.0
			1)	tua	0	0	0.0
				1)	tuaç	0	0	0.0
					1)	tuaçã	0	0	0.0
						1)	tuação	394	234	1.3771495E-4
		8)	té	0	0	0.0
			1)	tér	0	0	0.0
				1)	téri	0	0	0.0
					1)	téria	0	0	0.0
						1)	téria_	486	209	1.2300181E-4
		9)	tâ	0	0	0.0
			1)	tân	0	0	0.0
				1)	tânc	0	0	0.0
					1)	tânci	0	0	0.0
						1)	tância	507	204	1.2005918E-4
	9)	l	0	0	0.0
		1)	li	0	0	0.0
			1)	lid	0	0	0.0
				1)	lida	0	0	0.0
					1)	lidad	0	0	0.0
						1)	lidade	18	871	5.1260565E-4
			2)	liz	0	0	0.0
				1)	liza	0	0	0.0
					1)	lizaç	0	0	0.0
						1)	lizaçã	250	296	1.7420352E-4
		2)	lm	0	0	0.0
			1)	lme	0	0	0.0
				1)	lmen	0	0	0.0
					1)	lment	0	0	0.0
						1)	lmente	19	822	4.837679E-4
		3)	lí	0	0	0.0
			1)	lít	0	0	0.0
				1)	líti	0	0	0.0
					1)	lític	0	0	0.0
						1)	lítica	36	642	3.7783332E-4
		4)	la	0	0	0.0
			1)	lat	0	0	0.0
				1)	lató	0	0	0.0
					1)	latór	0	0	0.0
						1)	latóri	59	535	3.148611E-4
				2)	lati	0	0	0.0
					1)	lativ	0	0	0.0
						1)	lativa	120	431	2.5365443E-4
			2)	laç	0	0	0.0
				1)	laçã	0	0	0.0
					1)	lação	0	0	0.0
						1)	lação_	111	438	2.5777414E-4
			3)	lam	0	0	0.0
				1)	lame	0	0	0.0
					1)	lamen	0	0	0.0
						1)	lament	223	316	1.8597403E-4
		5)	lt	0	0	0.0
			1)	lte	0	0	0.0
				1)	lter	0	0	0.0
					1)	ltera	0	0	0.0
						1)	lteraç	212	322	1.8950518E-4
			2)	ltu	0	0	0.0
				1)	ltur	0	0	0.0
					1)	ltura	0	0	0.0
						1)	ltura_	520	200	1.1770508E-4
		6)	lv	0	0	0.0
			1)	lvi	0	0	0.0
				1)	lvim	0	0	0.0
					1)	lvime	0	0	0.0
						1)	lvimen	230	312	1.8361992E-4
		7)	lu	0	0	0.0
			1)	lug	0	0	0.0
				1)	luga	0	0	0.0
					1)	lugar	0	0	0.0
						1)	lugar_	283	280	1.6478711E-4
			2)	luç	0	0	0.0
				1)	luçã	0	0	0.0
					1)	lução	0	0	0.0
						1)	lução_	372	240	1.412461E-4
		8)	le	0	0	0.0
			1)	leg	0	0	0.0
				1)	legi	0	0	0.0
					1)	legis	0	0	0.0
						1)	legisl	452	218	1.2829853E-4
				2)	lega	0	0	0.0
					1)	legas	0	0	0.0
						1)	legas_	470	212	1.2476738E-4
		9)	lq	0	0	0.0
			1)	lqu	0	0	0.0
				1)	lque	0	0	0.0
					1)	lquer	0	0	0.0
						1)	lquer_	488	209	1.2300181E-4
	10)	p	0	0	0.0
		1)	po	0	0	0.0
			1)	pol	0	0	0.0
				1)	polí	0	0	0.0
					1)	polít	0	0	0.0
						1)	políti	22	809	4.7611704E-4
			2)	por	0	0	0.0
				1)	port	0	0	0.0
					1)	porta	0	0	0.0
						1)	portan	70	504	2.966168E-4
				2)	porq	0	0	0.0
					1)	porqu	0	0	0.0
						1)	porque	458	217	1.2771001E-4
			3)	pos	0	0	0.0
				1)	post	0	0	0.0
					1)	posta	0	0	0.0
						1)	posta_	127	420	2.4718067E-4
						2)	postas	439	222	1.3065264E-4
				2)	poss	0	0	0.0
					1)	possí	0	0	0.0
						1)	possív	357	242	1.4242315E-4
				3)	posi	0	0	0.0
					1)	posiç	0	0	0.0
						1)	posiçã	418	228	1.3418379E-4
			4)	pon	0	0	0.0
				1)	pont	0	0	0.0
					1)	ponto	0	0	0.0
						1)	ponto_	308	265	1.5595923E-4
				2)	pons	0	0	0.0
					1)	ponsa	0	0	0.0
						1)	ponsab	476	211	1.2417886E-4
		2)	pr	0	0	0.0
			1)	pre	0	0	0.0
				1)	pres	0	0	0.0
					1)	prese	0	0	0.0
						1)	presen	29	784	4.6140392E-4
				2)	prec	0	0	0.0
					1)	preci	0	0	0.0
						1)	precis	215	320	1.8832812E-4
				3)	preg	0	0	0.0
					1)	prego	0	0	0.0
						1)	prego_	518	200	1.1770508E-4
			2)	pro	0	0	0.0
				1)	prog	0	0	0.0
					1)	progr	0	0	0.0
						1)	progra	56	544	3.2015782E-4
				2)	prop	0	0	0.0
					1)	propo	0	0	0.0
						1)	propos	61	534	3.1427256E-4
				3)	prob	0	0	0.0
					1)	probl	0	0	0.0
						1)	proble	233	310	1.8244288E-4
				4)	proc	0	0	0.0
					1)	proce	0	0	0.0
						1)	proces	265	288	1.6949531E-4
				5)	proj	0	0	0.0
					1)	proje	0	0	0.0
						1)	projec	321	257	1.5125104E-4
			3)	pri	0	0	0.0
				1)	prim	0	0	0.0
					1)	prime	0	0	0.0
						1)	primei	193	333	1.9597897E-4
				2)	prin	0	0	0.0
					1)	princ	0	0	0.0
						1)	princí	367	240	1.412461E-4
			4)	pró	0	0	0.0
				1)	próp	0	0	0.0
					1)	própr	0	0	0.0
						1)	própri	380	238	1.4006905E-4
		3)	pu	0	0	0.0
			1)	put	0	0	0.0
				1)	puta	0	0	0.0
					1)	putad	0	0	0.0
						1)	putado	90	464	2.730758E-4
		4)	pa	0	0	0.0
			1)	par	0	0	0.0
				1)	part	0	0	0.0
					1)	parte	0	0	0.0
						1)	parte_	227	313	1.8420845E-4
					2)	parti	0	0	0.0
						1)	partic	331	252	1.483084E-4
				2)	pare	0	0	0.0
					1)	parec	0	0	0.0
						1)	parece	448	219	1.2888707E-4
			2)	paí	0	0	0.0
				1)	país	0	0	0.0
					1)	paíse	0	0	0.0
						1)	países	239	302	1.7773468E-4
		5)	pe	0	0	0.0
			1)	pen	0	0	0.0
				1)	pena	0	0	0.0
					1)	penas	0	0	0.0
						1)	penas_	247	297	1.7479205E-4
			2)	per	0	0	0.0
				1)	perm	0	0	0.0
					1)	permi	0	0	0.0
						1)	permit	314	260	1.530166E-4
				2)	perg	0	0	0.0
					1)	pergu	0	0	0.0
						1)	pergun	519	200	1.1770508E-4
			3)	pes	0	0	0.0
				1)	pess	0	0	0.0
					1)	pesso	0	0	0.0
						1)	pessoa	419	228	1.3418379E-4
			4)	pei	0	0	0.0
				1)	peit	0	0	0.0
					1)	peito	0	0	0.0
						1)	peito_	459	217	1.2771001E-4
		6)	pl	0	0	0.0
			1)	pli	0	0	0.0
				1)	plic	0	0	0.0
					1)	plica	0	0	0.0
						1)	plicaç	516	202	1.1888213E-4
	11)	o	0	0	0.0
		1)	ol	0	0	0.0
			1)	olí	0	0	0.0
				1)	olít	0	0	0.0
					1)	olíti	0	0	0.0
						1)	olític	23	809	4.7611704E-4
			2)	olv	0	0	0.0
				1)	olvi	0	0	0.0
					1)	olvim	0	0	0.0
						1)	olvime	229	312	1.8361992E-4
			3)	olu	0	0	0.0
				1)	oluç	0	0	0.0
					1)	oluçã	0	0	0.0
						1)	olução	368	240	1.412461E-4
			4)	ole	0	0	0.0
				1)	oleg	0	0	0.0
					1)	olega	0	0	0.0
						1)	olegas	468	212	1.2476738E-4
		2)	og	0	0	0.0
			1)	ogr	0	0	0.0
				1)	ogra	0	0	0.0
					1)	ogram	0	0	0.0
						1)	ograma	58	540	3.1780373E-4
		3)	op	0	0	0.0
			1)	opo	0	0	0.0
				1)	opos	0	0	0.0
					1)	opost	0	0	0.0
						1)	oposta	71	504	2.966168E-4
		4)	or	0	0	0.0
			1)	ort	0	0	0.0
				1)	orta	0	0	0.0
					1)	ortan	0	0	0.0
						1)	ortant	74	500	2.942627E-4
			2)	orr	0	0	0.0
				1)	orrê	0	0	0.0
					1)	orrên	0	0	0.0
						1)	orrênc	347	245	1.4418873E-4
			3)	orq	0	0	0.0
				1)	orqu	0	0	0.0
					1)	orque	0	0	0.0
						1)	orque_	460	217	1.2771001E-4
			4)	ori	0	0	0.0
				1)	orid	0	0	0.0
					1)	orida	0	0	0.0
						1)	oridad	508	203	1.1947066E-4
		5)	os	0	0	0.0
			1)	ost	0	0	0.0
				1)	osta	0	0	0.0
					1)	ostar	0	0	0.0
						1)	ostari	131	413	2.4306099E-4
					2)	ostas	0	0	0.0
						1)	ostas_	405	231	1.3594936E-4
			2)	oss	0	0	0.0
				1)	ossí	0	0	0.0
					1)	ossív	0	0	0.0
						1)	ossíve	358	242	1.4242315E-4
			3)	osi	0	0	0.0
				1)	osiç	0	0	0.0
					1)	osiçã	0	0	0.0
						1)	osição	420	228	1.3418379E-4
		6)	on	0	0	0.0
			1)	ons	0	0	0.0
				1)	onsi	0	0	0.0
					1)	onsid	0	0	0.0
						1)	onside	145	387	2.2775933E-4
				2)	onst	0	0	0.0
					1)	onsti	0	0	0.0
						1)	onstit	337	248	1.459543E-4
				3)	onse	0	0	0.0
					1)	onseg	0	0	0.0
						1)	onsegu	399	233	1.3712642E-4
				4)	onsa	0	0	0.0
					1)	onsab	0	0	0.0
						1)	onsabi	477	211	1.2417886E-4
			2)	ona	0	0	0.0
				1)	onai	0	0	0.0
					1)	onais	0	0	0.0
						1)	onais_	189	337	1.9833306E-4
			3)	onó	0	0	0.0
				1)	onóm	0	0	0.0
					1)	onómi	0	0	0.0
						1)	onómic	278	282	1.6596416E-4
			4)	onc	0	0	0.0
				1)	onco	0	0	0.0
					1)	oncor	0	0	0.0
						1)	oncorr	330	253	1.4889693E-4
			5)	ont	0	0	0.0
				1)	ontr	0	0	0.0
					1)	ontro	0	0	0.0
						1)	ontrol	354	243	1.4301167E-4
					2)	ontra	0	0	0.0
						1)	ontra_	463	216	1.2712149E-4
				2)	onti	0	0	0.0
					1)	ontin	0	0	0.0
						1)	ontinu	465	214	1.2594444E-4
		7)	ob	0	0	0.0
			1)	obj	0	0	0.0
				1)	obje	0	0	0.0
					1)	objec	0	0	0.0
						1)	object	158	367	2.1598882E-4
			2)	obl	0	0	0.0
				1)	oble	0	0	0.0
					1)	oblem	0	0	0.0
						1)	oblema	246	298	1.7538057E-4
		8)	om	0	0	0.0
			1)	omu	0	0	0.0
				1)	omun	0	0	0.0
					1)	omuni	0	0	0.0
						1)	omunit	300	271	1.5949039E-4
		9)	oc	0	0	0.0
			1)	oce	0	0	0.0
				1)	oces	0	0	0.0
					1)	ocess	0	0	0.0
						1)	ocesso	302	269	1.5831333E-4
		10)	oj	0	0	0.0
			1)	oje	0	0	0.0
				1)	ojec	0	0	0.0
					1)	oject	0	0	0.0
						1)	ojecto	333	250	1.4713134E-4
		11)	ou	0	0	0.0
			1)	out	0	0	0.0
				1)	outr	0	0	0.0
					1)	outro	0	0	0.0
						1)	outros	440	222	1.3065264E-4
	12)	r	0	0	0.0
		1)	ra	0	0	0.0
			1)	raç	0	0	0.0
				1)	raçã	0	0	0.0
					1)	ração	0	0	0.0
						1)	ração_	28	799	4.702318E-4
				2)	raçõ	0	0	0.0
					1)	raçõe	0	0	0.0
						1)	rações	262	289	1.7008385E-4
			2)	rab	0	0	0.0
				1)	raba	0	0	0.0
					1)	rabal	0	0	0.0
						1)	rabalh	78	493	2.90143E-4
			3)	ran	0	0	0.0
				1)	ranç	0	0	0.0
					1)	rança	0	0	0.0
						1)	rança_	301	270	1.5890186E-4
				2)	rand	0	0	0.0
					1)	rande	0	0	0.0
						1)	rande_	442	221	1.3006412E-4
				3)	rant	0	0	0.0
					1)	rante	0	0	0.0
						1)	rante_	497	207	1.21824756E-4
			4)	ram	0	0	0.0
				1)	rame	0	0	0.0
					1)	ramen	0	0	0.0
						1)	rament	351	244	1.4360019E-4
		2)	re	0	0	0.0
			1)	res	0	0	0.0
				1)	rese	0	0	0.0
					1)	resen	0	0	0.0
						1)	resent	30	760	4.472793E-4
				2)	resp	0	0	0.0
					1)	respo	0	0	0.0
						1)	respon	139	399	2.3482164E-4
					2)	respe	0	0	0.0
						1)	respei	152	376	2.2128555E-4
			2)	rel	0	0	0.0
				1)	rela	0	0	0.0
					1)	relat	0	0	0.0
						1)	relató	60	534	3.1427256E-4
						2)	relati	86	469	2.760184E-4
			3)	rem	0	0	0.0
				1)	remo	0	0	0.0
					1)	remos	0	0	0.0
						1)	remos_	156	371	2.1834293E-4
			4)	reg	0	0	0.0
				1)	regi	0	0	0.0
					1)	regiõ	0	0	0.0
						1)	regiõe	288	277	1.6302154E-4
			5)	rec	0	0	0.0
				1)	rect	0	0	0.0
					1)	recti	0	0	0.0
						1)	rectiv	404	231	1.3594936E-4
			6)	ref	0	0	0.0
				1)	refo	0	0	0.0
					1)	refor	0	0	0.0
						1)	reform	413	229	1.3477232E-4
				2)	refe	0	0	0.0
					1)	refer	0	0	0.0
						1)	referi	480	210	1.2359033E-4
		3)	ro	0	0	0.0
			1)	rog	0	0	0.0
				1)	rogr	0	0	0.0
					1)	rogra	0	0	0.0
						1)	rogram	55	544	3.2015782E-4
			2)	rop	0	0	0.0
				1)	ropo	0	0	0.0
					1)	ropos	0	0	0.0
						1)	ropost	63	533	3.1368405E-4
				2)	rope	0	0	0.0
					1)	ropei	0	0	0.0
						1)	ropeia	269	287	1.6890679E-4
			3)	rob	0	0	0.0
				1)	robl	0	0	0.0
					1)	roble	0	0	0.0
						1)	roblem	232	310	1.8244288E-4
			4)	roc	0	0	0.0
				1)	roce	0	0	0.0
					1)	roces	0	0	0.0
						1)	rocess	260	290	1.7067237E-4
			5)	roj	0	0	0.0
				1)	roje	0	0	0.0
					1)	rojec	0	0	0.0
						1)	roject	322	256	1.506625E-4
		4)	rê	0	0	0.0
			1)	rên	0	0	0.0
				1)	rênc	0	0	0.0
					1)	rênci	0	0	0.0
						1)	rência	81	478	2.8131515E-4
		5)	rt	0	0	0.0
			1)	rta	0	0	0.0
				1)	rtan	0	0	0.0
					1)	rtant	0	0	0.0
						1)	rtante	157	369	2.1716587E-4
		6)	ri	0	0	0.0
			1)	rim	0	0	0.0
				1)	rime	0	0	0.0
					1)	rimei	0	0	0.0
						1)	rimeir	192	333	1.9597897E-4
			2)	rid	0	0	0.0
				1)	rida	0	0	0.0
					1)	ridad	0	0	0.0
						1)	ridade	272	285	1.6772974E-4
			3)	rin	0	0	0.0
				1)	rinc	0	0	0.0
					1)	rincí	0	0	0.0
						1)	rincíp	366	240	1.412461E-4
		7)	rr	0	0	0.0
			1)	rrê	0	0	0.0
				1)	rrên	0	0	0.0
					1)	rrênc	0	0	0.0
						1)	rrênci	346	245	1.4418873E-4
		8)	rc	0	0	0.0
			1)	rca	0	0	0.0
				1)	rcad	0	0	0.0
					1)	rcado	0	0	0.0
						1)	rcado_	515	202	1.1888213E-4
	13)	d	0	0	0.0
		1)	de	0	0	0.0
			1)	dep	0	0	0.0
				1)	depu	0	0	0.0
					1)	deput	0	0	0.0
						1)	deputa	40	615	3.6194312E-4
			2)	des	0	0	0.0
				1)	dese	0	0	0.0
					1)	desen	0	0	0.0
						1)	desenv	101	445	2.6189382E-4
				2)	dest	0	0	0.0
					1)	deste	0	0	0.0
						1)	deste_	403	232	1.365379E-4
					2)	desta	0	0	0.0
						1)	desta_	504	205	1.2064771E-4
			3)	deb	0	0	0.0
				1)	deba	0	0	0.0
					1)	debat	0	0	0.0
						1)	debate	169	354	2.08338E-4
			4)	dem	0	0	0.0
				1)	demo	0	0	0.0
					1)	demos	0	0	0.0
						1)	demos_	427	227	1.3359527E-4
		2)	da	0	0	0.0
			1)	dad	0	0	0.0
				1)	dade	0	0	0.0
					1)	dades	0	0	0.0
						1)	dades_	43	593	3.4899556E-4
				2)	dadã	0	0	0.0
					1)	dadão	0	0	0.0
						1)	dadãos	391	235	1.3830347E-4
			2)	dam	0	0	0.0
				1)	dame	0	0	0.0
					1)	damen	0	0	0.0
						1)	dament	69	519	3.0544467E-4
		3)	di	0	0	0.0
			1)	dir	0	0	0.0
				1)	dire	0	0	0.0
					1)	direi	0	0	0.0
						1)	direit	213	321	1.8891666E-4
					2)	direc	0	0	0.0
						1)	direct	214	321	1.8891666E-4
			2)	diz	0	0	0.0
				1)	dize	0	0	0.0
					1)	dizer	0	0	0.0
						1)	dizer_	390	235	1.3830347E-4
			3)	did	0	0	0.0
				1)	dida	0	0	0.0
					1)	didas	0	0	0.0
						1)	didas_	443	221	1.3006412E-4
		4)	do	0	0	0.0
			1)	dor	0	0	0.0
				1)	dore	0	0	0.0
					1)	dores	0	0	0.0
						1)	dores_	298	273	1.6066743E-4
	14)	f	0	0	0.0
		1)	fo	0	0	0.0
			1)	for	0	0	0.0
				1)	form	0	0	0.0
					1)	forma	0	0	0.0
						1)	forma_	48	574	3.3781357E-4
						2)	formaç	509	203	1.1947066E-4
		2)	fa	0	0	0.0
			1)	fac	0	0	0.0
				1)	fact	0	0	0.0
					1)	facto	0	0	0.0
						1)	facto_	184	340	2.0009864E-4
			2)	faz	0	0	0.0
				1)	faze	0	0	0.0
					1)	fazer	0	0	0.0
						1)	fazer_	218	319	1.877396E-4
		3)	fi	0	0	0.0
			1)	fin	0	0	0.0
				1)	fina	0	0	0.0
					1)	finan	0	0	0.0
						1)	financ	221	317	1.8656255E-4
	15)	í	0	0	0.0
		1)	ít	0	0	0.0
			1)	íti	0	0	0.0
				1)	ític	0	0	0.0
					1)	ítica	0	0	0.0
						1)	ítica_	64	530	3.1191847E-4
	16)	n	0	0	0.0
		1)	ne	0	0	0.0
			1)	nec	0	0	0.0
				1)	nece	0	0	0.0
					1)	neces	0	0	0.0
						1)	necess	65	529	3.1132993E-4
			2)	nes	0	0	0.0
				1)	nest	0	0	0.0
					1)	neste	0	0	0.0
						1)	neste_	166	358	2.1069209E-4
		2)	ns	0	0	0.0
			1)	nst	0	0	0.0
				1)	nsti	0	0	0.0
					1)	nstit	0	0	0.0
						1)	nstitu	121	429	2.524774E-4
			2)	nsi	0	0	0.0
				1)	nsid	0	0	0.0
					1)	nside	0	0	0.0
						1)	nsider	146	387	2.2775933E-4
			3)	nse	0	0	0.0
				1)	nseg	0	0	0.0
					1)	nsegu	0	0	0.0
						1)	nsegui	449	219	1.2888707E-4
			4)	nsa	0	0	0.0
				1)	nsab	0	0	0.0
					1)	nsabi	0	0	0.0
						1)	nsabil	478	211	1.2417886E-4
		3)	nh	0	0	0.0
			1)	nho	0	0	0.0
				1)	nhor	0	0	0.0
					1)	nhora	0	0	0.0
						1)	nhora_	142	393	2.3129048E-4
		4)	nv	0	0	0.0
			1)	nvo	0	0	0.0
				1)	nvol	0	0	0.0
					1)	nvolv	0	0	0.0
						1)	nvolvi	148	386	2.271708E-4
		5)	na	0	0	0.0
			1)	nac	0	0	0.0
				1)	naci	0	0	0.0
					1)	nacio	0	0	0.0
						1)	nacion	149	383	2.2540522E-4
			2)	nan	0	0	0.0
				1)	nanc	0	0	0.0
					1)	nance	0	0	0.0
						1)	nancei	431	225	1.3241821E-4
		6)	ni	0	0	0.0
			1)	nic	0	0	0.0
				1)	nici	0	0	0.0
					1)	nicia	0	0	0.0
						1)	niciat	176	347	2.0421832E-4
			2)	nit	0	0	0.0
				1)	nitá	0	0	0.0
					1)	nitár	0	0	0.0
						1)	nitári	297	273	1.6066743E-4
		7)	ní	0	0	0.0
			1)	nív	0	0	0.0
				1)	níve	0	0	0.0
					1)	nível	0	0	0.0
						1)	nível_	291	276	1.6243302E-4
		8)	no	0	0	0.0
			1)	nos	0	0	0.0
				1)	noss	0	0	0.0
					1)	nossa	0	0	0.0
						1)	nossa_	304	268	1.577248E-4
					2)	nosso	0	0	0.0
						1)	nosso_	409	230	1.3536084E-4
		9)	nc	0	0	0.0
			1)	nci	0	0	0.0
				1)	ncia	0	0	0.0
					1)	ncias	0	0	0.0
						1)	ncias_	332	252	1.483084E-4
			2)	ncí	0	0	0.0
				1)	ncíp	0	0	0.0
					1)	ncípi	0	0	0.0
						1)	ncípio	370	240	1.412461E-4
			3)	nco	0	0	0.0
				1)	ncor	0	0	0.0
					1)	ncorr	0	0	0.0
						1)	ncorrê	382	238	1.4006905E-4
		10)	nt	0	0	0.0
			1)	nte	0	0	0.0
				1)	ntem	0	0	0.0
					1)	nteme	0	0	0.0
						1)	ntemen	334	250	1.4713134E-4
			2)	nta	0	0	0.0
				1)	ntaç	0	0	0.0
					1)	ntaçã	0	0	0.0
						1)	ntação	369	240	1.412461E-4
			3)	nti	0	0	0.0
				1)	ntid	0	0	0.0
					1)	ntido	0	0	0.0
						1)	ntido_	381	238	1.4006905E-4
	17)	b	0	0	0.0
		1)	bi	0	0	0.0
			1)	bil	0	0	0.0
				1)	bili	0	0	0.0
					1)	bilid	0	0	0.0
						1)	bilida	67	525	3.0897584E-4
		2)	bj	0	0	0.0
			1)	bje	0	0	0.0
				1)	bjec	0	0	0.0
					1)	bject	0	0	0.0
						1)	bjecti	225	316	1.8597403E-4
		3)	ba	0	0	0.0
			1)	bal	0	0	0.0
				1)	balh	0	0	0.0
					1)	balho	0	0	0.0
						1)	balho_	261	290	1.7067237E-4
	18)	z	0	0	0.0
		1)	za	0	0	0.0
			1)	zaç	0	0	0.0
				1)	zaçã	0	0	0.0
					1)	zação	0	0	0.0
						1)	zação_	92	459	2.7013317E-4
	19)	u	0	0	0.0
		1)	ue	0	0	0.0
			1)	ues	0	0	0.0
				1)	uest	0	0	0.0
					1)	uestã	0	0	0.0
						1)	uestão	105	440	2.589512E-4
		2)	ut	0	0	0.0
			1)	uta	0	0	0.0
				1)	utad	0	0	0.0
					1)	utado	0	0	0.0
						1)	utado_	174	349	2.0539536E-4
			2)	utr	0	0	0.0
				1)	utro	0	0	0.0
					1)	utros	0	0	0.0
						1)	utros_	438	222	1.3065264E-4
		3)	um	0	0	0.0
			1)	ume	0	0	0.0
				1)	umen	0	0	0.0
					1)	ument	0	0	0.0
						1)	umento	208	324	1.9068223E-4
		4)	ur	0	0	0.0
			1)	uro	0	0	0.0
				1)	urop	0	0	0.0
					1)	urope	0	0	0.0
						1)	uropei	264	288	1.6949531E-4
						2)	uropeu	313	261	1.5360513E-4
			2)	ura	0	0	0.0
				1)	uran	0	0	0.0
					1)	uranç	0	0	0.0
						1)	urança	345	245	1.4418873E-4
		5)	ua	0	0	0.0
			1)	uan	0	0	0.0
				1)	uant	0	0	0.0
					1)	uanto	0	0	0.0
						1)	uanto_	268	287	1.6890679E-4
				2)	uand	0	0	0.0
					1)	uando	0	0	0.0
						1)	uando_	271	285	1.6772974E-4
			2)	uaç	0	0	0.0
				1)	uaçã	0	0	0.0
					1)	uação	0	0	0.0
						1)	uação_	336	249	1.4654282E-4
			3)	ual	0	0	0.0
				1)	ualm	0	0	0.0
					1)	ualme	0	0	0.0
						1)	ualmen	444	220	1.294756E-4
				2)	ualq	0	0	0.0
					1)	ualqu	0	0	0.0
						1)	ualque	485	209	1.2300181E-4
		6)	un	0	0	0.0
			1)	uni	0	0	0.0
				1)	unit	0	0	0.0
					1)	unitá	0	0	0.0
						1)	unitár	307	266	1.5654776E-4
	20)	q	0	0	0.0
		1)	qu	0	0	0.0
			1)	que	0	0	0.0
				1)	ques	0	0	0.0
					1)	quest	0	0	0.0
						1)	questã	106	440	2.589512E-4
			2)	qua	0	0	0.0
				1)	quan	0	0	0.0
					1)	quant	0	0	0.0
						1)	quanto	238	302	1.7773468E-4
					2)	quand	0	0	0.0
						1)	quando	287	279	1.6419859E-4
				2)	qual	0	0	0.0
					1)	qualq	0	0	0.0
						1)	qualqu	487	209	1.2300181E-4
	21)	v	0	0	0.0
		1)	va	0	0	0.0
			1)	vam	0	0	0.0
				1)	vame	0	0	0.0
					1)	vamen	0	0	0.0
						1)	vament	112	437	2.571856E-4
		2)	vi	0	0	0.0
			1)	vim	0	0	0.0
				1)	vime	0	0	0.0
					1)	vimen	0	0	0.0
						1)	viment	191	333	1.9597897E-4
			2)	vis	0	0	0.0
				1)	vist	0	0	0.0
					1)	vista	0	0	0.0
						1)	vista_	365	240	1.412461E-4
		3)	vo	0	0	0.0
			1)	vol	0	0	0.0
				1)	volv	0	0	0.0
					1)	volvi	0	0	0.0
						1)	volvim	228	312	1.8361992E-4
	22)	g	0	0	0.0
		1)	go	0	0	0.0
			1)	gos	0	0	0.0
				1)	gost	0	0	0.0
					1)	gosta	0	0	0.0
						1)	gostar	119	432	2.5424297E-4
		2)	gr	0	0	0.0
			1)	gra	0	0	0.0
				1)	gram	0	0	0.0
					1)	grama	0	0	0.0
						1)	grama_	186	339	1.995101E-4
				2)	gran	0	0	0.0
					1)	grand	0	0	0.0
						1)	grande	205	325	1.9127075E-4
		3)	gi	0	0	0.0
			1)	giõ	0	0	0.0
				1)	giõe	0	0	0.0
					1)	giões	0	0	0.0
						1)	giões_	293	276	1.6243302E-4
		4)	gu	0	0	0.0
			1)	gur	0	0	0.0
				1)	gura	0	0	0.0
					1)	guran	0	0	0.0
						1)	guranç	348	245	1.4418873E-4
	23)	c	0	0	0.0
		1)	co	0	0	0.0
			1)	con	0	0	0.0
				1)	cont	0	0	0.0
					1)	contr	0	0	0.0
						1)	contra	124	424	2.4953476E-4
						2)	contro	277	283	1.665527E-4
					2)	conti	0	0	0.0
						1)	contin	392	235	1.3830347E-4
				2)	cons	0	0	0.0
					1)	consi	0	0	0.0
						1)	consid	147	387	2.2775933E-4
					2)	const	0	0	0.0
						1)	consti	339	248	1.459543E-4
					3)	conse	0	0	0.0
						1)	conseg	400	233	1.3712642E-4
				3)	conc	0	0	0.0
					1)	conco	0	0	0.0
						1)	concor	199	331	1.948019E-4
				4)	conó	0	0	0.0
					1)	conóm	0	0	0.0
						1)	conómi	280	282	1.6596416E-4
				5)	conh	0	0	0.0
					1)	conhe	0	0	0.0
						1)	conhec	423	228	1.3418379E-4
			2)	com	0	0	0.0
				1)	comu	0	0	0.0
					1)	comun	0	0	0.0
						1)	comuni	125	422	2.483577E-4
			3)	col	0	0	0.0
				1)	cole	0	0	0.0
					1)	coleg	0	0	0.0
						1)	colega	204	326	1.9185928E-4
			4)	cor	0	0	0.0
				1)	corr	0	0	0.0
					1)	corrê	0	0	0.0
						1)	corrên	349	245	1.4418873E-4
				2)	cord	0	0	0.0
					1)	cordo	0	0	0.0
						1)	cordo_	395	234	1.3771495E-4
		2)	ca	0	0	0.0
			1)	caç	0	0	0.0
				1)	caçã	0	0	0.0
					1)	cação	0	0	0.0
						1)	cação_	136	405	2.3835279E-4
		3)	ci	0	0	0.0
			1)	cia	0	0	0.0
				1)	ciat	0	0	0.0
					1)	ciati	0	0	0.0
						1)	ciativ	175	348	2.0480684E-4
			2)	cio	0	0	0.0
				1)	cion	0	0	0.0
					1)	ciona	0	0	0.0
						1)	cional	252	294	1.7302646E-4
						2)	cionai	329	254	1.4948545E-4
			3)	cid	0	0	0.0
				1)	cida	0	0	0.0
					1)	cidad	0	0	0.0
						1)	cidadã	305	268	1.577248E-4
			4)	cim	0	0	0.0
				1)	cime	0	0	0.0
					1)	cimen	0	0	0.0
						1)	ciment	401	233	1.3712642E-4
		4)	ce	0	0	0.0
			1)	ces	0	0	0.0
				1)	cess	0	0	0.0
					1)	cesso	0	0	0.0
						1)	cesso_	236	308	1.8126583E-4
					2)	cessá	0	0	0.0
						1)	cessár	244	301	1.7714614E-4
		5)	ct	0	0	0.0
			1)	cti	0	0	0.0
				1)	ctiv	0	0	0.0
					1)	ctiva	0	0	0.0
						1)	ctiva_	237	303	1.783232E-4
	24)	j	0	0	0.0
		1)	je	0	0	0.0
			1)	jec	0	0	0.0
				1)	ject	0	0	0.0
					1)	jecti	0	0	0.0
						1)	jectiv	220	317	1.8656255E-4
	25)	á	0	0	0.0
		1)	ár	0	0	0.0
			1)	ári	0	0	0.0
				1)	ário	0	0	0.0
					1)	ários	0	0	0.0
						1)	ários_	306	266	1.5654776E-4
	26)	â	0	0	0.0
		1)	ân	0	0	0.0
			1)	ânc	0	0	0.0
				1)	ânci	0	0	0.0
					1)	ância	0	0	0.0
						1)	ância_	474	211	1.2417886E-4
