e_	516968	0.033071197483669844	3
_t	449519	0.02875638651069657	2
th	363160	0.023231875238253704	2
s_	308205	0.019716323680487893	2
_a	281616	0.018015386543385987	2
he	264258	0.016904969949087034	2
t_	246716	0.015782782606236924	2
in	217172	0.013892809806261796	2
n_	215062	0.013757830026680577	2
_i	205861	0.01316922862766314	2
d_	195390	0.012499383475058903	2
re	188395	0.012051903115736333	2
on	178566	0.011423127640142116	2
_o	175618	0.011234539777485513	2
an	151730	0.009706389552539472	2
_w	149306	0.009551322734669864	2
at	146127	0.009347957464864795	2
ti	139506	0.008924402431401645	2
er	138890	0.008884996012339072	2
y_	135295	0.008655018615374863	2
en	130080	0.008321407453992846	2
is	126490	0.008091749914326223	2
_s	124775	0.007982038861254285	2
o_	123667	0.007911158484109266	2
or	117109	0.007491633652595696	2
es	116168	0.007431436509190044	2
r_	115015	0.007357677416366753	2
_c	111286	0.007119127843827244	2
nd	110671	0.007079785396224187	2
to	108921	0.006967835342069148	2
it	107953	0.006905910969256532	2
nt	105255	0.00673331597147922	2
f_	102408	0.006551189226233851	2
_p	102366	0.00654850242493413	2
ha	100896	0.006454464379443897	2
al	98045	0.006272081748360459	2
of	96559	0.006177020159517952	2
_b	93925	0.006008519335149739	2
te	93323	0.005970008516520405	2
io	91268	0.005838547167212631	2
ar	89614	0.00573273837317124	2
_f	88279	0.005647336474715824	2
ve	85460	0.005467000930336936	2
ou	83079	0.005314684885226566	2
st	81835	0.005235104389587212	2
l_	81301	0.005200943630205046	2
co	80879	0.005173947674288802	2
ed	80501	0.005149766462591313	2
_m	79502	0.005085858974533666	2
ng	78025	0.004991373128826812	2
_r	76927	0.004921132466276966	2
me	76838	0.004915439006379938	2
se	76808	0.004913519862594423	2
hi	73351	0.004692370527043583	2
as	67861	0.004341167214294346	2
le	67116	0.0042935084769540575	2
ic	66662	0.004264465434333265	2
g_	66060	0.004225954615703931	2
_h	64282	0.004112213360682412	2
_d	63702	0.004075109914162456	2
ro	62933	0.004025915861793756	2
de	61276	0.003919915153373813	2
be	57467	0.003676247864072931	2
_e	57221	0.0036605108850317086	2
h_	57204	0.0036594233702199165	2
pr	55856	0.0035731898427907778	2
po	55221	0.003532567965997378	2
ea	54837	0.0035080029255427866	2
li	54109	0.0034614317030142905	2
ec	53533	0.0034245841423324033	2
ll	52889	0.003383386522403349	2
ce	52830	0.003379612206291836	2
ri	52770	0.0033757739187208063	2
ra	52405	0.003352424335997041	2
ns	52234	0.0033414852164196057	2
_n	51384	0.0032871094758300154	2
fo	50142	0.003207656923109696	2
ta	49855	0.00318929711422827	2
a_	49353	0.003157183441550653	2
ur	48855	0.0031253256547111048	2
si	47369	0.003030264065868597	2
ne	46807	0.00299431210561995	2
we	46639	0.0029835649004210664	2
om	44659	0.0028569014105770795	2
ct	44299	0.0028338716851509	2
no	43530	0.0027846776327822	2
ch	42549	0.002721921630995861	2
wh	42000	0.0026868012997209373	2
ot	41825	0.0026756062943054334	2
ly	41772	0.0026722158069510237	2
rt	41766	0.0026718319781939208	2
us	40696	0.002603382516510554	2
_l	40080	0.00256397609744798	2
ul	39887	0.0025516296057611675	2
el	39811	0.002546767774837863	2
ca	38764	0.002479789656723391	2
pe	38743	0.0024784462560735305	2
wi	38280	0.002448827470317083	2
ma	37519	0.0024001451896245203	2
nc	36797	0.0023539577958531267	2
ho	36651	0.002344617962763621	2
la	36599	0.0023412914468687283	2
ee	36512	0.002335725929890735	2
di	36495	0.002334638415078943	2
ut	35824	0.002291713565742925	2
tr	35731	0.002285764220007829	2
ac	35658	0.002281094303463076	2
em	35474	0.0022693235549119174	2
il	35028	0.0022407922839672617	2
so	34210	0.0021884636300822206	2
ts	34008	0.0021755413952597533	2
ss	33492	0.002142532122148896	2
ie	33270	0.0021283304581360854	2
su	31740	0.0020304541250748226	2
et	31202	0.001996037479854588	2
un	30786	0.001969425352695447	2
op	30745	0.001966802522855243	2
ci	30192	0.001931426305742251	2
na	29762	0.0019039185781498699	2
m_	28929	0.0018506303523720712	2
ol	28114	0.0017984936128655816	2
rs	27673	0.0017702821992185119	2
ge	27160	0.0017374648404862062	2
im	26993	0.0017267816067468396	2
pl	26491	0.0016946679340692225	2
fi	26081	0.001668439635667185	2
iv	26076	0.001668119778369599	2
ld	25947	0.0016598674600918847	2
_g	25491	0.0016306964745520574	2
mo	25443	0.0016276258444952335	2
os	25264	0.001616174953241661	2
ai	25264	0.001616174953241661	2
ev	25072	0.0016038924330143652	2
mp	25021	0.0016006298885789898	2
ad	24962	0.0015968555724674772	2
ni	24686	0.0015791994496407395	2
_u	23660	0.0015135647321761281	2
ir	23588	0.0015089587870908922	2
mi	23551	0.001506591843088757	2
av	23451	0.0015001946971370404	2
ke	23440	0.0014994910110823518	2
ow	23190	0.0014834981462030605	2
lo	22918	0.0014660979092143915	2
wo	22902	0.0014650743658621169	2
vi	22716	0.0014531756743919242	2
bl	22689	0.0014514484449849607	2
am	22619	0.001446970442818759	2
pa	21294	0.0013622082589585152	2
ia	21282	0.0013614406014443093	2
id	21252	0.0013595214576587944	2
sa	21021	0.0013447440505103291	2
sh	20856	0.001334188759689997	2
ab	20621	0.001319155466703463	2
wa	20284	0.0012975970848461784	2
gr	19251	0.0012315145671649467	2
ry	19143	0.0012246056495370929	2
sp	19078	0.001220447504668477	2
ig	18938	0.001211491500336074	2
tu	18864	0.001206757612331804	2
ex	18841	0.0012052862687629091	2
w_	18810	0.001203303153517877	2
ag	18155	0.0011614018475341336	2
ef	18103	0.0011580753316392412	2
eg	18004	0.0011517421571470418	2
ty	17760	0.0011361331210248534	2
_v	17669	0.0011303117182087914	2
ep	17459	0.0011168777117101867	2
do	17011	0.0010882184978464968	2
pp	16491	0.0010549533388975708	2
gh	16430	0.001051051079867024	2
rd	16364	0.001046828963538891	2
fe	16282	0.0010415833038584833	2
ay	16112	0.0010307081557405654	2
if	15995	0.001023223494977057	2
k_	15827	0.0010124762897781732	2
uc	15448	9.882311066211676E-4	1
cu	15134	9.681440683327777E-4	1
ue	15111	9.666727247638829E-4	1
oc	14834	9.489526304776282E-4	1
ov	14801	9.468415723135617E-4	1
_y	14695	9.400605976047422E-4	1
bu	14648	9.370539390074355E-4	1
ap	14634	9.361583385741951E-4	1
ls	14354	9.182463299093889E-4	1
by	14024	8.971357482687244E-4	1
ak	13975	8.940011467523833E-4	1
rm	13641	8.726346792736501E-4	1
gi	13300	8.508204115782968E-4	1
ga	13176	8.428879505981683E-4	1
mu	13034	8.338040033467308E-4	1
qu	13025	8.332282602110764E-4	1
fr	12906	8.256156565285337E-4	1
fa	12672	8.106463350015171E-4	1
ff	12627	8.077676193232446E-4	1
du	12585	8.050808180235237E-4	1
od	12558	8.033535886165603E-4	1
oo	12528	8.014344448310453E-4	1
cr	12525	8.012425304524937E-4	1
ei	12421	7.945894986627086E-4	1
da	12392	7.927343263367108E-4	1
cl	12302	7.869768949801659E-4	1
mm	12155	7.775730904311427E-4	1
up	12115	7.750142320504561E-4	1
rn	11885	7.603007963615081E-4	1
ba	11782	7.537117360312401E-4	1
um	11435	7.315136395787837E-4	1
fu	11072	7.082919997740528E-4	1
lu	11064	7.077802280979155E-4	1
ua	11055	7.07204484962261E-4	1
tt	11006	7.040698834459199E-4	1
i_	10915	6.982484806298579E-4	1
ht	10525	6.732996114181634E-4	1
yo	10487	6.708686959565112E-4	1
bo	10481	6.704848671994081E-4	1
c_	10468	6.69653238225685E-4	1
ob	9829	6.287754755942165E-4	1
rk	9696	6.202672714784336E-4	1
ew	9643	6.168767841240238E-4	1
ib	9615	6.150855832575432E-4	1
lt	9469	6.05745750168037E-4	1
go	9444	6.041464636801079E-4	1
p_	9312	5.957022310238421E-4	1
au	9077	5.806689380373083E-4	1
oi	8926	5.710092476502163E-4	1
ds	8491	5.431816627602495E-4	1
cc	8430	5.392794037297024E-4	1
rr	8142	5.208556233887589E-4	1
og	8107	5.18616622305658E-4	1
tl	8078	5.167614499796603E-4	1
rg	8052	5.15098192032214E-4	1
ru	8041	5.143945059775251E-4	1
vo	7924	5.069098452140169E-4	1
ms	7897	5.051826158070534E-4	1
ey	7736	4.948832108247898E-4	1
gu	7542	4.8247274767845974E-4	1
pt	7477	4.78314602809844E-4	1
ki	7459	4.77163116538535E-4	1
va	7437	4.757557444291574E-4	1
bi	7407	4.7383660064364246E-4	1
pu	7289	4.6628796842061694E-4	1
sc	7153	4.575878499262825E-4	1
rl	7107	4.546451627884929E-4	1
ug	7044	4.506149608389115E-4	1
cy	6992	4.472884449440189E-4	1
ub	6974	4.4613695867270993E-4	1
ui	6971	4.459450442941584E-4	1
ny	6969	4.458171013751241E-4	1
ud	6883	4.403155558566479E-4	1
_q	6815	4.3596549660948066E-4	1
nf	6791	4.344301815810687E-4	1
ye	6787	4.3417429574300003E-4	1
u_	6786	4.3411032428348285E-4	1
pi	6586	4.2131603238004984E-4	1
nv	6558	4.195248315135692E-4	1
af	6448	4.1248797096668104E-4	1
nl	6431	4.114004561548892E-4	1
_j	6286	4.021245945249003E-4	1
rc	6268	4.009731082535913E-4	1
ys	6069	3.882427878096754E-4	1
ik	6053	3.872192444574008E-4	1
tw	6028	3.856199579694717E-4	1
xt	5805	3.7135432249714385E-4	1
nk	5658	3.619505179481206E-4	1
nn	5651	3.615027177315004E-4	1
nu	5610	3.588798878912966E-4	1
ck	5564	3.5593720075350704E-4	1
my	5540	3.5440188572509506E-4	1
ip	5474	3.5017976939696215E-4	1
mr	5439	3.479407683138614E-4	1
eq	5306	3.394325641980784E-4	1
xp	5292	3.385369637648381E-4	1
mb	5218	3.338030757605679E-4	1
eo	5209	3.332273326249134E-4	1
_k	5113	3.270860725112655E-4	1
dr	4884	3.124366082818347E-4	1
je	4671	2.9881068740467853E-4	1
ju	4616	2.9529225713123444E-4	1
rv	4586	2.933731133457195E-4	1
aw	4449	2.846090233918679E-4	1
sm	4387	2.806427929018036E-4	1
gn	4355	2.7859570619725435E-4	1
ft	4252	2.7200664586698634E-4	1
nm	4229	2.7053530229809153E-4	1
sl	4207	2.691279301887139E-4	1
wn	4149	2.654175855367183E-4	1
bs	3857	2.467379193577061E-4	1
sk	3841	2.4571437600543145E-4	1
eb	3826	2.4475480411267393E-4	1
lf	3808	2.43603317841365E-4	1
hu	3779	2.417481455153672E-4	1
jo	3726	2.3835765816095745E-4	1
lv	3674	2.3503114226606486E-4	1
sy	3672	2.349031993470305E-4	1
hr	3601	2.3036122572131179E-4	1
oa	3492	2.2338833663394078E-4	1
dm	3473	2.2217287890311465E-4	1
dy	3459	2.2127727846987433E-4	1
fl	3425	2.1910224884629073E-4	1
br	3362	2.1507204689670932E-4	1
eu	3319	2.123212741374712E-4	1
oe	3133	2.0042258266727848E-4	1
kn	3117	1.9939903931500384E-4	1
ks	3068	1.9626443779866275E-4	1
ph	3046	1.9485706568928511E-4	1
gs	2944	1.8833197681853426E-4	1
dg	2938	1.879481480614313E-4	1
bj	2933	1.8762829076384544E-4	1
pm	2885	1.8455766070702153E-4	1
xa	2793	1.7867228643144234E-4	1
dl	2789	1.7841640059337367E-4	1
dd	2783	1.7803257183627067E-4	1
eh	2732	1.7477002740089526E-4	1
hy	2636	1.686287672872474E-4	1
ps	2584	1.653022513923548E-4	1
oy	2570	1.644066509591145E-4	1
ze	2546	1.6287133593070253E-4	1
gl	2513	1.6076027776663608E-4	1
ok	2469	1.579455335478808E-4	1
iz	2459	1.5730581895270917E-4	1
rp	2385	1.5257193094843894E-4	1
yi	2349	1.50268958405821E-4	1
xc	2298	1.4700641397044558E-4	1
xi	2291	1.465586137538254E-4	1
tm	2183	1.3964969612597158E-4	1
ym	2040	1.3050177741501695E-4	1
lr	2021	1.2928631968419082E-4	1
gy	1792	1.1463685545475999E-4	1
hn	1725	1.1035076766710992E-4	1
lc	1551	9.921973371112319E-5	1
ws	1532	9.800427598029705E-5	1
aj	1505	9.627704657333358E-5	1
uf	1440	9.211890170471785E-5	1
rw	1370	8.764089953851629E-5	1
x_	1369	8.757692807899913E-5	1
xe	1339	8.565778429348417E-5	1
ax	1334	8.533792699589834E-5	1
bt	1328	8.495409823879535E-5	1
sf	1287	8.233126839859158E-5	1
dv	1269	8.11797821272826E-5	1
ek	1258	8.047609607259379E-5	1
lp	1232	7.88128381251475E-5	1
lk	1205	7.708560871818404E-5	1
lw	1159	7.414292158039443E-5	1
gg	1155	7.388703574232577E-5	1
oj	1091	6.97928623332272E-5	1
fy	1067	6.825754730481525E-5	1
oh	1059	6.774577562867793E-5	1
tc	1056	6.755386125012643E-5	1
hl	1056	6.755386125012643E-5	1
rf	996	6.371557367909652E-5	1
sw	984	6.294791616489053E-5	1
gt	952	6.090082946034125E-5	1
yp	924	5.910962859386062E-5	1
hs	919	5.8789771296274796E-5	1
rh	860	5.501545518476205E-5	1
kl	832	5.3224254318281424E-5	1
yt	826	5.2840425561178435E-5	1
tn	824	5.2712482642144105E-5	1
b_	748	4.785065171883955E-5	1
wl	741	4.740285150221939E-5	1
uo	733	4.6891079826082073E-5	1
wr	697	4.458810728346413E-5	1
iu	693	4.433222144539546E-5	1
rb	660	4.222116328132902E-5	1
lm	652	4.170939160519169E-5	1
ej	614	3.927847614353942E-5	1
cs	606	3.87667044674021E-5	1
ix	580	3.71034465199558E-5	1
bv	577	3.6911532141404305E-5	1
bm	564	3.607990316768116E-5	1
wt	537	3.43526737607177E-5	1
yl	522	3.339310186796022E-5	1
nh	508	3.249750143471991E-5	1
mn	467	2.9874671594516137E-5	1
ka	429	2.744375613286386E-5	1
ox	420	2.6868012997209372E-5	1
hm	417	2.6676098618657877E-5	1
nj	408	2.610035548300339E-5	1
py	400	2.558858380686607E-5	1
zo	374	2.3925325859419775E-5	1
tf	325	2.079072434307868E-5	1
_z	303	1.938335223370105E-5	1
yc	297	1.8999523476598056E-5	1
nr	287	1.8359808881426403E-5	1
ml	285	1.8231865962392074E-5	1
fs	281	1.7975980124323414E-5	1
hd	271	1.733626552915176E-5	1
dw	270	1.7272294069634596E-5	1
sb	268	1.7144351150600267E-5	1
yn	257	1.644066509591145E-5	1
tp	257	1.644066509591145E-5	1
cq	257	1.644066509591145E-5	1
yb	255	1.631272217687712E-5	1
ln	252	1.6120807798325624E-5	1
np	249	1.592889341977413E-5	1
sn	230	1.471343568894799E-5	1
nw	228	1.458549276991366E-5	1
hb	228	1.458549276991366E-5	1
gm	222	1.4201664012810668E-5	1
dc	220	1.4073721093776339E-5	1
dj	219	1.4009749634259174E-5	1
tb	218	1.3945778174742009E-5	1
_x	215	1.3753863796190512E-5	1
az	214	1.3689892336673347E-5	1
nq	207	1.3242092120053191E-5	1
sr	201	1.28582633629502E-5	1
xu	199	1.273032044391587E-5	1
iq	199	1.273032044391587E-5	1
hc	195	1.2474434605847209E-5	1
ah	189	1.2090605848744217E-5	1
mf	179	1.1450891253572567E-5	1
sd	177	1.1322948334538235E-5	1
yr	173	1.1067062496469575E-5	1
yw	169	1.0811176658400914E-5	1
vy	166	1.061926227984942E-5	1
bb	166	1.061926227984942E-5	1
ya	158	1.0107490603712098E-5	1
lb	153	9.787633306126272E-6	1
kg	153	9.787633306126272E-6	1
ae	149	9.53174746805761E-6	1
za	139	8.89203287288596E-6	1
oz	138	8.828061413368795E-6	1
vu	134	8.572175575300133E-6	1
dn	131	8.380261196748639E-6	1
uy	130	8.316289737231472E-6	1
ao	121	7.740546601576986E-6	1
wu	121	7.740546601576986E-6	1
df	120	7.676575142059821E-6	1
sg	120	7.676575142059821E-6	1
dh	119	7.612603682542656E-6	1
ky	117	7.484660763508325E-6	1
yd	99	6.333174492199353E-6	1
hw	97	6.205231573165022E-6	1
yf	90	5.757431356544866E-6	1
ux	85	5.4375740589590395E-6	1
wf	85	5.4375740589590395E-6	1
zi	85	5.4375740589590395E-6	1
nb	82	5.245659680407544E-6	1
pd	81	5.181688220890379E-6	1
uv	80	5.117716761373214E-6	1
kp	79	5.053745301856049E-6	1
sq	77	4.925802382821718E-6	1
db	76	4.8618309233045535E-6	1
wy	74	4.733888004270223E-6	1
hq	71	4.541973625718727E-6	1
ja	71	4.541973625718727E-6	1
lg	68	4.3500592471672316E-6	1
pf	67	4.286087787650067E-6	1
xh	67	4.286087787650067E-6	1
nx	66	4.222116328132902E-6	1
ez	62	3.966230490064241E-6	1
td	61	3.9022590305470754E-6	1
vr	57	3.646373192478415E-6	1
aq	56	3.5824017329612495E-6	1
gf	56	3.5824017329612495E-6	1
kw	56	3.5824017329612495E-6	1
fd	55	3.5184302734440846E-6	1
kf	55	3.5184302734440846E-6	1
kr	53	3.3904873544097544E-6	1
zu	53	3.3904873544097544E-6	1
pg	52	3.326515894892589E-6	1
dt	50	3.1985729758582588E-6	1
kd	50	3.1985729758582588E-6	1
sà	48	3.0706300568239285E-6	1
àv	48	3.0706300568239285E-6	1
ih	47	3.006658597306763E-6	1
ko	45	2.878715678272433E-6	1
wp	43	2.7507727592381026E-6	1
dp	42	2.6868012997209373E-6	1
km	42	2.6868012997209373E-6	1
b­	40	2.558858380686607E-6	1
wd	40	2.558858380686607E-6	1
­_	40	2.558858380686607E-6	1
kt	39	2.4948869211694417E-6	1
bd	38	2.4309154616522767E-6	1
uu	37	2.3669440021351114E-6	1
yg	37	2.3669440021351114E-6	1
zz	37	2.3669440021351114E-6	1
hf	35	2.239001083100781E-6	1
pw	35	2.239001083100781E-6	1
mt	34	2.1750296235836158E-6	1
wc	33	2.111058164066451E-6	1
nz	32	2.0470867045492855E-6	1
fc	31	1.9831152450321206E-6	1
gd	31	1.9831152450321206E-6	1
wb	30	1.9191437855149553E-6	1
é_	30	1.9191437855149553E-6	1
ét	30	1.9191437855149553E-6	1
xo	29	1.8551723259977901E-6	1
_é	28	1.7912008664806248E-6	1
uz	28	1.7912008664806248E-6	1
hh	27	1.7272294069634596E-6	1
hk	26	1.6632579474462945E-6	1
ij	26	1.6632579474462945E-6	1
pb	26	1.6632579474462945E-6	1
mg	25	1.5992864879291294E-6	1
tg	25	1.5992864879291294E-6	1
bc	24	1.5353150284119642E-6	1
yh	24	1.5353150284119642E-6	1
hp	23	1.471343568894799E-6	1
uk	23	1.471343568894799E-6	1
v_	23	1.471343568894799E-6	1
bn	22	1.4073721093776338E-6	1
dé	20	1.2794291903433035E-6	1
xy	19	1.2154577308261384E-6	1
zy	19	1.2154577308261384E-6	1
fw	17	1.0875148117918079E-6	1
ku	17	1.0875148117918079E-6	1
lh	17	1.0875148117918079E-6	1
xm	17	1.0875148117918079E-6	1
z_	17	1.0875148117918079E-6	1
bp	16	1.0235433522746428E-6	1
dq	16	1.0235433522746428E-6	1
oq	16	1.0235433522746428E-6	1
sv	16	1.0235433522746428E-6	1
wm	16	1.0235433522746428E-6	1
ii	15	9.595718927574776E-7	1
ji	15	9.595718927574776E-7	1
kh	15	9.595718927574776E-7	1
zl	15	9.595718927574776E-7	1
és	14	8.956004332403124E-7	1
êt	14	8.956004332403124E-7	1
mc	13	8.316289737231473E-7	1
wk	13	8.316289737231473E-7	1
fp	12	7.676575142059821E-7	1
kb	12	7.676575142059821E-7	1
mv	12	7.676575142059821E-7	1
bw	11	7.036860546888169E-7	1
hé	11	7.036860546888169E-7	1
té	11	7.036860546888169E-7	1
à_	11	7.036860546888169E-7	1
_ê	10	6.397145951716518E-7	1
bh	10	6.397145951716518E-7	1
ré	10	6.397145951716518E-7	1
aï	9	5.757431356544865E-7	1
gb	9	5.757431356544865E-7	1
tz	9	5.757431356544865E-7	1
xf	9	5.757431356544865E-7	1
ïv	9	5.757431356544865E-7	1
aa	8	5.117716761373214E-7	1
cp	8	5.117716761373214E-7	1
q_	8	5.117716761373214E-7	1
dk	7	4.478002166201562E-7	1
fb	7	4.478002166201562E-7	1
fg	7	4.478002166201562E-7	1
fh	7	4.478002166201562E-7	1
gp	7	4.478002166201562E-7	1
hv	7	4.478002166201562E-7	1
pc	7	4.478002166201562E-7	1
rz	7	4.478002166201562E-7	1
tj	7	4.478002166201562E-7	1
tv	7	4.478002166201562E-7	1
yy	7	4.478002166201562E-7	1
él	7	4.478002166201562E-7	1
_·	6	3.8382875710299106E-7	1
_à	6	3.8382875710299106E-7	1
gc	6	3.8382875710299106E-7	1
gw	6	3.8382875710299106E-7	1
iè	6	3.8382875710299106E-7	1
lj	6	3.8382875710299106E-7	1
ué	6	3.8382875710299106E-7	1
·_	6	3.8382875710299106E-7	1
èr	6	3.8382875710299106E-7	1
ém	6	3.8382875710299106E-7	1
fé	5	3.198572975858259E-7	1
mh	5	3.198572975858259E-7	1
mw	5	3.198572975858259E-7	1
mé	5	3.198572975858259E-7	1
pk	5	3.198572975858259E-7	1
rq	5	3.198572975858259E-7	1
éj	5	3.198572975858259E-7	1
bf	4	2.558858380686607E-7	1
cf	4	2.558858380686607E-7	1
hg	4	2.558858380686607E-7	1
iw	4	2.558858380686607E-7	1
kc	4	2.558858380686607E-7	1
pé	4	2.558858380686607E-7	1
xn	4	2.558858380686607E-7	1
xr	4	2.558858380686607E-7	1
yu	4	2.558858380686607E-7	1
­s	4	2.558858380686607E-7	1
ég	4	2.558858380686607E-7	1
_µ	3	1.9191437855149553E-7	1
cb	3	1.9191437855149553E-7	1
fm	3	1.9191437855149553E-7	1
fü	3	1.9191437855149553E-7	1
lq	3	1.9191437855149553E-7	1
l­	3	1.9191437855149553E-7	1
mü	3	1.9191437855149553E-7	1
ná	3	1.9191437855149553E-7	1
rj	3	1.9191437855149553E-7	1
rö	3	1.9191437855149553E-7	1
sé	3	1.9191437855149553E-7	1
tq	3	1.9191437855149553E-7	1
wv	3	1.9191437855149553E-7	1
ww	3	1.9191437855149553E-7	1
xd	3	1.9191437855149553E-7	1
xs	3	1.9191437855149553E-7	1
zw	3	1.9191437855149553E-7	1
µg	3	1.9191437855149553E-7	1
án	3	1.9191437855149553E-7	1
éc	3	1.9191437855149553E-7	1
éf	3	1.9191437855149553E-7	1
ér	3	1.9191437855149553E-7	1
üs	3	1.9191437855149553E-7	1
bg	2	1.2794291903433034E-7	1
bé	2	1.2794291903433034E-7	1
bö	2	1.2794291903433034E-7	1
cm	2	1.2794291903433034E-7	1
cn	2	1.2794291903433034E-7	1
dê	2	1.2794291903433034E-7	1
e­	2	1.2794291903433034E-7	1
fj	2	1.2794291903433034E-7	1
fv	2	1.2794291903433034E-7	1
iö	2	1.2794291903433034E-7	1
jk	2	1.2794291903433034E-7	1
jà	2	1.2794291903433034E-7	1
lü	2	1.2794291903433034E-7	1
qi	2	1.2794291903433034E-7	1
ró	2	1.2794291903433034E-7	1
sj	2	1.2794291903433034E-7	1
tk	2	1.2794291903433034E-7	1
tê	2	1.2794291903433034E-7	1
uh	2	1.2794291903433034E-7	1
zf	2	1.2794291903433034E-7	1
­b	2	1.2794291903433034E-7	1
­c	2	1.2794291903433034E-7	1
­e	2	1.2794291903433034E-7	1
èc	2	1.2794291903433034E-7	1
ée	2	1.2794291903433034E-7	1
ía	2	1.2794291903433034E-7	1
ín	2	1.2794291903433034E-7	1
ó_	2	1.2794291903433034E-7	1
öl	2	1.2794291903433034E-7	1
öm	2	1.2794291903433034E-7	1
ör	2	1.2794291903433034E-7	1
ü_	2	1.2794291903433034E-7	1
üh	2	1.2794291903433034E-7	1
ür	2	1.2794291903433034E-7	1
_á	1	6.397145951716517E-8	1
_î	1	6.397145951716517E-8	1
aç	1	6.397145951716517E-8	1
cd	1	6.397145951716517E-8	1
cè	1	6.397145951716517E-8	1
cí	1	6.397145951716517E-8	1
dz	1	6.397145951716517E-8	1
d­	1	6.397145951716517E-8	1
dí	1	6.397145951716517E-8	1
eà	1	6.397145951716517E-8	1
eç	1	6.397145951716517E-8	1
fä	1	6.397145951716517E-8	1
gé	1	6.397145951716517E-8	1
hö	1	6.397145951716517E-8	1
i­	1	6.397145951716517E-8	1
iã	1	6.397145951716517E-8	1
ié	1	6.397145951716517E-8	1
jc	1	6.397145951716517E-8	1
js	1	6.397145951716517E-8	1
jt	1	6.397145951716517E-8	1
jv	1	6.397145951716517E-8	1
jö	1	6.397145951716517E-8	1
kk	1	6.397145951716517E-8	1
kx	1	6.397145951716517E-8	1
k­	1	6.397145951716517E-8	1
là	1	6.397145951716517E-8	1
lä	1	6.397145951716517E-8	1
lé	1	6.397145951716517E-8	1
lí	1	6.397145951716517E-8	1
ló	1	6.397145951716517E-8	1
mè	1	6.397145951716517E-8	1
o­	1	6.397145951716517E-8	1
pq	1	6.397145951716517E-8	1
p­	1	6.397145951716517E-8	1
r´	1	6.397145951716517E-8	1
râ	1	6.397145951716517E-8	1
rè	1	6.397145951716517E-8	1
rü	1	6.397145951716517E-8	1
s­	1	6.397145951716517E-8	1
sä	1	6.397145951716517E-8	1
sò	1	6.397145951716517E-8	1
t­	1	6.397145951716517E-8	1
tà	1	6.397145951716517E-8	1
tæ	1	6.397145951716517E-8	1
tí	1	6.397145951716517E-8	1
tó	1	6.397145951716517E-8	1
uj	1	6.397145951716517E-8	1
uw	1	6.397145951716517E-8	1
vé	1	6.397145951716517E-8	1
wq	1	6.397145951716517E-8	1
wä	1	6.397145951716517E-8	1
xk	1	6.397145951716517E-8	1
xq	1	6.397145951716517E-8	1
yq	1	6.397145951716517E-8	1
yx	1	6.397145951716517E-8	1
­g	1	6.397145951716517E-8	1
­p	1	6.397145951716517E-8	1
´_	1	6.397145951716517E-8	1
àt	1	6.397145951716517E-8	1
á_	1	6.397145951716517E-8	1
âc	1	6.397145951716517E-8	1
ão	1	6.397145951716517E-8	1
ä_	1	6.397145951716517E-8	1
äh	1	6.397145951716517E-8	1
äl	1	6.397145951716517E-8	1
är	1	6.397145951716517E-8	1
æ_	1	6.397145951716517E-8	1
ça	1	6.397145951716517E-8	1
çà	1	6.397145951716517E-8	1
ès	1	6.397145951716517E-8	1
éb	1	6.397145951716517E-8	1
ép	1	6.397145951716517E-8	1
îl	1	6.397145951716517E-8	1
òl	1	6.397145951716517E-8	1
óg	1	6.397145951716517E-8	1
ón	1	6.397145951716517E-8	1
ög	1	6.397145951716517E-8	1
ön	1	6.397145951716517E-8	1
ös	1	6.397145951716517E-8	1
