English	2	13307711	406
	1)	e	0	0	0.0
		1)	e_	1	516968	0.033071198
		2)	er	19	138890	0.008884996
		3)	en	21	130080	0.008321407
		4)	es	26	116168	0.0074314363
		5)	ed	48	80501	0.0051497663
		6)	ea	68	54837	0.003508003
		7)	ec	70	53533	0.0034245842
		8)	el	95	39811	0.0025467677
		9)	ee	103	36512	0.0023357258
		10)	em	108	35474	0.0022693234
		11)	et	115	31202	0.0019960376
		12)	ev	133	25072	0.0016038924
		13)	ex	160	18841	0.0012052862
		14)	ef	163	18103	0.0011580753
		15)	eg	164	18004	0.0011517422
		16)	ep	167	17459	0.0011168777
		17)	ei	199	12421	7.945895E-4
		18)	ew	218	9643	6.1687676E-4
		19)	ey	234	7736	4.948832E-4
		20)	eq	270	5306	3.3943256E-4
		21)	eo	273	5209	3.3322733E-4
		22)	eb	288	3826	2.447548E-4
		23)	eu	300	3319	2.1232128E-4
		24)	eh	312	2732	1.7477003E-4
		25)	ek	340	1258	8.047609E-5
		26)	ej	366	614	3.9278475E-5
	2)	_	0	0	0.0
		1)	_t	2	449519	0.028756386
		2)	_a	5	281616	0.018015387
		3)	_i	10	205861	0.013169229
		4)	_o	14	175618	0.01123454
		5)	_w	16	149306	0.009551323
		6)	_s	23	124775	0.007982039
		7)	_c	28	111286	0.007119128
		8)	_p	34	102366	0.0065485025
		9)	_b	38	93925	0.0060085193
		10)	_f	42	88279	0.0056473366
		11)	_m	49	79502	0.005085859
		12)	_r	51	76927	0.0049211327
		13)	_h	59	64282	0.0041122134
		14)	_d	60	63702	0.00407511
		15)	_e	64	57221	0.003660511
		16)	_n	76	51384	0.0032871095
		17)	_l	93	40080	0.002563976
		18)	_g	129	25491	0.0016306965
		19)	_u	137	23660	0.0015135647
		20)	_v	166	17669	0.0011303117
		21)	_y	181	14695	9.400606E-4
		22)	_q	249	6815	4.3596548E-4
		23)	_j	257	6286	4.021246E-4
		24)	_k	274	5113	3.2708608E-4
		25)	_z	382	303	1.9383353E-5
		26)	_x	403	215	1.3753864E-5
	3)	t	0	0	0.0
		1)	th	3	363160	0.023231875
		2)	t_	7	246716	0.015782783
		3)	ti	18	139506	0.008924402
		4)	to	30	108921	0.006967835
		5)	te	39	93323	0.0059700087
		6)	ta	78	49855	0.0031892972
		7)	tr	106	35731	0.0022857643
		8)	ts	111	34008	0.0021755414
		9)	tu	159	18864	0.0012067576
		10)	ty	165	17760	0.0011361331
		11)	tt	210	11006	7.0406985E-4
		12)	tl	229	8078	5.1676144E-4
		13)	tw	261	6028	3.8561996E-4
		14)	tm	324	2183	1.396497E-4
		15)	tc	348	1056	6.755386E-5
		16)	tn	358	824	5.2712483E-5
		17)	tf	381	325	2.0790725E-5
		18)	tp	391	257	1.6440665E-5
		19)	tb	402	218	1.3945778E-5
	4)	s	0	0	0.0
		1)	s_	4	308205	0.019716324
		2)	st	45	81835	0.0052351044
		3)	se	53	76808	0.00491352
		4)	si	81	47369	0.003030264
		5)	so	110	34210	0.0021884637
		6)	ss	112	33492	0.002142532
		7)	su	114	31740	0.002030454
		8)	sa	151	21021	0.001344744
		9)	sh	152	20856	0.0013341887
		10)	sp	157	19078	0.0012204475
		11)	sc	241	7153	4.5758786E-4
		12)	sm	280	4387	2.806428E-4
		13)	sl	284	4207	2.6912792E-4
		14)	sk	287	3841	2.457144E-4
		15)	sy	293	3672	2.349032E-4
		16)	sf	338	1287	8.2331266E-5
		17)	sw	351	984	6.294792E-5
		18)	sb	389	268	1.7144352E-5
		19)	sn	396	230	1.4713436E-5
		20)	sr	406	201	1.2858263E-5
	5)	h	0	0	0.0
		1)	he	6	264258	0.01690497
		2)	ha	35	100896	0.0064544645
		3)	hi	54	73351	0.0046923705
		4)	h_	65	57204	0.0036594234
		5)	ho	101	36651	0.0023446179
		6)	ht	212	10525	6.732996E-4
		7)	hu	290	3779	2.4174814E-4
		8)	hr	294	3601	2.3036123E-4
		9)	hy	313	2636	1.6862877E-4
		10)	hn	328	1725	1.1035077E-4
		11)	hl	349	1056	6.755386E-5
		12)	hs	354	919	5.878977E-5
		13)	hm	377	417	2.6676098E-5
		14)	hd	387	271	1.7336266E-5
		15)	hb	398	228	1.4585493E-5
	6)	i	0	0	0.0
		1)	in	8	217172	0.01389281
		2)	is	22	126490	0.00809175
		3)	it	31	107953	0.006905911
		4)	io	40	91268	0.0058385474
		5)	ic	57	66662	0.0042644655
		6)	il	109	35028	0.0022407924
		7)	ie	113	33270	0.0021283305
		8)	im	124	26993	0.0017267816
		9)	iv	127	26076	0.0016681198
		10)	ir	138	23588	0.0015089588
		11)	ia	149	21282	0.0013614406
		12)	id	150	21252	0.0013595214
		13)	ig	158	18938	0.0012114915
		14)	if	174	15995	0.0010232235
		15)	i_	211	10915	6.982485E-4
		16)	ib	219	9615	6.150856E-4
		17)	ik	260	6053	3.8721925E-4
		18)	ip	268	5474	3.5017976E-4
		19)	iz	319	2459	1.5730583E-4
		20)	iu	363	693	4.433222E-5
		21)	ix	368	580	3.7103448E-5
	7)	n	0	0	0.0
		1)	n_	9	215062	0.0137578305
		2)	nd	29	110671	0.007079785
		3)	nt	32	105255	0.006733316
		4)	ng	50	78025	0.004991373
		5)	ns	75	52234	0.0033414853
		6)	ne	82	46807	0.0029943122
		7)	no	86	43530	0.0027846775
		8)	nc	100	36797	0.0023539579
		9)	na	119	29762	0.0019039186
		10)	ni	136	24686	0.0015791995
		11)	ny	247	6969	4.458171E-4
		12)	nf	250	6791	4.3443017E-4
		13)	nv	254	6558	4.1952482E-4
		14)	nl	256	6431	4.1140046E-4
		15)	nk	263	5658	3.6195052E-4
		16)	nn	264	5651	3.6150272E-4
		17)	nu	265	5610	3.588799E-4
		18)	nm	283	4229	2.705353E-4
		19)	nh	373	508	3.24975E-5
		20)	nj	378	408	2.6100355E-5
		21)	nr	384	287	1.835981E-5
		22)	np	395	249	1.5928894E-5
		23)	nw	397	228	1.4585493E-5
		24)	nq	405	207	1.3242092E-5
	8)	d	0	0	0.0
		1)	d_	11	195390	0.012499384
		2)	de	62	61276	0.0039199153
		3)	di	104	36495	0.0023346385
		4)	do	168	17011	0.0010882185
		5)	du	195	12585	8.050808E-4
		6)	da	200	12392	7.927343E-4
		7)	ds	225	8491	5.4318167E-4
		8)	dr	275	4884	3.124366E-4
		9)	dm	296	3473	2.2217288E-4
		10)	dy	297	3459	2.2127728E-4
		11)	dg	306	2938	1.8794814E-4
		12)	dl	310	2789	1.784164E-4
		13)	dd	311	2783	1.7803257E-4
		14)	dv	339	1269	8.117978E-5
		15)	dw	388	270	1.7272294E-5
		16)	dc	400	220	1.4073721E-5
		17)	dj	401	219	1.400975E-5
	9)	r	0	0	0.0
		1)	re	12	188395	0.012051903
		2)	r_	27	115015	0.0073576774
		3)	ro	61	62933	0.0040259156
		4)	ri	73	52770	0.003375774
		5)	ra	74	52405	0.0033524244
		6)	rt	91	41766	0.002671832
		7)	rs	122	27673	0.0017702822
		8)	ry	156	19143	0.0012246056
		9)	rd	171	16364	0.0010468289
		10)	rm	187	13641	8.726347E-4
		11)	rn	204	11885	7.603008E-4
		12)	rk	217	9696	6.202673E-4
		13)	rr	227	8142	5.208556E-4
		14)	rg	230	8052	5.150982E-4
		15)	ru	231	8041	5.143945E-4
		16)	rl	242	7107	4.5464517E-4
		17)	rc	258	6268	4.009731E-4
		18)	rv	278	4586	2.933731E-4
		19)	rp	320	2385	1.5257193E-4
		20)	rw	333	1370	8.76409E-5
		21)	rf	350	996	6.3715575E-5
		22)	rh	355	860	5.5015455E-5
		23)	rb	364	660	4.2221163E-5
	10)	o	0	0	0.0
		1)	on	13	178566	0.011423128
		2)	o_	24	123667	0.007911159
		3)	or	25	117109	0.0074916338
		4)	of	37	96559	0.0061770203
		5)	ou	44	83079	0.005314685
		6)	om	84	44659	0.0028569014
		7)	ot	89	41825	0.0026756064
		8)	op	117	30745	0.0019668026
		9)	ol	121	28114	0.0017984936
		10)	os	131	25264	0.0016161749
		11)	ow	142	23190	0.0014834981
		12)	oc	179	14834	9.489526E-4
		13)	ov	180	14801	9.4684155E-4
		14)	od	196	12558	8.033536E-4
		15)	oo	197	12528	8.0143445E-4
		16)	ob	216	9829	6.2877545E-4
		17)	oi	224	8926	5.7100924E-4
		18)	og	228	8107	5.1861664E-4
		19)	oa	295	3492	2.2338834E-4
		20)	oe	301	3133	2.0042258E-4
		21)	oy	315	2570	1.6440665E-4
		22)	ok	318	2469	1.5794553E-4
		23)	oj	345	1091	6.979286E-5
		24)	oh	347	1059	6.774578E-5
		25)	ox	376	420	2.6868012E-5
	11)	a	0	0	0.0
		1)	an	15	151730	0.009706389
		2)	at	17	146127	0.009347958
		3)	al	36	98045	0.0062720818
		4)	ar	41	89614	0.0057327384
		5)	as	55	67861	0.0043411674
		6)	a_	79	49353	0.0031571835
		7)	ac	107	35658	0.0022810942
		8)	ai	132	25264	0.0016161749
		9)	ad	135	24962	0.0015968556
		10)	av	140	23451	0.0015001947
		11)	am	147	22619	0.0014469704
		12)	ab	153	20621	0.0013191554
		13)	ag	162	18155	0.0011614019
		14)	ay	173	16112	0.0010307082
		15)	ap	183	14634	9.3615835E-4
		16)	ak	186	13975	8.9400116E-4
		17)	au	223	9077	5.806689E-4
		18)	af	255	6448	4.1248798E-4
		19)	aw	279	4449	2.8460904E-4
		20)	aj	331	1505	9.627705E-5
		21)	ax	336	1334	8.5337924E-5
		22)	az	404	214	1.36898925E-5
	12)	y	0	0	0.0
		1)	y_	20	135295	0.008655018
		2)	yo	213	10487	6.7086867E-4
		3)	ye	251	6787	4.341743E-4
		4)	ys	259	6069	3.882428E-4
		5)	yi	321	2349	1.5026896E-4
		6)	ym	325	2040	1.3050178E-4
		7)	yp	353	924	5.910963E-5
		8)	yt	357	826	5.2840427E-5
		9)	yl	372	522	3.3393102E-5
		10)	yc	383	297	1.8999523E-5
		11)	yn	390	257	1.6440665E-5
		12)	yb	393	255	1.6312722E-5
	13)	f	0	0	0.0
		1)	f_	33	102408	0.0065511893
		2)	fo	77	50142	0.003207657
		3)	fi	126	26081	0.0016684396
		4)	fe	172	16282	0.0010415833
		5)	fr	192	12906	8.2561566E-4
		6)	fa	193	12672	8.1064634E-4
		7)	ff	194	12627	8.077676E-4
		8)	fu	207	11072	7.08292E-4
		9)	ft	282	4252	2.7200664E-4
		10)	fl	298	3425	2.1910225E-4
		11)	fy	346	1067	6.825755E-5
		12)	fs	386	281	1.797598E-5
	14)	v	0	0	0.0
		1)	ve	43	85460	0.005467001
		2)	vi	145	22716	0.0014531757
		3)	vo	232	7924	5.0690986E-4
		4)	va	238	7437	4.7575575E-4
	15)	l	0	0	0.0
		1)	l_	46	81301	0.0052009434
		2)	le	56	67116	0.0042935084
		3)	li	69	54109	0.0034614317
		4)	ll	71	52889	0.0033833864
		5)	ly	90	41772	0.0026722157
		6)	la	102	36599	0.0023412914
		7)	ld	128	25947	0.0016598675
		8)	lo	143	22918	0.0014660979
		9)	ls	184	14354	9.1824634E-4
		10)	lu	208	11064	7.0778024E-4
		11)	lt	220	9469	6.0574576E-4
		12)	lf	289	3808	2.4360332E-4
		13)	lv	292	3674	2.3503114E-4
		14)	lr	326	2021	1.2928632E-4
		15)	lc	329	1551	9.921973E-5
		16)	lp	341	1232	7.881284E-5
		17)	lk	342	1205	7.7085606E-5
		18)	lw	343	1159	7.4142925E-5
		19)	lm	365	652	4.170939E-5
		20)	ln	394	252	1.6120808E-5
	16)	c	0	0	0.0
		1)	co	47	80879	0.0051739477
		2)	ce	72	52830	0.0033796122
		3)	ct	85	44299	0.0028338716
		4)	ch	87	42549	0.0027219215
		5)	ca	96	38764	0.0024797895
		6)	ci	118	30192	0.0019314263
		7)	cu	177	15134	9.6814404E-4
		8)	cr	198	12525	8.0124254E-4
		9)	cl	201	12302	7.869769E-4
		10)	c_	215	10468	6.6965324E-4
		11)	cc	226	8430	5.392794E-4
		12)	cy	244	6992	4.4728845E-4
		13)	ck	266	5564	3.559372E-4
		14)	cs	367	606	3.8766706E-5
		15)	cq	392	257	1.6440665E-5
	17)	m	0	0	0.0
		1)	me	52	76838	0.004915439
		2)	ma	99	37519	0.0024001452
		3)	m_	120	28929	0.0018506304
		4)	mo	130	25443	0.0016276259
		5)	mp	134	25021	0.0016006299
		6)	mi	139	23551	0.0015065918
		7)	mu	190	13034	8.33804E-4
		8)	mm	202	12155	7.775731E-4
		9)	ms	233	7897	5.051826E-4
		10)	my	267	5540	3.5440188E-4
		11)	mr	269	5439	3.4794078E-4
		12)	mb	272	5218	3.3380307E-4
		13)	mn	374	467	2.987467E-5
		14)	ml	385	285	1.8231865E-5
	18)	g	0	0	0.0
		1)	g_	58	66060	0.0042259544
		2)	ge	123	27160	0.0017374648
		3)	gr	155	19251	0.0012315146
		4)	gh	170	16430	0.0010510511
		5)	gi	188	13300	8.508204E-4
		6)	ga	189	13176	8.4288797E-4
		7)	go	221	9444	6.0414645E-4
		8)	gu	235	7542	4.8247274E-4
		9)	gn	281	4355	2.7859572E-4
		10)	gs	305	2944	1.8833198E-4
		11)	gl	317	2513	1.6076028E-4
		12)	gy	327	1792	1.1463685E-4
		13)	gg	344	1155	7.388704E-5
		14)	gt	352	952	6.090083E-5
		15)	gm	399	222	1.4201664E-5
	19)	b	0	0	0.0
		1)	be	63	57467	0.0036762478
		2)	bl	146	22689	0.0014514484
		3)	bu	182	14648	9.3705393E-4
		4)	by	185	14024	8.9713576E-4
		5)	ba	205	11782	7.5371173E-4
		6)	bo	214	10481	6.7048485E-4
		7)	bi	239	7407	4.738366E-4
		8)	bs	286	3857	2.467379E-4
		9)	br	299	3362	2.1507205E-4
		10)	bj	307	2933	1.8762829E-4
		11)	bt	337	1328	8.4954096E-5
		12)	b_	359	748	4.785065E-5
		13)	bv	369	577	3.6911533E-5
		14)	bm	370	564	3.6079902E-5
	20)	p	0	0	0.0
		1)	pr	66	55856	0.00357319
		2)	po	67	55221	0.003532568
		3)	pe	97	38743	0.0024784463
		4)	pl	125	26491	0.001694668
		5)	pa	148	21294	0.0013622083
		6)	pp	169	16491	0.0010549533
		7)	p_	222	9312	5.957022E-4
		8)	pt	236	7477	4.783146E-4
		9)	pu	240	7289	4.6628798E-4
		10)	pi	253	6586	4.2131604E-4
		11)	ph	304	3046	1.9485707E-4
		12)	pm	308	2885	1.8455766E-4
		13)	ps	314	2584	1.6530225E-4
		14)	py	379	400	2.5588584E-5
	21)	u	0	0	0.0
		1)	ur	80	48855	0.0031253255
		2)	us	92	40696	0.0026033826
		3)	ul	94	39887	0.0025516297
		4)	ut	105	35824	0.0022917136
		5)	un	116	30786	0.0019694252
		6)	uc	176	15448	9.882312E-4
		7)	ue	178	15111	9.666727E-4
		8)	up	203	12115	7.750142E-4
		9)	um	206	11435	7.3151366E-4
		10)	ua	209	11055	7.072045E-4
		11)	ug	243	7044	4.5061496E-4
		12)	ub	245	6974	4.4613695E-4
		13)	ui	246	6971	4.4594504E-4
		14)	ud	248	6883	4.4031555E-4
		15)	u_	252	6786	4.3411032E-4
		16)	uf	332	1440	9.21189E-5
		17)	uo	361	733	4.689108E-5
	22)	w	0	0	0.0
		1)	we	83	46639	0.002983565
		2)	wh	88	42000	0.0026868014
		3)	wi	98	38280	0.0024488275
		4)	wo	144	22902	0.0014650744
		5)	wa	154	20284	0.0012975971
		6)	w_	161	18810	0.0012033031
		7)	wn	285	4149	2.654176E-4
		8)	ws	330	1532	9.8004275E-5
		9)	wl	360	741	4.7402853E-5
		10)	wr	362	697	4.458811E-5
		11)	wt	371	537	3.4352674E-5
	23)	k	0	0	0.0
		1)	ke	141	23440	0.001499491
		2)	k_	175	15827	0.0010124763
		3)	ki	237	7459	4.7716312E-4
		4)	kn	302	3117	1.9939904E-4
		5)	ks	303	3068	1.9626443E-4
		6)	kl	356	832	5.3224256E-5
		7)	ka	375	429	2.7443755E-5
	24)	q	0	0	0.0
		1)	qu	191	13025	8.332283E-4
	25)	x	0	0	0.0
		1)	xt	262	5805	3.713543E-4
		2)	xp	271	5292	3.3853698E-4
		3)	xa	309	2793	1.7867229E-4
		4)	xc	322	2298	1.4700642E-4
		5)	xi	323	2291	1.4655861E-4
		6)	x_	334	1369	8.7576926E-5
		7)	xe	335	1339	8.565778E-5
	26)	j	0	0	0.0
		1)	je	276	4671	2.988107E-4
		2)	ju	277	4616	2.9529227E-4
		3)	jo	291	3726	2.3835766E-4
	27)	z	0	0	0.0
		1)	ze	316	2546	1.6287134E-4
		2)	zo	380	374	2.3925326E-5
