Finnish	2	708017	262
	1)	n	0	0	0.0
		1)	n_	1	27963	0.035028405
		2)	ne	58	3836	0.0048052412
		3)	nt	63	3705	0.0046411413
		4)	nn	77	2996	0.0037529985
		5)	ni	84	2744	0.0034373258
		6)	na	111	1897	0.0023763145
		7)	no	120	1585	0.0019854815
		8)	nk	125	1515	0.0018977947
		9)	ns	133	1409	0.0017650117
		10)	nä	141	1312	0.0016435027
		11)	nu	191	719	9.0066955E-4
		12)	ny	212	524	6.5639894E-4
		13)	nv	223	462	5.7873345E-4
		14)	nö	230	399	4.998152E-4
		15)	np	253	229	2.8686138E-4
		16)	nm	256	221	2.7684E-4
		17)	ng	261	208	2.605553E-4
	2)	a	0	0	0.0
		1)	a_	2	21027	0.026339887
		2)	an	17	7923	0.009924903
		3)	aa	24	6871	0.008607094
		4)	ai	30	6286	0.007874282
		5)	al	33	5860	0.007340645
		6)	as	53	4096	0.0051309355
		7)	at	66	3583	0.004488316
		8)	ar	67	3540	0.004434451
		9)	am	87	2659	0.0033308489
		10)	av	104	2115	0.0026493964
		11)	ak	128	1465	0.0018351612
		12)	au	145	1282	0.0016059226
		13)	ah	163	1016	0.0012727125
		14)	aj	180	850	0.0010647693
		15)	ap	197	701	8.781215E-4
	3)	e	0	0	0.0
		1)	en	3	14935	0.018708622
		2)	et	25	6742	0.008445499
		3)	el	35	5685	0.0071214275
		4)	e_	39	5270	0.0066015697
		5)	es	43	4805	0.006019078
		6)	ei	54	4087	0.0051196613
		7)	ee	68	3490	0.004371817
		8)	er	96	2347	0.0029400159
		9)	em	107	1971	0.002469012
		10)	eu	123	1537	0.0019253534
		11)	eh	134	1406	0.0017612537
		12)	ek	149	1193	0.001494435
		13)	ev	172	932	0.0011674882
		14)	ed	203	612	7.666339E-4
		15)	ea	224	462	5.7873345E-4
		16)	eä	241	266	3.3321016E-4
		17)	ep	251	231	2.8936673E-4
		18)	eg	257	220	2.7558734E-4
	4)	i	0	0	0.0
		1)	is	4	14751	0.01847813
		2)	in	11	9964	0.012481601
		3)	it	16	8296	0.010392148
		4)	i_	29	6365	0.007973243
		5)	ii	51	4186	0.005243676
		6)	ik	57	3851	0.004824031
		7)	il	70	3417	0.0042803725
		8)	ie	74	3204	0.0040135537
		9)	ia	79	2843	0.00356134
		10)	io	80	2805	0.0035137387
		11)	im	81	2777	0.003478664
		12)	id	110	1935	0.002423916
		13)	iv	151	1184	0.001483161
		14)	ih	181	830	0.001039716
		15)	ir	182	818	0.0010246838
		16)	iä	208	561	7.027477E-4
		17)	ij	226	433	5.42406E-4
		18)	ip	254	228	2.856087E-4
	5)	t	0	0	0.0
		1)	ta	5	13852	0.017351981
		2)	tä	9	11077	0.013875823
		3)	tt	10	9989	0.012512919
		4)	te	15	8653	0.010839351
		5)	ti	37	5589	0.0070011714
		6)	tu	40	5145	0.006444986
		7)	t_	44	4777	0.005984003
		8)	to	65	3600	0.004509611
		9)	ty	85	2712	0.0033972403
		10)	tö	146	1267	0.0015871326
		11)	tk	171	932	0.0011674882
		12)	ts	213	522	6.538936E-4
	6)	s	0	0	0.0
		1)	st	6	11868	0.014866685
		2)	si	8	11120	0.013929687
		3)	se	14	8911	0.01116254
		4)	sa	38	5284	0.006619107
		5)	ss	45	4724	0.005917612
		6)	s_	100	2233	0.0027972115
		7)	sä	101	2185	0.0027370835
		8)	su	112	1847	0.002313681
		9)	sk	113	1823	0.002283617
		10)	so	159	1105	0.0013842001
		11)	sy	164	1001	0.0012539225
		12)	sö	252	229	2.8686138E-4
		13)	sv	259	215	2.69324E-4
		14)	sl	260	213	2.6681865E-4
	7)	ä	0	0	0.0
		1)	ä_	7	11666	0.014613645
		2)	än	59	3813	0.00477643
		3)	ää	60	3761	0.004711291
		4)	äs	105	2070	0.0025930265
		5)	äm	119	1602	0.0020067769
		6)	ät	121	1582	0.0019817236
		7)	äl	131	1418	0.0017762857
		8)	äi	138	1367	0.0017123995
		9)	är	152	1182	0.0014806556
		10)	äy	162	1034	0.0012952605
		11)	äv	178	882	0.0011048547
		12)	äk	185	770	9.645557E-4
		13)	äh	211	534	6.6892564E-4
	8)	_	0	0	0.0
		1)	_t	12	9682	0.012128348
		2)	_k	13	9198	0.011522057
		3)	_j	18	7591	0.009509016
		4)	_o	20	7110	0.008906482
		5)	_s	22	6994	0.008761172
		6)	_e	26	6500	0.008142353
		7)	_v	31	6109	0.0076525593
		8)	_m	32	6083	0.00761999
		9)	_p	42	4956	0.006208231
		10)	_a	49	4279	0.005360174
		11)	_h	76	3080	0.0038582229
		12)	_n	93	2471	0.003095347
		13)	_l	94	2399	0.0030051547
		14)	_y	115	1793	0.002246037
		15)	_r	136	1376	0.0017236735
		16)	_u	156	1152	0.0014430756
		17)	_i	195	706	8.8438485E-4
	9)	l	0	0	0.0
		1)	ll	19	7450	0.00933239
		2)	li	34	5735	0.007184061
		3)	la	46	4552	0.005702153
		4)	le	50	4234	0.005303804
		5)	lu	78	2876	0.0036026782
		6)	lt	108	1969	0.0024665068
		7)	lä	122	1580	0.001979218
		8)	lo	150	1190	0.001490677
		9)	lm	153	1157	0.0014493389
		10)	lk	201	633	7.9294E-4
		11)	lv	206	594	7.440858E-4
		12)	ly	220	495	6.2007154E-4
		13)	lp	235	340	4.2590773E-4
		14)	lj	236	338	4.2340238E-4
	10)	v	0	0	0.0
		1)	va	21	7039	0.008817542
		2)	vi	88	2609	0.0032682153
		3)	vo	89	2589	0.003243162
		4)	vä	91	2547	0.0031905498
		5)	vu	170	934	0.0011699935
		6)	ve	216	515	6.4512494E-4
	11)	m	0	0	0.0
		1)	mi	23	6982	0.008746141
		2)	me	56	3896	0.0048804013
		3)	ma	62	3710	0.004647405
		4)	mm	95	2373	0.0029725854
		5)	mä	102	2157	0.0027020087
		6)	mu	103	2120	0.0026556598
		7)	my	143	1289	0.0016146913
		8)	mo	232	385	4.8227786E-4
		9)	mp	233	384	4.810252E-4
	12)	o	0	0	0.0
		1)	on	27	6429	0.008053414
		2)	oi	28	6372	0.007982012
		3)	ol	55	4032	0.0050507644
		4)	os	73	3259	0.0040824506
		5)	ot	90	2573	0.0032231193
		6)	om	92	2520	0.0031567279
		7)	ok	139	1364	0.0017086415
		8)	oh	154	1155	0.0014468336
		9)	o_	157	1151	0.0014418229
		10)	op	179	877	0.0010985914
		11)	oj	187	762	9.5453433E-4
		12)	ou	188	749	9.3824964E-4
		13)	ov	199	691	8.655948E-4
		14)	or	202	630	7.8918197E-4
		15)	od	210	546	6.839577E-4
		16)	oo	214	522	6.538936E-4
		17)	oa	218	499	6.2508223E-4
	13)	k	0	0	0.0
		1)	ka	36	5609	0.007026225
		2)	ko	47	4545	0.005693384
		3)	ks	48	4503	0.0056407717
		4)	ke	52	4108	0.0051459675
		5)	ki	64	3639	0.0045584654
		6)	ku	82	2767	0.0034661372
		7)	kä	117	1726	0.002162108
		8)	kk	124	1532	0.00191909
		9)	ky	190	738	9.2447025E-4
	14)	j	0	0	0.0
		1)	ja	41	5001	0.0062646014
		2)	jo	75	3200	0.004008543
		3)	jä	114	1813	0.0022710902
		4)	je	140	1339	0.0016773248
		5)	ju	234	363	4.5471912E-4
	15)	u	0	0	0.0
		1)	uu	61	3729	0.0046712053
		2)	ut	69	3485	0.004365554
		3)	us	72	3362	0.0042114756
		4)	uk	83	2765	0.003463632
		5)	uo	97	2277	0.002852329
		6)	un	98	2259	0.002829781
		7)	ul	126	1468	0.0018389192
		8)	ud	132	1413	0.0017700223
		9)	ur	155	1153	0.0014443282
		10)	ui	158	1133	0.0014192748
		11)	uh	166	970	0.0012150897
		12)	ua	176	886	0.0011098654
		13)	uv	183	815	0.0010209258
		14)	ue	193	713	8.9315354E-4
		15)	u_	198	693	8.6810015E-4
		16)	um	222	471	5.9000746E-4
		17)	uj	242	261	3.269468E-4
		18)	up	248	236	2.9563007E-4
	16)	d	0	0	0.0
		1)	de	71	3377	0.004230266
		2)	do	167	968	0.0012125843
		3)	dä	177	883	0.0011061074
		4)	di	196	705	8.8313216E-4
		5)	da	209	554	6.9397903E-4
		6)	du	258	220	2.7558734E-4
	17)	p	0	0	0.0
		1)	pa	86	2688	0.0033671763
		2)	pu	130	1426	0.0017863071
		3)	pi	148	1208	0.001513225
		4)	pä	165	1001	0.0012539225
		5)	pe	173	919	0.0011512035
		6)	po	189	746	9.3449163E-4
		7)	pp	239	325	4.0711768E-4
		8)	py	240	321	4.02107E-4
	18)	r	0	0	0.0
		1)	ri	99	2237	0.0028022223
		2)	ra	109	1940	0.0024301794
		3)	rk	137	1372	0.0017186629
		4)	rv	144	1285	0.0016096806
		5)	ro	168	941	0.0011787623
		6)	rj	192	718	8.9941686E-4
		7)	rl	204	604	7.566125E-4
		8)	re	205	596	7.465912E-4
		9)	rt	207	565	7.077584E-4
		10)	ru	225	450	5.637014E-4
		11)	rä	229	400	5.010679E-4
		12)	rs	245	244	3.0565143E-4
		13)	ry	246	243	3.0439874E-4
		14)	rm	249	236	2.9563007E-4
	19)	h	0	0	0.0
		1)	ht	106	2022	0.0025328982
		2)	he	118	1696	0.002124528
		3)	ha	129	1429	0.0017900651
		4)	hd	142	1303	0.0016322287
		5)	hy	184	790	9.89609E-4
		6)	hi	186	766	9.59545E-4
		7)	hu	200	684	8.568261E-4
		8)	hä	219	497	6.2257686E-4
		9)	ho	221	482	6.0378684E-4
		10)	hj	238	326	4.0837034E-4
		11)	hm	244	258	3.2318878E-4
	20)	y	0	0	0.0
		1)	yt	116	1767	0.0022134674
		2)	yö	127	1465	0.0018351612
		3)	ys	135	1384	0.0017336949
		4)	yh	147	1216	0.0015232464
		5)	yk	160	1063	0.0013315879
		6)	yv	174	906	0.0011349188
		7)	yy	175	893	0.0011186341
		8)	ym	194	707	8.8563754E-4
		9)	yi	215	521	6.5264094E-4
		10)	y_	217	508	6.3635624E-4
		11)	yn	227	429	5.373953E-4
		12)	yr	228	420	5.261213E-4
		13)	yd	231	385	4.8227786E-4
		14)	yl	237	328	4.1087568E-4
		15)	yä	255	224	2.8059803E-4
	21)	ö	0	0	0.0
		1)	ös	161	1058	0.0013253246
		2)	ön	169	939	0.0011762569
		3)	öt	243	260	3.2569413E-4
		4)	ö_	247	237	2.9688273E-4
		5)	ök	250	234	2.9312473E-4
		6)	öl	262	203	2.5429195E-4
