Spanish	6	174607	479
	1)	a	0	0	0.0
		1)	ac	0	0	0.0
			1)	aci	0	0	0.0
				1)	ació	0	0	0.0
					1)	ación	0	0	0.0
						1)	ación_	1	3741	0.0021788827
				2)	acio	0	0	0.0
					1)	acion	0	0	0.0
						1)	acione	21	817	4.7584795E-4
						2)	aciona	82	436	2.539409E-4
			2)	acu	0	0	0.0
				1)	acue	0	0	0.0
					1)	acuer	0	0	0.0
						1)	acuerd	327	255	1.4852047E-4
		2)	am	0	0	0.0
			1)	ame	0	0	0.0
				1)	amen	0	0	0.0
					1)	ament	0	0	0.0
						1)	amente	6	1383	8.0550514E-4
						2)	amenta	181	328	1.910381E-4
			2)	amb	0	0	0.0
				1)	ambi	0	0	0.0
					1)	ambié	0	0	0.0
						1)	ambién	15	899	5.236075E-4
					2)	ambie	0	0	0.0
						1)	ambien	452	207	1.2056368E-4
			3)	ami	0	0	0.0
				1)	amie	0	0	0.0
					1)	amien	0	0	0.0
						1)	amient	226	299	1.7414754E-4
			4)	amp	0	0	0.0
				1)	ampl	0	0	0.0
					1)	ampli	0	0	0.0
						1)	amplia	418	220	1.2813532E-4
		3)	al	0	0	0.0
			1)	alm	0	0	0.0
				1)	alme	0	0	0.0
					1)	almen	0	0	0.0
						1)	alment	37	598	3.4829509E-4
			2)	ali	0	0	0.0
				1)	alid	0	0	0.0
					1)	alida	0	0	0.0
						1)	alidad	191	321	1.8696107E-4
		4)	an	0	0	0.0
			1)	ant	0	0	0.0
				1)	ante	0	0	0.0
					1)	antes	0	0	0.0
						1)	antes_	52	541	3.1509637E-4
			2)	anc	0	0	0.0
				1)	anci	0	0	0.0
					1)	ancia	0	0	0.0
						1)	ancia_	392	228	1.3279478E-4
					2)	ancie	0	0	0.0
						1)	ancier	444	210	1.2231097E-4
		5)	at	0	0	0.0
			1)	ati	0	0	0.0
				1)	ativ	0	0	0.0
					1)	ativa	0	0	0.0
						1)	ativa_	121	380	2.2132463E-4
			2)	ate	0	0	0.0
				1)	ater	0	0	0.0
					1)	ateri	0	0	0.0
						1)	ateria	462	205	1.19398814E-4
		6)	ar	0	0	0.0
			1)	arr	0	0	0.0
				1)	arro	0	0	0.0
					1)	arrol	0	0	0.0
						1)	arroll	137	364	2.120057E-4
			2)	ari	0	0	0.0
				1)	ario	0	0	0.0
					1)	arios	0	0	0.0
						1)	arios_	236	293	1.7065294E-4
		7)	ap	0	0	0.0
			1)	apl	0	0	0.0
				1)	apli	0	0	0.0
					1)	aplic	0	0	0.0
						1)	aplica	211	311	1.8113674E-4
		8)	aí	0	0	0.0
			1)	aís	0	0	0.0
				1)	aíse	0	0	0.0
					1)	aíses	0	0	0.0
						1)	aíses_	234	294	1.7123537E-4
		9)	ah	0	0	0.0
			1)	aho	0	0	0.0
				1)	ahor	0	0	0.0
					1)	ahora	0	0	0.0
						1)	ahora_	253	284	1.6541104E-4
		10)	ab	0	0	0.0
			1)	abi	0	0	0.0
				1)	abil	0	0	0.0
					1)	abili	0	0	0.0
						1)	abilid	303	266	1.5492724E-4
			2)	aba	0	0	0.0
				1)	abaj	0	0	0.0
					1)	abajo	0	0	0.0
						1)	abajo_	363	239	1.3920154E-4
		11)	ad	0	0	0.0
			1)	ada	0	0	0.0
				1)	adan	0	0	0.0
					1)	adano	0	0	0.0
						1)	adanos	378	232	1.3512452E-4
		12)	as	0	0	0.0
			1)	asu	0	0	0.0
				1)	asun	0	0	0.0
					1)	asunt	0	0	0.0
						1)	asunto	413	223	1.2988261E-4
	2)	m	0	0	0.0
		1)	me	0	0	0.0
			1)	men	0	0	0.0
				1)	ment	0	0	0.0
					1)	mente	0	0	0.0
						1)	mente_	2	2386	0.0013896857
					2)	mento	0	0	0.0
						1)	mento_	49	554	3.22668E-4
						2)	mentos	316	260	1.5143264E-4
					3)	menta	0	0	0.0
						1)	mentar	290	271	1.578394E-4
			2)	med	0	0	0.0
				1)	medi	0	0	0.0
					1)	medid	0	0	0.0
						1)	medida	258	283	1.648286E-4
			3)	mer	0	0	0.0
				1)	merc	0	0	0.0
					1)	merca	0	0	0.0
						1)	mercad	374	233	1.3570694E-4
		2)	mb	0	0	0.0
			1)	mbi	0	0	0.0
				1)	mbié	0	0	0.0
					1)	mbién	0	0	0.0
						1)	mbién_	14	899	5.236075E-4
				2)	mbie	0	0	0.0
					1)	mbien	0	0	0.0
						1)	mbient	459	205	1.19398814E-4
			2)	mbr	0	0	0.0
				1)	mbro	0	0	0.0
					1)	mbros	0	0	0.0
						1)	mbros_	116	383	2.2307193E-4
			3)	mba	0	0	0.0
				1)	mbar	0	0	0.0
					1)	mbarg	0	0	0.0
						1)	mbargo	357	241	1.403664E-4
		3)	mi	0	0	0.0
			1)	mie	0	0	0.0
				1)	mien	0	0	0.0
					1)	mient	0	0	0.0
						1)	miento	27	734	4.27506E-4
					2)	miend	0	0	0.0
						1)	mienda	268	280	1.630813E-4
				2)	miem	0	0	0.0
					1)	miemb	0	0	0.0
						1)	miembr	67	464	2.7024903E-4
			2)	mis	0	0	0.0
				1)	mism	0	0	0.0
					1)	mismo	0	0	0.0
						1)	mismo_	325	255	1.4852047E-4
		4)	mp	0	0	0.0
			1)	mpo	0	0	0.0
				1)	mpor	0	0	0.0
					1)	mport	0	0	0.0
						1)	mporta	41	574	3.3431666E-4
			2)	mpe	0	0	0.0
				1)	mpet	0	0	0.0
					1)	mpete	0	0	0.0
						1)	mpeten	177	330	1.9220296E-4
			3)	mpr	0	0	0.0
				1)	mpre	0	0	0.0
					1)	mpres	0	0	0.0
						1)	mpresa	397	227	1.3221234E-4
		5)	mu	0	0	0.0
			1)	mun	0	0	0.0
				1)	muni	0	0	0.0
					1)	munit	0	0	0.0
						1)	munita	319	259	1.508502E-4
		6)	ma	0	0	0.0
			1)	mac	0	0	0.0
				1)	maci	0	0	0.0
					1)	mació	0	0	0.0
						1)	mación	441	211	1.2289341E-4
			2)	mat	0	0	0.0
				1)	mate	0	0	0.0
					1)	mater	0	0	0.0
						1)	materi	460	205	1.19398814E-4
	3)	i	0	0	0.0
		1)	io	0	0	0.0
			1)	ion	0	0	0.0
				1)	ione	0	0	0.0
					1)	iones	0	0	0.0
						1)	iones_	3	2262	0.0013174639
				2)	iona	0	0	0.0
					1)	ional	0	0	0.0
						1)	ional_	206	314	1.8288403E-4
						2)	ionale	213	309	1.7997187E-4
		2)	in	0	0	0.0
			1)	inf	0	0	0.0
				1)	info	0	0	0.0
					1)	infor	0	0	0.0
						1)	inform	30	682	3.9721947E-4
			2)	ini	0	0	0.0
				1)	inic	0	0	0.0
					1)	inici	0	0	0.0
						1)	inicia	155	344	2.0035703E-4
			3)	ina	0	0	0.0
				1)	inan	0	0	0.0
					1)	inanc	0	0	0.0
						1)	inanci	200	316	1.840489E-4
			4)	inc	0	0	0.0
				1)	inci	0	0	0.0
					1)	incip	0	0	0.0
						1)	incipi	339	248	1.4444345E-4
		3)	ie	0	0	0.0
			1)	ien	0	0	0.0
				1)	ient	0	0	0.0
					1)	iento	0	0	0.0
						1)	iento_	34	623	3.628559E-4
					2)	iente	0	0	0.0
						1)	iente_	92	417	2.4287465E-4
				2)	iend	0	0	0.0
					1)	iendo	0	0	0.0
						1)	iendo_	146	357	2.0792866E-4
			2)	iem	0	0	0.0
				1)	iemb	0	0	0.0
					1)	iembr	0	0	0.0
						1)	iembro	68	464	2.7024903E-4
		4)	im	0	0	0.0
			1)	imp	0	0	0.0
				1)	impo	0	0	0.0
					1)	impor	0	0	0.0
						1)	import	39	581	3.383937E-4
			2)	imi	0	0	0.0
				1)	imie	0	0	0.0
					1)	imien	0	0	0.0
						1)	imient	79	445	2.591828E-4
		5)	il	0	0	0.0
			1)	ili	0	0	0.0
				1)	ilid	0	0	0.0
					1)	ilida	0	0	0.0
						1)	ilidad	53	532	3.0985448E-4
		6)	id	0	0	0.0
			1)	ida	0	0	0.0
				1)	idad	0	0	0.0
					1)	idade	0	0	0.0
						1)	idades	106	402	2.3413816E-4
		7)	ic	0	0	0.0
			1)	ica	0	0	0.0
				1)	icac	0	0	0.0
					1)	icaci	0	0	0.0
						1)	icació	110	397	2.3122599E-4
			2)	ici	0	0	0.0
				1)	ició	0	0	0.0
					1)	ición	0	0	0.0
						1)	ición_	132	366	2.1317057E-4
				2)	icia	0	0	0.0
					1)	iciat	0	0	0.0
						1)	iciati	259	283	1.648286E-4
				3)	icio	0	0	0.0
					1)	icion	0	0	0.0
						1)	icione	412	223	1.2988261E-4
		8)	iz	0	0	0.0
			1)	iza	0	0	0.0
				1)	izac	0	0	0.0
					1)	izaci	0	0	0.0
						1)	izació	142	361	2.102584E-4
		9)	is	0	0	0.0
			1)	isi	0	0	0.0
				1)	isió	0	0	0.0
					1)	isión	0	0	0.0
						1)	isión_	152	347	2.0210433E-4
				2)	isie	0	0	0.0
					1)	isier	0	0	0.0
						1)	isiera	343	247	1.43861E-4
		10)	iu	0	0	0.0
			1)	iud	0	0	0.0
				1)	iuda	0	0	0.0
					1)	iudad	0	0	0.0
						1)	iudada	245	288	1.6774077E-4
		11)	ia	0	0	0.0
			1)	iac	0	0	0.0
				1)	iaci	0	0	0.0
					1)	iació	0	0	0.0
						1)	iación	251	285	1.6599346E-4
			2)	iat	0	0	0.0
				1)	iati	0	0	0.0
					1)	iativ	0	0	0.0
						1)	iativa	260	283	1.648286E-4
			3)	ial	0	0	0.0
				1)	iale	0	0	0.0
					1)	iales	0	0	0.0
						1)	iales_	437	212	1.2347584E-4
		12)	ib	0	0	0.0
			1)	ibi	0	0	0.0
				1)	ibil	0	0	0.0
					1)	ibili	0	0	0.0
						1)	ibilid	425	216	1.2580557E-4
		13)	ir	0	0	0.0
			1)	ire	0	0	0.0
				1)	irec	0	0	0.0
					1)	irect	0	0	0.0
						1)	irecti	432	214	1.246407E-4
	4)	_	0	0	0.0
		1)	_p	0	0	0.0
			1)	_pa	0	0	0.0
				1)	_par	0	0	0.0
					1)	_para	0	0	0.0
						1)	_para_	4	2173	0.0012656274
					2)	_part	0	0	0.0
						1)	_parti	66	468	2.7257876E-4
						2)	_parte	125	373	2.172476E-4
					3)	_pare	0	0	0.0
						1)	_parec	439	212	1.2347584E-4
				2)	_paí	0	0	0.0
					1)	_país	0	0	0.0
						1)	_paíse	235	294	1.7123537E-4
			2)	_po	0	0	0.0
				1)	_pol	0	0	0.0
					1)	_polí	0	0	0.0
						1)	_polít	19	830	4.8341957E-4
				2)	_pos	0	0	0.0
					1)	_posi	0	0	0.0
						1)	_posib	158	343	1.997746E-4
				3)	_por	0	0	0.0
					1)	_porq	0	0	0.0
						1)	_porqu	183	326	1.8987323E-4
			3)	_pe	0	0	0.0
				1)	_per	0	0	0.0
					1)	_pero	0	0	0.0
						1)	_pero_	28	693	4.0362624E-4
					2)	_pers	0	0	0.0
						1)	_perso	393	228	1.3279478E-4
					3)	_perm	0	0	0.0
						1)	_permi	464	205	1.19398814E-4
			4)	_pr	0	0	0.0
				1)	_pro	0	0	0.0
					1)	_prog	0	0	0.0
						1)	_progr	48	560	3.261626E-4
					2)	_prop	0	0	0.0
						1)	_propu	72	459	2.6733684E-4
					3)	_proc	0	0	0.0
						1)	_proce	128	369	2.1491786E-4
					4)	_prob	0	0	0.0
						1)	_probl	222	303	1.7647728E-4
					5)	_proy	0	0	0.0
						1)	_proye	403	226	1.3162992E-4
					6)	_prod	0	0	0.0
						1)	_produ	433	214	1.246407E-4
				2)	_pre	0	0	0.0
					1)	_pres	0	0	0.0
						1)	_prese	69	464	2.7024903E-4
					2)	_preg	0	0	0.0
						1)	_pregu	334	252	1.4677318E-4
					3)	_prec	0	0	0.0
						1)	_preci	479	200	1.1648665E-4
				3)	_pri	0	0	0.0
					1)	_prim	0	0	0.0
						1)	_prime	143	360	2.0967596E-4
					2)	_prin	0	0	0.0
						1)	_princ	162	340	1.980273E-4
			5)	_pu	0	0	0.0
				1)	_pue	0	0	0.0
					1)	_pued	0	0	0.0
						1)	_puede	64	481	2.801504E-4
				2)	_pun	0	0	0.0
					1)	_punt	0	0	0.0
						1)	_punto	189	322	1.875435E-4
		2)	_e	0	0	0.0
			1)	_es	0	0	0.0
				1)	_est	0	0	0.0
					1)	_este	0	0	0.0
						1)	_este_	7	1182	6.884361E-4
					2)	_esta	0	0	0.0
						1)	_esta_	20	828	4.8225472E-4
						2)	_estab	292	270	1.5725697E-4
						3)	_estas	384	230	1.3395965E-4
						4)	_estam	467	204	1.1881638E-4
					3)	_esto	0	0	0.0
						1)	_esto_	85	434	2.5277602E-4
						2)	_estos	331	253	1.473556E-4
					4)	_está	0	0	0.0
						1)	_está_	120	381	2.2190706E-4
				2)	_esp	0	0	0.0
					1)	_espe	0	0	0.0
						1)	_espec	165	338	1.9686243E-4
						2)	_esper	330	254	1.4793804E-4
			2)	_eu	0	0	0.0
				1)	_eur	0	0	0.0
					1)	_euro	0	0	0.0
						1)	_europ	44	569	3.314045E-4
			3)	_en	0	0	0.0
				1)	_ent	0	0	0.0
					1)	_entr	0	0	0.0
						1)	_entre	65	476	2.7723823E-4
				2)	_enm	0	0	0.0
					1)	_enmi	0	0	0.0
						1)	_enmie	282	276	1.6075157E-4
			4)	_ec	0	0	0.0
				1)	_eco	0	0	0.0
					1)	_econ	0	0	0.0
						1)	_econó	321	258	1.5026778E-4
			5)	_ex	0	0	0.0
				1)	_exi	0	0	0.0
					1)	_exis	0	0	0.0
						1)	_exist	322	257	1.4968534E-4
			6)	_el	0	0	0.0
				1)	_ell	0	0	0.0
					1)	_ello	0	0	0.0
						1)	_ello_	323	256	1.4910291E-4
			7)	_em	0	0	0.0
				1)	_emp	0	0	0.0
					1)	_empr	0	0	0.0
						1)	_empre	335	252	1.4677318E-4
				2)	_emb	0	0	0.0
					1)	_emba	0	0	0.0
						1)	_embar	350	245	1.4269614E-4
		3)	_c	0	0	0.0
			1)	_co	0	0	0.0
				1)	_com	0	0	0.0
					1)	_como	0	0	0.0
						1)	_como_	8	1157	6.7387527E-4
					2)	_comu	0	0	0.0
						1)	_comun	74	455	2.650071E-4
					3)	_comp	0	0	0.0
						1)	_compe	95	411	2.3938005E-4
						2)	_compr	237	292	1.700705E-4
				2)	_con	0	0	0.0
					1)	_cont	0	0	0.0
						1)	_contr	22	785	4.572101E-4
						2)	_conte	456	206	1.1998125E-4
					2)	_cons	0	0	0.0
						1)	_consi	78	447	2.6034765E-4
						2)	_conse	187	323	1.8812594E-4
						3)	_const	227	299	1.7414754E-4
				3)	_col	0	0	0.0
					1)	_cole	0	0	0.0
						1)	_coleg	454	207	1.2056368E-4
			2)	_cu	0	0	0.0
				1)	_cue	0	0	0.0
					1)	_cues	0	0	0.0
						1)	_cuest	109	400	2.329733E-4
					2)	_cuen	0	0	0.0
						1)	_cuent	468	204	1.1881638E-4
				2)	_cua	0	0	0.0
					1)	_cuan	0	0	0.0
						1)	_cuand	314	262	1.5259751E-4
			3)	_ci	0	0	0.0
				1)	_ciu	0	0	0.0
					1)	_ciud	0	0	0.0
						1)	_ciuda	167	336	1.9569756E-4
			4)	_cr	0	0	0.0
				1)	_cre	0	0	0.0
					1)	_creo	0	0	0.0
						1)	_creo_	238	291	1.6948808E-4
			5)	_ca	0	0	0.0
				1)	_cas	0	0	0.0
					1)	_caso	0	0	0.0
						1)	_caso_	394	228	1.3279478E-4
		4)	_s	0	0	0.0
			1)	_so	0	0	0.0
				1)	_sob	0	0	0.0
					1)	_sobr	0	0	0.0
						1)	_sobre	9	1102	6.4184144E-4
				2)	_soc	0	0	0.0
					1)	_soci	0	0	0.0
						1)	_socia	252	285	1.6599346E-4
			2)	_se	0	0	0.0
				1)	_señ	0	0	0.0
					1)	_seño	0	0	0.0
						1)	_señor	12	1061	6.1796163E-4
				2)	_seg	0	0	0.0
					1)	_segu	0	0	0.0
						1)	_segur	156	344	2.0035703E-4
			3)	_só	0	0	0.0
				1)	_sól	0	0	0.0
					1)	_sólo	0	0	0.0
						1)	_sólo_	188	322	1.875435E-4
			4)	_si	0	0	0.0
				1)	_sin	0	0	0.0
					1)	_sino	0	0	0.0
						1)	_sino_	288	272	1.5842184E-4
				2)	_sid	0	0	0.0
					1)	_sido	0	0	0.0
						1)	_sido_	381	231	1.3454208E-4
				3)	_sit	0	0	0.0
					1)	_situ	0	0	0.0
						1)	_situa	435	213	1.2405828E-4
		5)	_t	0	0	0.0
			1)	_ta	0	0	0.0
				1)	_tam	0	0	0.0
					1)	_tamb	0	0	0.0
						1)	_tambi	16	898	5.2302505E-4
				2)	_tan	0	0	0.0
					1)	_tant	0	0	0.0
						1)	_tanto	193	320	1.8637863E-4
			2)	_tr	0	0	0.0
				1)	_tra	0	0	0.0
					1)	_trab	0	0	0.0
						1)	_traba	80	438	2.5510576E-4
					2)	_tran	0	0	0.0
						1)	_trans	93	417	2.4287465E-4
					3)	_trat	0	0	0.0
						1)	_trata	267	282	1.6424617E-4
			3)	_to	0	0	0.0
				1)	_tod	0	0	0.0
					1)	_todo	0	0	0.0
						1)	_todo_	97	408	2.3763276E-4
						2)	_todos	113	390	2.2714896E-4
			4)	_ti	0	0	0.0
				1)	_tie	0	0	0.0
					1)	_tien	0	0	0.0
						1)	_tiene	122	379	2.207422E-4
					2)	_tiem	0	0	0.0
						1)	_tiemp	463	205	1.19398814E-4
			5)	_te	0	0	0.0
				1)	_ten	0	0	0.0
					1)	_tene	0	0	0.0
						1)	_tenem	414	223	1.2988261E-4
		6)	_i	0	0	0.0
			1)	_in	0	0	0.0
				1)	_int	0	0	0.0
					1)	_inte	0	0	0.0
						1)	_inter	23	780	4.5429793E-4
				2)	_inf	0	0	0.0
					1)	_info	0	0	0.0
						1)	_infor	29	684	3.9838432E-4
				3)	_ini	0	0	0.0
					1)	_inic	0	0	0.0
						1)	_inici	129	369	2.1491786E-4
				4)	_inc	0	0	0.0
					1)	_incl	0	0	0.0
						1)	_inclu	223	303	1.7647728E-4
			2)	_im	0	0	0.0
				1)	_imp	0	0	0.0
					1)	_impo	0	0	0.0
						1)	_impor	40	581	3.383937E-4
		7)	_n	0	0	0.0
			1)	_nu	0	0	0.0
				1)	_nue	0	0	0.0
					1)	_nues	0	0	0.0
						1)	_nuest	25	758	4.414844E-4
					2)	_nuev	0	0	0.0
						1)	_nuevo	328	255	1.4852047E-4
						2)	_nueva	474	201	1.1706908E-4
			2)	_ne	0	0	0.0
				1)	_nec	0	0	0.0
					1)	_nece	0	0	0.0
						1)	_neces	42	574	3.3431666E-4
			3)	_na	0	0	0.0
				1)	_nac	0	0	0.0
					1)	_naci	0	0	0.0
						1)	_nacio	371	234	1.3628938E-4
		8)	_m	0	0	0.0
			1)	_mi	0	0	0.0
				1)	_mie	0	0	0.0
					1)	_miem	0	0	0.0
						1)	_miemb	70	464	2.7024903E-4
				2)	_mis	0	0	0.0
					1)	_mism	0	0	0.0
						1)	_mismo	372	234	1.3628938E-4
			2)	_me	0	0	0.0
				1)	_med	0	0	0.0
					1)	_medi	0	0	0.0
						1)	_medio	202	316	1.840489E-4
						2)	_medid	254	284	1.6541104E-4
				2)	_mer	0	0	0.0
					1)	_merc	0	0	0.0
						1)	_merca	250	286	1.665759E-4
				3)	_mej	0	0	0.0
					1)	_mejo	0	0	0.0
						1)	_mejor	304	266	1.5492724E-4
			3)	_ma	0	0	0.0
				1)	_may	0	0	0.0
					1)	_mayo	0	0	0.0
						1)	_mayor	214	309	1.7997187E-4
				2)	_mat	0	0	0.0
					1)	_mate	0	0	0.0
						1)	_mater	453	207	1.2056368E-4
			4)	_mu	0	0	0.0
				1)	_muc	0	0	0.0
					1)	_much	0	0	0.0
						1)	_mucho	230	296	1.7240024E-4
		9)	_r	0	0	0.0
			1)	_re	0	0	0.0
				1)	_res	0	0	0.0
					1)	_resp	0	0	0.0
						1)	_respe	73	457	2.66172E-4
						2)	_respo	185	324	1.8870836E-4
					2)	_resu	0	0	0.0
						1)	_resul	364	239	1.3920154E-4
				2)	_reg	0	0	0.0
					1)	_regi	0	0	0.0
						1)	_regio	145	358	2.0851109E-4
				3)	_rea	0	0	0.0
					1)	_real	0	0	0.0
						1)	_reali	270	280	1.630813E-4
				4)	_ref	0	0	0.0
					1)	_refo	0	0	0.0
						1)	_refor	317	260	1.5143264E-4
				5)	_rel	0	0	0.0
					1)	_rela	0	0	0.0
						1)	_relac	438	212	1.2347584E-4
		10)	_d	0	0	0.0
			1)	_de	0	0	0.0
				1)	_deb	0	0	0.0
					1)	_debe	0	0	0.0
						1)	_debe_	102	404	2.3530303E-4
						2)	_deber	289	272	1.5842184E-4
						3)	_debem	311	263	1.5317994E-4
					2)	_deba	0	0	0.0
						1)	_debat	131	368	2.1433544E-4
				2)	_des	0	0	0.0
					1)	_desa	0	0	0.0
						1)	_desar	138	363	2.1142326E-4
					2)	_desd	0	0	0.0
						1)	_desde	305	266	1.5492724E-4
				3)	_dec	0	0	0.0
					1)	_deci	0	0	0.0
						1)	_decir	150	353	2.0559893E-4
						2)	_decis	448	209	1.21728546E-4
				4)	_der	0	0	0.0
					1)	_dere	0	0	0.0
						1)	_derec	208	312	1.8171917E-4
			2)	_di	0	0	0.0
				1)	_dir	0	0	0.0
					1)	_dire	0	0	0.0
						1)	_direc	124	375	2.1841246E-4
				2)	_dic	0	0	0.0
					1)	_dich	0	0	0.0
						1)	_dicho	422	218	1.2697045E-4
		11)	_a	0	0	0.0
			1)	_al	0	0	0.0
				1)	_alg	0	0	0.0
					1)	_algu	0	0	0.0
						1)	_algun	139	363	2.1142326E-4
			2)	_ay	0	0	0.0
				1)	_ayu	0	0	0.0
					1)	_ayud	0	0	0.0
						1)	_ayuda	159	342	1.9919216E-4
			3)	_ap	0	0	0.0
				1)	_apl	0	0	0.0
					1)	_apli	0	0	0.0
						1)	_aplic	209	312	1.8171917E-4
			4)	_ah	0	0	0.0
				1)	_aho	0	0	0.0
					1)	_ahor	0	0	0.0
						1)	_ahora	255	284	1.6541104E-4
			5)	_ac	0	0	0.0
				1)	_act	0	0	0.0
					1)	_actu	0	0	0.0
						1)	_actua	276	278	1.6191644E-4
				2)	_acu	0	0	0.0
					1)	_acue	0	0	0.0
						1)	_acuer	344	246	1.4327858E-4
			6)	_am	0	0	0.0
				1)	_amp	0	0	0.0
					1)	_ampl	0	0	0.0
						1)	_ampli	307	264	1.5376238E-4
			7)	_as	0	0	0.0
				1)	_asu	0	0	0.0
					1)	_asun	0	0	0.0
						1)	_asunt	415	223	1.2988261E-4
			8)	_añ	0	0	0.0
				1)	_año	0	0	0.0
					1)	_años	0	0	0.0
						1)	_años_	428	215	1.2522315E-4
		12)	_h	0	0	0.0
			1)	_ha	0	0	0.0
				1)	_hac	0	0	0.0
					1)	_hace	0	0	0.0
						1)	_hacer	148	354	2.0618136E-4
			2)	_he	0	0	0.0
				1)	_hec	0	0	0.0
					1)	_hech	0	0	0.0
						1)	_hecho	224	302	1.7589483E-4
				2)	_hem	0	0	0.0
					1)	_hemo	0	0	0.0
						1)	_hemos	229	297	1.7298268E-4
		13)	_l	0	0	0.0
			1)	_lu	0	0	0.0
				1)	_lug	0	0	0.0
					1)	_luga	0	0	0.0
						1)	_lugar	157	344	2.0035703E-4
		14)	_f	0	0	0.0
			1)	_fo	0	0	0.0
				1)	_for	0	0	0.0
					1)	_form	0	0	0.0
						1)	_forma	163	339	1.9744487E-4
			2)	_fi	0	0	0.0
				1)	_fin	0	0	0.0
					1)	_fina	0	0	0.0
						1)	_finan	197	317	1.8463134E-4
			3)	_fu	0	0	0.0
				1)	_fun	0	0	0.0
					1)	_fund	0	0	0.0
						1)	_funda	421	219	1.2755288E-4
					2)	_func	0	0	0.0
						1)	_funci	445	210	1.2231097E-4
		15)	_o	0	0	0.0
			1)	_ob	0	0	0.0
				1)	_obj	0	0	0.0
					1)	_obje	0	0	0.0
						1)	_objet	171	333	1.9395027E-4
		16)	_q	0	0	0.0
			1)	_qu	0	0	0.0
				1)	_qui	0	0	0.0
					1)	_quie	0	0	0.0
						1)	_quier	180	329	1.9162054E-4
					2)	_quis	0	0	0.0
						1)	_quisi	329	254	1.4793804E-4
		17)	_u	0	0	0.0
			1)	_us	0	0	0.0
				1)	_ust	0	0	0.0
					1)	_uste	0	0	0.0
						1)	_usted	240	289	1.683232E-4
		18)	_ú	0	0	0.0
			1)	_úl	0	0	0.0
				1)	_últ	0	0	0.0
					1)	_últi	0	0	0.0
						1)	_últim	353	243	1.4153127E-4
		19)	_á	0	0	0.0
			1)	_ám	0	0	0.0
				1)	_ámb	0	0	0.0
					1)	_ámbi	0	0	0.0
						1)	_ámbit	369	235	1.3687181E-4
		20)	_b	0	0	0.0
			1)	_bi	0	0	0.0
				1)	_bie	0	0	0.0
					1)	_bien	0	0	0.0
						1)	_bien_	457	206	1.1998125E-4
	5)	c	0	0	0.0
		1)	ci	0	0	0.0
			1)	cio	0	0	0.0
				1)	cion	0	0	0.0
					1)	cione	0	0	0.0
						1)	ciones	5	1530	8.9112285E-4
					2)	ciona	0	0	0.0
						1)	cional	59	506	2.947112E-4
			2)	ciu	0	0	0.0
				1)	ciud	0	0	0.0
					1)	ciuda	0	0	0.0
						1)	ciudad	151	351	2.0443407E-4
			3)	cia	0	0	0.0
				1)	ciat	0	0	0.0
					1)	ciati	0	0	0.0
						1)	ciativ	261	283	1.648286E-4
			4)	cie	0	0	0.0
				1)	cien	0	0	0.0
					1)	cient	0	0	0.0
						1)	ciente	391	228	1.3279478E-4
			5)	cim	0	0	0.0
				1)	cimi	0	0	0.0
					1)	cimie	0	0	0.0
						1)	cimien	461	205	1.19398814E-4
		2)	cc	0	0	0.0
			1)	cci	0	0	0.0
				1)	cció	0	0	0.0
					1)	cción	0	0	0.0
						1)	cción_	43	573	3.3373424E-4
		3)	co	0	0	0.0
			1)	con	0	0	0.0
				1)	cont	0	0	0.0
					1)	contr	0	0	0.0
						1)	contra	62	496	2.888869E-4
						2)	contro	349	245	1.4269614E-4
				2)	cons	0	0	0.0
					1)	consi	0	0	0.0
						1)	consid	179	330	1.9220296E-4
				3)	conó	0	0	0.0
					1)	conóm	0	0	0.0
						1)	conómi	266	282	1.6424617E-4
			2)	com	0	0	0.0
				1)	comu	0	0	0.0
					1)	comun	0	0	0.0
						1)	comuni	90	425	2.4753413E-4
				2)	comp	0	0	0.0
					1)	compe	0	0	0.0
						1)	compet	111	395	2.3006112E-4
			3)	col	0	0	0.0
				1)	cole	0	0	0.0
					1)	coleg	0	0	0.0
						1)	colega	473	201	1.1706908E-4
		4)	ca	0	0	0.0
			1)	cac	0	0	0.0
				1)	caci	0	0	0.0
					1)	cació	0	0	0.0
						1)	cación	89	426	2.4811656E-4
		5)	cu	0	0	0.0
			1)	cue	0	0	0.0
				1)	cues	0	0	0.0
					1)	cuest	0	0	0.0
						1)	cuesti	114	387	2.2540166E-4
				2)	cuer	0	0	0.0
					1)	cuerd	0	0	0.0
						1)	cuerdo	265	282	1.6424617E-4
				3)	cuen	0	0	0.0
					1)	cuent	0	0	0.0
						1)	cuenta	478	200	1.1648665E-4
			2)	cua	0	0	0.0
				1)	cuan	0	0	0.0
					1)	cuand	0	0	0.0
						1)	cuando	313	262	1.5259751E-4
		6)	ce	0	0	0.0
			1)	ces	0	0	0.0
				1)	cesa	0	0	0.0
					1)	cesar	0	0	0.0
						1)	cesari	217	307	1.7880701E-4
		7)	ct	0	0	0.0
			1)	cti	0	0	0.0
				1)	ctiv	0	0	0.0
					1)	ctiva	0	0	0.0
						1)	ctiva_	302	268	1.5609211E-4
	6)	s	0	0	0.0
		1)	so	0	0	0.0
			1)	sob	0	0	0.0
				1)	sobr	0	0	0.0
					1)	sobre	0	0	0.0
						1)	sobre_	10	1079	6.284455E-4
			2)	soc	0	0	0.0
				1)	soci	0	0	0.0
					1)	socia	0	0	0.0
						1)	social	247	287	1.6715833E-4
			3)	sol	0	0	0.0
				1)	solu	0	0	0.0
					1)	soluc	0	0	0.0
						1)	soluci	351	244	1.4211371E-4
		2)	se	0	0	0.0
			1)	señ	0	0	0.0
				1)	seño	0	0	0.0
					1)	señor	0	0	0.0
						1)	señor_	32	652	3.7974646E-4
						2)	señora	195	317	1.8463134E-4
			2)	seg	0	0	0.0
				1)	segu	0	0	0.0
					1)	segur	0	0	0.0
						1)	seguri	273	278	1.6191644E-4
		3)	sp	0	0	0.0
			1)	spe	0	0	0.0
				1)	spec	0	0	0.0
					1)	spect	0	0	0.0
						1)	specto	100	405	2.3588545E-4
					2)	speci	0	0	0.0
						1)	specia	429	214	1.246407E-4
			2)	spo	0	0	0.0
				1)	spon	0	0	0.0
					1)	spons	0	0	0.0
						1)	sponsa	297	268	1.5609211E-4
		4)	st	0	0	0.0
			1)	sti	0	0	0.0
				1)	stió	0	0	0.0
					1)	stión	0	0	0.0
						1)	stión_	127	369	2.1491786E-4
				2)	stit	0	0	0.0
					1)	stitu	0	0	0.0
						1)	stituc	447	209	1.21728546E-4
			2)	sta	0	0	0.0
				1)	stab	0	0	0.0
					1)	stabl	0	0	0.0
						1)	stable	409	223	1.2988261E-4
				2)	stam	0	0	0.0
					1)	stamo	0	0	0.0
						1)	stamos	436	212	1.2347584E-4
			3)	str	0	0	0.0
				1)	stru	0	0	0.0
					1)	struc	0	0	0.0
						1)	struct	434	213	1.2405828E-4
		5)	sa	0	0	0.0
			1)	sar	0	0	0.0
				1)	sarr	0	0	0.0
					1)	sarro	0	0	0.0
						1)	sarrol	134	364	2.120057E-4
			2)	sab	0	0	0.0
				1)	sabi	0	0	0.0
					1)	sabil	0	0	0.0
						1)	sabili	475	200	1.1648665E-4
		6)	si	0	0	0.0
			1)	sio	0	0	0.0
				1)	sion	0	0	0.0
					1)	sione	0	0	0.0
						1)	siones	194	319	1.857962E-4
			2)	sid	0	0	0.0
				1)	side	0	0	0.0
					1)	sider	0	0	0.0
						1)	sidera	324	255	1.4852047E-4
			3)	sie	0	0	0.0
				1)	sier	0	0	0.0
					1)	siera	0	0	0.0
						1)	siera_	337	248	1.4444345E-4
			4)	sib	0	0	0.0
				1)	sibl	0	0	0.0
					1)	sible	0	0	0.0
						1)	sible_	379	231	1.3454208E-4
			5)	sic	0	0	0.0
				1)	sici	0	0	0.0
					1)	sició	0	0	0.0
						1)	sición	469	203	1.1823395E-4
			6)	sis	0	0	0.0
				1)	sist	0	0	0.0
					1)	siste	0	0	0.0
						1)	sistem	472	201	1.1706908E-4
	7)	e	0	0	0.0
		1)	en	0	0	0.0
			1)	enc	0	0	0.0
				1)	enci	0	0	0.0
					1)	encia	0	0	0.0
						1)	encia_	11	1075	6.261157E-4
						2)	encias	301	268	1.5609211E-4
					2)	enció	0	0	0.0
						1)	ención	340	248	1.4444345E-4
			2)	ent	0	0	0.0
				1)	ente	0	0	0.0
					1)	entes	0	0	0.0
						1)	entes_	50	554	3.22668E-4
				2)	entr	0	0	0.0
					1)	entre	0	0	0.0
						1)	entre_	87	427	2.4869898E-4
				3)	ento	0	0	0.0
					1)	entos	0	0	0.0
						1)	entos_	94	411	2.3938005E-4
			3)	enm	0	0	0.0
				1)	enmi	0	0	0.0
					1)	enmie	0	0	0.0
						1)	enmien	280	276	1.6075157E-4
			4)	ene	0	0	0.0
				1)	enem	0	0	0.0
					1)	enemo	0	0	0.0
						1)	enemos	383	230	1.3395965E-4
		2)	eu	0	0	0.0
			1)	eur	0	0	0.0
				1)	euro	0	0	0.0
					1)	europ	0	0	0.0
						1)	europe	47	562	3.2732746E-4
		3)	es	0	0	0.0
			1)	ese	0	0	0.0
				1)	esen	0	0	0.0
					1)	esent	0	0	0.0
						1)	esenta	86	427	2.4869898E-4
			2)	est	0	0	0.0
				1)	esta	0	0	0.0
					1)	estas	0	0	0.0
						1)	estas_	101	405	2.3588545E-4
					2)	estab	0	0	0.0
						1)	establ	417	222	1.2930018E-4
					3)	estam	0	0	0.0
						1)	estamo	455	206	1.1998125E-4
				2)	esti	0	0	0.0
					1)	estió	0	0	0.0
						1)	estión	130	368	2.1433544E-4
				3)	esto	0	0	0.0
					1)	estos	0	0	0.0
						1)	estos_	133	366	2.1317057E-4
				4)	estr	0	0	0.0
					1)	estra	0	0	0.0
						1)	estra_	284	274	1.595867E-4
					2)	estro	0	0	0.0
						1)	estro_	402	226	1.3162992E-4
					3)	estru	0	0	0.0
						1)	estruc	470	202	1.17651514E-4
			3)	esa	0	0	0.0
				1)	esar	0	0	0.0
					1)	esarr	0	0	0.0
						1)	esarro	135	364	2.120057E-4
					2)	esari	0	0	0.0
						1)	esario	427	215	1.2522315E-4
			4)	esp	0	0	0.0
				1)	espe	0	0	0.0
					1)	espec	0	0	0.0
						1)	espect	149	353	2.0559893E-4
						2)	especi	359	241	1.403664E-4
				2)	espo	0	0	0.0
					1)	espon	0	0	0.0
						1)	espons	300	268	1.5609211E-4
			5)	esu	0	0	0.0
				1)	esul	0	0	0.0
					1)	esult	0	0	0.0
						1)	esulta	390	228	1.3279478E-4
			6)	esi	0	0	0.0
				1)	esió	0	0	0.0
					1)	esión	0	0	0.0
						1)	esión_	419	219	1.2755288E-4
		4)	em	0	0	0.0
			1)	emb	0	0	0.0
				1)	embr	0	0	0.0
					1)	embro	0	0	0.0
						1)	embros	117	382	2.224895E-4
				2)	emba	0	0	0.0
					1)	embar	0	0	0.0
						1)	embarg	360	241	1.403664E-4
			2)	eme	0	0	0.0
				1)	emen	0	0	0.0
					1)	ement	0	0	0.0
						1)	emente	174	331	1.927854E-4
			3)	emp	0	0	0.0
				1)	empr	0	0	0.0
					1)	empre	0	0	0.0
						1)	empres	398	227	1.3221234E-4
		5)	ec	0	0	0.0
			1)	ect	0	0	0.0
				1)	ecti	0	0	0.0
					1)	ectiv	0	0	0.0
						1)	ectiva	186	323	1.8812594E-4
				2)	ecto	0	0	0.0
					1)	ectos	0	0	0.0
						1)	ectos_	296	269	1.5667453E-4
			2)	ece	0	0	0.0
				1)	eces	0	0	0.0
					1)	ecesa	0	0	0.0
						1)	ecesar	216	307	1.7880701E-4
			3)	eco	0	0	0.0
				1)	econ	0	0	0.0
					1)	econó	0	0	0.0
						1)	económ	264	282	1.6424617E-4
			4)	ecc	0	0	0.0
				1)	ecci	0	0	0.0
					1)	ecció	0	0	0.0
						1)	ección	466	204	1.1881638E-4
		6)	et	0	0	0.0
			1)	ete	0	0	0.0
				1)	eten	0	0	0.0
					1)	etenc	0	0	0.0
						1)	etenci	212	310	1.805543E-4
		7)	eñ	0	0	0.0
			1)	eño	0	0	0.0
				1)	eñor	0	0	0.0
					1)	eñora	0	0	0.0
						1)	eñora_	248	287	1.6715833E-4
		8)	eg	0	0	0.0
			1)	egu	0	0	0.0
				1)	egur	0	0	0.0
					1)	eguri	0	0	0.0
						1)	egurid	275	278	1.6191644E-4
				2)	egun	0	0	0.0
					1)	egunt	0	0	0.0
						1)	egunta	387	229	1.3337721E-4
			2)	egi	0	0	0.0
				1)	egio	0	0	0.0
					1)	egion	0	0	0.0
						1)	egione	348	245	1.4269614E-4
		9)	eb	0	0	0.0
			1)	eba	0	0	0.0
				1)	ebat	0	0	0.0
					1)	ebate	0	0	0.0
						1)	ebate_	281	276	1.6075157E-4
			2)	ebe	0	0	0.0
				1)	ebem	0	0	0.0
					1)	ebemo	0	0	0.0
						1)	ebemos	306	264	1.5376238E-4
		10)	er	0	0	0.0
			1)	ere	0	0	0.0
				1)	erec	0	0	0.0
					1)	erech	0	0	0.0
						1)	erecho	291	270	1.5725697E-4
				2)	eren	0	0	0.0
					1)	erenc	0	0	0.0
						1)	erenci	451	207	1.2056368E-4
			2)	erc	0	0	0.0
				1)	erca	0	0	0.0
					1)	ercad	0	0	0.0
						1)	ercado	376	232	1.3512452E-4
			3)	ers	0	0	0.0
				1)	erso	0	0	0.0
					1)	erson	0	0	0.0
						1)	ersona	389	228	1.3279478E-4
			4)	era	0	0	0.0
				1)	erac	0	0	0.0
					1)	eraci	0	0	0.0
						1)	eració	406	225	1.3104748E-4
		11)	ed	0	0	0.0
			1)	edi	0	0	0.0
				1)	edid	0	0	0.0
					1)	edida	0	0	0.0
						1)	edidas	420	219	1.2755288E-4
		12)	ex	0	0	0.0
			1)	exi	0	0	0.0
				1)	exis	0	0	0.0
					1)	exist	0	0	0.0
						1)	existe	449	208	1.2114611E-4
	8)	t	0	0	0.0
		1)	ta	0	0	0.0
			1)	tam	0	0	0.0
				1)	tamb	0	0	0.0
					1)	tambi	0	0	0.0
						1)	tambié	13	899	5.236075E-4
				2)	tamo	0	0	0.0
					1)	tamos	0	0	0.0
						1)	tamos_	126	370	2.155003E-4
				3)	tame	0	0	0.0
					1)	tamen	0	0	0.0
						1)	tament	198	316	1.840489E-4
			2)	tan	0	0	0.0
				1)	tant	0	0	0.0
					1)	tante	0	0	0.0
						1)	tante_	60	501	2.9179905E-4
					2)	tanto	0	0	0.0
						1)	tanto_	210	311	1.8113674E-4
				2)	tanc	0	0	0.0
					1)	tanci	0	0	0.0
						1)	tancia	346	245	1.4269614E-4
			3)	tac	0	0	0.0
				1)	taci	0	0	0.0
					1)	tació	0	0	0.0
						1)	tación	112	393	2.2889626E-4
			4)	tad	0	0	0.0
				1)	tado	0	0	0.0
					1)	tados	0	0	0.0
						1)	tados_	203	314	1.8288403E-4
			5)	tal	0	0	0.0
				1)	tale	0	0	0.0
					1)	tales	0	0	0.0
						1)	tales_	283	274	1.595867E-4
			6)	tar	0	0	0.0
				1)	tari	0	0	0.0
					1)	taria	0	0	0.0
						1)	taria_	471	201	1.1706908E-4
		2)	tr	0	0	0.0
			1)	tra	0	0	0.0
				1)	trab	0	0	0.0
					1)	traba	0	0	0.0
						1)	trabaj	84	434	2.5277602E-4
				2)	tran	0	0	0.0
					1)	trans	0	0	0.0
						1)	transp	367	235	1.3687181E-4
		3)	te	0	0	0.0
			1)	ten	0	0	0.0
				1)	tenc	0	0	0.0
					1)	tenci	0	0	0.0
						1)	tencia	91	421	2.452044E-4
				2)	tene	0	0	0.0
					1)	tener	0	0	0.0
						1)	tener_	355	242	1.4094885E-4
					2)	tenem	0	0	0.0
						1)	tenemo	382	230	1.3395965E-4
			2)	ter	0	0	0.0
				1)	teri	0	0	0.0
					1)	terio	0	0	0.0
						1)	terior	400	226	1.3162992E-4
		4)	to	0	0	0.0
			1)	tod	0	0	0.0
				1)	todo	0	0	0.0
					1)	todos	0	0	0.0
						1)	todos_	103	403	2.3472059E-4
		5)	ti	0	0	0.0
			1)	tiv	0	0	0.0
				1)	tivo	0	0	0.0
					1)	tivos	0	0	0.0
						1)	tivos_	144	359	2.0909353E-4
				2)	tiva	0	0	0.0
					1)	tivas	0	0	0.0
						1)	tivas_	242	288	1.6774077E-4
			2)	tie	0	0	0.0
				1)	tien	0	0	0.0
					1)	tiene	0	0	0.0
						1)	tiene_	246	287	1.6715833E-4
				2)	tiem	0	0	0.0
					1)	tiemp	0	0	0.0
						1)	tiempo	458	205	1.19398814E-4
			3)	tic	0	0	0.0
				1)	tica	0	0	0.0
					1)	ticas	0	0	0.0
						1)	ticas_	345	245	1.4269614E-4
			4)	tit	0	0	0.0
				1)	titu	0	0	0.0
					1)	tituc	0	0	0.0
						1)	tituci	446	209	1.21728546E-4
	9)	p	0	0	0.0
		1)	po	0	0	0.0
			1)	pol	0	0	0.0
				1)	polí	0	0	0.0
					1)	polít	0	0	0.0
						1)	políti	17	831	4.8400203E-4
			2)	por	0	0	0.0
				1)	port	0	0	0.0
					1)	porta	0	0	0.0
						1)	portan	46	563	3.2790992E-4
				2)	porq	0	0	0.0
					1)	porqu	0	0	0.0
						1)	porque	196	317	1.8463134E-4
			3)	pos	0	0	0.0
				1)	posi	0	0	0.0
					1)	posic	0	0	0.0
						1)	posici	262	282	1.6424617E-4
					2)	posib	0	0	0.0
						1)	posibl	410	223	1.2988261E-4
			4)	pon	0	0	0.0
				1)	pons	0	0	0.0
					1)	ponsa	0	0	0.0
						1)	ponsab	298	268	1.5609211E-4
		2)	pu	0	0	0.0
			1)	pue	0	0	0.0
				1)	pues	0	0	0.0
					1)	puest	0	0	0.0
						1)	puesta	35	616	3.5877887E-4
						2)	puesto	81	437	2.5452333E-4
				2)	pued	0	0	0.0
					1)	puede	0	0	0.0
						1)	puede_	154	344	2.0035703E-4
			2)	pun	0	0	0.0
				1)	punt	0	0	0.0
					1)	punto	0	0	0.0
						1)	punto_	336	249	1.4502587E-4
		3)	pr	0	0	0.0
			1)	pre	0	0	0.0
				1)	pres	0	0	0.0
					1)	prese	0	0	0.0
						1)	presen	38	589	3.4305317E-4
				2)	preg	0	0	0.0
					1)	pregu	0	0	0.0
						1)	pregun	333	252	1.4677318E-4
			2)	pro	0	0	0.0
				1)	prog	0	0	0.0
					1)	progr	0	0	0.0
						1)	progra	56	516	3.0053555E-4
				2)	prop	0	0	0.0
					1)	propu	0	0	0.0
						1)	propue	77	448	2.609301E-4
				3)	prob	0	0	0.0
					1)	probl	0	0	0.0
						1)	proble	221	303	1.7647728E-4
				4)	proy	0	0	0.0
					1)	proye	0	0	0.0
						1)	proyec	386	229	1.3337721E-4
				5)	proc	0	0	0.0
					1)	proce	0	0	0.0
						1)	proced	450	207	1.2056368E-4
			3)	pri	0	0	0.0
				1)	prim	0	0	0.0
					1)	prime	0	0	0.0
						1)	primer	141	361	2.102584E-4
				2)	prin	0	0	0.0
					1)	princ	0	0	0.0
						1)	princi	161	340	1.980273E-4
		4)	pe	0	0	0.0
			1)	pec	0	0	0.0
				1)	pect	0	0	0.0
					1)	pecto	0	0	0.0
						1)	pecto_	169	335	1.9511514E-4
				2)	peci	0	0	0.0
					1)	pecia	0	0	0.0
						1)	pecial	430	214	1.246407E-4
			2)	pet	0	0	0.0
				1)	pete	0	0	0.0
					1)	peten	0	0	0.0
						1)	petenc	219	304	1.770597E-4
			3)	per	0	0	0.0
				1)	pers	0	0	0.0
					1)	perso	0	0	0.0
						1)	person	388	228	1.3279478E-4
		5)	pa	0	0	0.0
			1)	par	0	0	0.0
				1)	part	0	0	0.0
					1)	parte	0	0	0.0
						1)	parte_	170	333	1.9395027E-4
					2)	parti	0	0	0.0
						1)	partic	173	331	1.927854E-4
				2)	pare	0	0	0.0
					1)	parec	0	0	0.0
						1)	parece	395	227	1.3221234E-4
			2)	paí	0	0	0.0
				1)	país	0	0	0.0
					1)	paíse	0	0	0.0
						1)	países	232	294	1.7123537E-4
	10)	o	0	0	0.0
		1)	ol	0	0	0.0
			1)	olí	0	0	0.0
				1)	olít	0	0	0.0
					1)	olíti	0	0	0.0
						1)	olític	18	831	4.8400203E-4
			2)	olu	0	0	0.0
				1)	oluc	0	0	0.0
					1)	oluci	0	0	0.0
						1)	olució	356	241	1.403664E-4
		2)	og	0	0	0.0
			1)	ogr	0	0	0.0
				1)	ogra	0	0	0.0
					1)	ogram	0	0	0.0
						1)	ograma	57	514	2.9937067E-4
		3)	op	0	0	0.0
			1)	opu	0	0	0.0
				1)	opue	0	0	0.0
					1)	opues	0	0	0.0
						1)	opuest	75	453	2.6384226E-4
		4)	or	0	0	0.0
			1)	ort	0	0	0.0
				1)	orta	0	0	0.0
					1)	ortan	0	0	0.0
						1)	ortant	96	409	2.3821519E-4
			2)	orq	0	0	0.0
				1)	orqu	0	0	0.0
					1)	orque	0	0	0.0
						1)	orque_	199	316	1.840489E-4
		5)	ot	0	0	0.0
			1)	otr	0	0	0.0
				1)	otro	0	0	0.0
					1)	otros	0	0	0.0
						1)	otros_	115	384	2.2365437E-4
		6)	om	0	0	0.0
			1)	omp	0	0	0.0
				1)	ompe	0	0	0.0
					1)	ompet	0	0	0.0
						1)	ompete	172	332	1.9336783E-4
			2)	omu	0	0	0.0
				1)	omun	0	0	0.0
					1)	omuni	0	0	0.0
						1)	omunit	318	259	1.508502E-4
			3)	ome	0	0	0.0
				1)	omen	0	0	0.0
					1)	oment	0	0	0.0
						1)	omento	440	211	1.2289341E-4
		7)	on	0	0	0.0
			1)	ons	0	0	0.0
				1)	onsi	0	0	0.0
					1)	onsid	0	0	0.0
						1)	onside	175	330	1.9220296E-4
				2)	onsa	0	0	0.0
					1)	onsab	0	0	0.0
						1)	onsabi	476	200	1.1648665E-4
			2)	ona	0	0	0.0
				1)	onal	0	0	0.0
					1)	onale	0	0	0.0
						1)	onales	204	314	1.8288403E-4
			3)	onó	0	0	0.0
				1)	onóm	0	0	0.0
					1)	onómi	0	0	0.0
						1)	onómic	263	282	1.6424617E-4
			4)	ont	0	0	0.0
				1)	ontr	0	0	0.0
					1)	ontra	0	0	0.0
						1)	ontra_	352	243	1.4153127E-4
					2)	ontro	0	0	0.0
						1)	ontrol	365	238	1.3861911E-4
		8)	ob	0	0	0.0
			1)	obl	0	0	0.0
				1)	oble	0	0	0.0
					1)	oblem	0	0	0.0
						1)	oblema	231	295	1.7181781E-4
			2)	obj	0	0	0.0
				1)	obje	0	0	0.0
					1)	objet	0	0	0.0
						1)	objeti	243	288	1.6774077E-4
		9)	oy	0	0	0.0
			1)	oye	0	0	0.0
				1)	oyec	0	0	0.0
					1)	oyect	0	0	0.0
						1)	oyecto	407	224	1.3046505E-4
		10)	os	0	0	0.0
			1)	osi	0	0	0.0
				1)	osib	0	0	0.0
					1)	osibl	0	0	0.0
						1)	osible	411	223	1.2988261E-4
	11)	n	0	0	0.0
		1)	nu	0	0	0.0
			1)	nue	0	0	0.0
				1)	nues	0	0	0.0
					1)	nuest	0	0	0.0
						1)	nuestr	24	758	4.414844E-4
		2)	nf	0	0	0.0
			1)	nfo	0	0	0.0
				1)	nfor	0	0	0.0
					1)	nform	0	0	0.0
						1)	nforme	51	547	3.18591E-4
		3)	na	0	0	0.0
			1)	nac	0	0	0.0
				1)	naci	0	0	0.0
					1)	nacio	0	0	0.0
						1)	nacion	107	401	2.3355572E-4
			2)	nal	0	0	0.0
				1)	nale	0	0	0.0
					1)	nales	0	0	0.0
						1)	nales_	119	381	2.2190706E-4
			3)	nan	0	0	0.0
				1)	nanc	0	0	0.0
					1)	nanci	0	0	0.0
						1)	nancie	431	214	1.246407E-4
		4)	ns	0	0	0.0
			1)	nsi	0	0	0.0
				1)	nsid	0	0	0.0
					1)	nside	0	0	0.0
						1)	nsider	176	330	1.9220296E-4
			2)	nst	0	0	0.0
				1)	nsti	0	0	0.0
					1)	nstit	0	0	0.0
						1)	nstitu	205	314	1.8288403E-4
			3)	nsa	0	0	0.0
				1)	nsab	0	0	0.0
					1)	nsabi	0	0	0.0
						1)	nsabil	477	200	1.1648665E-4
		5)	nc	0	0	0.0
			1)	nci	0	0	0.0
				1)	ncia	0	0	0.0
					1)	ncias	0	0	0.0
						1)	ncias_	184	324	1.8870836E-4
				2)	nció	0	0	0.0
					1)	nción	0	0	0.0
						1)	nción_	244	288	1.6774077E-4
				3)	ncio	0	0	0.0
					1)	ncion	0	0	0.0
						1)	nciona	308	263	1.5317994E-4
				4)	ncip	0	0	0.0
					1)	ncipi	0	0	0.0
						1)	ncipio	338	248	1.4444345E-4
		6)	ne	0	0	0.0
			1)	nec	0	0	0.0
				1)	nece	0	0	0.0
					1)	neces	0	0	0.0
						1)	necesa	215	307	1.7880701E-4
						2)	necesi	271	279	1.6249887E-4
			2)	nem	0	0	0.0
				1)	nemo	0	0	0.0
					1)	nemos	0	0	0.0
						1)	nemos_	299	268	1.5609211E-4
		7)	ni	0	0	0.0
			1)	nic	0	0	0.0
				1)	nici	0	0	0.0
					1)	nicia	0	0	0.0
						1)	niciat	257	283	1.648286E-4
			2)	nit	0	0	0.0
				1)	nita	0	0	0.0
					1)	nitar	0	0	0.0
						1)	nitari	286	273	1.5900427E-4
		8)	nm	0	0	0.0
			1)	nmi	0	0	0.0
				1)	nmie	0	0	0.0
					1)	nmien	0	0	0.0
						1)	nmiend	279	276	1.6075157E-4
		9)	nd	0	0	0.0
			1)	nda	0	0	0.0
				1)	ndam	0	0	0.0
					1)	ndame	0	0	0.0
						1)	ndamen	396	227	1.3221234E-4
	12)	l	0	0	0.0
		1)	li	0	0	0.0
			1)	lid	0	0	0.0
				1)	lida	0	0	0.0
					1)	lidad	0	0	0.0
						1)	lidad_	26	745	4.3391276E-4
			2)	liz	0	0	0.0
				1)	liza	0	0	0.0
					1)	lizac	0	0	0.0
						1)	lizaci	405	225	1.3104748E-4
		2)	lí	0	0	0.0
			1)	lít	0	0	0.0
				1)	líti	0	0	0.0
					1)	lític	0	0	0.0
						1)	lítica	33	639	3.7217484E-4
		3)	lm	0	0	0.0
			1)	lme	0	0	0.0
				1)	lmen	0	0	0.0
					1)	lment	0	0	0.0
						1)	lmente	36	610	3.5528428E-4
		4)	la	0	0	0.0
			1)	lac	0	0	0.0
				1)	laci	0	0	0.0
					1)	lació	0	0	0.0
						1)	lación	99	406	2.364679E-4
			2)	lam	0	0	0.0
				1)	lame	0	0	0.0
					1)	lamen	0	0	0.0
						1)	lament	178	330	1.9220296E-4
		5)	lu	0	0	0.0
			1)	lug	0	0	0.0
				1)	luga	0	0	0.0
					1)	lugar	0	0	0.0
						1)	lugar_	166	337	1.9628E-4
			2)	luc	0	0	0.0
				1)	luci	0	0	0.0
					1)	lució	0	0	0.0
						1)	lución	358	241	1.403664E-4
		6)	le	0	0	0.0
			1)	lem	0	0	0.0
				1)	leme	0	0	0.0
					1)	lemen	0	0	0.0
						1)	lement	368	235	1.3687181E-4
	13)	r	0	0	0.0
		1)	ra	0	0	0.0
			1)	rac	0	0	0.0
				1)	raci	0	0	0.0
					1)	ració	0	0	0.0
						1)	ración	31	671	3.908127E-4
			2)	rab	0	0	0.0
				1)	raba	0	0	0.0
					1)	rabaj	0	0	0.0
						1)	rabajo	295	269	1.5667453E-4
			3)	ral	0	0	0.0
				1)	rale	0	0	0.0
					1)	rales	0	0	0.0
						1)	rales_	373	233	1.3570694E-4
		2)	re	0	0	0.0
			1)	res	0	0	0.0
				1)	rese	0	0	0.0
					1)	resen	0	0	0.0
						1)	resent	45	567	3.3023965E-4
				2)	resp	0	0	0.0
					1)	respo	0	0	0.0
						1)	respon	105	403	2.3472059E-4
					2)	respe	0	0	0.0
						1)	respec	153	344	2.0035703E-4
				3)	resu	0	0	0.0
					1)	resul	0	0	0.0
						1)	result	362	239	1.3920154E-4
			2)	reg	0	0	0.0
				1)	regi	0	0	0.0
					1)	regio	0	0	0.0
						1)	region	123	376	2.189949E-4
				2)	regu	0	0	0.0
					1)	regun	0	0	0.0
						1)	regunt	332	252	1.4677318E-4
			3)	rem	0	0	0.0
				1)	remo	0	0	0.0
					1)	remos	0	0	0.0
						1)	remos_	147	356	2.0734622E-4
			4)	ren	0	0	0.0
				1)	renc	0	0	0.0
					1)	renci	0	0	0.0
						1)	rencia	228	298	1.735651E-4
			5)	rel	0	0	0.0
				1)	rela	0	0	0.0
					1)	relac	0	0	0.0
						1)	relaci	423	217	1.2638801E-4
			6)	rec	0	0	0.0
				1)	rect	0	0	0.0
					1)	recti	0	0	0.0
						1)	rectiv	426	215	1.2522315E-4
			7)	ref	0	0	0.0
				1)	refo	0	0	0.0
					1)	refor	0	0	0.0
						1)	reform	465	204	1.1881638E-4
		3)	ro	0	0	0.0
			1)	rog	0	0	0.0
				1)	rogr	0	0	0.0
					1)	rogra	0	0	0.0
						1)	rogram	55	516	3.0053555E-4
			2)	rop	0	0	0.0
				1)	ropu	0	0	0.0
					1)	ropue	0	0	0.0
						1)	ropues	76	448	2.609301E-4
				2)	rope	0	0	0.0
					1)	ropea	0	0	0.0
						1)	ropea_	442	210	1.2231097E-4
			3)	rob	0	0	0.0
				1)	robl	0	0	0.0
					1)	roble	0	0	0.0
						1)	roblem	220	303	1.7647728E-4
			4)	rol	0	0	0.0
				1)	roll	0	0	0.0
					1)	rollo	0	0	0.0
						1)	rollo_	285	273	1.5900427E-4
			5)	roy	0	0	0.0
				1)	roye	0	0	0.0
					1)	royec	0	0	0.0
						1)	royect	385	229	1.3337721E-4
		4)	ri	0	0	0.0
			1)	rid	0	0	0.0
				1)	rida	0	0	0.0
					1)	ridad	0	0	0.0
						1)	ridad_	71	461	2.6850172E-4
			2)	rin	0	0	0.0
				1)	rinc	0	0	0.0
					1)	rinci	0	0	0.0
						1)	rincip	160	340	1.980273E-4
		5)	rt	0	0	0.0
			1)	rta	0	0	0.0
				1)	rtan	0	0	0.0
					1)	rtant	0	0	0.0
						1)	rtante	104	403	2.3472059E-4
		6)	rr	0	0	0.0
			1)	rro	0	0	0.0
				1)	rrol	0	0	0.0
					1)	rroll	0	0	0.0
						1)	rrollo	278	276	1.6075157E-4
	14)	f	0	0	0.0
		1)	fo	0	0	0.0
			1)	for	0	0	0.0
				1)	form	0	0	0.0
					1)	forme	0	0	0.0
						1)	forme_	54	528	3.0752475E-4
					2)	forma	0	0	0.0
						1)	forma_	192	320	1.8637863E-4
		2)	fi	0	0	0.0
			1)	fin	0	0	0.0
				1)	fina	0	0	0.0
					1)	finan	0	0	0.0
						1)	financ	201	316	1.840489E-4
		3)	fu	0	0	0.0
			1)	fun	0	0	0.0
				1)	fund	0	0	0.0
					1)	funda	0	0	0.0
						1)	fundam	408	224	1.3046505E-4
	15)	í	0	0	0.0
		1)	ít	0	0	0.0
			1)	íti	0	0	0.0
				1)	ític	0	0	0.0
					1)	ítica	0	0	0.0
						1)	ítica_	58	507	2.9529363E-4
	16)	d	0	0	0.0
		1)	da	0	0	0.0
			1)	dad	0	0	0.0
				1)	dade	0	0	0.0
					1)	dades	0	0	0.0
						1)	dades_	61	501	2.9179905E-4
				2)	dada	0	0	0.0
					1)	dadan	0	0	0.0
						1)	dadano	326	255	1.4852047E-4
			2)	dam	0	0	0.0
				1)	dame	0	0	0.0
					1)	damen	0	0	0.0
						1)	dament	98	407	2.3705032E-4
			3)	dan	0	0	0.0
				1)	dano	0	0	0.0
					1)	danos	0	0	0.0
						1)	danos_	377	232	1.3512452E-4
		2)	de	0	0	0.0
			1)	des	0	0	0.0
				1)	desa	0	0	0.0
					1)	desar	0	0	0.0
						1)	desarr	136	364	2.120057E-4
				2)	desd	0	0	0.0
					1)	desde	0	0	0.0
						1)	desde_	309	263	1.5317994E-4
			2)	der	0	0	0.0
				1)	dere	0	0	0.0
					1)	derec	0	0	0.0
						1)	derech	207	312	1.8171917E-4
			3)	deb	0	0	0.0
				1)	deba	0	0	0.0
					1)	debat	0	0	0.0
						1)	debate	218	305	1.7764214E-4
				2)	debe	0	0	0.0
					1)	debem	0	0	0.0
						1)	debemo	310	263	1.5317994E-4
			4)	dec	0	0	0.0
				1)	deci	0	0	0.0
					1)	decir	0	0	0.0
						1)	decir_	233	294	1.7123537E-4
					2)	decis	0	0	0.0
						1)	decisi	370	234	1.3628938E-4
			5)	dem	0	0	0.0
				1)	demá	0	0	0.0
					1)	demás	0	0	0.0
						1)	demás_	380	231	1.3454208E-4
		3)	di	0	0	0.0
			1)	dir	0	0	0.0
				1)	dire	0	0	0.0
					1)	direc	0	0	0.0
						1)	direct	164	338	1.9686243E-4
			2)	did	0	0	0.0
				1)	dida	0	0	0.0
					1)	didas	0	0	0.0
						1)	didas_	375	233	1.3570694E-4
			3)	dic	0	0	0.0
				1)	dich	0	0	0.0
					1)	dicho	0	0	0.0
						1)	dicho_	443	210	1.2231097E-4
		4)	do	0	0	0.0
			1)	dor	0	0	0.0
				1)	dore	0	0	0.0
					1)	dores	0	0	0.0
						1)	dores_	424	217	1.2638801E-4
	17)	b	0	0	0.0
		1)	bi	0	0	0.0
			1)	bil	0	0	0.0
				1)	bili	0	0	0.0
					1)	bilid	0	0	0.0
						1)	bilida	63	492	2.8655716E-4
		2)	be	0	0	0.0
			1)	bem	0	0	0.0
				1)	bemo	0	0	0.0
					1)	bemos	0	0	0.0
						1)	bemos_	182	327	1.9045567E-4
		3)	bj	0	0	0.0
			1)	bje	0	0	0.0
				1)	bjet	0	0	0.0
					1)	bjeti	0	0	0.0
						1)	bjetiv	239	289	1.683232E-4
		4)	ba	0	0	0.0
			1)	bar	0	0	0.0
				1)	barg	0	0	0.0
					1)	bargo	0	0	0.0
						1)	bargo_	361	241	1.403664E-4
	18)	u	0	0	0.0
		1)	uc	0	0	0.0
			1)	uci	0	0	0.0
				1)	ució	0	0	0.0
					1)	ución	0	0	0.0
						1)	ución_	83	435	2.5335845E-4
		2)	ue	0	0	0.0
			1)	ues	0	0	0.0
				1)	uest	0	0	0.0
					1)	uestr	0	0	0.0
						1)	uestra	88	426	2.4811656E-4
						2)	uestro	118	381	2.2190706E-4
					2)	uesta	0	0	0.0
						1)	uesta_	108	400	2.329733E-4
					3)	uesto	0	0	0.0
						1)	uesto_	168	335	1.9511514E-4
					4)	uesti	0	0	0.0
						1)	uestió	320	258	1.5026778E-4
			2)	uer	0	0	0.0
				1)	uerd	0	0	0.0
					1)	uerdo	0	0	0.0
						1)	uerdo_	354	242	1.4094885E-4
		3)	ud	0	0	0.0
			1)	uda	0	0	0.0
				1)	udad	0	0	0.0
					1)	udada	0	0	0.0
						1)	udadan	241	288	1.6774077E-4
		4)	ur	0	0	0.0
			1)	uro	0	0	0.0
				1)	urop	0	0	0.0
					1)	urope	0	0	0.0
						1)	uropea	249	286	1.665759E-4
						2)	uropeo	287	272	1.5842184E-4
			2)	uri	0	0	0.0
				1)	urid	0	0	0.0
					1)	urida	0	0	0.0
						1)	uridad	272	278	1.6191644E-4
		5)	um	0	0	0.0
			1)	ume	0	0	0.0
				1)	umen	0	0	0.0
					1)	ument	0	0	0.0
						1)	umento	293	269	1.5667453E-4
		6)	ua	0	0	0.0
			1)	uan	0	0	0.0
				1)	uand	0	0	0.0
					1)	uando	0	0	0.0
						1)	uando_	294	269	1.5667453E-4
			2)	uac	0	0	0.0
				1)	uaci	0	0	0.0
					1)	uació	0	0	0.0
						1)	uación	312	262	1.5259751E-4
		7)	un	0	0	0.0
			1)	uni	0	0	0.0
				1)	unit	0	0	0.0
					1)	unita	0	0	0.0
						1)	unitar	315	261	1.5201507E-4
			2)	und	0	0	0.0
				1)	unda	0	0	0.0
					1)	undam	0	0	0.0
						1)	undame	404	225	1.3104748E-4
		8)	ui	0	0	0.0
			1)	uis	0	0	0.0
				1)	uisi	0	0	0.0
					1)	uisie	0	0	0.0
						1)	uisier	341	247	1.43861E-4
			2)	uie	0	0	0.0
				1)	uier	0	0	0.0
					1)	uiero	0	0	0.0
						1)	uiero_	399	226	1.3162992E-4
		9)	us	0	0	0.0
			1)	ust	0	0	0.0
				1)	uste	0	0	0.0
					1)	usted	0	0	0.0
						1)	usted_	416	222	1.2930018E-4
	19)	z	0	0	0.0
		1)	za	0	0	0.0
			1)	zac	0	0	0.0
				1)	zaci	0	0	0.0
					1)	zació	0	0	0.0
						1)	zación	140	361	2.102584E-4
	20)	g	0	0	0.0
		1)	gr	0	0	0.0
			1)	gra	0	0	0.0
				1)	gram	0	0	0.0
					1)	grama	0	0	0.0
						1)	grama_	190	321	1.8696107E-4
		2)	gu	0	0	0.0
			1)	gur	0	0	0.0
				1)	guri	0	0	0.0
					1)	gurid	0	0	0.0
						1)	gurida	274	278	1.6191644E-4
		3)	gi	0	0	0.0
			1)	gio	0	0	0.0
				1)	gion	0	0	0.0
					1)	gione	0	0	0.0
						1)	giones	347	245	1.4269614E-4
	21)	h	0	0	0.0
		1)	he	0	0	0.0
			1)	hem	0	0	0.0
				1)	hemo	0	0	0.0
					1)	hemos	0	0	0.0
						1)	hemos_	225	300	1.7472997E-4
			2)	hec	0	0	0.0
				1)	hech	0	0	0.0
					1)	hecho	0	0	0.0
						1)	hecho_	269	280	1.630813E-4
		2)	ha	0	0	0.0
			1)	hac	0	0	0.0
				1)	hace	0	0	0.0
					1)	hacer	0	0	0.0
						1)	hacer_	277	277	1.61334E-4
	22)	j	0	0	0.0
		1)	je	0	0	0.0
			1)	jet	0	0	0.0
				1)	jeti	0	0	0.0
					1)	jetiv	0	0	0.0
						1)	jetivo	256	283	1.648286E-4
	23)	q	0	0	0.0
		1)	qu	0	0	0.0
			1)	qui	0	0	0.0
				1)	quis	0	0	0.0
					1)	quisi	0	0	0.0
						1)	quisie	342	247	1.43861E-4
				2)	quie	0	0	0.0
					1)	quier	0	0	0.0
						1)	quiero	401	226	1.3162992E-4
	24)	á	0	0	0.0
		1)	ám	0	0	0.0
			1)	ámb	0	0	0.0
				1)	ámbi	0	0	0.0
					1)	ámbit	0	0	0.0
						1)	ámbito	366	235	1.3687181E-4
