Spanish	4	673160	1083
	1)	_	0	0	0.0
		1)	_d	0	0	0.0
			1)	_de	0	0	0.0
				1)	_de_	1	18097	0.010540294
				2)	_del	25	3161	0.0018410714
				3)	_des	56	1722	0.00100295
				4)	_deb	62	1652	9.621797E-4
				5)	_dec	153	834	4.857493E-4
				6)	_dem	320	500	2.9121662E-4
				7)	_der	545	352	2.0501649E-4
				8)	_def	972	224	1.3046505E-4
			2)	_di	0	0	0.0
				1)	_dis	210	662	3.855708E-4
				2)	_dir	364	461	2.6850172E-4
				3)	_dic	409	423	2.4636925E-4
				4)	_dif	643	316	1.840489E-4
			3)	_dí	0	0	0.0
				1)	_día	1052	207	1.2056368E-4
			4)	_do	0	0	0.0
				1)	_dos	1074	202	1.17651514E-4
		2)	_l	0	0	0.0
			1)	_la	0	0	0.0
				1)	_la_	2	12302	0.0071650934
				2)	_las	18	3727	0.0021707288
			2)	_lo	0	0	0.0
				1)	_los	11	5210	0.0030344771
				2)	_lo_	76	1375	8.008457E-4
			3)	_lu	0	0	0.0
				1)	_lug	575	344	2.0035703E-4
			4)	_ll	0	0	0.0
				1)	_lle	668	306	1.7822457E-4
			5)	_le	0	0	0.0
				1)	_leg	858	252	1.4677318E-4
				2)	_le_	1066	204	1.1881638E-4
			6)	_li	0	0	0.0
				1)	_lib	963	226	1.3162992E-4
		3)	_q	0	0	0.0
			1)	_qu	0	0	0.0
				1)	_que	4	10294	0.005995568
				2)	_qui	164	814	4.7410064E-4
				3)	_qué	984	222	1.2930018E-4
		4)	_e	0	0	0.0
			1)	_en	0	0	0.0
				1)	_en_	5	8139	0.004740424
				2)	_ent	183	753	4.3857223E-4
				3)	_enm	731	285	1.6599346E-4
				4)	_enc	751	280	1.630813E-4
			2)	_el	0	0	0.0
				1)	_el_	7	6994	0.004073538
				2)	_ell	424	416	2.4229223E-4
				3)	_ele	861	251	1.4619074E-4
			3)	_es	0	0	0.0
				1)	_est	12	5025	0.002926727
				2)	_es_	35	2459	0.0014322033
				3)	_esp	184	742	4.3216546E-4
				4)	_ese	715	292	1.700705E-4
				5)	_esa	827	260	1.5143264E-4
				6)	_eso	893	243	1.4153127E-4
				7)	_esc	922	234	1.3628938E-4
			4)	_eu	0	0	0.0
				1)	_eur	209	663	3.8615323E-4
			5)	_em	0	0	0.0
				1)	_emp	285	542	3.156788E-4
				2)	_emb	859	252	1.4677318E-4
			6)	_ex	0	0	0.0
				1)	_exp	365	460	2.679193E-4
				2)	_exi	462	392	2.2831383E-4
				3)	_ext	960	227	1.3221234E-4
				4)	_exc	994	220	1.2813532E-4
			7)	_ec	0	0	0.0
				1)	_eco	405	425	2.4753413E-4
			8)	_ej	0	0	0.0
				1)	_eje	646	314	1.8288403E-4
		5)	_c	0	0	0.0
			1)	_co	0	0	0.0
				1)	_con	8	6150	0.0035819644
				2)	_com	22	3204	0.0018661161
				3)	_col	590	337	1.9628E-4
				4)	_cos	734	284	1.6541104E-4
				5)	_cor	848	254	1.4793804E-4
			2)	_cu	0	0	0.0
				1)	_cua	187	723	4.2109922E-4
				2)	_cue	231	609	3.5470183E-4
			3)	_cr	0	0	0.0
				1)	_cre	211	661	3.8498838E-4
			4)	_ca	0	0	0.0
				1)	_cas	474	387	2.2540166E-4
				2)	_cam	675	304	1.770597E-4
				3)	_car	705	295	1.7181781E-4
				4)	_cap	1036	210	1.2231097E-4
			5)	_cl	0	0	0.0
				1)	_cla	576	344	2.0035703E-4
			6)	_ci	0	0	0.0
				1)	_ciu	591	336	1.9569756E-4
				2)	_cie	796	267	1.5550967E-4
		6)	_p	0	0	0.0
			1)	_pa	0	0	0.0
				1)	_par	19	3424	0.0019942513
				2)	_paí	401	426	2.4811656E-4
				3)	_pas	785	270	1.5725697E-4
			2)	_pr	0	0	0.0
				1)	_pro	23	3185	0.0018550499
				2)	_pre	52	1875	0.0010920623
				3)	_pri	147	862	5.0205743E-4
			3)	_po	0	0	0.0
				1)	_por	24	3161	0.0018410714
				2)	_pol	146	864	5.032223E-4
				3)	_pos	219	649	3.7799915E-4
				4)	_pod	230	609	3.5470183E-4
				5)	_pon	644	315	1.8346647E-4
			4)	_pe	0	0	0.0
				1)	_per	58	1694	9.866419E-4
			5)	_pu	0	0	0.0
				1)	_pue	98	1148	6.686333E-4
				2)	_pun	596	334	1.945327E-4
			6)	_pl	0	0	0.0
				1)	_pla	427	415	2.4170979E-4
		7)	_s	0	0	0.0
			1)	_se	0	0	0.0
				1)	_se_	20	3296	0.0019197
				2)	_señ	93	1190	6.9309556E-4
				3)	_ser	120	1027	5.981589E-4
				4)	_seg	188	719	4.187695E-4
				5)	_sen	601	331	1.927854E-4
				6)	_sea	661	307	1.7880701E-4
			2)	_so	0	0	0.0
				1)	_sob	99	1142	6.6513877E-4
				2)	_son	443	403	2.3472059E-4
				3)	_soc	451	398	2.3180843E-4
				4)	_sol	508	371	2.1608273E-4
			3)	_su	0	0	0.0
				1)	_su_	107	1102	6.4184144E-4
				2)	_sus	243	589	3.4305317E-4
				3)	_sup	923	233	1.3570694E-4
			4)	_si	0	0	0.0
				1)	_sin	150	850	4.9506826E-4
				2)	_si_	226	611	3.558667E-4
				3)	_sig	795	267	1.5550967E-4
				4)	_sid	809	265	1.543448E-4
				5)	_sit	931	232	1.3512452E-4
				6)	_sie	983	222	1.2930018E-4
			5)	_só	0	0	0.0
				1)	_sól	589	337	1.9628E-4
		8)	_n	0	0	0.0
			1)	_no	0	0	0.0
				1)	_no_	29	2717	0.0015824711
				2)	_nos	207	667	3.8848296E-4
				3)	_nor	1061	205	1.19398814E-4
			2)	_nu	0	0	0.0
				1)	_nue	88	1230	7.163929E-4
			3)	_ne	0	0	0.0
				1)	_nec	257	575	3.3489912E-4
			4)	_na	0	0	0.0
				1)	_nac	876	247	1.43861E-4
		9)	_u	0	0	0.0
			1)	_un	0	0	0.0
				1)	_una	33	2646	0.0015411184
				2)	_un_	34	2572	0.0014980183
				3)	_uno	979	223	1.2988261E-4
			2)	_us	0	0	0.0
				1)	_ust	724	289	1.683232E-4
		10)	_r	0	0	0.0
			1)	_re	0	0	0.0
				1)	_res	64	1552	9.039364E-4
				2)	_rec	132	940	5.4748723E-4
				3)	_reg	198	687	4.0013163E-4
				4)	_ref	214	653	3.803289E-4
				5)	_rea	336	484	2.818977E-4
				6)	_rel	348	473	2.7549092E-4
				7)	_rep	593	335	1.9511514E-4
		11)	_a	0	0	0.0
			1)	_al	0	0	0.0
				1)	_al_	65	1533	8.928701E-4
				2)	_alg	254	579	3.3722885E-4
			2)	_an	0	0	0.0
				1)	_ant	284	544	3.1684368E-4
			3)	_ac	0	0	0.0
				1)	_act	315	503	2.929639E-4
				2)	_acu	756	279	1.6249887E-4
				3)	_ace	851	253	1.473556E-4
				4)	_acc	869	249	1.4502587E-4
			4)	_ap	0	0	0.0
				1)	_apl	449	399	2.3239086E-4
				2)	_apr	518	367	2.13753E-4
				3)	_apo	638	317	1.8463134E-4
			5)	_añ	0	0	0.0
				1)	_año	514	369	2.1491786E-4
			6)	_ay	0	0	0.0
				1)	_ayu	546	352	2.0501649E-4
			7)	_au	0	0	0.0
				1)	_aut	598	332	1.9336783E-4
			8)	_as	0	0	0.0
				1)	_así	615	325	1.892908E-4
				2)	_asu	752	280	1.630813E-4
			9)	_ah	0	0	0.0
				1)	_aho	684	301	1.7531241E-4
			10)	_aq	0	0	0.0
				1)	_aqu	725	288	1.6774077E-4
			11)	_ad	0	0	0.0
				1)	_ade	755	279	1.6249887E-4
			12)	_am	0	0	0.0
				1)	_amp	770	274	1.595867E-4
				2)	_amb	1068	204	1.1881638E-4
			13)	_ag	0	0	0.0
				1)	_agr	1009	218	1.2697045E-4
		12)	_t	0	0	0.0
			1)	_tr	0	0	0.0
				1)	_tra	71	1450	8.445282E-4
			2)	_to	0	0	0.0
				1)	_tod	90	1213	7.064915E-4
			3)	_ta	0	0	0.0
				1)	_tam	129	965	5.6204805E-4
				2)	_tan	361	464	2.7024903E-4
			4)	_te	0	0	0.0
				1)	_ten	149	853	4.9681554E-4
				2)	_tem	600	331	1.927854E-4
				3)	_ter	660	307	1.7880701E-4
			5)	_ti	0	0	0.0
				1)	_tie	236	601	3.5004236E-4
		13)	_h	0	0	0.0
			1)	_ha	0	0	0.0
				1)	_ha_	79	1350	7.8628486E-4
				2)	_hac	185	731	4.2575868E-4
				3)	_hay	232	604	3.5178967E-4
				4)	_han	271	563	3.2790992E-4
				5)	_hab	289	535	3.116018E-4
			2)	_he	0	0	0.0
				1)	_hec	645	315	1.8346647E-4
				2)	_hem	688	300	1.7472997E-4
				3)	_he_	1042	208	1.2114611E-4
			3)	_ho	0	0	0.0
				1)	_hoy	937	231	1.3454208E-4
		14)	_i	0	0	0.0
			1)	_in	0	0	0.0
				1)	_int	92	1191	6.93678E-4
				2)	_inf	168	794	4.6245198E-4
				3)	_ins	293	532	3.0985448E-4
				4)	_inc	325	495	2.8830444E-4
				5)	_ini	504	372	2.1666517E-4
				6)	_ind	532	360	2.0967596E-4
			2)	_im	0	0	0.0
				1)	_imp	121	1027	5.981589E-4
		15)	_m	0	0	0.0
			1)	_má	0	0	0.0
				1)	_más	109	1092	6.3601707E-4
			2)	_me	0	0	0.0
				1)	_med	175	773	4.502209E-4
				2)	_me_	314	503	2.929639E-4
				3)	_men	552	351	2.0443407E-4
				4)	_mer	586	340	1.980273E-4
				5)	_mej	804	266	1.5492724E-4
			3)	_mi	0	0	0.0
				1)	_mie	283	546	3.1800853E-4
				2)	_mi_	374	451	2.6267738E-4
				3)	_mis	402	426	2.4811656E-4
			4)	_ma	0	0	0.0
				1)	_man	303	518	3.017004E-4
				2)	_mar	448	401	2.3355572E-4
				3)	_may	631	319	1.857962E-4
				4)	_mat	1015	216	1.2580557E-4
			5)	_mu	0	0	0.0
				1)	_muy	370	453	2.6384226E-4
				2)	_muc	411	422	2.4578682E-4
			6)	_mo	0	0	0.0
				1)	_mod	459	394	2.294787E-4
		16)	_f	0	0	0.0
			1)	_fi	0	0	0.0
				1)	_fin	213	658	3.8324107E-4
			2)	_fo	0	0	0.0
				1)	_for	326	494	2.87722E-4
			3)	_fu	0	0	0.0
				1)	_fun	396	431	2.5102872E-4
				2)	_fue	663	307	1.7880701E-4
		17)	_g	0	0	0.0
			1)	_gr	0	0	0.0
				1)	_gra	251	582	3.3897616E-4
			2)	_ge	0	0	0.0
				1)	_gen	871	248	1.4444345E-4
		18)	_o	0	0	0.0
			1)	_ot	0	0	0.0
				1)	_otr	279	553	3.2208557E-4
			2)	_ob	0	0	0.0
				1)	_obj	551	351	2.0443407E-4
				2)	_obs	830	258	1.5026778E-4
			3)	_op	0	0	0.0
				1)	_opi	1014	216	1.2580557E-4
		19)	_y	0	0	0.0
			1)	_ya	0	0	0.0
				1)	_ya_	333	487	2.8364497E-4
			2)	_yo	0	0	0.0
				1)	_yo_	863	250	1.4560831E-4
		20)	_v	0	0	0.0
			1)	_ve	0	0	0.0
				1)	_ver	679	302	1.7589483E-4
				2)	_vez	885	245	1.4269614E-4
			2)	_vo	0	0	0.0
				1)	_vot	921	234	1.3628938E-4
			3)	_vi	0	0	0.0
				1)	_vis	977	223	1.2988261E-4
			4)	_va	0	0	0.0
				1)	_val	978	223	1.2988261E-4
		21)	_b	0	0	0.0
			1)	_bi	0	0	0.0
				1)	_bie	836	257	1.4968534E-4
			2)	_ba	0	0	0.0
				1)	_bas	1062	205	1.19398814E-4
			3)	_bu	0	0	0.0
				1)	_bue	1067	204	1.1881638E-4
		22)	_ú	0	0	0.0
			1)	_úl	0	0	0.0
				1)	_últ	892	243	1.4153127E-4
		23)	_á	0	0	0.0
			1)	_ám	0	0	0.0
				1)	_ámb	917	235	1.3687181E-4
		24)	_j	0	0	0.0
			1)	_ju	0	0	0.0
				1)	_jus	1051	207	1.2056368E-4
	2)	q	0	0	0.0
		1)	qu	0	0	0.0
			1)	que	0	0	0.0
				1)	que_	3	10460	0.0060922517
				2)	quer	1017	215	1.2522315E-4
			2)	qui	0	0	0.0
				1)	quie	224	618	3.5994375E-4
				2)	quis	665	306	1.7822457E-4
			3)	qué	0	0	0.0
				1)	qué_	920	234	1.3628938E-4
	3)	i	0	0	0.0
		1)	ió	0	0	0.0
			1)	ión	0	0	0.0
				1)	ión_	6	7059	0.004111396
		2)	io	0	0	0.0
			1)	ion	0	0	0.0
				1)	ione	40	2291	0.0013343545
				2)	iona	100	1137	6.622266E-4
			2)	ios	0	0	0.0
				1)	ios_	136	912	5.3117913E-4
		3)	id	0	0	0.0
			1)	ida	0	0	0.0
				1)	idad	42	2247	0.0013087274
				2)	ida_	313	503	2.929639E-4
				3)	idas	458	394	2.294787E-4
			2)	ido	0	0	0.0
				1)	ido_	66	1528	8.89958E-4
				2)	idos	880	246	1.4327858E-4
			3)	ide	0	0	0.0
				1)	ider	502	372	2.1666517E-4
				2)	iden	683	301	1.7531241E-4
		4)	ie	0	0	0.0
			1)	ien	0	0	0.0
				1)	ient	57	1714	9.982906E-4
				2)	iend	196	694	4.0420867E-4
				3)	iene	286	540	3.1451395E-4
				4)	ien_	794	267	1.5550967E-4
			2)	iem	0	0	0.0
				1)	iemb	300	527	3.0694233E-4
				2)	iemp	612	325	1.892908E-4
			3)	ier	0	0	0.0
				1)	iera	310	508	2.958761E-4
				2)	iero	377	443	2.580179E-4
				3)	iert	866	249	1.4502587E-4
				4)	iere	929	232	1.3512452E-4
		5)	ic	0	0	0.0
			1)	ica	0	0	0.0
				1)	ica_	86	1284	7.478443E-4
				2)	icac	298	528	3.0752475E-4
				3)	icas	363	461	2.6850172E-4
				4)	icad	811	264	1.5376238E-4
				5)	icar	907	237	1.3803667E-4
			2)	ico	0	0	0.0
				1)	ico_	193	703	4.0945056E-4
				2)	icos	470	388	2.259841E-4
			3)	ici	0	0	0.0
				1)	icio	217	652	3.7974646E-4
				2)	icia	234	602	3.5062482E-4
				3)	ició	501	373	2.172476E-4
				4)	icie	975	223	1.2988261E-4
			4)	icu	0	0	0.0
				1)	icul	608	327	1.9045567E-4
			5)	ich	0	0	0.0
				1)	icho	957	228	1.3279478E-4
		6)	in	0	0	0.0
			1)	int	0	0	0.0
				1)	inte	103	1121	6.5290765E-4
			2)	inf	0	0	0.0
				1)	info	200	684	3.9838432E-4
			3)	ini	0	0	0.0
				1)	inic	455	395	2.3006112E-4
			4)	ino	0	0	0.0
				1)	ino_	466	390	2.2714896E-4
			5)	inc	0	0	0.0
				1)	inci	469	388	2.259841E-4
				2)	incl	666	306	1.7822457E-4
			6)	ina	0	0	0.0
				1)	inan	528	361	2.102584E-4
				2)	inar	932	231	1.3454208E-4
				3)	inad	1019	215	1.2522315E-4
				4)	inal	1024	213	1.2405828E-4
			7)	ins	0	0	0.0
				1)	inst	534	358	2.0851109E-4
		7)	ié	0	0	0.0
			1)	ién	0	0	0.0
				1)	ién_	131	945	5.503994E-4
		8)	iv	0	0	0.0
			1)	iva	0	0	0.0
				1)	iva_	177	769	4.4789116E-4
				2)	ivas	672	305	1.7764214E-4
			2)	ivo	0	0	0.0
				1)	ivo_	346	474	2.7607335E-4
				2)	ivos	491	379	2.207422E-4
		9)	ia	0	0	0.0
			1)	ias	0	0	0.0
				1)	ias_	179	767	4.4672628E-4
			2)	ial	0	0	0.0
				1)	ial_	264	571	3.3256938E-4
				2)	iale	1027	212	1.2347584E-4
			3)	iac	0	0	0.0
				1)	iaci	526	363	2.1142326E-4
			4)	iat	0	0	0.0
				1)	iati	732	284	1.6541104E-4
			5)	iad	0	0	0.0
				1)	iado	766	275	1.6016913E-4
		10)	im	0	0	0.0
			1)	imp	0	0	0.0
				1)	impo	204	676	3.9372485E-4
			2)	imi	0	0	0.0
				1)	imie	375	448	2.609301E-4
			3)	ime	0	0	0.0
				1)	imer	525	363	2.1142326E-4
				2)	imen	895	242	1.4094885E-4
			4)	imo	0	0	0.0
				1)	imos	634	318	1.8521376E-4
				2)	imo_	810	264	1.5376238E-4
		11)	it	0	0	0.0
			1)	ita	0	0	0.0
				1)	itar	276	558	3.2499773E-4
			2)	ito	0	0	0.0
				1)	ito_	454	395	2.3006112E-4
			3)	iti	0	0	0.0
				1)	itiv	901	240	1.3978398E-4
			4)	itu	0	0	0.0
				1)	itua	993	220	1.2813532E-4
				2)	ituc	1040	209	1.21728546E-4
		12)	is	0	0	0.0
			1)	ist	0	0	0.0
				1)	iste	281	547	3.18591E-4
				2)	ista	421	417	2.4287465E-4
			2)	ism	0	0	0.0
				1)	ismo	330	488	2.8422743E-4
			3)	isi	0	0	0.0
				1)	isió	565	347	2.0210433E-4
				2)	isie	870	248	1.4444345E-4
			4)	isl	0	0	0.0
				1)	isla	1056	205	1.19398814E-4
			5)	isp	0	0	0.0
				1)	ispo	1075	201	1.1706908E-4
		13)	if	0	0	0.0
			1)	ifi	0	0	0.0
				1)	ific	282	546	3.1800853E-4
		14)	il	0	0	0.0
			1)	ili	0	0	0.0
				1)	ilid	292	532	3.0985448E-4
		15)	ib	0	0	0.0
			1)	ibl	0	0	0.0
				1)	ible	360	464	2.7024903E-4
			2)	ibi	0	0	0.0
				1)	ibil	961	226	1.3162992E-4
		16)	iz	0	0	0.0
			1)	iza	0	0	0.0
				1)	izac	404	425	2.4753413E-4
				2)	izar	606	328	1.910381E-4
				3)	izad	1018	215	1.2522315E-4
		17)	ir	0	0	0.0
			1)	ire	0	0	0.0
				1)	irec	483	383	2.2307193E-4
		18)	iu	0	0	0.0
			1)	iud	0	0	0.0
				1)	iuda	549	351	2.0443407E-4
		19)	ip	0	0	0.0
			1)	ipi	0	0	0.0
				1)	ipio	818	262	1.5259751E-4
		20)	ig	0	0	0.0
			1)	igu	0	0	0.0
				1)	igua	998	219	1.2755288E-4
	4)	l	0	0	0.0
		1)	lo	0	0	0.0
			1)	los	0	0	0.0
				1)	los_	9	5616	0.003270945
		2)	la	0	0	0.0
			1)	las	0	0	0.0
				1)	las_	15	3942	0.0022959518
			2)	lac	0	0	0.0
				1)	laci	274	561	3.2674504E-4
			3)	lar	0	0	0.0
				1)	lar_	331	487	2.8364497E-4
				2)	lara	801	266	1.5492724E-4
			4)	lam	0	0	0.0
				1)	lame	603	330	1.9220296E-4
			5)	lat	0	0	0.0
				1)	lati	737	283	1.648286E-4
			6)	lan	0	0	0.0
				1)	lant	738	283	1.648286E-4
			7)	lad	0	0	0.0
				1)	lado	832	257	1.4968534E-4
			8)	lab	0	0	0.0
				1)	labo	1005	218	1.2697045E-4
		3)	le	0	0	0.0
			1)	les	0	0	0.0
				1)	les_	44	2148	0.0012510666
			2)	leg	0	0	0.0
				1)	lega	382	439	2.5568818E-4
				2)	legi	800	266	1.5492724E-4
			3)	lem	0	0	0.0
				1)	lema	633	318	1.8521376E-4
				2)	leme	914	235	1.3687181E-4
			4)	leo	0	0	0.0
				1)	leo_	1004	218	1.2697045E-4
		4)	li	0	0	0.0
			1)	lid	0	0	0.0
				1)	lida	128	965	5.6204805E-4
			2)	liz	0	0	0.0
				1)	liza	239	599	3.488775E-4
			3)	lic	0	0	0.0
				1)	lica	248	587	3.418883E-4
				2)	lici	974	223	1.2988261E-4
		5)	lí	0	0	0.0
			1)	lít	0	0	0.0
				1)	líti	154	833	4.8516688E-4
		6)	lm	0	0	0.0
			1)	lme	0	0	0.0
				1)	lmen	228	610	3.5528428E-4
		7)	ll	0	0	0.0
			1)	llo	0	0	0.0
				1)	llo_	277	555	3.2325045E-4
		8)	lg	0	0	0.0
			1)	lgu	0	0	0.0
				1)	lgun	524	363	2.1142326E-4
		9)	lu	0	0	0.0
			1)	lug	0	0	0.0
				1)	luga	572	344	2.0035703E-4
			2)	luc	0	0	0.0
				1)	luci	671	305	1.7764214E-4
		10)	lt	0	0	0.0
			1)	lti	0	0	0.0
				1)	ltim	853	252	1.4677318E-4
			2)	lta	0	0	0.0
				1)	ltad	992	220	1.2813532E-4
			3)	ltu	0	0	0.0
				1)	ltur	1035	210	1.2231097E-4
	5)	c	0	0	0.0
		1)	ci	0	0	0.0
			1)	ció	0	0	0.0
				1)	ción	10	5544	0.00322901
			2)	cio	0	0	0.0
				1)	cion	36	2456	0.0014304561
				2)	cio_	630	319	1.857962E-4
				3)	cios	860	251	1.4619074E-4
			3)	cia	0	0	0.0
				1)	cia_	61	1679	9.779054E-4
				2)	cial	166	805	4.6885875E-4
				3)	cias	355	467	2.719963E-4
				4)	ciat	740	283	1.648286E-4
			4)	cie	0	0	0.0
				1)	cien	349	470	2.7374362E-4
				2)	cier	380	441	2.5685306E-4
			5)	cir	0	0	0.0
				1)	cir_	496	377	2.1957733E-4
			6)	ciu	0	0	0.0
				1)	ciud	550	351	2.0443407E-4
			7)	cip	0	0	0.0
				1)	cipi	791	268	1.5609211E-4
				2)	cipa	898	241	1.403664E-4
			8)	cis	0	0	0.0
				1)	cisi	867	249	1.4502587E-4
			9)	cit	0	0	0.0
				1)	cita	1008	218	1.2697045E-4
			10)	cid	0	0	0.0
				1)	cido	1028	212	1.2347584E-4
			11)	cim	0	0	0.0
				1)	cimi	1059	205	1.19398814E-4
		2)	co	0	0	0.0
			1)	con	0	0	0.0
				1)	con_	47	2041	0.0011887462
				2)	cont	74	1391	8.101646E-4
				3)	cons	85	1299	7.565808E-4
				4)	conc	280	551	3.2092072E-4
				5)	cono	555	350	2.0385162E-4
				6)	conf	673	305	1.7764214E-4
				7)	cond	739	283	1.648286E-4
				8)	conó	748	282	1.6424617E-4
				9)	conv	826	260	1.5143264E-4
			2)	com	0	0	0.0
				1)	como	97	1160	6.7562255E-4
				2)	comp	110	1085	6.3194E-4
				3)	comu	354	467	2.719963E-4
				4)	come	976	223	1.2988261E-4
			3)	cos	0	0	0.0
				1)	cos_	334	486	2.8306255E-4
			4)	col	0	0	0.0
				1)	cole	856	252	1.4677318E-4
		3)	ch	0	0	0.0
			1)	cho	0	0	0.0
				1)	cho_	152	834	4.857493E-4
				2)	chos	635	318	1.8521376E-4
			2)	cha	0	0	0.0
				1)	cha_	733	284	1.6541104E-4
		4)	ce	0	0	0.0
			1)	cer	0	0	0.0
				1)	cer_	240	599	3.488775E-4
			2)	ces	0	0	0.0
				1)	cesa	587	339	1.9744487E-4
				2)	cesi	626	321	1.8696107E-4
				3)	ces_	712	293	1.7065294E-4
				4)	ceso	962	226	1.3162992E-4
			3)	cen	0	0	0.0
				1)	cent	808	265	1.543448E-4
			4)	cep	0	0	0.0
				1)	cept	1021	215	1.2522315E-4
		5)	ct	0	0	0.0
			1)	cto	0	0	0.0
				1)	cto_	249	585	3.4072343E-4
				2)	ctor	562	349	2.032692E-4
				3)	ctos	573	344	2.0035703E-4
			2)	cti	0	0	0.0
				1)	ctiv	259	574	3.3431666E-4
			3)	ctu	0	0	0.0
				1)	ctua	713	292	1.700705E-4
				2)	ctur	945	229	1.3337721E-4
		6)	cc	0	0	0.0
			1)	cci	0	0	0.0
				1)	cció	261	573	3.3373424E-4
		7)	ca	0	0	0.0
			1)	cac	0	0	0.0
				1)	caci	287	540	3.1451395E-4
			2)	cas	0	0	0.0
				1)	cas_	329	490	2.8539228E-4
				2)	caso	651	310	1.805543E-4
			3)	cad	0	0	0.0
				1)	cado	339	478	2.7840308E-4
				2)	cada	697	298	1.735651E-4
			4)	car	0	0	0.0
				1)	car_	857	252	1.4677318E-4
			5)	cam	0	0	0.0
				1)	camb	989	221	1.2871774E-4
		8)	cu	0	0	0.0
			1)	cue	0	0	0.0
				1)	cuen	340	477	2.7782065E-4
				2)	cues	442	404	2.3530303E-4
				3)	cuer	657	308	1.7938943E-4
			2)	cua	0	0	0.0
				1)	cuan	480	386	2.2481923E-4
				2)	cual	815	263	1.5317994E-4
			3)	cul	0	0	0.0
				1)	cula	624	322	1.875435E-4
				2)	culo	641	316	1.840489E-4
				3)	cult	654	309	1.7997187E-4
			4)	cup	0	0	0.0
				1)	cupa	1058	205	1.19398814E-4
		9)	cl	0	0	0.0
			1)	cla	0	0	0.0
				1)	clar	386	438	2.5510576E-4
			2)	clu	0	0	0.0
				1)	clus	904	239	1.3920154E-4
		10)	cr	0	0	0.0
			1)	cre	0	0	0.0
				1)	creo	716	291	1.6948808E-4
				2)	crea	1007	218	1.2697045E-4
	6)	n	0	0	0.0
		1)	nt	0	0	0.0
			1)	nte	0	0	0.0
				1)	nte_	13	4653	0.0027100618
				2)	ntes	104	1120	6.523252E-4
				3)	nter	122	1021	5.946643E-4
				4)	nten	335	485	2.8248012E-4
			2)	nto	0	0	0.0
				1)	nto_	43	2172	0.001265045
				2)	ntos	218	650	3.785816E-4
			3)	ntr	0	0	0.0
				1)	ntra	148	854	4.9739797E-4
				2)	ntre	327	492	2.8655716E-4
				3)	ntro	358	464	2.7024903E-4
			4)	nta	0	0	0.0
				1)	ntar	275	559	3.255802E-4
				2)	nta_	342	476	2.7723823E-4
				3)	ntal	647	313	1.823016E-4
				4)	ntad	759	276	1.6075157E-4
			5)	nti	0	0	0.0
				1)	ntid	982	222	1.2930018E-4
		2)	ne	0	0	0.0
			1)	nes	0	0	0.0
				1)	nes_	32	2650	0.0015434481
			2)	nec	0	0	0.0
				1)	nece	225	616	3.5877887E-4
			3)	ner	0	0	0.0
				1)	ner_	477	386	2.2481923E-4
				2)	nera	579	342	1.9919216E-4
			4)	nem	0	0	0.0
				1)	nemo	789	268	1.5609211E-4
			5)	nen	0	0	0.0
				1)	nent	944	230	1.3395965E-4
				2)	nen_	956	228	1.3279478E-4
		3)	nc	0	0	0.0
			1)	nci	0	0	0.0
				1)	ncia	51	1983	0.0011549651
				2)	ncio	460	393	2.2889626E-4
				3)	ncip	585	340	1.980273E-4
				4)	nció	704	295	1.7181781E-4
				5)	ncie	829	258	1.5026778E-4
			2)	ncl	0	0	0.0
				1)	nclu	478	386	2.2481923E-4
		4)	no	0	0	0.0
			1)	nos	0	0	0.0
				1)	nos_	63	1620	9.435418E-4
			2)	nor	0	0	0.0
				1)	norm	890	243	1.4153127E-4
		5)	nd	0	0	0.0
			1)	ndo	0	0	0.0
				1)	ndo_	69	1452	8.4569305E-4
			2)	nda	0	0	0.0
				1)	nda_	784	270	1.5725697E-4
				2)	ndam	943	231	1.3454208E-4
				3)	ndas	1083	200	1.1648665E-4
			3)	ndi	0	0	0.0
				1)	ndic	847	254	1.4793804E-4
			4)	nde	0	0	0.0
				1)	nde_	912	235	1.3687181E-4
		6)	nf	0	0	0.0
			1)	nfo	0	0	0.0
				1)	nfor	178	768	4.4730873E-4
		7)	nu	0	0	0.0
			1)	nue	0	0	0.0
				1)	nues	182	758	4.414844E-4
				2)	nuev	345	474	2.7607335E-4
		8)	na	0	0	0.0
			1)	nas	0	0	0.0
				1)	nas_	216	652	3.7974646E-4
			2)	nac	0	0	0.0
				1)	naci	247	587	3.418883E-4
			3)	nal	0	0	0.0
				1)	nal_	290	534	3.1101934E-4
				2)	nale	487	381	2.2190706E-4
			4)	nan	0	0	0.0
				1)	nanc	622	322	1.875435E-4
			5)	nad	0	0	0.0
				1)	nada	798	266	1.5492724E-4
				2)	nado	872	247	1.43861E-4
			6)	nar	0	0	0.0
				1)	nar_	805	265	1.543448E-4
		9)	ni	0	0	0.0
			1)	nic	0	0	0.0
				1)	nici	418	418	2.4345709E-4
				2)	nica	886	244	1.4211371E-4
			2)	nit	0	0	0.0
				1)	nita	761	276	1.6075157E-4
			3)	nid	0	0	0.0
				1)	nida	894	242	1.4094885E-4
				2)	nido	987	221	1.2871774E-4
		10)	ns	0	0	0.0
			1)	nsi	0	0	0.0
				1)	nsid	568	345	2.0093947E-4
			2)	nst	0	0	0.0
				1)	nsti	640	316	1.840489E-4
				2)	nstr	955	228	1.3279478E-4
			3)	nsa	0	0	0.0
				1)	nsab	711	293	1.7065294E-4
		11)	nó	0	0	0.0
			1)	nóm	0	0	0.0
				1)	nómi	746	282	1.6424617E-4
		12)	nm	0	0	0.0
			1)	nmi	0	0	0.0
				1)	nmie	760	276	1.6075157E-4
	7)	e	0	0	0.0
		1)	en	0	0	0.0
			1)	ent	0	0	0.0
				1)	ente	14	4375	0.0025481454
				2)	ento	55	1727	0.0010058621
				3)	enta	60	1689	9.837297E-4
				4)	entr	125	993	5.783562E-4
				5)	enti	773	273	1.5900427E-4
			2)	enc	0	0	0.0
				1)	enci	49	2000	0.0011648665
			3)	ene	0	0	0.0
				1)	ener	235	601	3.5004236E-4
				2)	ene_	611	326	1.8987323E-4
				3)	enem	915	235	1.3687181E-4
			4)	end	0	0	0.0
				1)	enda	385	438	2.5510576E-4
				2)	endo	423	416	2.4229223E-4
				3)	ende	554	350	2.0385162E-4
			5)	enm	0	0	0.0
				1)	enmi	762	276	1.6075157E-4
			6)	ens	0	0	0.0
				1)	ensa	828	259	1.508502E-4
			7)	eni	0	0	0.0
				1)	enid	855	252	1.4677318E-4
		2)	es	0	0	0.0
			1)	est	0	0	0.0
				1)	esta	27	2818	0.0016412969
				2)	esto	84	1303	7.589105E-4
				3)	estr	87	1233	7.1814016E-4
				4)	este	89	1222	7.117334E-4
				5)	esti	161	819	4.7701283E-4
				6)	está	260	573	3.3373424E-4
			2)	esp	0	0	0.0
				1)	espe	113	1071	6.23786E-4
				2)	espo	434	408	2.3763276E-4
			3)	esa	0	0	0.0
				1)	esar	155	833	4.8516688E-4
				2)	esa_	488	381	2.2190706E-4
				3)	esas	667	306	1.7822457E-4
			4)	ese	0	0	0.0
				1)	esen	197	692	4.0304378E-4
				2)	ese_	779	271	1.578394E-4
			5)	eso	0	0	0.0
				1)	eso_	398	427	2.4869898E-4
			6)	esd	0	0	0.0
				1)	esde	802	266	1.5492724E-4
			7)	esi	0	0	0.0
				1)	esid	887	244	1.4211371E-4
				2)	esió	1000	219	1.2755288E-4
			8)	esu	0	0	0.0
				1)	esul	903	239	1.3920154E-4
		3)	em	0	0	0.0
			1)	emo	0	0	0.0
				1)	emos	59	1690	9.843122E-4
			2)	emb	0	0	0.0
				1)	embr	297	529	3.0810718E-4
				2)	emba	849	253	1.473556E-4
			3)	ema	0	0	0.0
				1)	ema_	321	498	2.9005174E-4
				2)	emas	489	380	2.2132463E-4
			4)	eme	0	0	0.0
				1)	emen	332	487	2.8364497E-4
			5)	emp	0	0	0.0
				1)	empl	353	467	2.719963E-4
				2)	empr	499	376	2.189949E-4
				3)	empo	935	231	1.3454208E-4
			6)	emá	0	0	0.0
				1)	emás	934	231	1.3454208E-4
		4)	er	0	0	0.0
			1)	ero	0	0	0.0
				1)	ero_	68	1466	8.5384713E-4
				2)	eros	833	257	1.4968534E-4
			2)	era	0	0	0.0
				1)	era_	115	1063	6.1912654E-4
				2)	erac	772	273	1.5900427E-4
				3)	eral	1006	218	1.2697045E-4
				4)	eran	1013	216	1.2580557E-4
				5)	erar	1057	205	1.19398814E-4
			3)	erc	0	0	0.0
				1)	erca	416	419	2.4403952E-4
			4)	ere	0	0	0.0
				1)	eren	440	406	2.364679E-4
				2)	erec	582	341	1.9860973E-4
				3)	eres	891	243	1.4153127E-4
			5)	erí	0	0	0.0
				1)	ería	479	386	2.2481923E-4
			6)	eri	0	0	0.0
				1)	erio	531	360	2.0967596E-4
				2)	eria	834	257	1.4968534E-4
			7)	erm	0	0	0.0
				1)	ermi	569	345	2.0093947E-4
			8)	ert	0	0	0.0
				1)	erta	722	289	1.683232E-4
				2)	erto	1077	201	1.1706908E-4
			9)	erd	0	0	0.0
				1)	erdo	730	285	1.6599346E-4
			10)	ers	0	0	0.0
				1)	erso	842	255	1.4852047E-4
			11)	ern	0	0	0.0
				1)	erna	902	240	1.3978398E-4
		5)	eñ	0	0	0.0
			1)	eño	0	0	0.0
				1)	eñor	117	1061	6.1796163E-4
		6)	ec	0	0	0.0
			1)	ect	0	0	0.0
				1)	ecto	126	993	5.783562E-4
				2)	ecti	493	378	2.2015977E-4
				3)	ecta	659	307	1.7880701E-4
			2)	ece	0	0	0.0
				1)	eces	201	684	3.9838432E-4
				2)	ece_	763	276	1.6075157E-4
				3)	ecer	909	236	1.3745425E-4
			3)	ech	0	0	0.0
				1)	echo	229	609	3.5470183E-4
				2)	echa	1073	202	1.17651514E-4
			4)	eco	0	0	0.0
				1)	econ	258	574	3.3431666E-4
			5)	eci	0	0	0.0
				1)	ecis	430	411	2.3938005E-4
				2)	ecir	538	355	2.067638E-4
				3)	ecia	875	247	1.43861E-4
				4)	ecid	1020	215	1.2522315E-4
			6)	ecc	0	0	0.0
				1)	ecci	767	275	1.6016913E-4
			7)	ecu	0	0	0.0
				1)	ecue	930	232	1.3512452E-4
		7)	eu	0	0	0.0
			1)	eur	0	0	0.0
				1)	euro	205	674	3.9256E-4
		8)	et	0	0	0.0
			1)	ete	0	0	0.0
				1)	eten	384	438	2.5510576E-4
			2)	eti	0	0	0.0
				1)	etiv	719	290	1.6890564E-4
		9)	eg	0	0	0.0
			1)	egu	0	0	0.0
				1)	egur	393	433	2.521936E-4
				2)	egun	400	426	2.4811656E-4
				3)	egui	843	255	1.4852047E-4
			2)	egi	0	0	0.0
				1)	egio	482	385	2.2423679E-4
		10)	ed	0	0	0.0
			1)	ede	0	0	0.0
				1)	ede_	417	419	2.4403952E-4
			2)	edi	0	0	0.0
				1)	edid	537	355	2.067638E-4
				2)	edio	613	325	1.892908E-4
			3)	eda	0	0	0.0
				1)	edad	1048	207	1.2056368E-4
		11)	eb	0	0	0.0
			1)	ebe	0	0	0.0
				1)	ebe_	419	418	2.4345709E-4
				2)	eber	778	272	1.5842184E-4
				3)	ebem	812	264	1.5376238E-4
			2)	eba	0	0	0.0
				1)	ebat	507	371	2.1608273E-4
		12)	el	0	0	0.0
			1)	ell	0	0	0.0
				1)	ello	481	385	2.2423679E-4
			2)	ela	0	0	0.0
				1)	elac	959	227	1.3221234E-4
		13)	ea	0	0	0.0
			1)	eal	0	0	0.0
				1)	eali	747	282	1.6424617E-4
		14)	ef	0	0	0.0
			1)	efi	0	0	0.0
				1)	efic	749	281	1.6366373E-4
			2)	efo	0	0	0.0
				1)	efor	823	261	1.5201507E-4
			3)	efe	0	0	0.0
				1)	efec	1069	203	1.1823395E-4
		15)	ej	0	0	0.0
			1)	ejo	0	0	0.0
				1)	ejor	803	266	1.5492724E-4
		16)	ex	0	0	0.0
			1)	exi	0	0	0.0
				1)	exis	819	262	1.5259751E-4
	8)	m	0	0	0.0
		1)	me	0	0	0.0
			1)	men	0	0	0.0
				1)	ment	16	3866	0.0022516868
			2)	med	0	0	0.0
				1)	medi	159	823	4.7934256E-4
			3)	mer	0	0	0.0
				1)	merc	561	349	2.032692E-4
			4)	mej	0	0	0.0
				1)	mejo	799	266	1.5492724E-4
		2)	mo	0	0	0.0
			1)	mos	0	0	0.0
				1)	mos_	21	3271	0.0019051391
		3)	má	0	0	0.0
			1)	más	0	0	0.0
				1)	más_	82	1331	7.7521865E-4
		4)	mi	0	0	0.0
			1)	mie	0	0	0.0
				1)	mien	105	1112	6.4766576E-4
				2)	miem	359	464	2.7024903E-4
			2)	min	0	0	0.0
				1)	mina	422	416	2.4229223E-4
			3)	mis	0	0	0.0
				1)	mism	441	404	2.3530303E-4
		5)	mb	0	0	0.0
			1)	mbi	0	0	0.0
				1)	mbié	138	899	5.236075E-4
				2)	mbit	913	235	1.3687181E-4
				3)	mbie	1030	211	1.2289341E-4
			2)	mbr	0	0	0.0
				1)	mbro	350	468	2.7257876E-4
				2)	mbre	841	255	1.4852047E-4
			3)	mba	0	0	0.0
				1)	mbar	838	256	1.4910291E-4
		6)	ma	0	0	0.0
			1)	mas	0	0	0.0
				1)	mas_	167	796	4.6361686E-4
			2)	may	0	0	0.0
				1)	mayo	629	319	1.857962E-4
			3)	mar	0	0	0.0
				1)	marc	865	249	1.4502587E-4
			4)	mac	0	0	0.0
				1)	maci	873	247	1.43861E-4
			5)	mat	0	0	0.0
				1)	mate	1039	209	1.21728546E-4
			6)	man	0	0	0.0
				1)	mane	1070	203	1.1823395E-4
		7)	mp	0	0	0.0
			1)	mpo	0	0	0.0
				1)	mpor	227	610	3.5528428E-4
				2)	mpo_	900	240	1.3978398E-4
			2)	mpr	0	0	0.0
				1)	mpre	307	512	2.9820582E-4
			3)	mpl	0	0	0.0
				1)	mple	383	438	2.5510576E-4
				2)	mpli	407	424	2.4695168E-4
			4)	mpe	0	0	0.0
				1)	mpet	453	396	2.3064356E-4
		8)	mu	0	0	0.0
			1)	muy	0	0	0.0
				1)	muy_	369	453	2.6384226E-4
			2)	mun	0	0	0.0
				1)	muni	372	452	2.6325983E-4
			3)	muc	0	0	0.0
				1)	much	410	422	2.4578682E-4
	9)	a	0	0	0.0
		1)	ac	0	0	0.0
			1)	aci	0	0	0.0
				1)	ació	17	3743	0.0021800476
				2)	acio	80	1338	7.792957E-4
				3)	acia	510	370	2.155003E-4
			2)	ace	0	0	0.0
				1)	acer	344	475	2.7665577E-4
				2)	ace_	958	228	1.3279478E-4
			3)	acc	0	0	0.0
				1)	acci	677	303	1.7647728E-4
			4)	act	0	0	0.0
				1)	actu	729	286	1.665759E-4
				2)	acti	1050	207	1.2056368E-4
			5)	acu	0	0	0.0
				1)	acue	844	255	1.4852047E-4
		2)	ad	0	0	0.0
			1)	ado	0	0	0.0
				1)	ado_	31	2698	0.0015714049
				2)	ados	123	1018	5.9291703E-4
				3)	ador	674	304	1.770597E-4
			2)	ada	0	0	0.0
				1)	ada_	119	1029	5.993238E-4
				2)	adas	305	515	2.9995313E-4
				3)	adan	714	292	1.700705E-4
			3)	ade	0	0	0.0
				1)	ades	268	570	3.3198693E-4
		3)	ar	0	0	0.0
			1)	ara	0	0	0.0
				1)	ara_	39	2312	0.0013465856
				2)	aran	1025	213	1.2405828E-4
			2)	ari	0	0	0.0
				1)	ario	174	776	4.519682E-4
				2)	aria	256	576	3.3548154E-4
			3)	art	0	0	0.0
				1)	arti	301	525	3.0577744E-4
				2)	arte	445	402	2.3413816E-4
			4)	arr	0	0	0.0
				1)	arro	492	379	2.207422E-4
			5)	arg	0	0	0.0
				1)	argo	539	355	2.067638E-4
			6)	ars	0	0	0.0
				1)	arse	628	320	1.8637863E-4
			7)	are	0	0	0.0
				1)	arec	741	283	1.648286E-4
			8)	ará	0	0	0.0
				1)	ará_	774	273	1.5900427E-4
			9)	arí	0	0	0.0
				1)	aría	971	224	1.3046505E-4
		4)	an	0	0	0.0
			1)	ant	0	0	0.0
				1)	ante	46	2043	0.001189911
				2)	anto	378	442	2.574355E-4
				3)	anti	642	316	1.840489E-4
			2)	and	0	0	0.0
				1)	ando	181	761	4.432317E-4
			3)	anc	0	0	0.0
				1)	anci	222	641	3.733397E-4
			4)	ano	0	0	0.0
				1)	anos	435	408	2.3763276E-4
			5)	anz	0	0	0.0
				1)	anza	820	262	1.5259751E-4
			6)	ans	0	0	0.0
				1)	ansp	916	235	1.3687181E-4
			7)	ana	0	0	0.0
				1)	ana_	1049	207	1.2056368E-4
		5)	am	0	0	0.0
			1)	ame	0	0	0.0
				1)	amen	50	1998	0.0011637016
			2)	amb	0	0	0.0
				1)	ambi	75	1379	8.0317544E-4
			3)	amo	0	0	0.0
				1)	amos	95	1178	6.8610633E-4
			4)	ama	0	0	0.0
				1)	ama_	584	341	1.9860973E-4
			5)	ami	0	0	0.0
				1)	amie	691	299	1.7414754E-4
				2)	amin	1060	205	1.19398814E-4
			6)	amp	0	0	0.0
				1)	ampl	781	271	1.578394E-4
		6)	al	0	0	0.0
			1)	ale	0	0	0.0
				1)	ales	70	1450	8.445282E-4
			2)	alm	0	0	0.0
				1)	alme	241	598	3.4829509E-4
			3)	ali	0	0	0.0
				1)	aliz	408	423	2.4636925E-4
				2)	alid	574	344	2.0035703E-4
			4)	alg	0	0	0.0
				1)	algu	494	378	2.2015977E-4
		7)	at	0	0	0.0
			1)	ati	0	0	0.0
				1)	ativ	163	816	4.7526552E-4
			2)	ate	0	0	0.0
				1)	ate_	701	296	1.7240024E-4
				2)	ater	947	229	1.3337721E-4
			3)	ata	0	0	0.0
				1)	ata_	1079	201	1.1706908E-4
		8)	ab	0	0	0.0
			1)	abl	0	0	0.0
				1)	able	171	786	4.577925E-4
			2)	aba	0	0	0.0
				1)	abaj	390	435	2.5335845E-4
			3)	abo	0	0	0.0
				1)	abor	702	296	1.7240024E-4
			4)	abi	0	0	0.0
				1)	abil	720	290	1.6890564E-4
		9)	ay	0	0	0.0
			1)	ayu	0	0	0.0
				1)	ayud	556	350	2.0385162E-4
			2)	ayo	0	0	0.0
				1)	ayor	656	309	1.7997187E-4
		10)	ap	0	0	0.0
			1)	apl	0	0	0.0
				1)	apli	607	328	1.910381E-4
			2)	apr	0	0	0.0
				1)	apro	775	273	1.5900427E-4
			3)	apo	0	0	0.0
				1)	apoy	868	249	1.4502587E-4
		11)	as	0	0	0.0
			1)	así	0	0	0.0
				1)	así_	614	325	1.892908E-4
			2)	aso	0	0	0.0
				1)	aso_	650	313	1.823016E-4
			3)	ast	0	0	0.0
				1)	asta	881	246	1.4327858E-4
			4)	asu	0	0	0.0
				1)	asun	968	225	1.3104748E-4
		12)	aj	0	0	0.0
			1)	ajo	0	0	0.0
				1)	ajo_	662	307	1.7880701E-4
		13)	ah	0	0	0.0
			1)	aho	0	0	0.0
				1)	ahor	692	299	1.7414754E-4
		14)	au	0	0	0.0
			1)	aut	0	0	0.0
				1)	auto	700	296	1.7240024E-4
		15)	aí	0	0	0.0
			1)	aís	0	0	0.0
				1)	aíse	708	294	1.7123537E-4
		16)	añ	0	0	0.0
			1)	año	0	0	0.0
				1)	años	850	253	1.473556E-4
		17)	av	0	0	0.0
			1)	avo	0	0	0.0
				1)	avor	990	221	1.2871774E-4
	10)	d	0	0	0.0
		1)	de	0	0	0.0
			1)	del	0	0	0.0
				1)	del_	26	3048	0.0017752565
			2)	deb	0	0	0.0
				1)	debe	102	1130	6.5814954E-4
				2)	deba	484	383	2.2307193E-4
			3)	des	0	0	0.0
				1)	des_	162	819	4.7701283E-4
				2)	desa	316	502	2.9238148E-4
				3)	dese	544	352	2.0501649E-4
				4)	desd	790	268	1.5609211E-4
			4)	dec	0	0	0.0
				1)	deci	190	717	4.1760464E-4
			5)	dem	0	0	0.0
				1)	demo	426	415	2.4170979E-4
				2)	demá	936	231	1.3454208E-4
			6)	der	0	0	0.0
				1)	dera	468	390	2.2714896E-4
				2)	dere	523	364	2.120057E-4
				3)	der_	618	324	1.8870836E-4
			7)	den	0	0	0.0
				1)	dent	485	382	2.224895E-4
				2)	den_	517	368	2.1433544E-4
		2)	da	0	0	0.0
			1)	dad	0	0	0.0
				1)	dad_	45	2111	0.0012295166
				2)	dade	266	571	3.3256938E-4
				3)	dada	623	322	1.875435E-4
			2)	das	0	0	0.0
				1)	das_	67	1504	8.759796E-4
			3)	dam	0	0	0.0
				1)	dame	439	407	2.3705032E-4
			4)	dar	0	0	0.0
				1)	dar_	503	372	2.1666517E-4
			5)	dan	0	0	0.0
				1)	dano	835	257	1.4968534E-4
		3)	do	0	0	0.0
			1)	dos	0	0	0.0
				1)	dos_	48	2021	0.0011770976
			2)	dor	0	0	0.0
				1)	dore	1012	217	1.2638801E-4
		4)	di	0	0	0.0
			1)	did	0	0	0.0
				1)	dida	431	411	2.3938005E-4
				2)	dido	1078	201	1.1706908E-4
			2)	dir	0	0	0.0
				1)	dire	467	390	2.2714896E-4
			3)	dic	0	0	0.0
				1)	dici	625	321	1.8696107E-4
				2)	dich	698	297	1.7298268E-4
				3)	dica	839	256	1.4910291E-4
			4)	dis	0	0	0.0
				1)	disp	723	289	1.683232E-4
			5)	dif	0	0	0.0
				1)	difi	1031	211	1.2289341E-4
	11)	p	0	0	0.0
		1)	po	0	0	0.0
			1)	por	0	0	0.0
				1)	por_	28	2717	0.0015824711
				2)	port	124	1012	5.894224E-4
				3)	porq	610	326	1.8987323E-4
			2)	pol	0	0	0.0
				1)	polí	156	832	4.8458445E-4
			3)	pos	0	0	0.0
				1)	posi	180	761	4.432317E-4
			4)	pon	0	0	0.0
				1)	pone	250	582	3.3897616E-4
				2)	pons	788	268	1.5609211E-4
			5)	pod	0	0	0.0
				1)	pode	727	287	1.6715833E-4
				2)	podr	954	228	1.3279478E-4
		2)	pa	0	0	0.0
			1)	par	0	0	0.0
				1)	para	38	2338	0.0013617289
				2)	part	118	1029	5.993238E-4
				3)	pare	472	387	2.2540166E-4
			2)	paí	0	0	0.0
				1)	país	399	426	2.4811656E-4
			3)	pac	0	0	0.0
				1)	paci	560	349	2.032692E-4
		3)	pr	0	0	0.0
			1)	pre	0	0	0.0
				1)	pres	78	1359	7.9152675E-4
				2)	prec	616	324	1.8870836E-4
				3)	preg	840	255	1.4852047E-4
			2)	pro	0	0	0.0
				1)	prop	141	886	5.160358E-4
				2)	prob	267	570	3.3198693E-4
				3)	prog	273	561	3.2674504E-4
				4)	proc	457	394	2.294787E-4
				5)	proy	949	229	1.3337721E-4
				6)	prod	967	225	1.3104748E-4
				7)	prom	969	224	1.3046505E-4
			3)	pri	0	0	0.0
				1)	prim	433	408	2.3763276E-4
				2)	prin	581	341	1.9860973E-4
		4)	pu	0	0	0.0
			1)	pue	0	0	0.0
				1)	pues	91	1200	6.989199E-4
				2)	pued	189	718	4.1818706E-4
			2)	pun	0	0	0.0
				1)	punt	541	353	2.0559893E-4
		5)	pe	0	0	0.0
			1)	per	0	0	0.0
				1)	pero	169	790	4.6012225E-4
				2)	pera	351	467	2.719963E-4
				3)	pers	597	333	1.9395027E-4
				4)	perm	678	302	1.7589483E-4
				5)	peri	1082	201	1.1706908E-4
			2)	pec	0	0	0.0
				1)	pect	288	538	3.1334907E-4
				2)	peci	884	245	1.4269614E-4
			3)	pet	0	0	0.0
				1)	pete	547	351	2.0443407E-4
			4)	pea	0	0	0.0
				1)	pea_	1033	210	1.2231097E-4
		6)	pl	0	0	0.0
			1)	pli	0	0	0.0
				1)	plic	381	440	2.5627064E-4
				2)	plia	986	221	1.2871774E-4
			2)	pla	0	0	0.0
				1)	plan	542	353	2.0559893E-4
		7)	pi	0	0	0.0
			1)	pio	0	0	0.0
				1)	pio_	925	233	1.3570694E-4
	12)	u	0	0	0.0
		1)	un	0	0	0.0
			1)	una	0	0	0.0
				1)	una_	30	2698	0.0015714049
				2)	unas	1063	204	1.1881638E-4
			2)	unt	0	0	0.0
				1)	unto	203	677	3.943073E-4
				2)	unta	543	352	2.0501649E-4
			3)	und	0	0	0.0
				1)	unda	580	341	1.9860973E-4
				2)	undo	888	243	1.4153127E-4
			4)	unc	0	0	0.0
				1)	unci	602	330	1.9220296E-4
			5)	uno	0	0	0.0
				1)	unos	813	263	1.5317994E-4
			6)	uni	0	0	0.0
				1)	unit	821	261	1.5201507E-4
		2)	ue	0	0	0.0
			1)	ues	0	0	0.0
				1)	uest	41	2273	0.0013238707
				2)	ues_	1016	215	1.2522315E-4
			2)	ued	0	0	0.0
				1)	uede	322	497	2.8946932E-4
				2)	ueda	707	294	1.7123537E-4
			3)	uen	0	0	0.0
				1)	uent	558	349	2.032692E-4
			4)	uer	0	0	0.0
				1)	uerd	669	305	1.7764214E-4
			5)	uev	0	0	0.0
				1)	uevo	837	256	1.4910291E-4
				2)	ueva	1043	207	1.2056368E-4
		3)	ur	0	0	0.0
			1)	uro	0	0	0.0
				1)	urop	252	580	3.3781127E-4
				2)	uro_	926	232	1.3512452E-4
			2)	ura	0	0	0.0
				1)	ural	437	407	2.3705032E-4
				2)	ura_	566	345	2.0093947E-4
			3)	uri	0	0	0.0
				1)	urid	757	278	1.6191644E-4
		4)	ui	0	0	0.0
			1)	uie	0	0	0.0
				1)	uier	302	519	3.0228286E-4
				2)	uien	939	231	1.3454208E-4
			2)	uis	0	0	0.0
				1)	uisi	680	301	1.7531241E-4
			3)	uir	0	0	0.0
				1)	uir_	735	283	1.648286E-4
		5)	uc	0	0	0.0
			1)	uci	0	0	0.0
				1)	ució	388	435	2.5335845E-4
				2)	ucio	919	234	1.3628938E-4
			2)	uch	0	0	0.0
				1)	ucho	693	298	1.735651E-4
				2)	ucha	776	272	1.5842184E-4
		6)	um	0	0	0.0
			1)	ume	0	0	0.0
				1)	umen	515	368	2.1433544E-4
		7)	ud	0	0	0.0
			1)	uda	0	0	0.0
				1)	udad	533	358	2.0851109E-4
				2)	uda_	918	234	1.3628938E-4
		8)	ug	0	0	0.0
			1)	uga	0	0	0.0
				1)	ugar	557	349	2.032692E-4
		9)	ul	0	0	0.0
			1)	ult	0	0	0.0
				1)	ulta	578	342	1.9919216E-4
			2)	ula	0	0	0.0
				1)	ular	632	318	1.8521376E-4
			3)	ulo	0	0	0.0
				1)	ulo_	973	223	1.2988261E-4
		10)	us	0	0	0.0
			1)	ust	0	0	0.0
				1)	uste	664	306	1.7822457E-4
				2)	ustr	1029	211	1.2289341E-4
		11)	ua	0	0	0.0
			1)	uac	0	0	0.0
				1)	uaci	699	296	1.7240024E-4
			2)	ual	0	0	0.0
				1)	ual_	709	293	1.7065294E-4
			3)	uan	0	0	0.0
				1)	uand	786	269	1.5667453E-4
	13)	o	0	0	0.0
		1)	on	0	0	0.0
			1)	one	0	0	0.0
				1)	ones	37	2431	0.0014158952
				2)	onen	951	229	1.3337721E-4
			2)	ont	0	0	0.0
				1)	ontr	140	888	5.1720074E-4
				2)	onte	513	369	2.1491786E-4
			3)	ona	0	0	0.0
				1)	onal	176	771	4.49056E-4
				2)	onas	889	243	1.4153127E-4
			4)	ons	0	0	0.0
				1)	onsi	367	458	2.6675442E-4
				2)	onse	605	329	1.9162054E-4
				3)	onst	617	324	1.8870836E-4
				4)	onsa	771	273	1.5900427E-4
			5)	onó	0	0	0.0
				1)	onóm	745	282	1.6424617E-4
			6)	onc	0	0	0.0
				1)	once	787	269	1.5667453E-4
			7)	ond	0	0	0.0
				1)	onde	1003	218	1.2697045E-4
			8)	ono	0	0	0.0
				1)	onoc	1022	214	1.246407E-4
		2)	om	0	0	0.0
			1)	omo	0	0	0.0
				1)	omo_	94	1178	6.8610633E-4
			2)	omu	0	0	0.0
				1)	omun	352	467	2.719963E-4
			3)	omp	0	0	0.0
				1)	ompe	415	419	2.4403952E-4
				2)	ompr	696	298	1.735651E-4
			4)	ome	0	0	0.0
				1)	omen	447	401	2.3355572E-4
			5)	omi	0	0	0.0
				1)	omis	997	219	1.2755288E-4
			6)	omb	0	0	0.0
				1)	ombr	1047	207	1.2056368E-4
		3)	ob	0	0	0.0
			1)	obr	0	0	0.0
				1)	obre	96	1165	6.7853474E-4
			2)	obj	0	0	0.0
				1)	obje	548	351	2.0443407E-4
			3)	obl	0	0	0.0
				1)	oble	594	334	1.945327E-4
		4)	or	0	0	0.0
			1)	orm	0	0	0.0
				1)	orma	143	882	5.137061E-4
				2)	orme	212	659	3.838235E-4
			2)	ora	0	0	0.0
				1)	ora_	186	726	4.2284653E-4
			3)	ort	0	0	0.0
				1)	orta	192	709	4.1294517E-4
				2)	ortu	991	220	1.2813532E-4
			4)	ore	0	0	0.0
				1)	ores	199	685	3.9896677E-4
			5)	orq	0	0	0.0
				1)	orqu	604	329	1.9162054E-4
			6)	ord	0	0	0.0
				1)	orda	1055	205	1.19398814E-4
			7)	orí	0	0	0.0
				1)	oría	1064	204	1.1881638E-4
		5)	ol	0	0	0.0
			1)	olí	0	0	0.0
				1)	olít	157	831	4.8400203E-4
			2)	olu	0	0	0.0
				1)	oluc	686	300	1.7472997E-4
			3)	oll	0	0	0.0
				1)	ollo	758	278	1.6191644E-4
			4)	ole	0	0	0.0
				1)	oleg	1046	207	1.2056368E-4
		6)	od	0	0	0.0
			1)	odo	0	0	0.0
				1)	odo_	202	682	3.9721947E-4
				2)	odos	428	412	2.399625E-4
			2)	odu	0	0	0.0
				1)	oduc	793	267	1.5550967E-4
		7)	og	0	0	0.0
			1)	ogr	0	0	0.0
				1)	ogra	242	592	3.4480047E-4
		8)	ot	0	0	0.0
			1)	otr	0	0	0.0
				1)	otro	306	512	2.9820582E-4
				2)	otra	908	236	1.3745425E-4
		9)	op	0	0	0.0
			1)	opu	0	0	0.0
				1)	opue	366	458	2.6675442E-4
			2)	ope	0	0	0.0
				1)	opea	728	286	1.665759E-4
				2)	opeo	777	272	1.5842184E-4
				3)	oper	1072	202	1.17651514E-4
			3)	opi	0	0	0.0
				1)	opin	1011	217	1.2638801E-4
		10)	oc	0	0	0.0
			1)	oci	0	0	0.0
				1)	ocia	412	420	2.4462194E-4
			2)	ocu	0	0	0.0
				1)	ocup	1023	213	1.2405828E-4
			3)	oce	0	0	0.0
				1)	oced	1034	210	1.2231097E-4
		11)	os	0	0	0.0
			1)	osi	0	0	0.0
				1)	osib	527	362	2.1084082E-4
				2)	osic	744	282	1.6424617E-4
		12)	oy	0	0	0.0
			1)	oye	0	0	0.0
				1)	oyec	950	229	1.3337721E-4
	14)	t	0	0	0.0
		1)	to	0	0	0.0
			1)	tos	0	0	0.0
				1)	tos_	53	1847	0.0010757542
			2)	tod	0	0	0.0
				1)	todo	158	826	4.8108984E-4
				2)	toda	425	415	2.4170979E-4
			3)	tor	0	0	0.0
				1)	tori	429	411	2.3938005E-4
		2)	te	0	0	0.0
			1)	tes	0	0	0.0
				1)	tes_	83	1310	7.6298753E-4
			2)	ten	0	0	0.0
				1)	tenc	238	599	3.488775E-4
				2)	tene	295	530	3.086896E-4
				3)	tend	703	295	1.7181781E-4
				4)	teni	710	293	1.7065294E-4
				5)	tent	927	232	1.3512452E-4
			3)	ter	0	0	0.0
				1)	teri	269	569	3.314045E-4
				2)	terr	1032	210	1.2231097E-4
				3)	tern	1038	209	1.21728546E-4
			4)	tem	0	0	0.0
				1)	tema	387	437	2.5452333E-4
			5)	ted	0	0	0.0
				1)	ted_	980	222	1.2930018E-4
		3)	ti	0	0	0.0
			1)	tiv	0	0	0.0
				1)	tiva	101	1133	6.598969E-4
				2)	tivo	170	788	4.589574E-4
			2)	tic	0	0	0.0
				1)	tica	114	1063	6.1912654E-4
				2)	tico	463	390	2.2714896E-4
				3)	tici	639	316	1.840489E-4
				4)	ticu	1080	201	1.1706908E-4
			3)	tie	0	0	0.0
				1)	tien	311	507	2.9529363E-4
				2)	tiem	965	225	1.3104748E-4
			4)	tit	0	0	0.0
				1)	titu	475	386	2.2481923E-4
			5)	tió	0	0	0.0
				1)	tión	511	369	2.1491786E-4
			6)	tid	0	0	0.0
				1)	tido	559	349	2.032692E-4
			7)	tir	0	0	0.0
				1)	tir_	743	282	1.6424617E-4
			8)	tim	0	0	0.0
				1)	timo	782	270	1.5725697E-4
				2)	tima	940	231	1.3454208E-4
		4)	ta	0	0	0.0
			1)	tan	0	0	0.0
				1)	tant	116	1061	6.1796163E-4
				2)	tan_	553	350	2.0385162E-4
				3)	tanc	877	246	1.4327858E-4
			2)	tad	0	0	0.0
				1)	tado	133	928	5.4049806E-4
				2)	tada	883	245	1.4269614E-4
			3)	tar	0	0	0.0
				1)	tar_	134	922	5.3700345E-4
				2)	tari	253	579	3.3722885E-4
			4)	tas	0	0	0.0
				1)	tas_	135	919	5.352561E-4
			5)	tam	0	0	0.0
				1)	tamb	137	899	5.236075E-4
				2)	tamo	505	371	2.1608273E-4
				3)	tame	509	370	2.155003E-4
			6)	tac	0	0	0.0
				1)	taci	319	500	2.9121662E-4
			7)	tal	0	0	0.0
				1)	tal_	406	424	2.4695168E-4
				2)	tale	681	301	1.7531241E-4
			8)	tab	0	0	0.0
				1)	tabl	490	379	2.207422E-4
		5)	tr	0	0	0.0
			1)	tra	0	0	0.0
				1)	tra_	195	697	4.0595597E-4
				2)	tran	318	500	2.9121662E-4
				3)	trat	328	490	2.8539228E-4
				4)	tras	356	466	2.7141388E-4
				5)	trab	379	441	2.5685306E-4
				6)	trar	862	250	1.4560831E-4
			2)	tro	0	0	0.0
				1)	tros	237	599	3.488775E-4
				2)	tro_	262	572	3.331518E-4
				3)	trol	824	260	1.5143264E-4
			3)	tre	0	0	0.0
				1)	tre_	362	463	2.6966658E-4
			4)	tru	0	0	0.0
				1)	truc	736	283	1.648286E-4
			5)	tri	0	0	0.0
				1)	trib	896	241	1.403664E-4
		6)	tu	0	0	0.0
			1)	tur	0	0	0.0
				1)	tura	208	663	3.8615323E-4
			2)	tua	0	0	0.0
				1)	tuac	952	228	1.3279478E-4
				2)	tual	964	225	1.3104748E-4
			3)	tuc	0	0	0.0
				1)	tuci	1037	209	1.21728546E-4
	15)	s	0	0	0.0
		1)	st	0	0	0.0
			1)	sta	0	0	0.0
				1)	sta_	54	1787	0.0010408082
				2)	stas	246	587	3.418883E-4
				3)	star	529	360	2.0967596E-4
				4)	stan	637	317	1.8463134E-4
				5)	stab	682	301	1.7531241E-4
				6)	stam	878	246	1.4327858E-4
			2)	ste	0	0	0.0
				1)	ste_	73	1424	8.293849E-4
				2)	sted	721	289	1.683232E-4
				3)	sten	764	275	1.6016913E-4
				4)	stem	1026	212	1.2347584E-4
			3)	sto	0	0	0.0
				1)	sto_	130	963	5.608832E-4
				2)	stos	389	435	2.5335845E-4
			4)	str	0	0	0.0
				1)	stra	173	776	4.519682E-4
				2)	stro	323	497	2.8946932E-4
				3)	stru	394	432	2.5161114E-4
			5)	stá	0	0	0.0
				1)	stá_	486	381	2.2190706E-4
			6)	sti	0	0	0.0
				1)	stió	512	369	2.1491786E-4
				2)	stit	588	338	1.9686243E-4
		2)	so	0	0	0.0
			1)	sob	0	0	0.0
				1)	sobr	106	1110	6.465009E-4
			2)	sos	0	0	0.0
				1)	sos_	294	531	3.0927206E-4
			3)	soc	0	0	0.0
				1)	soci	391	434	2.5277602E-4
			4)	son	0	0	0.0
				1)	son_	446	401	2.3355572E-4
				2)	sona	924	233	1.3570694E-4
			5)	sol	0	0	0.0
				1)	solu	652	309	1.7997187E-4
		3)	se	0	0	0.0
			1)	señ	0	0	0.0
				1)	seño	112	1073	6.2495086E-4
			2)	seg	0	0	0.0
				1)	segu	145	867	5.049696E-4
			3)	sen	0	0	0.0
				1)	sent	172	785	4.572101E-4
			4)	ses	0	0	0.0
				1)	ses_	312	503	2.929639E-4
			5)	ser	0	0	0.0
				1)	ser_	376	447	2.6034765E-4
				2)	serv	516	368	2.1433544E-4
			6)	sea	0	0	0.0
				1)	sea_	941	231	1.3454208E-4
		4)	sp	0	0	0.0
			1)	spe	0	0	0.0
				1)	spec	144	877	5.1079394E-4
				2)	sper	670	305	1.7764214E-4
			2)	spo	0	0	0.0
				1)	spon	309	509	2.9645851E-4
		5)	si	0	0	0.0
			1)	sió	0	0	0.0
				1)	sión	151	840	4.892439E-4
			2)	sin	0	0	0.0
				1)	sin_	308	511	2.976234E-4
				2)	sino	765	275	1.6016913E-4
			3)	sid	0	0	0.0
				1)	side	373	451	2.6267738E-4
				2)	sido	928	232	1.3512452E-4
			4)	sio	0	0	0.0
				1)	sion	461	392	2.2831383E-4
			5)	sis	0	0	0.0
				1)	sist	495	377	2.1957733E-4
			6)	sic	0	0	0.0
				1)	sici	689	299	1.7414754E-4
			7)	sib	0	0	0.0
				1)	sibl	717	290	1.6890564E-4
			8)	sig	0	0	0.0
				1)	sigu	783	270	1.5725697E-4
			9)	sie	0	0	0.0
				1)	sier	852	253	1.473556E-4
			10)	sit	0	0	0.0
				1)	situ	1001	218	1.2697045E-4
		6)	sa	0	0	0.0
			1)	sas	0	0	0.0
				1)	sas_	299	527	3.0694233E-4
			2)	sar	0	0	0.0
				1)	sarr	521	364	2.120057E-4
				2)	sari	567	345	2.0093947E-4
				3)	sar_	942	231	1.3454208E-4
			3)	sad	0	0	0.0
				1)	sado	981	222	1.2930018E-4
			4)	sab	0	0	0.0
				1)	sabi	1002	218	1.2697045E-4
		7)	su	0	0	0.0
			1)	sus	0	0	0.0
				1)	sus_	337	480	2.7956796E-4
			2)	sul	0	0	0.0
				1)	sult	750	280	1.630813E-4
			3)	sun	0	0	0.0
				1)	sunt	966	225	1.3104748E-4
		8)	sm	0	0	0.0
			1)	smo	0	0	0.0
				1)	smo_	436	407	2.3705032E-4
		9)	só	0	0	0.0
			1)	sól	0	0	0.0
				1)	sólo	621	322	1.875435E-4
		10)	sd	0	0	0.0
			1)	sde	0	0	0.0
				1)	sde_	814	263	1.5317994E-4
	16)	f	0	0	0.0
		1)	fo	0	0	0.0
			1)	for	0	0	0.0
				1)	form	72	1439	8.381214E-4
		2)	fi	0	0	0.0
			1)	fic	0	0	0.0
				1)	fica	206	669	3.8964784E-4
				2)	fici	627	320	1.8637863E-4
			2)	fin	0	0	0.0
				1)	fina	324	497	2.8946932E-4
		3)	fe	0	0	0.0
			1)	fec	0	0	0.0
				1)	fect	530	360	2.0967596E-4
			2)	fer	0	0	0.0
				1)	fere	807	265	1.543448E-4
		4)	fu	0	0	0.0
			1)	fun	0	0	0.0
				1)	fund	653	309	1.7997187E-4
				2)	func	999	219	1.2755288E-4
			2)	fue	0	0	0.0
				1)	fuer	658	307	1.7880701E-4
		5)	fa	0	0	0.0
			1)	fav	0	0	0.0
				1)	favo	988	221	1.2871774E-4
	17)	b	0	0	0.0
		1)	br	0	0	0.0
			1)	bre	0	0	0.0
				1)	bre_	77	1361	7.926916E-4
			2)	bro	0	0	0.0
				1)	bros	471	388	2.259841E-4
		2)	bi	0	0	0.0
			1)	bié	0	0	0.0
				1)	bién	139	899	5.236075E-4
			2)	bil	0	0	0.0
				1)	bili	278	554	3.22668E-4
			3)	bie	0	0	0.0
				1)	bien	347	473	2.7549092E-4
			4)	bit	0	0	0.0
				1)	bito	910	236	1.3745425E-4
		3)	bl	0	0	0.0
			1)	ble	0	0	0.0
				1)	ble_	194	699	4.0712082E-4
				2)	blem	432	410	2.3879763E-4
				3)	bles	780	271	1.578394E-4
			2)	bli	0	0	0.0
				1)	blic	970	224	1.3046505E-4
		4)	ba	0	0	0.0
			1)	baj	0	0	0.0
				1)	bajo	583	341	1.9860973E-4
			2)	bat	0	0	0.0
				1)	bate	655	309	1.7997187E-4
			3)	bar	0	0	0.0
				1)	barg	899	241	1.403664E-4
		5)	bj	0	0	0.0
			1)	bje	0	0	0.0
				1)	bjet	595	334	1.945327E-4
		6)	be	0	0	0.0
			1)	bem	0	0	0.0
				1)	bemo	609	327	1.9045567E-4
			2)	ben	0	0	0.0
				1)	ben_	946	229	1.3337721E-4
		7)	bu	0	0	0.0
			1)	bue	0	0	0.0
				1)	buen	1053	206	1.1998125E-4
	18)	r	0	0	0.0
		1)	ro	0	0	0.0
			1)	ros	0	0	0.0
				1)	ros_	81	1334	7.769659E-4
			2)	rop	0	0	0.0
				1)	rope	270	565	3.2907477E-4
				2)	ropu	357	464	2.7024903E-4
				3)	ropi	1041	208	1.2114611E-4
			3)	rog	0	0	0.0
				1)	rogr	272	561	3.2674504E-4
			4)	roc	0	0	0.0
				1)	roce	500	374	2.1783003E-4
			5)	rol	0	0	0.0
				1)	roll	520	365	2.1258813E-4
			6)	rob	0	0	0.0
				1)	robl	676	303	1.7647728E-4
				2)	roba	879	246	1.4327858E-4
			7)	rod	0	0	0.0
				1)	rodu	694	298	1.735651E-4
			8)	roy	0	0	0.0
				1)	roye	948	229	1.3337721E-4
		2)	re	0	0	0.0
			1)	res	0	0	0.0
				1)	res_	108	1092	6.3601707E-4
				2)	resp	127	978	5.696197E-4
				3)	rese	191	714	4.1585733E-4
				4)	resa	395	432	2.5161114E-4
				5)	resu	497	376	2.189949E-4
				6)	reso	817	262	1.5259751E-4
				7)	resi	985	221	1.2871774E-4
				8)	rest	1045	207	1.2056368E-4
			2)	rec	0	0	0.0
				1)	reci	245	588	3.4247074E-4
				2)	rece	456	394	2.294787E-4
				3)	rect	464	390	2.2714896E-4
				4)	reco	465	390	2.2714896E-4
				5)	rech	476	386	2.2481923E-4
				6)	recu	726	287	1.6715833E-4
			3)	reg	0	0	0.0
				1)	regi	338	478	2.7840308E-4
				2)	regu	564	347	2.0210433E-4
			4)	rel	0	0	0.0
				1)	rela	392	433	2.521936E-4
			5)	rea	0	0	0.0
				1)	real	413	419	2.4403952E-4
			6)	rem	0	0	0.0
				1)	remo	519	366	2.1317057E-4
			7)	reo	0	0	0.0
				1)	reo_	690	299	1.7414754E-4
			8)	ren	0	0	0.0
				1)	renc	695	298	1.735651E-4
				2)	rent	825	260	1.5143264E-4
			9)	ref	0	0	0.0
				1)	refo	822	261	1.5201507E-4
			10)	rev	0	0	0.0
				1)	revi	1081	201	1.1706908E-4
		3)	ra	0	0	0.0
			1)	rac	0	0	0.0
				1)	raci	111	1079	6.284455E-4
			2)	ras	0	0	0.0
				1)	ras_	160	819	4.7701283E-4
			3)	rar	0	0	0.0
				1)	rar_	255	577	3.3606397E-4
			4)	ram	0	0	0.0
				1)	rama	291	532	3.0985448E-4
			5)	rab	0	0	0.0
				1)	raba	371	452	2.6325983E-4
			6)	ran	0	0	0.0
				1)	rans	414	419	2.4403952E-4
				2)	ran_	506	371	2.1608273E-4
				3)	rant	540	354	2.0618136E-4
			7)	rad	0	0	0.0
				1)	rado	438	407	2.3705032E-4
			8)	ral	0	0	0.0
				1)	ral_	452	397	2.3122599E-4
				2)	rale	797	266	1.5492724E-4
			9)	rat	0	0	0.0
				1)	rata	619	323	1.8812594E-4
		4)	rí	0	0	0.0
			1)	ría	0	0	0.0
				1)	ría_	165	805	4.6885875E-4
		5)	ri	0	0	0.0
			1)	rio	0	0	0.0
				1)	rio_	220	646	3.7625188E-4
				2)	rios	420	417	2.4287465E-4
				3)	rior	592	335	1.9511514E-4
			2)	ria	0	0	0.0
				1)	ria_	223	618	3.5994375E-4
				2)	rias	996	219	1.2755288E-4
			3)	rid	0	0	0.0
				1)	rida	244	588	3.4247074E-4
			4)	rim	0	0	0.0
				1)	rime	450	398	2.3180843E-4
			5)	rin	0	0	0.0
				1)	rinc	577	343	1.997746E-4
			6)	rib	0	0	0.0
				1)	ribu	906	238	1.3861911E-4
		6)	rm	0	0	0.0
			1)	rme	0	0	0.0
				1)	rme_	221	645	3.7566942E-4
			2)	rma	0	0	0.0
				1)	rma_	536	357	2.0792866E-4
				2)	rmas	995	219	1.2755288E-4
		7)	rt	0	0	0.0
			1)	rta	0	0	0.0
				1)	rtan	263	572	3.331518E-4
			2)	rte	0	0	0.0
				1)	rte_	304	517	3.0111798E-4
			3)	rti	0	0	0.0
				1)	rtic	571	344	2.0035703E-4
			4)	rto	0	0	0.0
				1)	rto_	1044	207	1.2056368E-4
		8)	rs	0	0	0.0
			1)	rse	0	0	0.0
				1)	rse_	317	501	2.9179905E-4
			2)	rso	0	0	0.0
				1)	rson	953	228	1.3279478E-4
		9)	rr	0	0	0.0
			1)	rro	0	0	0.0
				1)	rrol	522	364	2.120057E-4
		10)	rg	0	0	0.0
			1)	rgo	0	0	0.0
				1)	rgo_	563	347	2.0210433E-4
		11)	rq	0	0	0.0
			1)	rqu	0	0	0.0
				1)	rque	599	331	1.927854E-4
		12)	rá	0	0	0.0
			1)	rán	0	0	0.0
				1)	rán_	685	300	1.7472997E-4
		13)	rc	0	0	0.0
			1)	rca	0	0	0.0
				1)	rcad	831	257	1.4968534E-4
		14)	rd	0	0	0.0
			1)	rdo	0	0	0.0
				1)	rdo_	846	254	1.4793804E-4
		15)	ru	0	0	0.0
			1)	ruc	0	0	0.0
				1)	ruct	1010	217	1.2638801E-4
		16)	rn	0	0	0.0
			1)	rno	0	0	0.0
				1)	rnos	1071	202	1.17651514E-4
	19)	í	0	0	0.0
		1)	ít	0	0	0.0
			1)	íti	0	0	0.0
				1)	ític	142	884	5.14871E-4
		2)	ís	0	0	0.0
			1)	íse	0	0	0.0
				1)	íses	706	294	1.7123537E-4
		3)	ía	0	0	0.0
			1)	ías	0	0	0.0
				1)	ías_	768	274	1.595867E-4
		4)	íc	0	0	0.0
			1)	ícu	0	0	0.0
				1)	ícul	792	267	1.5550967E-4
	20)	ñ	0	0	0.0
		1)	ño	0	0	0.0
			1)	ñor	0	0	0.0
				1)	ñor_	215	652	3.7974646E-4
				2)	ñora	636	317	1.8463134E-4
			2)	ños	0	0	0.0
				1)	ños_	753	279	1.6249887E-4
	21)	h	0	0	0.0
		1)	ha	0	0	0.0
			1)	hac	0	0	0.0
				1)	hace	233	603	3.5120724E-4
			2)	han	0	0	0.0
				1)	han_	265	571	3.3256938E-4
			3)	hay	0	0	0.0
				1)	hay_	397	430	2.504463E-4
		2)	ho	0	0	0.0
			1)	hor	0	0	0.0
				1)	hora	473	387	2.2540166E-4
			2)	hos	0	0	0.0
				1)	hos_	648	313	1.823016E-4
			3)	hoy	0	0	0.0
				1)	hoy_	933	231	1.3454208E-4
		3)	he	0	0	0.0
			1)	hec	0	0	0.0
				1)	hech	649	313	1.823016E-4
			2)	hem	0	0	0.0
				1)	hemo	687	300	1.7472997E-4
	22)	g	0	0	0.0
		1)	gr	0	0	0.0
			1)	gra	0	0	0.0
				1)	gram	296	529	3.0810718E-4
				2)	gran	535	358	2.0851109E-4
				3)	grac	897	241	1.403664E-4
		2)	ga	0	0	0.0
			1)	gar	0	0	0.0
				1)	gar_	343	475	2.7665577E-4
		3)	gi	0	0	0.0
			1)	gio	0	0	0.0
				1)	gion	498	376	2.189949E-4
		4)	gu	0	0	0.0
			1)	gur	0	0	0.0
				1)	guri	754	279	1.6249887E-4
			2)	gun	0	0	0.0
				1)	guna	806	265	1.543448E-4
				2)	gunt	854	252	1.4677318E-4
				3)	guno	1065	204	1.1881638E-4
		5)	ge	0	0	0.0
			1)	gen	0	0	0.0
				1)	gene	1076	201	1.1706908E-4
	23)	v	0	0	0.0
		1)	vo	0	0	0.0
			1)	vos	0	0	0.0
				1)	vos_	341	476	2.7723823E-4
		2)	va	0	0	0.0
			1)	vas	0	0	0.0
				1)	vas_	444	402	2.3413816E-4
		3)	vi	0	0	0.0
			1)	vid	0	0	0.0
				1)	vida	769	274	1.595867E-4
			2)	vis	0	0	0.0
				1)	vist	845	254	1.4793804E-4
		4)	ve	0	0	0.0
			1)	vez	0	0	0.0
				1)	vez_	882	245	1.4269614E-4
			2)	ven	0	0	0.0
				1)	venc	1054	206	1.1998125E-4
	24)	z	0	0	0.0
		1)	za	0	0	0.0
			1)	zar	0	0	0.0
				1)	zar_	368	455	2.650071E-4
			2)	zac	0	0	0.0
				1)	zaci	403	425	2.4753413E-4
			3)	zad	0	0	0.0
				1)	zado	905	238	1.3861911E-4
	25)	y	0	0	0.0
		1)	yu	0	0	0.0
			1)	yud	0	0	0.0
				1)	yuda	570	344	2.0035703E-4
		2)	ye	0	0	0.0
			1)	yec	0	0	0.0
				1)	yect	938	231	1.3454208E-4
	26)	ó	0	0	0.0
		1)	ól	0	0	0.0
			1)	ólo	0	0	0.0
				1)	ólo_	620	322	1.875435E-4
		2)	óm	0	0	0.0
			1)	ómi	0	0	0.0
				1)	ómic	742	282	1.6424617E-4
	27)	j	0	0	0.0
		1)	je	0	0	0.0
			1)	jet	0	0	0.0
				1)	jeti	718	290	1.6890564E-4
		2)	ju	0	0	0.0
			1)	jus	0	0	0.0
				1)	just	874	247	1.43861E-4
	28)	x	0	0	0.0
		1)	xi	0	0	0.0
			1)	xis	0	0	0.0
				1)	xist	816	262	1.5259751E-4
	29)	ú	0	0	0.0
		1)	úl	0	0	0.0
			1)	últ	0	0	0.0
				1)	últi	864	249	1.4502587E-4
	30)	á	0	0	0.0
		1)	ám	0	0	0.0
			1)	ámb	0	0	0.0
				1)	ámbi	911	235	1.3687181E-4
