e_	52312	0.0334705760033271	3
_t	44791	0.02865844490298639	2
th	36269	0.02320584800934146	2
s_	30688	0.019634979285634308	2
_a	28018	0.017926643952844826	2
he	26072	0.01668154262040725	2
t_	24360	0.015586160564326504	2
in	21888	0.014004510773069726	2
_i	20721	0.013257833869187581	2
n_	20715	0.01325399491338356	2
d_	19707	0.01260905033830798	2
re	19163	0.012260985012076715	2
on	17777	0.011374186221347794	2
_o	17418	0.011144488699073852	2
_w	15228	0.009743269830606076	2
an	15132	0.009681846537741734	2
at	14333	0.009170625589839564	2
ti	14096	0.009018986835580722	2
er	13807	0.008834077131020362	2
y_	13558	0.008674760465153478	2
en	13264	0.008486651630756435	2
is	12841	0.008216005246572932	2
_s	12576	0.008046451365228658	2
o_	12412	0.007941519906585408	2
r_	11526	0.007374634099524929	2
or	11489	0.007350960538733464	2
es	11430	0.007313210806660589	2
nd	11195	0.00716285170433642	2
it	11161	0.007141097621446967	2
_c	11051	0.007070716765039909	2
to	10920	0.0069868995633187774	2
nt	10572	0.006764240126685542	2
f_	10213	0.0065345426044116	2
ha	10198	0.006524945214901547	2
_p	10122	0.006476318441383943	2
al	9792	0.006265175872162772	2
of	9731	0.006226146488155222	2
_b	9175	0.005870403250315914	2
io	9066	0.0058006622198761935	2
ar	9007	0.005762912487803317	2
te	8952	0.005727722059599789	2
ve	8852	0.005663739462866101	2
_f	8711	0.0055735240014716	2
ou	8613	0.005510821056672585	2
st	8605	0.00550570244893389	2
l_	8404	0.005377097429499177	2
co	8069	0.00516275573044132	2
_m	8027	0.005135883039813171	2
ed	7802	0.004991922197162372	2
ng	7769	0.004970807940240254	2
me	7741	0.004952892813154822	2
_r	7614	0.004871634915303038	2
hi	7585	0.004853079962250268	2
se	7342	0.004697602252187405	2
as	6750	0.004318825279523969	2
le	6694	0.004282995025353104	2
ic	6689	0.004279795895516419	2
g_	6603	0.004224770862325447	2
de	6329	0.004049458547275142	2
_d	6281	0.004018746900842971	2
ro	6191	0.0039611625637826515	2
_h	6178	0.0039528448262072715	2
_e	5922	0.003789049378569029	2
be	5669	0.0036271734088327975	2
pr	5649	0.0036143768894860598	2
li	5612	0.003590703328694595	2
h_	5587	0.003574707679511173	2
ea	5396	0.0034525009197498282	2
ra	5386	0.003446102660076459	2
po	5332	0.0034115520578402673	2
ns	5301	0.003391717452852824	2
ec	5283	0.00338020058544076	2
ll	5277	0.0033763616296367386	2
_n	5236	0.0033501287649759267	2
ce	5196	0.0033245357262824513	2
ur	5192	0.0033219764224131035	2
fo	5146	0.003292544427915607	2
ta	5074	0.003246476958267351	2
ne	4944	0.003163299582513556	2
a_	4920	0.003147943759297471	2
ri	4900	0.0031351472399507333	2
we	4863	0.0031114736791592688	2
si	4826	0.0030878001183678038	2
om	4521	0.0028926531983300544	2
no	4358	0.002788361565654142	2
wh	4247	0.002717340883279748	2
ct	4236	0.002710302797639042	2
us	4191	0.0026815106291088824	2
ly	4174	0.002670633587664155	2
ul	4128	0.0026412015931666587	2
_l	4068	0.0026028120351264455	2
ch	4042	0.0025861765599756864	2
wi	4022	0.002573380040628949	2
rt	3973	0.002542028568229442	2
ot	3969	0.002539469264360094	2
el	3944	0.002523473615176672	2
nc	3923	0.0025100372698625972	2
ca	3911	0.002502359358254555	2
pe	3901	0.002495961098581186	2
ma	3660	0.0023417630404529966	2
ho	3649	0.002334724954812291	2
ee	3622	0.002317449653694195	2
ut	3621	0.0023168098277268584	2
tr	3556	0.0022752211398499606	2
em	3551	0.0022720220100132765	2
la	3509	0.0022451493193851274	2
ss	3474	0.0022227554105283365	2
il	3434	0.002197162371834861	2
ac	3426	0.002192043764096166	2
so	3382	0.0021638914215333428	2
di	3348	0.0021421373386438887	2
na	3137	0.0020071340595358062	2
ts	3099	0.001982820672777005	2
ie	3062	0.00195914711198554	2
ci	3057	0.0019559479821488557	2
et	3049	0.0019508293744101605	2
op	2998	0.0019181982500759793	2
su	2972	0.0019015627749252204	2
un	2899	0.0018548554793096279	2
m_	2856	0.0018273429627141417	2
pl	2723	0.0017422461090583362	2
rs	2717	0.0017384071532543148	2
iv	2698	0.0017262504598749141	2
_g	2694	0.0017236911560055664	2
mp	2679	0.0017140937664955132	2
ol	2666	0.0017057760289201336	2
ge	2658	0.0017006574211814386	2
im	2632	0.0016840219460306797	2
ld	2579	0.0016501111697618247	2
mo	2565	0.0016411536062191083	2
ev	2534	0.001621319001231665	2
am	2526	0.00161620039349297	2
ai	2515	0.0016091623078522642	2
fi	2510	0.0016059631780155797	2
os	2495	0.0015963657885055265	2
ad	2466	0.001577810835452757	2
ni	2458	0.0015726922277140617	2
av	2450	0.0015675736199753667	2
ke	2441	0.0015618151862693348	2
_u	2417	0.0015464593630532496	2
lo	2370	0.001516387542588416	2
bl	2337	0.0014952732856662989	2
mi	2334	0.0014933538077642882	2
ow	2302	0.0014728793768095077	2
id	2266	0.00144984564198538	2
ia	2263	0.0014479261640833693	2
wo	2261	0.0014466465121486956	2
ir	2183	0.0013967400866964185	2
sa	2164	0.0013845833933170178	2
vi	2141	0.0013698673960682694	2
sh	2137	0.001367308092198922	2
pa	2089	0.0013365964457667514	2
gr	2069	0.0013237999264200137	2
eg	2056	0.0013154821888446344	2
ab	2028	0.0012975670617592014	2
tu	2015	0.001289249324183822	2
ex	1935	0.0012380632467968713	2
ty	1930	0.0012348641169601868	2
w_	1928	0.0012335844650255131	2
ef	1878	0.0012015931666586688	2
sp	1867	0.001194555081017963	2
wa	1832	0.0011721611721611722	2
do	1814	0.0011606443047491083	2
ry	1748	0.001118415790904874	2
rd	1748	0.001118415790904874	2
_v	1703	0.0010896236223747141	2
ag	1685	0.0010781067549626502	2
_y	1657	0.0010601916278772175	2
ay	1655	0.0010589119759425436	2
fe	1643	0.0010512340643345011	2
pp	1632	0.0010441959786937952	2
gi	1607	0.0010282003295103731	2
cu	1592	0.00101860294000032	2
ep	1583	0.001012844506294288	2
ov	1580	0.0010109250283922772	2
k_	1563	0.0010000479869475502	2
if	1529	9.782939040580963E-4	1
ue	1493	9.552601692339684E-4	1
ap	1489	9.527008653646208E-4	1
oc	1471	9.411839979525569E-4	1
ak	1471	9.411839979525569E-4	1
bu	1468	9.392645200505462E-4	1
ls	1449	9.271078266711454E-4	1
ig	1446	9.251883487691348E-4	1
da	1425	9.117520034550602E-4	1
uc	1419	9.079130476510389E-4	1
gh	1400	8.957563542716381E-4	1
mm	1388	8.880784426635955E-4	1
mu	1363	8.720827934801734E-4	1
rm	1349	8.631252299374571E-4	1
cl	1319	8.439304509173504E-4	1
fa	1292	8.266551497992546E-4	1
by	1286	8.228161939952333E-4	1
cr	1281	8.196170641585488E-4	1
yo	1274	8.151382823871906E-4	1
qu	1268	8.112993265831694E-4	1
oo	1259	8.055408928771374E-4	1
od	1220	7.805876801509989E-4	1
ga	1214	7.767487243469776E-4	1
rn	1210	7.7418942047763E-4	1
ff	1196	7.652318569349137E-4	1
up	1183	7.569141193595342E-4	1
fr	1158	7.40918470176112E-4	1
ei	1156	7.396388182414383E-4	1
ba	1156	7.396388182414383E-4	1
i_	1147	7.338803845354064E-4	1
fu	1133	7.2492282099269E-4	1
tt	1044	6.679783098997073E-4	1
c_	1041	6.660588319976966E-4	1
lu	1039	6.647791800630229E-4	1
bo	1038	6.641393540956859E-4	1
ib	1021	6.53262312650959E-4	1
ew	1012	6.475038789449269E-4	1
au	1003	6.41745445238895E-4	1
go	997	6.379064894348737E-4	1
ua	987	6.315082297615049E-4	1
og	978	6.257497960554729E-4	1
du	961	6.148727546107459E-4	1
ob	946	6.052753651006926E-4	1
ru	926	5.92478845753955E-4	1
p_	919	5.880000639825968E-4	1
um	900	5.75843370603196E-4	1
lt	895	5.726442407665115E-4	1
ds	882	5.64326503191132E-4	1
rk	873	5.585680694851E-4	1
oi	869	5.560087656157525E-4	1
rg	858	5.489706799750468E-4	1
u_	850	5.438520722363517E-4	1
cy	841	5.380936385303198E-4	1
cc	802	5.131404258041812E-4	1
ht	797	5.099412959674968E-4	1
rr	787	5.03543036294128E-4	1
_j	787	5.03543036294128E-4	1
ms	783	5.009837324247804E-4	1
ui	766	4.901066909800535E-4	1
bi	764	4.888270390453796E-4	1
vo	763	4.881872130780428E-4	1
sc	758	4.8498808324135836E-4	1
tl	757	4.843482572740215E-4	1
va	752	4.8114912743733705E-4	1
gu	743	4.753906937313051E-4	1
nl	738	4.721915638946207E-4	1
ey	718	4.59395044547883E-4	1
rl	711	4.549162627765248E-4	1
ug	702	4.491578290704928E-4	1
pu	701	4.4851800310315593E-4	1
ub	696	4.453188732664715E-4	1
ud	686	4.389206135931027E-4	1
pt	682	4.363613097237551E-4	1
ki	672	4.299630500503863E-4	1
ik	668	4.2740374618103875E-4	1
ip	661	4.2292496440968057E-4	1
ye	659	4.216453124750068E-4	1
ny	655	4.1908600860565925E-4	1
_q	646	4.133275748996273E-4	1
pi	635	4.0628948925892157E-4	1
nv	634	4.056496632915847E-4	1
my	629	4.0245053345490026E-4	1
nf	623	3.9861157765087895E-4	1
af	617	3.9477262184685764E-4	1
xt	612	3.9157349201017326E-4	1
nu	607	3.883743621734888E-4	1
ys	603	3.8581505830414126E-4	1
ju	598	3.8261592846745683E-4	1
nn	587	3.7557784282675114E-4	1
nk	571	3.6534062734936096E-4	1
tw	565	3.6150167154533965E-4	1
je	558	3.5702288977398146E-4	1
rc	549	3.512644560679495E-4	1
eq	546	3.4934497816593884E-4	1
xp	543	3.474255002639282E-4	1
ck	525	3.359086328518643E-4	1
_k	491	3.141545499624102E-4	1
mb	479	3.064766383543676E-4	1
eo	473	3.026376825503463E-4	1
aw	469	3.000783786809988E-4	1
wn	453	2.898411632036086E-4	1
nm	453	2.898411632036086E-4	1
mr	443	2.834429035302398E-4	1
sl	439	2.8088359966089223E-4	1
sk	423	2.706463841835021E-4	1
rv	418	2.6744725434681767E-4	1
dr	413	2.6424812451013324E-4	1
ft	390	2.495321272613849E-4	1
jo	386	2.4697282339203737E-4	1
eb	385	2.463329974247005E-4	1
gn	372	2.38015259849321E-4	1
dm	363	2.3225682614328903E-4	1
sm	361	2.3097717420861525E-4	1
bs	361	2.3097717420861525E-4	1
oa	360	2.3033734824127837E-4	1
hr	359	2.296975222739415E-4	1
sy	358	2.290576963066046E-4	1
dy	357	2.2841787033926772E-4	1
lf	355	2.2713821840459396E-4	1
oy	338	2.162611769598669E-4	1
lv	336	2.1498152502519316E-4	1
fl	326	2.085832653518243E-4	1
bj	323	2.0666378744981366E-4	1
pm	320	2.04744309547803E-4	1
ks	320	2.04744309547803E-4	1
eh	315	2.0154517971111857E-4	1
ph	307	1.964265719724235E-4	1
oe	301	1.925876161684022E-4	1
br	301	1.925876161684022E-4	1
kn	296	1.8938848633171776E-4	1
xa	294	1.88108834397044E-4	1
ps	286	1.8299022665834892E-4	1
hy	276	1.7659196698498008E-4	1
ym	268	1.71473359246285E-4	1
dd	267	1.7083353327894814E-4	1
gs	263	1.6827422940960058E-4	1
ze	257	1.644352736055793E-4	1
xc	257	1.644352736055793E-4	1
dl	257	1.644352736055793E-4	1
iz	252	1.6123614376889486E-4	1
eu	245	1.5675736199753667E-4	1
dg	243	1.554777100628629E-4	1
gl	240	1.5355823216085224E-4	1
yi	239	1.5291840619351536E-4	1
xi	238	1.5227858022617849E-4	1
ok	238	1.5227858022617849E-4	1
x_	220	1.4076171281411455E-4	1
lr	220	1.4076171281411455E-4	1
hu	217	1.388422349121039E-4	1
ax	210	1.343634531407457E-4	1
rp	200	1.2796519346737687E-4	1
gy	198	1.2668554153270312E-4	1
uf	197	1.2604571556536621E-4	1
tm	184	1.1772797798998672E-4	1
aj	166	1.062111105779228E-4	1
oj	164	1.0493145864324903E-4	1
ws	158	1.0109250283922774E-4	1
rw	147	9.4054417198522E-5	1
sf	143	9.149511332917446E-5	1
lc	135	8.63765055904794E-5	1
xe	129	8.253754978645809E-5	1
dv	125	7.997824591711054E-5	1
lp	125	7.997824591711054E-5	1
hn	119	7.613929011308924E-5	1
ek	115	7.35799862437417E-5	1
rb	113	7.230033430906793E-5	1
bt	109	6.97410304397204E-5	1
lk	102	6.52622486683622E-5	1
fy	101	6.462242270102532E-5	1
hs	99	6.334277076635156E-5	1
gt	98	6.270294479901467E-5	1
lw	97	6.206311883167778E-5	1
oh	97	6.206311883167778E-5	1
yc	92	5.886398899499336E-5	1
tc	91	5.8224163027656476E-5	1
rf	90	5.758433706031959E-5	1
gg	89	5.694451109298271E-5	1
yp	88	5.630468512564583E-5	1
tn	87	5.566485915830894E-5	1
kl	86	5.5025033190972055E-5	1
rh	85	5.438520722363517E-5	1
iu	83	5.31055552889614E-5	1
hl	82	5.2465729321624516E-5	1
sw	82	5.2465729321624516E-5	1
wr	81	5.1825903354287633E-5	1
ix	78	4.990642545227698E-5	1
yt	76	4.862677351760321E-5	1
cs	72	4.6067469648255674E-5	1
b_	64	4.09488619095606E-5	1
wl	62	3.966920997488683E-5	1
bv	60	3.838955804021306E-5	1
ej	60	3.838955804021306E-5	1
bm	52	3.327095030151799E-5	1
uo	52	3.327095030151799E-5	1
sb	51	3.26311243341811E-5	1
nh	50	3.199129836684422E-5	1
lm	49	3.1351472399507335E-5	1
hm	43	2.7512516595486027E-5	1
wt	41	2.6232864660812258E-5	1
yl	41	2.6232864660812258E-5	1
sn	40	2.5593038693475375E-5	1
mn	39	2.495321272613849E-5	1
ox	39	2.495321272613849E-5	1
py	39	2.495321272613849E-5	1
_x	36	2.3033734824127837E-5	1
np	36	2.3033734824127837E-5	1
ka	34	2.1754082889454068E-5	1
hb	32	2.04744309547803E-5	1
hc	32	2.04744309547803E-5	1
nj	31	1.9834604987443416E-5	1
vy	31	1.9834604987443416E-5	1
zo	31	1.9834604987443416E-5	1
ml	30	1.919477902010653E-5	1
nr	29	1.8554953052769647E-5	1
_z	28	1.791512708543276E-5	1
ah	27	1.7275301118095878E-5	1
tf	27	1.7275301118095878E-5	1
yn	27	1.7275301118095878E-5	1
cq	26	1.6635475150758995E-5	1
hd	26	1.6635475150758995E-5	1
bb	25	1.599564918342211E-5	1
fs	24	1.5355823216085226E-5	1
nw	23	1.471599724874834E-5	1
sd	21	1.3436345314074572E-5	1
ya	21	1.3436345314074572E-5	1
az	20	1.2796519346737688E-5	1
dc	20	1.2796519346737688E-5	1
dh	18	1.1516867412063919E-5	1
dw	18	1.1516867412063919E-5	1
nq	18	1.1516867412063919E-5	1
tp	18	1.1516867412063919E-5	1
yb	17	1.0877041444727034E-5	1
yw	17	1.0877041444727034E-5	1
hw	16	1.023721547739015E-5	1
sr	16	1.023721547739015E-5	1
dj	15	9.597389510053265E-6	1
tb	15	9.597389510053265E-6	1
kg	14	8.95756354271638E-6	1
lb	14	8.95756354271638E-6	1
ln	14	8.95756354271638E-6	1
sg	14	8.95756354271638E-6	1
dt	13	8.317737575379497E-6	1
mf	13	8.317737575379497E-6	1
nx	13	8.317737575379497E-6	1
yd	13	8.317737575379497E-6	1
zi	13	8.317737575379497E-6	1
ae	12	7.677911608042613E-6	1
ao	12	7.677911608042613E-6	1
df	12	7.677911608042613E-6	1
uy	11	7.038085640705728E-6	1
wu	11	7.038085640705728E-6	1
xh	11	7.038085640705728E-6	1
yf	11	7.038085640705728E-6	1
hq	10	6.398259673368844E-6	1
iq	10	6.398259673368844E-6	1
ko	10	6.398259673368844E-6	1
kw	10	6.398259673368844E-6	1
wy	10	6.398259673368844E-6	1
kh	9	5.758433706031959E-6	1
uv	9	5.758433706031959E-6	1
gd	8	5.118607738695075E-6	1
lg	8	5.118607738695075E-6	1
gm	7	4.47878177135819E-6	1
sq	7	4.47878177135819E-6	1
ux	7	4.47878177135819E-6	1
vr	7	4.47878177135819E-6	1
vu	7	4.47878177135819E-6	1
wf	7	4.47878177135819E-6	1
wp	7	4.47878177135819E-6	1
za	6	3.8389558040213065E-6	1
db	5	3.199129836684422E-6	1
fc	5	3.199129836684422E-6	1
gf	5	3.199129836684422E-6	1
ja	5	3.199129836684422E-6	1
kp	5	3.199129836684422E-6	1
nb	5	3.199129836684422E-6	1
oz	5	3.199129836684422E-6	1
pb	5	3.199129836684422E-6	1
pd	5	3.199129836684422E-6	1
pg	5	3.199129836684422E-6	1
pw	5	3.199129836684422E-6	1
xu	5	3.199129836684422E-6	1
yg	5	3.199129836684422E-6	1
yr	5	3.199129836684422E-6	1
ez	4	2.5593038693475374E-6	1
fw	4	2.5593038693475374E-6	1
ih	4	2.5593038693475374E-6	1
kb	4	2.5593038693475374E-6	1
km	4	2.5593038693475374E-6	1
pk	4	2.5593038693475374E-6	1
td	4	2.5593038693475374E-6	1
tg	4	2.5593038693475374E-6	1
wd	4	2.5593038693475374E-6	1
dn	3	1.9194779020106532E-6	1
fd	3	1.9194779020106532E-6	1
fg	3	1.9194779020106532E-6	1
hh	3	1.9194779020106532E-6	1
kd	3	1.9194779020106532E-6	1
kf	3	1.9194779020106532E-6	1
kt	3	1.9194779020106532E-6	1
ku	3	1.9194779020106532E-6	1
sà	3	1.9194779020106532E-6	1
uu	3	1.9194779020106532E-6	1
wb	3	1.9194779020106532E-6	1
wc	3	1.9194779020106532E-6	1
wm	3	1.9194779020106532E-6	1
xm	3	1.9194779020106532E-6	1
xo	3	1.9194779020106532E-6	1
zz	3	1.9194779020106532E-6	1
àv	3	1.9194779020106532E-6	1
_é	2	1.2796519346737687E-6	1
aï	2	1.2796519346737687E-6	1
bd	2	1.2796519346737687E-6	1
bn	2	1.2796519346737687E-6	1
bé	2	1.2796519346737687E-6	1
dp	2	1.2796519346737687E-6	1
fh	2	1.2796519346737687E-6	1
gw	2	1.2796519346737687E-6	1
ii	2	1.2796519346737687E-6	1
iè	2	1.2796519346737687E-6	1
lq	2	1.2796519346737687E-6	1
mc	2	1.2796519346737687E-6	1
uz	2	1.2796519346737687E-6	1
v_	2	1.2796519346737687E-6	1
wk	2	1.2796519346737687E-6	1
xr	2	1.2796519346737687E-6	1
zl	2	1.2796519346737687E-6	1
èc	2	1.2796519346737687E-6	1
é_	2	1.2796519346737687E-6	1
él	2	1.2796519346737687E-6	1
ïv	2	1.2796519346737687E-6	1
_ê	1	6.398259673368843E-7	1
bp	1	6.398259673368843E-7	1
cf	1	6.398259673368843E-7	1
cn	1	6.398259673368843E-7	1
dq	1	6.398259673368843E-7	1
dé	1	6.398259673368843E-7	1
fm	1	6.398259673368843E-7	1
fp	1	6.398259673368843E-7	1
fé	1	6.398259673368843E-7	1
jà	1	6.398259673368843E-7	1
jö	1	6.398259673368843E-7	1
kc	1	6.398259673368843E-7	1
kr	1	6.398259673368843E-7	1
ky	1	6.398259673368843E-7	1
lh	1	6.398259673368843E-7	1
l­	1	6.398259673368843E-7	1
mv	1	6.398259673368843E-7	1
nz	1	6.398259673368843E-7	1
oq	1	6.398259673368843E-7	1
pf	1	6.398259673368843E-7	1
rz	1	6.398259673368843E-7	1
râ	1	6.398259673368843E-7	1
rè	1	6.398259673368843E-7	1
ré	1	6.398259673368843E-7	1
sj	1	6.398259673368843E-7	1
sv	1	6.398259673368843E-7	1
tj	1	6.398259673368843E-7	1
tq	1	6.398259673368843E-7	1
tv	1	6.398259673368843E-7	1
té	1	6.398259673368843E-7	1
xf	1	6.398259673368843E-7	1
z_	1	6.398259673368843E-7	1
zu	1	6.398259673368843E-7	1
zw	1	6.398259673368843E-7	1
zy	1	6.398259673368843E-7	1
­s	1	6.398259673368843E-7	1
à_	1	6.398259673368843E-7	1
âc	1	6.398259673368843E-7	1
èr	1	6.398259673368843E-7	1
éb	1	6.398259673368843E-7	1
éf	1	6.398259673368843E-7	1
éj	1	6.398259673368843E-7	1
ér	1	6.398259673368843E-7	1
êt	1	6.398259673368843E-7	1
ör	1	6.398259673368843E-7	1
