English	6	138702	376
	1)	_	0	0	0.0
		1)	_t	0	0	0.0
			1)	_th	0	0	0.0
				1)	_tha	0	0	0.0
					1)	_that	0	0	0.0
						1)	_that_	1	4319	0.0027634085
					2)	_than	0	0	0.0
						1)	_than_	253	248	1.5867683E-4
						2)	_thank	374	200	1.2796519E-4
				2)	_thi	0	0	0.0
					1)	_this	0	0	0.0
						1)	_this_	2	3199	0.0020468032
					2)	_thin	0	0	0.0
						1)	_think	257	243	1.5547771E-4
				3)	_the	0	0	0.0
					1)	_ther	0	0	0.0
						1)	_there	10	1195	7.64592E-4
					2)	_thes	0	0	0.0
						1)	_these	25	617	3.9477262E-4
					3)	_they	0	0	0.0
						1)	_they_	44	495	3.1671385E-4
					4)	_thei	0	0	0.0
						1)	_their	53	482	3.0839612E-4
					5)	_them	0	0	0.0
						1)	_them_	258	243	1.5547771E-4
				4)	_tho	0	0	0.0
					1)	_thos	0	0	0.0
						1)	_those	214	266	1.7019371E-4
			2)	_ti	0	0	0.0
				1)	_tim	0	0	0.0
					1)	_time	0	0	0.0
						1)	_time_	107	351	2.2457891E-4
			3)	_tr	0	0	0.0
				1)	_tra	0	0	0.0
					1)	_tran	0	0	0.0
						1)	_trans	110	347	2.220196E-4
			4)	_ta	0	0	0.0
				1)	_tak	0	0	0.0
					1)	_take	0	0	0.0
						1)	_take_	128	331	2.1178239E-4
			5)	_to	0	0	0.0
				1)	_tod	0	0	0.0
					1)	_toda	0	0	0.0
						1)	_today	354	211	1.3500328E-4
		2)	_w	0	0	0.0
			1)	_wh	0	0	0.0
				1)	_whi	0	0	0.0
					1)	_whic	0	0	0.0
						1)	_which	4	2022	0.0012937281
				2)	_wha	0	0	0.0
					1)	_what	0	0	0.0
						1)	_what_	37	542	3.4678567E-4
				3)	_whe	0	0	0.0
					1)	_when	0	0	0.0
						1)	_when_	112	342	2.1882048E-4
					2)	_wher	0	0	0.0
						1)	_where	245	250	1.5995649E-4
			2)	_wi	0	0	0.0
				1)	_wit	0	0	0.0
					1)	_with	0	0	0.0
						1)	_with_	7	1614	0.0010326791
						2)	_withi	190	278	1.7787163E-4
				2)	_wil	0	0	0.0
					1)	_will	0	0	0.0
						1)	_will_	8	1455	9.309468E-4
			3)	_wo	0	0	0.0
				1)	_wou	0	0	0.0
					1)	_woul	0	0	0.0
						1)	_would	12	1020	6.526225E-4
				2)	_wor	0	0	0.0
					1)	_work	0	0	0.0
						1)	_work_	219	262	1.676344E-4
			4)	_we	0	0	0.0
				1)	_wer	0	0	0.0
					1)	_were	0	0	0.0
						1)	_were_	225	258	1.650751E-4
		3)	_h	0	0	0.0
			1)	_ha	0	0	0.0
				1)	_hav	0	0	0.0
					1)	_have	0	0	0.0
						1)	_have_	6	1855	0.0011868771
			2)	_ho	0	0	0.0
				1)	_how	0	0	0.0
					1)	_howe	0	0	0.0
						1)	_howev	161	291	1.8618935E-4
			3)	_he	0	0	0.0
				1)	_her	0	0	0.0
					1)	_here	0	0	0.0
						1)	_here_	358	209	1.3372363E-4
		4)	_s	0	0	0.0
			1)	_sh	0	0	0.0
				1)	_sho	0	0	0.0
					1)	_shou	0	0	0.0
						1)	_shoul	14	854	5.464114E-4
			2)	_su	0	0	0.0
				1)	_sup	0	0	0.0
					1)	_supp	0	0	0.0
						1)	_suppo	108	348	2.2265944E-4
				2)	_suc	0	0	0.0
					1)	_such	0	0	0.0
						1)	_such_	163	290	1.8554954E-4
			3)	_st	0	0	0.0
				1)	_sta	0	0	0.0
					1)	_stat	0	0	0.0
						1)	_state	116	338	2.1626118E-4
			4)	_so	0	0	0.0
				1)	_som	0	0	0.0
					1)	_some	0	0	0.0
						1)	_some_	144	310	1.9834605E-4
				2)	_soc	0	0	0.0
					1)	_soci	0	0	0.0
						1)	_socia	217	265	1.6955388E-4
			5)	_sp	0	0	0.0
				1)	_spe	0	0	0.0
					1)	_spec	0	0	0.0
						1)	_speci	273	238	1.5227858E-4
			6)	_sy	0	0	0.0
				1)	_sys	0	0	0.0
					1)	_syst	0	0	0.0
						1)	_syste	320	221	1.4140154E-4
		5)	_a	0	0	0.0
			1)	_al	0	0	0.0
				1)	_als	0	0	0.0
					1)	_also	0	0	0.0
						1)	_also_	16	831	5.316954E-4
				2)	_alr	0	0	0.0
					1)	_alre	0	0	0.0
						1)	_alrea	339	218	1.3948206E-4
			2)	_ab	0	0	0.0
				1)	_abo	0	0	0.0
					1)	_abou	0	0	0.0
						1)	_about	94	376	2.4057456E-4
			3)	_ag	0	0	0.0
				1)	_aga	0	0	0.0
					1)	_agai	0	0	0.0
						1)	_again	111	343	2.194603E-4
				2)	_agr	0	0	0.0
					1)	_agre	0	0	0.0
						1)	_agree	185	279	1.7851144E-4
			4)	_ap	0	0	0.0
				1)	_app	0	0	0.0
					1)	_appr	0	0	0.0
						1)	_appro	135	316	2.0218501E-4
			5)	_am	0	0	0.0
				1)	_ame	0	0	0.0
					1)	_amen	0	0	0.0
						1)	_amend	204	272	1.7403267E-4
			6)	_ar	0	0	0.0
				1)	_are	0	0	0.0
					1)	_area	0	0	0.0
						1)	_areas	229	257	1.6443527E-4
			7)	_au	0	0	0.0
				1)	_aut	0	0	0.0
					1)	_auth	0	0	0.0
						1)	_autho	309	223	1.426812E-4
			8)	_ac	0	0	0.0
				1)	_act	0	0	0.0
					1)	_acti	0	0	0.0
						1)	_actio	310	223	1.426812E-4
		6)	_m	0	0	0.0
			1)	_mu	0	0	0.0
				1)	_mus	0	0	0.0
					1)	_must	0	0	0.0
						1)	_must_	17	827	5.291361E-4
			2)	_mo	0	0	0.0
				1)	_mor	0	0	0.0
					1)	_more	0	0	0.0
						1)	_more_	30	583	3.7301853E-4
				2)	_mos	0	0	0.0
					1)	_most	0	0	0.0
						1)	_most_	325	219	1.4012189E-4
			3)	_ma	0	0	0.0
				1)	_mak	0	0	0.0
					1)	_make	0	0	0.0
						1)	_make_	114	341	2.1818065E-4
				2)	_mad	0	0	0.0
					1)	_made	0	0	0.0
						1)	_made_	157	292	1.8682919E-4
				3)	_mar	0	0	0.0
					1)	_mark	0	0	0.0
						1)	_marke	226	258	1.650751E-4
				4)	_man	0	0	0.0
					1)	_many	0	0	0.0
						1)	_many_	312	222	1.4204136E-4
				5)	_mat	0	0	0.0
					1)	_matt	0	0	0.0
						1)	_matte	326	219	1.4012189E-4
		7)	_b	0	0	0.0
			1)	_be	0	0	0.0
				1)	_bee	0	0	0.0
					1)	_been	0	0	0.0
						1)	_been_	20	691	4.4211975E-4
				2)	_bec	0	0	0.0
					1)	_beca	0	0	0.0
						1)	_becau	105	354	2.2649839E-4
				3)	_bet	0	0	0.0
					1)	_betw	0	0	0.0
						1)	_betwe	179	283	1.8107075E-4
				4)	_bei	0	0	0.0
					1)	_bein	0	0	0.0
						1)	_being	184	279	1.7851144E-4
				5)	_bel	0	0	0.0
					1)	_beli	0	0	0.0
						1)	_belie	259	243	1.5547771E-4
		8)	_f	0	0	0.0
			1)	_fr	0	0	0.0
				1)	_fro	0	0	0.0
					1)	_from	0	0	0.0
						1)	_from_	21	673	4.3060287E-4
			2)	_fi	0	0	0.0
				1)	_fir	0	0	0.0
					1)	_firs	0	0	0.0
						1)	_first	113	342	2.1882048E-4
				2)	_fin	0	0	0.0
					1)	_fina	0	0	0.0
						1)	_finan	209	268	1.7147337E-4
			3)	_fa	0	0	0.0
				1)	_fac	0	0	0.0
					1)	_fact	0	0	0.0
						1)	_fact_	183	279	1.7851144E-4
		9)	_l	0	0	0.0
			1)	_li	0	0	0.0
				1)	_lik	0	0	0.0
					1)	_like	0	0	0.0
						1)	_like_	27	611	3.9093365E-4
			2)	_le	0	0	0.0
				1)	_lev	0	0	0.0
					1)	_leve	0	0	0.0
						1)	_level	363	207	1.3244398E-4
		10)	_p	0	0	0.0
			1)	_pr	0	0	0.0
				1)	_pro	0	0	0.0
					1)	_prog	0	0	0.0
						1)	_progr	32	567	3.627813E-4
					2)	_prop	0	0	0.0
						1)	_propo	38	533	3.4102725E-4
					3)	_proc	0	0	0.0
						1)	_proce	102	356	2.2777804E-4
					4)	_prov	0	0	0.0
						1)	_provi	192	277	1.7723179E-4
					5)	_prob	0	0	0.0
						1)	_probl	208	268	1.7147337E-4
				2)	_pre	0	0	0.0
					1)	_pres	0	0	0.0
						1)	_prese	223	260	1.6635474E-4
				3)	_pri	0	0	0.0
					1)	_prin	0	0	0.0
						1)	_princ	265	241	1.5419806E-4
			2)	_po	0	0	0.0
				1)	_pol	0	0	0.0
					1)	_poli	0	0	0.0
						1)	_polic	43	498	3.1863333E-4
						2)	_polit	130	330	2.1114257E-4
				2)	_poi	0	0	0.0
					1)	_poin	0	0	0.0
						1)	_point	93	376	2.4057456E-4
				3)	_pos	0	0	0.0
					1)	_poss	0	0	0.0
						1)	_possi	199	274	1.7531232E-4
					2)	_posi	0	0	0.0
						1)	_posit	238	253	1.6187597E-4
			3)	_pa	0	0	0.0
				1)	_par	0	0	0.0
					1)	_part	0	0	0.0
						1)	_parti	63	450	2.879217E-4
			4)	_pe	0	0	0.0
				1)	_peo	0	0	0.0
					1)	_peop	0	0	0.0
						1)	_peopl	131	328	2.0986292E-4
			5)	_pu	0	0	0.0
				1)	_pub	0	0	0.0
					1)	_publ	0	0	0.0
						1)	_publi	304	224	1.4332101E-4
		11)	_i	0	0	0.0
			1)	_in	0	0	0.0
				1)	_int	0	0	0.0
					1)	_inte	0	0	0.0
						1)	_inter	34	562	3.595822E-4
					2)	_into	0	0	0.0
						1)	_into_	134	320	2.0474431E-4
				2)	_ini	0	0	0.0
					1)	_init	0	0	0.0
						1)	_initi	194	276	1.7659197E-4
				3)	_inc	0	0	0.0
					1)	_incl	0	0	0.0
						1)	_inclu	327	219	1.4012189E-4
				4)	_ins	0	0	0.0
					1)	_inst	0	0	0.0
						1)	_insti	371	202	1.2924484E-4
			2)	_im	0	0	0.0
				1)	_imp	0	0	0.0
					1)	_impo	0	0	0.0
						1)	_impor	46	490	3.1351473E-4
					2)	_impl	0	0	0.0
						1)	_imple	307	223	1.426812E-4
			3)	_is	0	0	0.0
				1)	_iss	0	0	0.0
					1)	_issu	0	0	0.0
						1)	_issue	69	417	2.6680742E-4
		12)	_r	0	0	0.0
			1)	_re	0	0	0.0
				1)	_rep	0	0	0.0
					1)	_repo	0	0	0.0
						1)	_repor	40	526	3.3654846E-4
				2)	_reg	0	0	0.0
					1)	_regi	0	0	0.0
						1)	_regio	62	453	2.8984118E-4
					2)	_rega	0	0	0.0
						1)	_regar	153	298	1.9066814E-4
				3)	_res	0	0	0.0
					1)	_resp	0	0	0.0
						1)	_respo	174	286	1.8299023E-4
				4)	_rel	0	0	0.0
					1)	_rela	0	0	0.0
						1)	_relat	296	228	1.4588032E-4
				5)	_ref	0	0	0.0
					1)	_refo	0	0	0.0
						1)	_refor	344	215	1.3756259E-4
			2)	_ri	0	0	0.0
				1)	_rig	0	0	0.0
					1)	_righ	0	0	0.0
						1)	_right	125	333	2.1306204E-4
		13)	_c	0	0	0.0
			1)	_co	0	0	0.0
				1)	_con	0	0	0.0
					1)	_conc	0	0	0.0
						1)	_conce	54	482	3.0839612E-4
					2)	_cont	0	0	0.0
						1)	_contr	99	364	2.3289665E-4
					3)	_cons	0	0	0.0
						1)	_consi	117	338	2.1626118E-4
				2)	_cou	0	0	0.0
					1)	_coun	0	0	0.0
						1)	_count	66	433	2.7704463E-4
					2)	_coul	0	0	0.0
						1)	_could	355	211	1.3500328E-4
				3)	_com	0	0	0.0
					1)	_comp	0	0	0.0
						1)	_compe	98	367	2.3481614E-4
					2)	_comm	0	0	0.0
						1)	_commi	254	247	1.5803702E-4
			2)	_cl	0	0	0.0
				1)	_cle	0	0	0.0
					1)	_clea	0	0	0.0
						1)	_clear	154	296	1.8938849E-4
			3)	_ce	0	0	0.0
				1)	_cer	0	0	0.0
					1)	_cert	0	0	0.0
						1)	_certa	266	241	1.5419806E-4
			4)	_cr	0	0	0.0
				1)	_cre	0	0	0.0
					1)	_crea	0	0	0.0
						1)	_creat	352	212	1.356431E-4
		14)	_v	0	0	0.0
			1)	_ve	0	0	0.0
				1)	_ver	0	0	0.0
					1)	_very	0	0	0.0
						1)	_very_	56	479	3.0647664E-4
		15)	_o	0	0	0.0
			1)	_ot	0	0	0.0
				1)	_oth	0	0	0.0
					1)	_othe	0	0	0.0
						1)	_other	61	460	2.9431994E-4
			2)	_on	0	0	0.0
				1)	_onl	0	0	0.0
					1)	_only	0	0	0.0
						1)	_only_	75	400	2.5593038E-4
			3)	_or	0	0	0.0
				1)	_ord	0	0	0.0
					1)	_orde	0	0	0.0
						1)	_order	322	220	1.4076171E-4
		16)	_u	0	0	0.0
			1)	_un	0	0	0.0
				1)	_und	0	0	0.0
					1)	_unde	0	0	0.0
						1)	_under	65	437	2.7960393E-4
		17)	_n	0	0	0.0
			1)	_ne	0	0	0.0
				1)	_nee	0	0	0.0
					1)	_need	0	0	0.0
						1)	_need_	68	419	2.6808708E-4
			2)	_na	0	0	0.0
				1)	_nat	0	0	0.0
					1)	_nati	0	0	0.0
						1)	_natio	212	267	1.7083353E-4
		18)	_d	0	0	0.0
			1)	_de	0	0	0.0
				1)	_dev	0	0	0.0
					1)	_deve	0	0	0.0
						1)	_devel	82	388	2.4825247E-4
				2)	_deb	0	0	0.0
					1)	_deba	0	0	0.0
						1)	_debat	146	308	1.970664E-4
				3)	_dec	0	0	0.0
					1)	_deci	0	0	0.0
						1)	_decis	291	231	1.477998E-4
			2)	_di	0	0	0.0
				1)	_dir	0	0	0.0
					1)	_dire	0	0	0.0
						1)	_direc	203	272	1.7403267E-4
			3)	_do	0	0	0.0
				1)	_doe	0	0	0.0
					1)	_does	0	0	0.0
						1)	_does_	302	225	1.4396085E-4
		19)	_e	0	0	0.0
			1)	_ec	0	0	0.0
				1)	_eco	0	0	0.0
					1)	_econ	0	0	0.0
						1)	_econo	97	367	2.3481614E-4
			2)	_ef	0	0	0.0
				1)	_eff	0	0	0.0
					1)	_effe	0	0	0.0
						1)	_effec	287	232	1.4843962E-4
			3)	_en	0	0	0.0
				1)	_env	0	0	0.0
					1)	_envi	0	0	0.0
						1)	_envir	338	218	1.3948206E-4
				2)	_ens	0	0	0.0
					1)	_ensu	0	0	0.0
						1)	_ensur	340	217	1.3884224E-4
			4)	_ev	0	0	0.0
				1)	_eve	0	0	0.0
					1)	_even	0	0	0.0
						1)	_even_	369	203	1.2988468E-4
			5)	_em	0	0	0.0
				1)	_emp	0	0	0.0
					1)	_empl	0	0	0.0
						1)	_emplo	376	200	1.2796519E-4
		20)	_q	0	0	0.0
			1)	_qu	0	0	0.0
				1)	_que	0	0	0.0
					1)	_ques	0	0	0.0
						1)	_quest	133	321	2.0538413E-4
		21)	_j	0	0	0.0
			1)	_ju	0	0	0.0
				1)	_jus	0	0	0.0
					1)	_just	0	0	0.0
						1)	_just_	150	302	1.9322745E-4
		22)	_y	0	0	0.0
			1)	_yo	0	0	0.0
				1)	_you	0	0	0.0
					1)	_your	0	0	0.0
						1)	_your_	197	275	1.7595214E-4
		23)	_g	0	0	0.0
			1)	_gr	0	0	0.0
				1)	_gre	0	0	0.0
					1)	_grea	0	0	0.0
						1)	_great	215	266	1.7019371E-4
				2)	_gro	0	0	0.0
					1)	_grou	0	0	0.0
						1)	_group	375	200	1.2796519E-4
			2)	_go	0	0	0.0
				1)	_gov	0	0	0.0
					1)	_gove	0	0	0.0
						1)	_gover	308	223	1.426812E-4
	2)	a	0	0	0.0
		1)	at	0	0	0.0
			1)	ati	0	0	0.0
				1)	atio	0	0	0.0
					1)	ation	0	0	0.0
						1)	ation_	3	2275	0.0014556041
						2)	ations	29	586	3.74938E-4
						3)	ationa	67	426	2.7256587E-4
				2)	ativ	0	0	0.0
					1)	ative	0	0	0.0
						1)	ative_	70	414	2.6488796E-4
				3)	atin	0	0	0.0
					1)	ating	0	0	0.0
						1)	ating_	175	284	1.8171058E-4
		2)	ab	0	0	0.0
			1)	abo	0	0	0.0
				1)	abou	0	0	0.0
					1)	about	0	0	0.0
						1)	about_	92	376	2.4057456E-4
		3)	ar	0	0	0.0
			1)	art	0	0	0.0
				1)	arti	0	0	0.0
					1)	artic	0	0	0.0
						1)	articu	122	335	2.143417E-4
			2)	are	0	0	0.0
				1)	area	0	0	0.0
					1)	areas	0	0	0.0
						1)	areas_	228	257	1.6443527E-4
		4)	ac	0	0	0.0
			1)	act	0	0	0.0
				1)	acti	0	0	0.0
					1)	actio	0	0	0.0
						1)	action	156	292	1.8682919E-4
		5)	ak	0	0	0.0
			1)	aki	0	0	0.0
				1)	akin	0	0	0.0
					1)	aking	0	0	0.0
						1)	aking_	252	248	1.5867683E-4
		6)	am	0	0	0.0
			1)	ame	0	0	0.0
				1)	amen	0	0	0.0
					1)	amend	0	0	0.0
						1)	amendm	299	227	1.452405E-4
		7)	au	0	0	0.0
			1)	aut	0	0	0.0
				1)	auth	0	0	0.0
					1)	autho	0	0	0.0
						1)	author	306	223	1.426812E-4
		8)	an	0	0	0.0
			1)	anc	0	0	0.0
				1)	anci	0	0	0.0
					1)	ancia	0	0	0.0
						1)	ancial	336	218	1.3948206E-4
		9)	al	0	0	0.0
			1)	alr	0	0	0.0
				1)	alre	0	0	0.0
					1)	alrea	0	0	0.0
						1)	alread	337	218	1.3948206E-4
	3)	w	0	0	0.0
		1)	wh	0	0	0.0
			1)	whi	0	0	0.0
				1)	whic	0	0	0.0
					1)	which	0	0	0.0
						1)	which_	5	2021	0.0012930883
			2)	whe	0	0	0.0
				1)	wher	0	0	0.0
					1)	where	0	0	0.0
						1)	where_	227	257	1.6443527E-4
		2)	wo	0	0	0.0
			1)	wou	0	0	0.0
				1)	woul	0	0	0.0
					1)	would	0	0	0.0
						1)	would_	11	1020	6.526225E-4
		3)	we	0	0	0.0
			1)	wev	0	0	0.0
				1)	weve	0	0	0.0
					1)	wever	0	0	0.0
						1)	wever_	158	291	1.8618935E-4
		4)	wi	0	0	0.0
			1)	wit	0	0	0.0
				1)	with	0	0	0.0
					1)	withi	0	0	0.0
						1)	within	186	278	1.7787163E-4
	4)	t	0	0	0.0
		1)	ti	0	0	0.0
			1)	tio	0	0	0.0
				1)	tion	0	0	0.0
					1)	tions	0	0	0.0
						1)	tions_	9	1266	8.100197E-4
					2)	tiona	0	0	0.0
						1)	tional	33	562	3.595822E-4
			2)	tic	0	0	0.0
				1)	tica	0	0	0.0
					1)	tical	0	0	0.0
						1)	tical_	106	353	2.2585857E-4
				2)	ticu	0	0	0.0
					1)	ticul	0	0	0.0
						1)	ticula	120	335	2.143417E-4
			3)	tiv	0	0	0.0
				1)	tive	0	0	0.0
					1)	tives	0	0	0.0
						1)	tives_	187	278	1.7787163E-4
			4)	tia	0	0	0.0
				1)	tiat	0	0	0.0
					1)	tiati	0	0	0.0
						1)	tiativ	274	237	1.5163876E-4
			5)	tit	0	0	0.0
				1)	titi	0	0	0.0
					1)	titio	0	0	0.0
						1)	tition	288	231	1.477998E-4
				2)	titu	0	0	0.0
					1)	titut	0	0	0.0
						1)	tituti	316	221	1.4140154E-4
		2)	th	0	0	0.0
			1)	the	0	0	0.0
				1)	ther	0	0	0.0
					1)	there	0	0	0.0
						1)	there_	18	788	5.041829E-4
						2)	theref	86	380	2.4313387E-4
				2)	thes	0	0	0.0
					1)	these	0	0	0.0
						1)	these_	24	617	3.9477262E-4
				3)	thei	0	0	0.0
					1)	their	0	0	0.0
						1)	their_	55	480	3.0711645E-4
			2)	thi	0	0	0.0
				1)	thin	0	0	0.0
					1)	thing	0	0	0.0
						1)	thing_	143	310	1.9834605E-4
					2)	think	0	0	0.0
						1)	think_	329	218	1.3948206E-4
			3)	tho	0	0	0.0
				1)	thos	0	0	0.0
					1)	those	0	0	0.0
						1)	those_	213	266	1.7019371E-4
		3)	tw	0	0	0.0
			1)	twe	0	0	0.0
				1)	twee	0	0	0.0
					1)	tween	0	0	0.0
						1)	tween_	176	283	1.8107075E-4
		4)	tr	0	0	0.0
			1)	tri	0	0	0.0
				1)	trie	0	0	0.0
					1)	tries	0	0	0.0
						1)	tries_	198	274	1.7531232E-4
			2)	tra	0	0	0.0
				1)	tran	0	0	0.0
					1)	trans	0	0	0.0
						1)	transp	315	221	1.4140154E-4
		5)	ta	0	0	0.0
			1)	tat	0	0	0.0
				1)	tati	0	0	0.0
					1)	tatio	0	0	0.0
						1)	tation	275	237	1.5163876E-4
			2)	tan	0	0	0.0
				1)	tanc	0	0	0.0
					1)	tance	0	0	0.0
						1)	tance_	292	230	1.4715997E-4
		6)	tu	0	0	0.0
			1)	tut	0	0	0.0
				1)	tuti	0	0	0.0
					1)	tutio	0	0	0.0
						1)	tution	314	221	1.4140154E-4
		7)	to	0	0	0.0
			1)	tod	0	0	0.0
				1)	toda	0	0	0.0
					1)	today	0	0	0.0
						1)	today_	361	207	1.3244398E-4
	5)	s	0	0	0.0
		1)	sh	0	0	0.0
			1)	sho	0	0	0.0
				1)	shou	0	0	0.0
					1)	shoul	0	0	0.0
						1)	should	13	854	5.464114E-4
		2)	si	0	0	0.0
			1)	sib	0	0	0.0
				1)	sibl	0	0	0.0
					1)	sible	0	0	0.0
						1)	sible_	83	386	2.4697284E-4
			2)	sio	0	0	0.0
				1)	sion	0	0	0.0
					1)	sions	0	0	0.0
						1)	sions_	246	249	1.5931667E-4
			3)	sit	0	0	0.0
				1)	siti	0	0	0.0
					1)	sitio	0	0	0.0
						1)	sition	356	209	1.3372363E-4
		3)	su	0	0	0.0
			1)	sup	0	0	0.0
				1)	supp	0	0	0.0
					1)	suppo	0	0	0.0
						1)	suppor	119	337	2.1562134E-4
		4)	so	0	0	0.0
			1)	soc	0	0	0.0
				1)	soci	0	0	0.0
					1)	socia	0	0	0.0
						1)	social	216	265	1.6955388E-4
			2)	sol	0	0	0.0
				1)	solu	0	0	0.0
					1)	solut	0	0	0.0
						1)	soluti	365	205	1.3116433E-4
		5)	st	0	0	0.0
			1)	str	0	0	0.0
				1)	stru	0	0	0.0
					1)	struc	0	0	0.0
						1)	struct	220	261	1.6699458E-4
			2)	sti	0	0	0.0
				1)	stit	0	0	0.0
					1)	stitu	0	0	0.0
						1)	stitut	239	252	1.6123614E-4
				2)	stio	0	0	0.0
					1)	stion	0	0	0.0
						1)	stion_	249	248	1.5867683E-4
		6)	ss	0	0	0.0
			1)	ssi	0	0	0.0
				1)	ssib	0	0	0.0
					1)	ssibl	0	0	0.0
						1)	ssible	233	254	1.6251579E-4
		7)	sp	0	0	0.0
			1)	spo	0	0	0.0
				1)	spon	0	0	0.0
					1)	spons	0	0	0.0
						1)	sponsi	283	233	1.4907945E-4
		8)	sa	0	0	0.0
			1)	sat	0	0	0.0
				1)	sati	0	0	0.0
					1)	satio	0	0	0.0
						1)	sation	285	232	1.4843962E-4
		9)	sy	0	0	0.0
			1)	sys	0	0	0.0
				1)	syst	0	0	0.0
					1)	syste	0	0	0.0
						1)	system	300	226	1.4460066E-4
	6)	h	0	0	0.0
		1)	ho	0	0	0.0
			1)	hou	0	0	0.0
				1)	houl	0	0	0.0
					1)	hould	0	0	0.0
						1)	hould_	15	848	5.425724E-4
			2)	how	0	0	0.0
				1)	howe	0	0	0.0
					1)	howev	0	0	0.0
						1)	howeve	160	291	1.8618935E-4
		2)	he	0	0	0.0
			1)	her	0	0	0.0
				1)	here	0	0	0.0
					1)	heref	0	0	0.0
						1)	herefo	87	380	2.4313387E-4
	7)	m	0	0	0.0
		1)	me	0	0	0.0
			1)	men	0	0	0.0
				1)	ment	0	0	0.0
					1)	ments	0	0	0.0
						1)	ments_	19	718	4.5939506E-4
					2)	menta	0	0	0.0
						1)	mental	221	260	1.6635474E-4
				2)	mend	0	0	0.0
					1)	mendm	0	0	0.0
						1)	mendme	297	227	1.452405E-4
		2)	mp	0	0	0.0
			1)	mpo	0	0	0.0
				1)	mpor	0	0	0.0
					1)	mport	0	0	0.0
						1)	mporta	47	486	3.1095542E-4
			2)	mpe	0	0	0.0
				1)	mpet	0	0	0.0
					1)	mpeti	0	0	0.0
						1)	mpetit	166	288	1.8426988E-4
			3)	mpl	0	0	0.0
				1)	mple	0	0	0.0
					1)	mplem	0	0	0.0
						1)	mpleme	267	240	1.5355823E-4
		3)	ma	0	0	0.0
			1)	mar	0	0	0.0
				1)	mark	0	0	0.0
					1)	marke	0	0	0.0
						1)	market	251	248	1.5867683E-4
			2)	mat	0	0	0.0
				1)	matt	0	0	0.0
					1)	matte	0	0	0.0
						1)	matter	324	219	1.4012189E-4
	8)	i	0	0	0.0
		1)	io	0	0	0.0
			1)	ion	0	0	0.0
				1)	iona	0	0	0.0
					1)	ional	0	0	0.0
						1)	ional_	22	632	4.0437002E-4
		2)	it	0	0	0.0
			1)	iti	0	0	0.0
				1)	itio	0	0	0.0
					1)	ition	0	0	0.0
						1)	ition_	35	559	3.576627E-4
				2)	itie	0	0	0.0
					1)	ities	0	0	0.0
						1)	ities_	71	412	2.636083E-4
				3)	itic	0	0	0.0
					1)	itica	0	0	0.0
						1)	itical	145	309	1.9770622E-4
				4)	itia	0	0	0.0
					1)	itiat	0	0	0.0
						1)	itiati	270	238	1.5227858E-4
			2)	ith	0	0	0.0
				1)	ithi	0	0	0.0
					1)	ithin	0	0	0.0
						1)	ithin_	188	278	1.7787163E-4
			3)	itu	0	0	0.0
				1)	itut	0	0	0.0
					1)	ituti	0	0	0.0
						1)	itutio	319	221	1.4140154E-4
		3)	im	0	0	0.0
			1)	imp	0	0	0.0
				1)	impo	0	0	0.0
					1)	impor	0	0	0.0
						1)	import	45	491	3.1415455E-4
				2)	impl	0	0	0.0
					1)	imple	0	0	0.0
						1)	implem	303	224	1.4332101E-4
		4)	il	0	0	0.0
			1)	ili	0	0	0.0
				1)	ilit	0	0	0.0
					1)	ility	0	0	0.0
						1)	ility_	73	407	2.6040917E-4
		5)	ic	0	0	0.0
			1)	icu	0	0	0.0
				1)	icul	0	0	0.0
					1)	icula	0	0	0.0
						1)	icular	124	334	2.1370187E-4
			2)	ica	0	0	0.0
				1)	icat	0	0	0.0
					1)	icati	0	0	0.0
						1)	icatio	235	254	1.6251579E-4
		6)	in	0	0	0.0
			1)	ini	0	0	0.0
				1)	init	0	0	0.0
					1)	initi	0	0	0.0
						1)	initia	189	278	1.7787163E-4
			2)	ina	0	0	0.0
				1)	inan	0	0	0.0
					1)	inanc	0	0	0.0
						1)	inanci	276	237	1.5163876E-4
			3)	inc	0	0	0.0
				1)	inci	0	0	0.0
					1)	incip	0	0	0.0
						1)	incipl	282	234	1.4971927E-4
				2)	incl	0	0	0.0
					1)	inclu	0	0	0.0
						1)	includ	357	209	1.3372363E-4
			4)	int	0	0	0.0
				1)	inte	0	0	0.0
					1)	inter	0	0	0.0
						1)	intern	351	213	1.3628294E-4
			5)	ins	0	0	0.0
				1)	inst	0	0	0.0
					1)	insti	0	0	0.0
						1)	instit	360	208	1.330838E-4
		7)	ib	0	0	0.0
			1)	ibi	0	0	0.0
				1)	ibil	0	0	0.0
					1)	ibili	0	0	0.0
						1)	ibilit	237	253	1.6187597E-4
		8)	is	0	0	0.0
			1)	iss	0	0	0.0
				1)	issu	0	0	0.0
					1)	issue	0	0	0.0
						1)	issue_	244	250	1.5995649E-4
			2)	isi	0	0	0.0
				1)	isio	0	0	0.0
					1)	ision	0	0	0.0
						1)	ision_	255	246	1.5739718E-4
			3)	isa	0	0	0.0
				1)	isat	0	0	0.0
					1)	isati	0	0	0.0
						1)	isatio	321	220	1.4076171E-4
		9)	ia	0	0	0.0
			1)	iat	0	0	0.0
				1)	iati	0	0	0.0
					1)	iativ	0	0	0.0
						1)	iative	271	238	1.5227858E-4
		10)	ir	0	0	0.0
			1)	ire	0	0	0.0
				1)	irec	0	0	0.0
					1)	irect	0	0	0.0
						1)	irecti	301	225	1.4396085E-4
			2)	iro	0	0	0.0
				1)	iron	0	0	0.0
					1)	ironm	0	0	0.0
						1)	ironme	334	218	1.3948206E-4
	9)	c	0	0	0.0
		1)	ct	0	0	0.0
			1)	cti	0	0	0.0
				1)	ctio	0	0	0.0
					1)	ction	0	0	0.0
						1)	ction_	23	631	4.037302E-4
				2)	ctiv	0	0	0.0
					1)	ctive	0	0	0.0
						1)	ctive_	64	439	2.808836E-4
		2)	co	0	0	0.0
			1)	cou	0	0	0.0
				1)	coun	0	0	0.0
					1)	count	0	0	0.0
						1)	countr	72	408	2.61049E-4
				2)	coul	0	0	0.0
					1)	could	0	0	0.0
						1)	could_	353	211	1.3500328E-4
				3)	cour	0	0	0.0
					1)	cours	0	0	0.0
						1)	course	373	201	1.2860502E-4
			2)	con	0	0	0.0
				1)	conc	0	0	0.0
					1)	conce	0	0	0.0
						1)	concer	76	396	2.5337108E-4
				2)	cons	0	0	0.0
					1)	consi	0	0	0.0
						1)	consid	142	311	1.9898587E-4
				3)	cono	0	0	0.0
					1)	conom	0	0	0.0
						1)	conomi	196	275	1.7595214E-4
			3)	com	0	0	0.0
				1)	comp	0	0	0.0
					1)	compe	0	0	0.0
						1)	compet	109	347	2.220196E-4
				2)	comm	0	0	0.0
					1)	commi	0	0	0.0
						1)	commit	346	214	1.3692275E-4
		3)	ca	0	0	0.0
			1)	cau	0	0	0.0
				1)	caus	0	0	0.0
					1)	cause	0	0	0.0
						1)	cause_	81	391	2.5017196E-4
			2)	cat	0	0	0.0
				1)	cati	0	0	0.0
					1)	catio	0	0	0.0
						1)	cation	151	300	1.919478E-4
		4)	ce	0	0	0.0
			1)	cer	0	0	0.0
				1)	cert	0	0	0.0
					1)	certa	0	0	0.0
						1)	certai	222	260	1.6635474E-4
		5)	ci	0	0	0.0
			1)	cis	0	0	0.0
				1)	cisi	0	0	0.0
					1)	cisio	0	0	0.0
						1)	cision	263	241	1.5419806E-4
		6)	cl	0	0	0.0
			1)	cle	0	0	0.0
				1)	clea	0	0	0.0
					1)	clear	0	0	0.0
						1)	clear_	286	232	1.4843962E-4
		7)	cu	0	0	0.0
			1)	cul	0	0	0.0
				1)	cult	0	0	0.0
					1)	cultu	0	0	0.0
						1)	cultur	343	215	1.3756259E-4
		8)	ch	0	0	0.0
			1)	cha	0	0	0.0
				1)	chan	0	0	0.0
					1)	chang	0	0	0.0
						1)	change	364	206	1.3180415E-4
	10)	e	0	0	0.0
		1)	em	0	0	0.0
			1)	eme	0	0	0.0
				1)	emen	0	0	0.0
					1)	ement	0	0	0.0
						1)	ement_	26	611	3.9093365E-4
						2)	ements	342	216	1.382024E-4
			2)	emp	0	0	0.0
				1)	empl	0	0	0.0
					1)	emplo	0	0	0.0
						1)	employ	180	281	1.797911E-4
		2)	ec	0	0	0.0
			1)	ect	0	0	0.0
				1)	ecti	0	0	0.0
					1)	ectiv	0	0	0.0
						1)	ective	36	543	3.474255E-4
					2)	ectio	0	0	0.0
						1)	ection	149	303	1.9386726E-4
			2)	eco	0	0	0.0
				1)	econ	0	0	0.0
					1)	econo	0	0	0.0
						1)	econom	91	377	2.412144E-4
			3)	eca	0	0	0.0
				1)	ecau	0	0	0.0
					1)	ecaus	0	0	0.0
						1)	ecause	103	354	2.2649839E-4
			4)	eci	0	0	0.0
				1)	ecis	0	0	0.0
					1)	ecisi	0	0	0.0
						1)	ecisio	262	241	1.5419806E-4
		3)	ef	0	0	0.0
			1)	efo	0	0	0.0
				1)	efor	0	0	0.0
					1)	efore	0	0	0.0
						1)	efore_	41	525	3.3590864E-4
			2)	eff	0	0	0.0
				1)	effe	0	0	0.0
					1)	effec	0	0	0.0
						1)	effect	268	240	1.5355823E-4
		4)	ep	0	0	0.0
			1)	epo	0	0	0.0
				1)	epor	0	0	0.0
					1)	eport	0	0	0.0
						1)	eport_	57	472	3.0199785E-4
		5)	ev	0	0	0.0
			1)	eve	0	0	0.0
				1)	evel	0	0	0.0
					1)	evelo	0	0	0.0
						1)	evelop	78	395	2.5273126E-4
		6)	er	0	0	0.0
			1)	ere	0	0	0.0
				1)	eref	0	0	0.0
					1)	erefo	0	0	0.0
						1)	erefor	88	380	2.4313387E-4
			2)	era	0	0	0.0
				1)	erat	0	0	0.0
					1)	erati	0	0	0.0
						1)	eratio	152	298	1.9066814E-4
			3)	ert	0	0	0.0
				1)	erta	0	0	0.0
					1)	ertai	0	0	0.0
						1)	ertain	207	268	1.7147337E-4
		7)	en	0	0	0.0
			1)	ent	0	0	0.0
				1)	enti	0	0	0.0
					1)	entio	0	0	0.0
						1)	ention	101	356	2.2777804E-4
				2)	enta	0	0	0.0
					1)	ental	0	0	0.0
						1)	ental_	279	236	1.5099892E-4
			2)	end	0	0	0.0
				1)	endm	0	0	0.0
					1)	endme	0	0	0.0
						1)	endmen	298	227	1.452405E-4
			3)	env	0	0	0.0
				1)	envi	0	0	0.0
					1)	envir	0	0	0.0
						1)	enviro	335	218	1.3948206E-4
		8)	es	0	0	0.0
			1)	est	0	0	0.0
				1)	esti	0	0	0.0
					1)	estio	0	0	0.0
						1)	estion	115	339	2.16901E-4
			2)	esp	0	0	0.0
				1)	espo	0	0	0.0
					1)	espon	0	0	0.0
						1)	espons	191	277	1.7723179E-4
		9)	eo	0	0	0.0
			1)	eop	0	0	0.0
				1)	eopl	0	0	0.0
					1)	eople	0	0	0.0
						1)	eople_	137	312	1.996257E-4
		10)	el	0	0	0.0
			1)	elo	0	0	0.0
				1)	elop	0	0	0.0
					1)	elopm	0	0	0.0
						1)	elopme	173	287	1.8363005E-4
			2)	eli	0	0	0.0
				1)	elie	0	0	0.0
					1)	eliev	0	0	0.0
						1)	elieve	272	238	1.5227858E-4
		11)	et	0	0	0.0
			1)	etw	0	0	0.0
				1)	etwe	0	0	0.0
					1)	etwee	0	0	0.0
						1)	etween	177	283	1.8107075E-4
			2)	eti	0	0	0.0
				1)	etit	0	0	0.0
					1)	etiti	0	0	0.0
						1)	etitio	289	231	1.477998E-4
			3)	eth	0	0	0.0
				1)	ethe	0	0	0.0
					1)	ether	0	0	0.0
						1)	ether_	290	231	1.477998E-4
		12)	eb	0	0	0.0
			1)	eba	0	0	0.0
				1)	ebat	0	0	0.0
					1)	ebate	0	0	0.0
						1)	ebate_	218	262	1.676344E-4
		13)	eg	0	0	0.0
			1)	egi	0	0	0.0
				1)	egio	0	0	0.0
					1)	egion	0	0	0.0
						1)	egions	278	237	1.5163876E-4
	11)	n	0	0	0.0
		1)	na	0	0	0.0
			1)	nat	0	0	0.0
				1)	nati	0	0	0.0
					1)	natio	0	0	0.0
						1)	nation	28	591	3.7813713E-4
			2)	nan	0	0	0.0
				1)	nanc	0	0	0.0
					1)	nanci	0	0	0.0
						1)	nancia	332	218	1.3948206E-4
		2)	ns	0	0	0.0
			1)	nsi	0	0	0.0
				1)	nsid	0	0	0.0
					1)	nside	0	0	0.0
						1)	nsider	141	311	1.9898587E-4
			2)	nst	0	0	0.0
				1)	nsti	0	0	0.0
					1)	nstit	0	0	0.0
						1)	nstitu	224	259	1.6571493E-4
		3)	nt	0	0	0.0
			1)	ntr	0	0	0.0
				1)	ntri	0	0	0.0
					1)	ntrie	0	0	0.0
						1)	ntries	232	255	1.6315562E-4
			2)	nti	0	0	0.0
				1)	ntio	0	0	0.0
					1)	ntion	0	0	0.0
						1)	ntion_	318	221	1.4140154E-4
			3)	nte	0	0	0.0
				1)	nter	0	0	0.0
					1)	ntern	0	0	0.0
						1)	nterna	349	213	1.3628294E-4
		4)	ni	0	0	0.0
			1)	nit	0	0	0.0
				1)	niti	0	0	0.0
					1)	nitia	0	0	0.0
						1)	nitiat	234	254	1.6251579E-4
		5)	nd	0	0	0.0
			1)	ndi	0	0	0.0
				1)	ndin	0	0	0.0
					1)	nding	0	0	0.0
						1)	nding_	250	248	1.5867683E-4
			2)	ndm	0	0	0.0
				1)	ndme	0	0	0.0
					1)	ndmen	0	0	0.0
						1)	ndment	295	228	1.4588032E-4
		6)	no	0	0	0.0
			1)	nom	0	0	0.0
				1)	nomi	0	0	0.0
					1)	nomic	0	0	0.0
						1)	nomic_	280	234	1.4971927E-4
		7)	nc	0	0	0.0
			1)	nci	0	0	0.0
				1)	ncip	0	0	0.0
					1)	ncipl	0	0	0.0
						1)	nciple	281	234	1.4971927E-4
				2)	ncia	0	0	0.0
					1)	ncial	0	0	0.0
						1)	ncial_	350	213	1.3628294E-4
		8)	nv	0	0	0.0
			1)	nvi	0	0	0.0
				1)	nvir	0	0	0.0
					1)	nviro	0	0	0.0
						1)	nviron	331	218	1.3948206E-4
	12)	r	0	0	0.0
		1)	ra	0	0	0.0
			1)	rat	0	0	0.0
				1)	rati	0	0	0.0
					1)	ratio	0	0	0.0
						1)	ration	31	575	3.6789992E-4
			2)	ram	0	0	0.0
				1)	ramm	0	0	0.0
					1)	ramme	0	0	0.0
						1)	ramme_	164	289	1.849097E-4
		2)	re	0	0	0.0
			1)	rep	0	0	0.0
				1)	repo	0	0	0.0
					1)	repor	0	0	0.0
						1)	report	39	526	3.3654846E-4
			2)	reg	0	0	0.0
				1)	regi	0	0	0.0
					1)	regio	0	0	0.0
						1)	region	59	469	3.000784E-4
				2)	rega	0	0	0.0
					1)	regar	0	0	0.0
						1)	regard	148	303	1.9386726E-4
			3)	ref	0	0	0.0
				1)	refo	0	0	0.0
					1)	refor	0	0	0.0
						1)	refore	84	382	2.4441353E-4
						2)	reform	347	213	1.3628294E-4
			4)	res	0	0	0.0
				1)	rese	0	0	0.0
					1)	resen	0	0	0.0
						1)	resent	96	368	2.3545595E-4
				2)	resp	0	0	0.0
					1)	respo	0	0	0.0
						1)	respon	136	312	1.996257E-4
			5)	rea	0	0	0.0
				1)	read	0	0	0.0
					1)	ready	0	0	0.0
						1)	ready_	269	239	1.5291841E-4
		3)	ro	0	0	0.0
			1)	rog	0	0	0.0
				1)	rogr	0	0	0.0
					1)	rogra	0	0	0.0
						1)	rogram	49	485	3.103156E-4
			2)	rop	0	0	0.0
				1)	ropo	0	0	0.0
					1)	ropos	0	0	0.0
						1)	roposa	138	311	1.9898587E-4
			3)	rob	0	0	0.0
				1)	robl	0	0	0.0
					1)	roble	0	0	0.0
						1)	roblem	205	269	1.7211318E-4
			4)	ron	0	0	0.0
				1)	ronm	0	0	0.0
					1)	ronme	0	0	0.0
						1)	ronmen	330	218	1.3948206E-4
			5)	roc	0	0	0.0
				1)	roce	0	0	0.0
					1)	roces	0	0	0.0
						1)	rocess	366	205	1.3116433E-4
		4)	rt	0	0	0.0
			1)	rta	0	0	0.0
				1)	rtan	0	0	0.0
					1)	rtant	0	0	0.0
						1)	rtant_	100	358	2.290577E-4
			2)	rti	0	0	0.0
				1)	rtic	0	0	0.0
					1)	rticu	0	0	0.0
						1)	rticul	121	335	2.143417E-4
		5)	ri	0	0	0.0
			1)	rin	0	0	0.0
				1)	rinc	0	0	0.0
					1)	rinci	0	0	0.0
						1)	rincip	260	241	1.5419806E-4
	13)	p	0	0	0.0
		1)	pr	0	0	0.0
			1)	pro	0	0	0.0
				1)	prop	0	0	0.0
					1)	propo	0	0	0.0
						1)	propos	42	514	3.2887055E-4
				2)	prog	0	0	0.0
					1)	progr	0	0	0.0
						1)	progra	50	485	3.103156E-4
				3)	prob	0	0	0.0
					1)	probl	0	0	0.0
						1)	proble	206	269	1.7211318E-4
				4)	proc	0	0	0.0
					1)	proce	0	0	0.0
						1)	proces	367	205	1.3116433E-4
			2)	pre	0	0	0.0
				1)	pres	0	0	0.0
					1)	prese	0	0	0.0
						1)	presen	85	382	2.4441353E-4
			3)	pri	0	0	0.0
				1)	prin	0	0	0.0
					1)	princ	0	0	0.0
						1)	princi	261	241	1.5419806E-4
		2)	po	0	0	0.0
			1)	por	0	0	0.0
				1)	port	0	0	0.0
					1)	porta	0	0	0.0
						1)	portan	51	485	3.103156E-4
			2)	pol	0	0	0.0
				1)	poli	0	0	0.0
					1)	polic	0	0	0.0
						1)	policy	89	379	2.4249405E-4
					2)	polit	0	0	0.0
						1)	politi	126	331	2.1178239E-4
			3)	pos	0	0	0.0
				1)	poss	0	0	0.0
					1)	possi	0	0	0.0
						1)	possib	155	295	1.8874866E-4
				2)	posi	0	0	0.0
					1)	posit	0	0	0.0
						1)	positi	201	272	1.7403267E-4
				3)	posa	0	0	0.0
					1)	posal	0	0	0.0
						1)	posal_	372	201	1.2860502E-4
			4)	poi	0	0	0.0
				1)	poin	0	0	0.0
					1)	point	0	0	0.0
						1)	point_	193	276	1.7659197E-4
			5)	pon	0	0	0.0
				1)	pons	0	0	0.0
					1)	ponsi	0	0	0.0
						1)	ponsib	284	233	1.4907945E-4
		3)	pa	0	0	0.0
			1)	par	0	0	0.0
				1)	part	0	0	0.0
					1)	parti	0	0	0.0
						1)	partic	74	405	2.591295E-4
		4)	pe	0	0	0.0
			1)	peo	0	0	0.0
				1)	peop	0	0	0.0
					1)	peopl	0	0	0.0
						1)	people	123	334	2.1370187E-4
			2)	pet	0	0	0.0
				1)	peti	0	0	0.0
					1)	petit	0	0	0.0
						1)	petiti	169	287	1.8363005E-4
			3)	per	0	0	0.0
				1)	pera	0	0	0.0
					1)	perat	0	0	0.0
						1)	perati	317	221	1.4140154E-4
		5)	pp	0	0	0.0
			1)	ppo	0	0	0.0
				1)	ppor	0	0	0.0
					1)	pport	0	0	0.0
						1)	pport_	210	267	1.7083353E-4
		6)	pm	0	0	0.0
			1)	pme	0	0	0.0
				1)	pmen	0	0	0.0
					1)	pment	0	0	0.0
						1)	pment_	211	267	1.7083353E-4
		7)	pl	0	0	0.0
			1)	ple	0	0	0.0
				1)	plem	0	0	0.0
					1)	pleme	0	0	0.0
						1)	plemen	241	251	1.6059632E-4
		8)	pu	0	0	0.0
			1)	pub	0	0	0.0
				1)	publ	0	0	0.0
					1)	publi	0	0	0.0
						1)	public	359	208	1.330838E-4
	14)	l	0	0	0.0
		1)	la	0	0	0.0
			1)	lat	0	0	0.0
				1)	lati	0	0	0.0
					1)	latio	0	0	0.0
						1)	lation	48	486	3.1095542E-4
		2)	le	0	0	0.0
			1)	lem	0	0	0.0
				1)	leme	0	0	0.0
					1)	lemen	0	0	0.0
						1)	lement	147	304	1.945071E-4
		3)	lo	0	0	0.0
			1)	lop	0	0	0.0
				1)	lopm	0	0	0.0
					1)	lopme	0	0	0.0
						1)	lopmen	172	287	1.8363005E-4
		4)	li	0	0	0.0
			1)	lit	0	0	0.0
				1)	liti	0	0	0.0
					1)	litic	0	0	0.0
						1)	litica	181	280	1.7915128E-4
			2)	lie	0	0	0.0
				1)	liev	0	0	0.0
					1)	lieve	0	0	0.0
						1)	lieve_	311	222	1.4204136E-4
		5)	lu	0	0	0.0
			1)	lut	0	0	0.0
				1)	luti	0	0	0.0
					1)	lutio	0	0	0.0
						1)	lution	294	229	1.4652015E-4
		6)	lr	0	0	0.0
			1)	lre	0	0	0.0
				1)	lrea	0	0	0.0
					1)	lread	0	0	0.0
						1)	lready	333	218	1.3948206E-4
	15)	o	0	0	0.0
		1)	og	0	0	0.0
			1)	ogr	0	0	0.0
				1)	ogra	0	0	0.0
					1)	ogram	0	0	0.0
						1)	ogramm	52	485	3.103156E-4
		2)	ot	0	0	0.0
			1)	oth	0	0	0.0
				1)	othe	0	0	0.0
					1)	other	0	0	0.0
						1)	other_	58	472	3.0199785E-4
		3)	on	0	0	0.0
			1)	onc	0	0	0.0
				1)	once	0	0	0.0
					1)	oncer	0	0	0.0
						1)	oncern	77	395	2.5273126E-4
			2)	ons	0	0	0.0
				1)	onsi	0	0	0.0
					1)	onsid	0	0	0.0
						1)	onside	140	311	1.9898587E-4
			3)	ono	0	0	0.0
				1)	onom	0	0	0.0
					1)	onomi	0	0	0.0
						1)	onomic	240	252	1.6123614E-4
			4)	onm	0	0	0.0
				1)	onme	0	0	0.0
					1)	onmen	0	0	0.0
						1)	onment	323	219	1.4012189E-4
		4)	ol	0	0	0.0
			1)	oli	0	0	0.0
				1)	olic	0	0	0.0
					1)	olicy	0	0	0.0
						1)	olicy_	90	377	2.412144E-4
				2)	olit	0	0	0.0
					1)	oliti	0	0	0.0
						1)	olitic	127	331	2.1178239E-4
			2)	olu	0	0	0.0
				1)	olut	0	0	0.0
					1)	oluti	0	0	0.0
						1)	olutio	348	213	1.3628294E-4
		5)	or	0	0	0.0
			1)	ort	0	0	0.0
				1)	orta	0	0	0.0
					1)	ortan	0	0	0.0
						1)	ortant	95	369	2.3609579E-4
			2)	ord	0	0	0.0
				1)	orde	0	0	0.0
					1)	order	0	0	0.0
						1)	order_	170	287	1.8363005E-4
			3)	ori	0	0	0.0
				1)	orit	0	0	0.0
					1)	ority	0	0	0.0
						1)	ority_	293	229	1.4652015E-4
		6)	op	0	0	0.0
			1)	opo	0	0	0.0
				1)	opos	0	0	0.0
					1)	oposa	0	0	0.0
						1)	oposal	139	311	1.9898587E-4
			2)	opm	0	0	0.0
				1)	opme	0	0	0.0
					1)	opmen	0	0	0.0
						1)	opment	171	287	1.8363005E-4
			3)	ope	0	0	0.0
				1)	oper	0	0	0.0
					1)	opera	0	0	0.0
						1)	operat	202	272	1.7403267E-4
		7)	ow	0	0	0.0
			1)	owe	0	0	0.0
				1)	owev	0	0	0.0
					1)	oweve	0	0	0.0
						1)	owever	159	291	1.8618935E-4
		8)	om	0	0	0.0
			1)	omp	0	0	0.0
				1)	ompe	0	0	0.0
					1)	ompet	0	0	0.0
						1)	ompeti	165	289	1.849097E-4
		9)	ou	0	0	0.0
			1)	oun	0	0	0.0
				1)	ount	0	0	0.0
					1)	ountr	0	0	0.0
						1)	ountri	231	255	1.6315562E-4
		10)	os	0	0	0.0
			1)	oss	0	0	0.0
				1)	ossi	0	0	0.0
					1)	ossib	0	0	0.0
						1)	ossibl	247	249	1.5931667E-4
		11)	oc	0	0	0.0
			1)	oci	0	0	0.0
				1)	ocia	0	0	0.0
					1)	ocial	0	0	0.0
						1)	ocial_	248	249	1.5931667E-4
	16)	g	0	0	0.0
		1)	gr	0	0	0.0
			1)	gra	0	0	0.0
				1)	gram	0	0	0.0
					1)	gramm	0	0	0.0
						1)	gramme	60	463	2.9623942E-4
		2)	go	0	0	0.0
			1)	gov	0	0	0.0
				1)	gove	0	0	0.0
					1)	gover	0	0	0.0
						1)	govern	242	251	1.6059632E-4
		3)	ge	0	0	0.0
			1)	gem	0	0	0.0
				1)	geme	0	0	0.0
					1)	gemen	0	0	0.0
						1)	gement	256	243	1.5547771E-4
		4)	gi	0	0	0.0
			1)	gio	0	0	0.0
				1)	gion	0	0	0.0
					1)	gions	0	0	0.0
						1)	gions_	277	237	1.5163876E-4
	17)	d	0	0	0.0
		1)	de	0	0	0.0
			1)	dev	0	0	0.0
				1)	deve	0	0	0.0
					1)	devel	0	0	0.0
						1)	develo	79	395	2.5273126E-4
			2)	deb	0	0	0.0
				1)	deba	0	0	0.0
					1)	debat	0	0	0.0
						1)	debate	162	290	1.8554954E-4
			3)	dec	0	0	0.0
				1)	deci	0	0	0.0
					1)	decis	0	0	0.0
						1)	decisi	236	254	1.6251579E-4
		2)	di	0	0	0.0
			1)	dir	0	0	0.0
				1)	dire	0	0	0.0
					1)	direc	0	0	0.0
						1)	direct	182	280	1.7915128E-4
			2)	dit	0	0	0.0
				1)	diti	0	0	0.0
					1)	ditio	0	0	0.0
						1)	dition	362	207	1.3244398E-4
	18)	b	0	0	0.0
		1)	bi	0	0	0.0
			1)	bil	0	0	0.0
				1)	bili	0	0	0.0
					1)	bilit	0	0	0.0
						1)	bility	80	394	2.5209144E-4
		2)	be	0	0	0.0
			1)	bec	0	0	0.0
				1)	beca	0	0	0.0
					1)	becau	0	0	0.0
						1)	becaus	104	354	2.2649839E-4
			2)	bet	0	0	0.0
				1)	betw	0	0	0.0
					1)	betwe	0	0	0.0
						1)	betwee	178	283	1.8107075E-4
			3)	bei	0	0	0.0
				1)	bein	0	0	0.0
					1)	being	0	0	0.0
						1)	being_	200	273	1.7467249E-4
			4)	bel	0	0	0.0
				1)	beli	0	0	0.0
					1)	belie	0	0	0.0
						1)	believ	264	241	1.5419806E-4
	19)	u	0	0	0.0
		1)	up	0	0	0.0
			1)	upp	0	0	0.0
				1)	uppo	0	0	0.0
					1)	uppor	0	0	0.0
						1)	upport	118	337	2.1562134E-4
		2)	ue	0	0	0.0
			1)	ues	0	0	0.0
				1)	uest	0	0	0.0
					1)	uesti	0	0	0.0
						1)	uestio	132	323	2.0666378E-4
		3)	ut	0	0	0.0
			1)	uti	0	0	0.0
				1)	utio	0	0	0.0
					1)	ution	0	0	0.0
						1)	ution_	168	287	1.8363005E-4
						2)	utions	345	214	1.3692275E-4
			2)	uth	0	0	0.0
				1)	utho	0	0	0.0
					1)	uthor	0	0	0.0
						1)	uthori	341	216	1.382024E-4
		4)	un	0	0	0.0
			1)	unt	0	0	0.0
				1)	untr	0	0	0.0
					1)	untri	0	0	0.0
						1)	untrie	230	255	1.6315562E-4
			2)	und	0	0	0.0
				1)	unde	0	0	0.0
					1)	under	0	0	0.0
						1)	under_	370	202	1.2924484E-4
		5)	ua	0	0	0.0
			1)	uat	0	0	0.0
				1)	uati	0	0	0.0
					1)	uatio	0	0	0.0
						1)	uation	305	223	1.426812E-4
		6)	ul	0	0	0.0
			1)	ula	0	0	0.0
				1)	ulat	0	0	0.0
					1)	ulati	0	0	0.0
						1)	ulatio	313	221	1.4140154E-4
	20)	q	0	0	0.0
		1)	qu	0	0	0.0
			1)	que	0	0	0.0
				1)	ques	0	0	0.0
					1)	quest	0	0	0.0
						1)	questi	129	330	2.1114257E-4
	21)	v	0	0	0.0
		1)	ve	0	0	0.0
			1)	vel	0	0	0.0
				1)	velo	0	0	0.0
					1)	velop	0	0	0.0
						1)	velopm	167	287	1.8363005E-4
		2)	vi	0	0	0.0
			1)	vir	0	0	0.0
				1)	viro	0	0	0.0
					1)	viron	0	0	0.0
						1)	vironm	328	218	1.3948206E-4
	22)	f	0	0	0.0
		1)	fi	0	0	0.0
			1)	fin	0	0	0.0
				1)	fina	0	0	0.0
					1)	finan	0	0	0.0
						1)	financ	195	275	1.7595214E-4
			2)	fir	0	0	0.0
				1)	firs	0	0	0.0
					1)	first	0	0	0.0
						1)	first_	243	251	1.6059632E-4
	23)	y	0	0	0.0
		1)	ym	0	0	0.0
			1)	yme	0	0	0.0
				1)	ymen	0	0	0.0
					1)	yment	0	0	0.0
						1)	yment_	368	203	1.2988468E-4
