es_	5654	0.015206446199195301	2
_de	4668	0.012554596897390106	2
de_	3160	0.008498827376982163	2
_le	2918	0.00784796781203606	2
ent	2898	0.0077941777653463004	2
nt_	2836	0.007627428620608043	2
ion	2549	0.006855541450609979	2
_la	2374	0.0063848785420745745	2
le_	2340	0.006293435462701982	2
la_	2125	0.005715192460787056	2
que	2102	0.0056533339070938314	2
on_	2056	0.005529616799707382	2
_qu	1973	0.005306388105944876	2
_co	1919	0.005161154979882523	2
ns_	1906	0.0051261914495341785	2
re_	1861	0.005005163844482217	2
tio	1778	0.004781935150719711	2
les	1733	0.004660907545667749	2
ue_	1637	0.004402715321556899	2
et_	1574	0.004233276674484154	2
men	1510	0.00406114852507692	2
ons	1483	0.0039885319620457434	2
des	1465	0.003940120920024958	2
ur_	1412	0.003797577296297093	2
_et	1372	0.003689997202917572	2
_en	1315	0.0035366955698517546	2
_ce	1311	0.0035259375605138027	2
ne_	1309	0.0035205585558448264	2
ati	1278	0.0034371839834756975	2
con	1252	0.003367256922779009	2
_pr	1250	0.003361877918110033	2
_pa	1220	0.003281192848075392	2
_po	1176	0.003162854745357919	2
er_	1165	0.0031332702196785506	2
us_	1160	0.0031198227080061107	2
en_	1159	0.0031171332056716223	2
eme	1115	0.0029987951029541494	2
ce_	1113	0.0029934160982851734	2
eur	1066	0.002867009488564236	2
_no	1063	0.002858940981560772	2
_à_	1051	0.0028266669535469157	2
_un	947	0.002546958710760161	2
_au	939	0.002525442692084257	2
our	911	0.002450136626718592	2
te_	872	0.0023452460356735588	2
_da	860	0.0023129720076597027	2
ous	857	0.0023049035006562388	2
par	843	0.0022672504679734063	2
est	825	0.002218839425952622	2
tre	822	0.0022107709189491576	2
_du	811	0.0021811863932697895	2
ant	794	0.002135464853583493	2
_so	771	0.0020736062998902684	2
nce	765	0.00205746928588334	2
ans	747	0.0020090582438625558	2
pro	737	0.001982163220517675	2
is_	734	0.0019740947135142113	2
_dé	728	0.001957957699507283	2
it_	714	0.0019203046668244508	2
iqu	708	0.0019041676528175227	2
ort	707	0.0019014781504830345	2
té_	702	0.0018880306388105944	2
_ma	702	0.0018880306388105944	2
ont	701	0.0018853411364761065	2
_su	690	0.0018557566107967381	2
nou	684	0.00183961959678981	2
lle	682	0.001834240592120834	2
pou	678	0.0018234825827828818	2
ire	671	0.0018046560664414656	2
res	666	0.0017912085547690255	2
qui	657	0.0017670030337586333	2
me_	652	0.0017535555220861932	2
dan	646	0.001737418508079265	2
une	642	0.0017266604987413129	2
_ré	642	0.0017266604987413129	2
_se	638	0.0017159024894033608	2
_re	635	0.0017078339823998966	2
por	624	0.0016782494567205285	2
com	601	0.0016163909030273039	2
app	596	0.0016029433913548638	2
st_	593	0.0015948748843513997	2
du_	590	0.0015868063773479355	2
ité	585	0.0015733588656754954	2
ces	584	0.0015706693633410075	2
un_	578	0.0015545323493340792	2
rop	576	0.0015491533446651033	2
_je	564	0.001516879316651247	2
_in	559	0.0015034318049788067	2
ui_	558	0.0015007423026443187	2
iti	558	0.0015007423026443187	2
ts_	554	0.0014899842933063666	2
ntr	554	0.0014899842933063666	2
onc	550	0.0014792262839684145	2
il_	548	0.0014738472792994385	2
ell	545	0.0014657787722959744	2
enc	531	0.001428125739613142	2
ux_	530	0.001425436237278654	2
_di	527	0.0014173677302751898	2
_mo	526	0.0014146782279407018	2
je_	518	0.0013931622092647976	2
sur	517	0.0013904727069303097	2
ale	514	0.0013824041999268455	2
ren	510	0.0013716461905888934	2
_vo	501	0.0013474406695785012	2
se_	499	0.001342061664909525	2
_es	493	0.001325924650902597	2
nte	490	0.001317856143899133	2
ien	489	0.001315166641564645	2
ais	488	0.0013124771392301567	2
tra	486	0.0013070981345611808	2
rai	486	0.0013070981345611808	2
_tr	473	0.0012721346042128365	2
_do	472	0.0012694451018783483	2
rs_	470	0.0012640660972093724	2
ait	470	0.0012640660972093724	2
au_	468	0.0012586870925403962	2
_ra	460	0.001237171073864492	2
nne	457	0.001229102566861028	2
omm	455	0.001223723562192052	2
ure	450	0.0012102760505196119	2
ect	447	0.0012022075435161477	2
_fa	442	0.0011887600318437077	2
air	438	0.0011780020225057555	2
int	426	0.0011457279944918992	2
rap	423	0.001137659487488435	2
lem	420	0.001129590980484971	2
cti	413	0.001110764464143555	2
ter	410	0.0011026959571400908	2
ar_	410	0.0011026959571400908	2
_pe	409	0.0011000064548056028	2
out	404	0.0010865589431331626	2
pri	401	0.0010784904361296986	2
as_	400	0.0010758009337952104	2
tou	399	0.0010731114314607225	2
lit	393	0.0010569744174537944	2
_me	385	0.0010354583987778902	2
pos	384	0.001032768896443402	2
uro	381	0.0010247003894399381	2
rt_	379	0.001019321384770962	2
_to	379	0.001019321384770962	2
ten	378	0.001016631882436474	2
ère	373	0.001003184370764034	2
ssi	371	9.978053660950577E-4	1
pas	371	9.978053660950577E-4	1
ppo	370	9.951158637605698E-4	1
ues	369	9.924263614260818E-4	1
ses	364	9.789788497536415E-4	1
sio	361	9.709103427501775E-4	1
ise	361	9.709103427501775E-4	1
_pl	359	9.655313380812014E-4	1
ive	356	9.574628310777374E-4	1
mme	355	9.547733287432493E-4	1
_il	351	9.440153194052972E-4	1
aux	350	9.413258170708092E-4	1
_eu	346	9.305678077328571E-4	1
_av	346	9.305678077328571E-4	1
opé	345	9.278783053983691E-4	1
ble	343	9.22499300729393E-4	1
_ne	342	9.19809798394905E-4	1
tte	341	9.17120296060417E-4	1
ain	339	9.117412913914409E-4	1
son	333	8.956042773845128E-4	1
pée	329	8.848462680465606E-4	1
éen	326	8.767777610430966E-4	1
ir_	326	8.767777610430966E-4	1
art	326	8.767777610430966E-4	1
cur	326	8.767777610430966E-4	1
tan	325	8.740882587086085E-4	1
rit	325	8.740882587086085E-4	1
aut	325	8.740882587086085E-4	1
ran	324	8.713987563741206E-4	1
onn	320	8.606407470361685E-4	1
ide	318	8.552617423671924E-4	1
és_	316	8.498827376982164E-4	1
mon	316	8.498827376982164E-4	1
mai	316	8.498827376982164E-4	1
égi	315	8.471932353637283E-4	1
ins	315	8.471932353637283E-4	1
fai	314	8.445037330292403E-4	1
_si	314	8.445037330292403E-4	1
ut_	312	8.391247283602643E-4	1
lus	310	8.337457236912882E-4	1
ens	310	8.337457236912882E-4	1
ett	307	8.256772166878241E-4	1
nsi	303	8.14919207349872E-4	1
_fo	302	8.12229705015384E-4	1
ser	297	7.987821933429438E-4	1
pré	295	7.934031886739678E-4	1
_sa	293	7.880241840049917E-4	1
ièr	292	7.853346816705037E-4	1
sti	291	7.826451793360157E-4	1
anc	291	7.826451793360157E-4	1
ris	290	7.799556770015277E-4	1
ouv	290	7.799556770015277E-4	1
ess	290	7.799556770015277E-4	1
tai	289	7.772661746670396E-4	1
str	289	7.772661746670396E-4	1
tat	288	7.745766723325516E-4	1
and	288	7.745766723325516E-4	1
_lo	288	7.745766723325516E-4	1
_ex	287	7.718871699980635E-4	1
rég	286	7.691976676635756E-4	1
_ai	286	7.691976676635756E-4	1
vou	285	7.665081653290875E-4	1
end	285	7.665081653290875E-4	1
plu	284	7.638186629945995E-4	1
iss	284	7.638186629945995E-4	1
ie_	284	7.638186629945995E-4	1
urs	283	7.611291606601114E-4	1
uel	281	7.557501559911354E-4	1
tiq	281	7.557501559911354E-4	1
mes	281	7.557501559911354E-4	1
sit	278	7.476816489876714E-4	1
nes	276	7.423026443186953E-4	1
_a_	276	7.423026443186953E-4	1
ée_	274	7.369236396497193E-4	1
sou	271	7.288551326462551E-4	1
ieu	269	7.234761279772791E-4	1
_l_	269	7.234761279772791E-4	1
rat	266	7.154076209738151E-4	1
nti	266	7.154076209738151E-4	1
_ca	266	7.154076209738151E-4	1
urr	265	7.12718118639327E-4	1
sen	264	7.10028616304839E-4	1
tes	263	7.073391139703509E-4	1
_li	263	7.073391139703509E-4	1
_te	262	7.04649611635863E-4	1
rta	261	7.019601093013749E-4	1
enn	260	6.992706069668869E-4	1
ier	259	6.965811046323988E-4	1
rre	258	6.938916022979108E-4	1
ven	257	6.912020999634228E-4	1
si_	255	6.858230952944467E-4	1
nal	254	6.831335929599587E-4	1
cer	251	6.750650859564946E-4	1
uve	249	6.696860812875186E-4	1
rés	249	6.696860812875186E-4	1
éri	247	6.643070766185425E-4	1
nom	245	6.589280719495665E-4	1
abl	244	6.562385696150784E-4	1
ori	241	6.481700626116143E-4	1
ite	241	6.481700626116143E-4	1
imp	241	6.481700626116143E-4	1
don	241	6.481700626116143E-4	1
ave	241	6.481700626116143E-4	1
sse	240	6.454805602771263E-4	1
ica	240	6.454805602771263E-4	1
cet	240	6.454805602771263E-4	1
rem	239	6.427910579426383E-4	1
nta	239	6.427910579426383E-4	1
éta	238	6.401015556081502E-4	1
rie	238	6.401015556081502E-4	1
nts	238	6.401015556081502E-4	1
for	234	6.293435462701981E-4	1
ers	232	6.239645416012221E-4	1
oli	230	6.18585536932246E-4	1
oit	230	6.18585536932246E-4	1
_ét	230	6.18585536932246E-4	1
_ch	230	6.18585536932246E-4	1
pol	229	6.15896034597758E-4	1
dem	229	6.15896034597758E-4	1
eux	228	6.1320653226327E-4	1
rti	227	6.10517029928782E-4	1
ern	227	6.10517029928782E-4	1
ali	227	6.10517029928782E-4	1
ine	226	6.078275275942939E-4	1
nde	225	6.051380252598059E-4	1
ées	224	6.024485229253179E-4	1
tiv	224	6.024485229253179E-4	1
ncu	223	5.997590205908299E-4	1
man	223	5.997590205908299E-4	1
in_	222	5.970695182563418E-4	1
ond	217	5.836220065839017E-4	1
gio	217	5.836220065839017E-4	1
bre	217	5.836220065839017E-4	1
isa	215	5.782430019149257E-4	1
gra	214	5.755534995804376E-4	1
_on	209	5.621059879079975E-4	1
uti	208	5.594164855735094E-4	1
tur	208	5.594164855735094E-4	1
ute	206	5.540374809045334E-4	1
dis	206	5.540374809045334E-4	1
_ac	206	5.540374809045334E-4	1
tif	204	5.486584762355573E-4	1
aid	204	5.486584762355573E-4	1
spo	203	5.459689739010694E-4	1
teu	202	5.432794715665813E-4	1
rme	202	5.432794715665813E-4	1
orm	202	5.432794715665813E-4	1
mpl	202	5.432794715665813E-4	1
oin	201	5.405899692320933E-4	1
mar	201	5.405899692320933E-4	1
emb	200	5.379004668976052E-4	1
ona	199	5.352109645631173E-4	1
emp	199	5.352109645631173E-4	1
cha	199	5.352109645631173E-4	1
arc	199	5.352109645631173E-4	1
ver	198	5.325214622286292E-4	1
ois	198	5.325214622286292E-4	1
_lu	198	5.325214622286292E-4	1
voi	197	5.298319598941412E-4	1
_ju	197	5.298319598941412E-4	1
dre	196	5.271424575596531E-4	1
cat	196	5.271424575596531E-4	1
per	195	5.244529552251651E-4	1
mis	195	5.244529552251651E-4	1
san	194	5.217634528906771E-4	1
leu	193	5.190739505561891E-4	1
che	193	5.190739505561891E-4	1
rep	192	5.16384448221701E-4	1
epr	190	5.11005443552725E-4	1
ava	190	5.11005443552725E-4	1
al_	190	5.11005443552725E-4	1
dun	189	5.08315941218237E-4	1
_gr	189	5.08315941218237E-4	1
rte	188	5.056264388837489E-4	1
_lé	187	5.029369365492609E-4	1
_ap	187	5.029369365492609E-4	1
pre	186	5.002474342147729E-4	1
mbr	186	5.002474342147729E-4	1
_na	186	5.002474342147729E-4	1
_im	186	5.002474342147729E-4	1
uri	185	4.975579318802849E-4	1
tés	184	4.948684295457968E-4	1
omp	184	4.948684295457968E-4	1
oir	184	4.948684295457968E-4	1
_cr	184	4.948684295457968E-4	1
rec	183	4.921789272113088E-4	1
nat	183	4.921789272113088E-4	1
ist	183	4.921789272113088E-4	1
uni	182	4.894894248768208E-4	1
ord	182	4.894894248768208E-4	1
era	182	4.894894248768208E-4	1
tic	181	4.867999225423328E-4	1
ctu	181	4.867999225423328E-4	1
tie	180	4.8411042020784476E-4	1
mat	180	4.8411042020784476E-4	1
at_	180	4.8411042020784476E-4	1
lis	179	4.8142091787335673E-4	1
osi	178	4.787314155388687E-4	1
nst	178	4.787314155388687E-4	1
fin	178	4.787314155388687E-4	1
rch	177	4.760419132043807E-4	1
avo	176	4.7335241086989265E-4	1
éga	175	4.706629085354046E-4	1
act	174	4.679734062009166E-4	1
ve_	173	4.6528390386642857E-4	1
pli	173	4.6528390386642857E-4	1
lic	173	4.6528390386642857E-4	1
fic	173	4.6528390386642857E-4	1
éco	172	4.6259440153194055E-4	1
ono	172	4.6259440153194055E-4	1
ill	172	4.6259440153194055E-4	1
ème	171	4.599048991974525E-4	1
ste	171	4.599048991974525E-4	1
omi	171	4.599048991974525E-4	1
nté	170	4.572153968629645E-4	1
fon	170	4.572153968629645E-4	1
cia	169	4.5452589452847647E-4	1
tit	168	4.5183639219398844E-4	1
cel	165	4.4376788519052436E-4	1
pen	164	4.4107838285603634E-4	1
mpo	164	4.4107838285603634E-4	1
ifi	164	4.4107838285603634E-4	1
acc	164	4.4107838285603634E-4	1
ès_	163	4.383888805215483E-4	1
ron	163	4.383888805215483E-4	1
dir	162	4.356993781870603E-4	1
sid	161	4.3300987585257226E-4	1
von	160	4.3032037351808423E-4	1
jou	160	4.3032037351808423E-4	1
ert	160	4.3032037351808423E-4	1
eff	160	4.3032037351808423E-4	1
eau	160	4.3032037351808423E-4	1
_d_	160	4.3032037351808423E-4	1
êtr	159	4.276308711835962E-4	1
_ou	159	4.276308711835962E-4	1
opo	158	4.249413688491082E-4	1
ls_	158	4.249413688491082E-4	1
roi	157	4.2225186651462015E-4	1
mem	157	4.2225186651462015E-4	1
tru	156	4.1956236418013213E-4	1
tro	156	4.1956236418013213E-4	1
sat	155	4.168728618456441E-4	1
ndi	155	4.168728618456441E-4	1
cor	155	4.168728618456441E-4	1
uct	154	4.141833595111561E-4	1
ppe	154	4.141833595111561E-4	1
den	153	4.1149385717666805E-4	1
_mi	153	4.1149385717666805E-4	1
rou	152	4.0880435484218E-4	1
ili	152	4.0880435484218E-4	1
_éc	152	4.0880435484218E-4	1
été	151	4.06114852507692E-4	1
tri	151	4.06114852507692E-4	1
rel	151	4.06114852507692E-4	1
uil	150	4.0342535017320397E-4	1
nan	150	4.0342535017320397E-4	1
ici	150	4.0342535017320397E-4	1
ial	150	4.0342535017320397E-4	1
vel	149	4.0073584783871595E-4	1
roc	149	4.0073584783871595E-4	1
cte	149	4.0073584783871595E-4	1
lor	148	3.980463455042279E-4	1
_vi	148	3.980463455042279E-4	1
_st	148	3.980463455042279E-4	1
oci	147	3.953568431697399E-4	1
min	147	3.953568431697399E-4	1
uis	146	3.9266734083525187E-4	1
ssa	145	3.8997783850076384E-4	1
sie	145	3.8997783850076384E-4	1
pe_	145	3.8997783850076384E-4	1
dra	145	3.8997783850076384E-4	1
soc	144	3.872883361662758E-4	1
gal	144	3.872883361662758E-4	1
dev	144	3.872883361662758E-4	1
ass	144	3.872883361662758E-4	1
éra	143	3.845988338317878E-4	1
soi	142	3.8190933149729976E-4	1
ral	142	3.8190933149729976E-4	1
rer	141	3.7921982916281174E-4	1
qua	141	3.7921982916281174E-4	1
nse	141	3.7921982916281174E-4	1
ema	141	3.7921982916281174E-4	1
peu	140	3.765303268283237E-4	1
not	139	3.738408244938357E-4	1
_êt	139	3.738408244938357E-4	1
sem	137	3.6846181982485963E-4	1
cit	137	3.6846181982485963E-4	1
ame	137	3.6846181982485963E-4	1
ême	136	3.657723174903716E-4	1
vai	136	3.657723174903716E-4	1
_ef	136	3.657723174903716E-4	1
ec_	135	3.630828151558836E-4	1
ése	134	3.6039331282139555E-4	1
tem	134	3.6039331282139555E-4	1
oi_	134	3.6039331282139555E-4	1
lie	134	3.6039331282139555E-4	1
ge_	134	3.6039331282139555E-4	1
el_	134	3.6039331282139555E-4	1
cul	134	3.6039331282139555E-4	1
_pu	134	3.6039331282139555E-4	1
éci	133	3.5770381048690753E-4	1
vec	133	3.5770381048690753E-4	1
pér	133	3.5770381048690753E-4	1
ner	133	3.5770381048690753E-4	1
bli	133	3.5770381048690753E-4	1
att	133	3.5770381048690753E-4	1
lan	132	3.550143081524195E-4	1
itu	132	3.550143081524195E-4	1
esp	132	3.550143081524195E-4	1
_ob	132	3.550143081524195E-4	1
ruc	131	3.523248058179315E-4	1
rio	131	3.523248058179315E-4	1
ign	131	3.523248058179315E-4	1
der	131	3.523248058179315E-4	1
amm	131	3.523248058179315E-4	1
ffi	130	3.4963530348344345E-4	1
age	130	3.4963530348344345E-4	1
_né	130	3.4963530348344345E-4	1
ra_	129	3.469458011489554E-4	1
ime	129	3.469458011489554E-4	1
doi	129	3.469458011489554E-4	1
ché	129	3.469458011489554E-4	1
nis	128	3.442562988144674E-4	1
gle	128	3.442562988144674E-4	1
elo	128	3.442562988144674E-4	1
déc	128	3.442562988144674E-4	1
ail	128	3.442562988144674E-4	1
ai_	128	3.442562988144674E-4	1
_or	128	3.442562988144674E-4	1
idé	127	3.4156679647997937E-4	1
ina	127	3.4156679647997937E-4	1
udr	127	3.4156679647997937E-4	1
uli	127	3.4156679647997937E-4	1
lar	126	3.3887729414549135E-4	1
rès	126	3.3887729414549135E-4	1
ela	125	3.361877918110033E-4	1
sui	125	3.361877918110033E-4	1
ndr	124	3.3349828947651524E-4	1
reu	124	3.3349828947651524E-4	1
rav	123	3.308087871420272E-4	1
_bi	122	3.281192848075392E-4	1
nci	122	3.281192848075392E-4	1
uss	122	3.281192848075392E-4	1
_ég	121	3.2542978247305116E-4	1
dér	121	3.2542978247305116E-4	1
nda	121	3.2542978247305116E-4	1
nsp	121	3.2542978247305116E-4	1
ani	120	3.2274028013856313E-4	1
lai	120	3.2274028013856313E-4	1
opp	120	3.2274028013856313E-4	1
tér	120	3.2274028013856313E-4	1
ds_	119	3.200507778040751E-4	1
erm	119	3.200507778040751E-4	1
_sé	118	3.173612754695871E-4	1
cou	118	3.173612754695871E-4	1
met	118	3.173612754695871E-4	1
mêm	118	3.173612754695871E-4	1
use	118	3.173612754695871E-4	1
ara	117	3.1467177313509906E-4	1
ura	117	3.1467177313509906E-4	1
éce	117	3.1467177313509906E-4	1
mun	116	3.1198227080061103E-4	1
ére	116	3.1198227080061103E-4	1
_an	115	3.09292768466123E-4	1
bje	115	3.09292768466123E-4	1
dif	115	3.09292768466123E-4	1
dév	115	3.09292768466123E-4	1
erv	115	3.09292768466123E-4	1
lon	115	3.09292768466123E-4	1
otr	115	3.09292768466123E-4	1
vis	115	3.09292768466123E-4	1
éve	115	3.09292768466123E-4	1
lun	114	3.06603266131635E-4	1
mmu	114	3.06603266131635E-4	1
obj	114	3.06603266131635E-4	1
squ	114	3.06603266131635E-4	1
els	113	3.0391376379714695E-4	1
ési	113	3.0391376379714695E-4	1
_fi	112	3.012242614626589E-4	1
aus	112	3.012242614626589E-4	1
cie	112	3.012242614626589E-4	1
deu	112	3.012242614626589E-4	1
non	112	3.012242614626589E-4	1
poi	112	3.012242614626589E-4	1
bie	111	2.985347591281709E-4	1
loi	111	2.985347591281709E-4	1
nau	111	2.985347591281709E-4	1
oup	111	2.985347591281709E-4	1
jet	110	2.958452567936829E-4	1
ult	110	2.958452567936829E-4	1
ini	109	2.9315575445919485E-4	1
moi	109	2.9315575445919485E-4	1
ou_	109	2.9315575445919485E-4	1
icu	108	2.904662521247068E-4	1
ind	108	2.904662521247068E-4	1
mer	108	2.904662521247068E-4	1
ose	108	2.904662521247068E-4	1
oud	108	2.904662521247068E-4	1
nio	107	2.877767497902188E-4	1
ote	107	2.877767497902188E-4	1
rce	107	2.877767497902188E-4	1
rne	107	2.877767497902188E-4	1
nem	106	2.8508724745573077E-4	1
ppl	106	2.8508724745573077E-4	1
van	106	2.8508724745573077E-4	1
hé_	105	2.8239774512124274E-4	1
inc	105	2.8239774512124274E-4	1
lop	105	2.8239774512124274E-4	1
utr	105	2.8239774512124274E-4	1
dét	104	2.797082427867547E-4	1
ice	104	2.797082427867547E-4	1
nc_	104	2.797082427867547E-4	1
ode	104	2.797082427867547E-4	1
ore	104	2.797082427867547E-4	1
plo	104	2.797082427867547E-4	1
sta	104	2.797082427867547E-4	1
vie	104	2.797082427867547E-4	1
arg	103	2.770187404522667E-4	1
cla	103	2.770187404522667E-4	1
idi	102	2.7432923811777866E-4	1
if_	102	2.7432923811777866E-4	1
ors	102	2.7432923811777866E-4	1
_ve	101	2.7163973578329064E-4	1
cen	101	2.7163973578329064E-4	1
née	101	2.7163973578329064E-4	1
rog	101	2.7163973578329064E-4	1
exi	100	2.689502334488026E-4	1
gue	100	2.689502334488026E-4	1
jec	100	2.689502334488026E-4	1
miq	100	2.689502334488026E-4	1
vot	100	2.689502334488026E-4	1
diq	99	2.662607311143146E-4	1
ein	99	2.662607311143146E-4	1
isi	99	2.662607311143146E-4	1
ler	99	2.662607311143146E-4	1
lig	99	2.662607311143146E-4	1
ogr	99	2.662607311143146E-4	1
sai	99	2.662607311143146E-4	1
tor	99	2.662607311143146E-4	1
vea	99	2.662607311143146E-4	1
_at	98	2.6357122877982656E-4	1
han	98	2.6357122877982656E-4	1
rée	98	2.6357122877982656E-4	1
exp	97	2.6088172644533853E-4	1
lat	97	2.6088172644533853E-4	1
éli	97	2.6088172644533853E-4	1
ita	96	2.581922241108505E-4	1
len	96	2.581922241108505E-4	1
niè	96	2.581922241108505E-4	1
os_	96	2.581922241108505E-4	1
_év	95	2.555027217763625E-4	1
car	95	2.555027217763625E-4	1
isp	95	2.555027217763625E-4	1
ric	95	2.555027217763625E-4	1
_mê	94	2.5281321944187446E-4	1
_pé	94	2.5281321944187446E-4	1
col	94	2.5281321944187446E-4	1
mmi	94	2.5281321944187446E-4	1
réa	94	2.5281321944187446E-4	1
tue	94	2.5281321944187446E-4	1
_rè	92	2.474342147728984E-4	1
cré	92	2.474342147728984E-4	1
eus	92	2.474342147728984E-4	1
mie	92	2.474342147728984E-4	1
nds	92	2.474342147728984E-4	1
rts	92	2.474342147728984E-4	1
règ	92	2.474342147728984E-4	1
tiè	92	2.474342147728984E-4	1
uer	92	2.474342147728984E-4	1
nné	91	2.447447124384104E-4	1
ègl	91	2.447447124384104E-4	1
dit	90	2.4205521010392238E-4	1
fau	90	2.4205521010392238E-4	1
uit	90	2.4205521010392238E-4	1
ust	90	2.4205521010392238E-4	1
uto	90	2.4205521010392238E-4	1
vit	90	2.4205521010392238E-4	1
_cl	89	2.3936570776943435E-4	1
ace	89	2.3936570776943435E-4	1
erc	89	2.3936570776943435E-4	1
nir	89	2.3936570776943435E-4	1
rd_	89	2.3936570776943435E-4	1
uat	89	2.3936570776943435E-4	1
_ad	88	2.3667620543494633E-4	1
cep	88	2.3667620543494633E-4	1
tab	88	2.3667620543494633E-4	1
écu	88	2.3667620543494633E-4	1
gne	87	2.339867031004583E-4	1
jur	87	2.339867031004583E-4	1
pem	87	2.339867031004583E-4	1
spe	87	2.339867031004583E-4	1
upe	87	2.339867031004583E-4	1
dép	86	2.3129720076597027E-4	1
lég	86	2.3129720076597027E-4	1
nco	86	2.3129720076597027E-4	1
tel	86	2.3129720076597027E-4	1
abo	85	2.2860769843148225E-4	1
bil	85	2.2860769843148225E-4	1
eu_	85	2.2860769843148225E-4	1
lut	85	2.2860769843148225E-4	1
pte	85	2.2860769843148225E-4	1
rni	85	2.2860769843148225E-4	1
_el	84	2.2591819609699422E-4	1
cis	84	2.2591819609699422E-4	1
déb	84	2.2591819609699422E-4	1
gar	84	2.2591819609699422E-4	1
gen	84	2.2591819609699422E-4	1
pon	84	2.2591819609699422E-4	1
ram	84	2.2591819609699422E-4	1
til	84	2.2591819609699422E-4	1
trè	84	2.2591819609699422E-4	1
_am	83	2.232286937625062E-4	1
eut	83	2.232286937625062E-4	1
ibl	83	2.232286937625062E-4	1
seu	83	2.232286937625062E-4	1
ubl	83	2.232286937625062E-4	1
vre	83	2.232286937625062E-4	1
gis	82	2.2053919142801817E-4	1
mod	82	2.2053919142801817E-4	1
nvi	82	2.2053919142801817E-4	1
néc	82	2.2053919142801817E-4	1
uta	82	2.2053919142801817E-4	1
_y_	81	2.1784968909353014E-4	1
bor	81	2.1784968909353014E-4	1
fér	81	2.1784968909353014E-4	1
rve	81	2.1784968909353014E-4	1
una	81	2.1784968909353014E-4	1
_as	80	2.1516018675904212E-4	1
_ci	80	2.1516018675904212E-4	1
ang	80	2.1516018675904212E-4	1
ays	80	2.1516018675904212E-4	1
bat	80	2.1516018675904212E-4	1
ger	80	2.1516018675904212E-4	1
iff	80	2.1516018675904212E-4	1
oll	80	2.1516018675904212E-4	1
pay	80	2.1516018675904212E-4	1
ple	80	2.1516018675904212E-4	1
sec	80	2.1516018675904212E-4	1
ule	80	2.1516018675904212E-4	1
enu	79	2.124706844245541E-4	1
lin	79	2.124706844245541E-4	1
ppr	79	2.124706844245541E-4	1
rôl	79	2.124706844245541E-4	1
uen	79	2.124706844245541E-4	1
ys_	79	2.124706844245541E-4	1
cip	78	2.0978118209006606E-4	1
dam	78	2.0978118209006606E-4	1
hés	78	2.0978118209006606E-4	1
ivi	78	2.0978118209006606E-4	1
oul	78	2.0978118209006606E-4	1
séc	78	2.0978118209006606E-4	1
tim	78	2.0978118209006606E-4	1
aie	77	2.0709167975557804E-4	1
auc	77	2.0709167975557804E-4	1
ièm	77	2.0709167975557804E-4	1
liq	77	2.0709167975557804E-4	1
nge	77	2.0709167975557804E-4	1
ora	77	2.0709167975557804E-4	1
pui	77	2.0709167975557804E-4	1
rid	77	2.0709167975557804E-4	1
tal	77	2.0709167975557804E-4	1
ves	77	2.0709167975557804E-4	1
ci_	76	2.0440217742109E-4	1
ez_	76	2.0440217742109E-4	1
ffe	76	2.0440217742109E-4	1
ate	75	2.0171267508660199E-4	1
oye	75	2.0171267508660199E-4	1
rur	75	2.0171267508660199E-4	1
ume	75	2.0171267508660199E-4	1
usi	75	2.0171267508660199E-4	1
éla	75	2.0171267508660199E-4	1
_af	74	1.9902317275211396E-4	1
ari	74	1.9902317275211396E-4	1
cco	74	1.9902317275211396E-4	1
dro	74	1.9902317275211396E-4	1
ena	74	1.9902317275211396E-4	1
eni	74	1.9902317275211396E-4	1
ept	74	1.9902317275211396E-4	1
jus	74	1.9902317275211396E-4	1
oss	74	1.9902317275211396E-4	1
rgi	74	1.9902317275211396E-4	1
ôle	74	1.9902317275211396E-4	1
_ja	73	1.9633367041762593E-4	1
ard	73	1.9633367041762593E-4	1
dui	73	1.9633367041762593E-4	1
he_	73	1.9633367041762593E-4	1
imi	73	1.9633367041762593E-4	1
oie	73	1.9633367041762593E-4	1
ttr	73	1.9633367041762593E-4	1
_dr	72	1.936441680831379E-4	1
_ni	72	1.936441680831379E-4	1
_él	72	1.936441680831379E-4	1
cas	72	1.936441680831379E-4	1
dic	72	1.936441680831379E-4	1
gro	72	1.936441680831379E-4	1
her	72	1.936441680831379E-4	1
rge	72	1.936441680831379E-4	1
ujo	72	1.936441680831379E-4	1
iel	71	1.9095466574864988E-4	1
ior	71	1.9095466574864988E-4	1
isé	71	1.9095466574864988E-4	1
lac	71	1.9095466574864988E-4	1
lim	71	1.9095466574864988E-4	1
nd_	71	1.9095466574864988E-4	1
obl	71	1.9095466574864988E-4	1
pla	71	1.9095466574864988E-4	1
sib	71	1.9095466574864988E-4	1
_ta	70	1.8826516341416186E-4	1
ann	70	1.8826516341416186E-4	1
ito	70	1.8826516341416186E-4	1
pec	70	1.8826516341416186E-4	1
pét	70	1.8826516341416186E-4	1
quo	70	1.8826516341416186E-4	1
équ	70	1.8826516341416186E-4	1
déf	69	1.8557566107967383E-4	1
evr	69	1.8557566107967383E-4	1
fra	69	1.8557566107967383E-4	1
lex	69	1.8557566107967383E-4	1
nsa	69	1.8557566107967383E-4	1
réf	69	1.8557566107967383E-4	1
sei	69	1.8557566107967383E-4	1
sé_	69	1.8557566107967383E-4	1
éba	69	1.8557566107967383E-4	1
éné	69	1.8557566107967383E-4	1
eul	68	1.828861587451858E-4	1
rim	68	1.828861587451858E-4	1
_fr	67	1.8019665641069778E-4	1
fs_	67	1.8019665641069778E-4	1
ies	67	1.8019665641069778E-4	1
lèg	67	1.8019665641069778E-4	1
qu_	67	1.8019665641069778E-4	1
vra	67	1.8019665641069778E-4	1
yen	67	1.8019665641069778E-4	1
din	66	1.7750715407620975E-4	1
eil	66	1.7750715407620975E-4	1
foi	66	1.7750715407620975E-4	1
gie	66	1.7750715407620975E-4	1
llè	66	1.7750715407620975E-4	1
pub	66	1.7750715407620975E-4	1
tir	66	1.7750715407620975E-4	1
ude	66	1.7750715407620975E-4	1
uvr	66	1.7750715407620975E-4	1
_bo	65	1.7481765174172172E-4	1
cri	65	1.7481765174172172E-4	1
dur	65	1.7481765174172172E-4	1
emi	65	1.7481765174172172E-4	1
ifs	65	1.7481765174172172E-4	1
_jo	64	1.721281494072337E-4	1
_ri	64	1.721281494072337E-4	1
cro	64	1.721281494072337E-4	1
lab	64	1.721281494072337E-4	1
réc	64	1.721281494072337E-4	1
ssu	64	1.721281494072337E-4	1
éfi	64	1.721281494072337E-4	1
évo	64	1.721281494072337E-4	1
coh	63	1.6943864707274567E-4	1
iso	63	1.6943864707274567E-4	1
mpé	63	1.6943864707274567E-4	1
nna	63	1.6943864707274567E-4	1
ohé	63	1.6943864707274567E-4	1
pel	63	1.6943864707274567E-4	1
rma	63	1.6943864707274567E-4	1
rêt	63	1.6943864707274567E-4	1
sag	63	1.6943864707274567E-4	1
veu	63	1.6943864707274567E-4	1
édu	63	1.6943864707274567E-4	1
_ba	62	1.6674914473825762E-4	1
aud	62	1.6674914473825762E-4	1
its	62	1.6674914473825762E-4	1
omb	62	1.6674914473825762E-4	1
sab	62	1.6674914473825762E-4	1
tée	62	1.6674914473825762E-4	1
ègu	62	1.6674914473825762E-4	1
_ab	61	1.640596424037696E-4	1
agi	61	1.640596424037696E-4	1
cle	61	1.640596424037696E-4	1
ext	61	1.640596424037696E-4	1
mal	61	1.640596424037696E-4	1
mpt	61	1.640596424037696E-4	1
nai	61	1.640596424037696E-4	1
odi	61	1.640596424037696E-4	1
olu	61	1.640596424037696E-4	1
qué	61	1.640596424037696E-4	1
rob	61	1.640596424037696E-4	1
rod	61	1.640596424037696E-4	1
sée	61	1.640596424037696E-4	1
tis	61	1.640596424037696E-4	1
tég	61	1.640596424037696E-4	1
évi	61	1.640596424037696E-4	1
_ar	60	1.6137014006928157E-4	1
_ga	60	1.6137014006928157E-4	1
cac	60	1.6137014006928157E-4	1
céd	60	1.6137014006928157E-4	1
nel	60	1.6137014006928157E-4	1
niv	60	1.6137014006928157E-4	1
odu	60	1.6137014006928157E-4	1
rib	60	1.6137014006928157E-4	1
rin	60	1.6137014006928157E-4	1
tec	60	1.6137014006928157E-4	1
_vu	59	1.5868063773479354E-4	1
ota	59	1.5868063773479354E-4	1
pti	59	1.5868063773479354E-4	1
rép	59	1.5868063773479354E-4	1
sso	59	1.5868063773479354E-4	1
éme	59	1.5868063773479354E-4	1
éte	59	1.5868063773479354E-4	1
_al	58	1.5599113540030551E-4	1
clu	58	1.5599113540030551E-4	1
exe	58	1.5599113540030551E-4	1
ige	58	1.5599113540030551E-4	1
bon	57	1.533016330658175E-4	1
esu	57	1.533016330658175E-4	1
ibu	57	1.533016330658175E-4	1
ret	57	1.533016330658175E-4	1
enf	56	1.5061213073132946E-4	1
opt	56	1.5061213073132946E-4	1
rci	56	1.5061213073132946E-4	1
_be	55	1.4792262839684144E-4	1
are	55	1.4792262839684144E-4	1
aur	55	1.4792262839684144E-4	1
mma	55	1.4792262839684144E-4	1
nqu	55	1.4792262839684144E-4	1
onf	55	1.4792262839684144E-4	1
sav	55	1.4792262839684144E-4	1
sol	55	1.4792262839684144E-4	1
vue	55	1.4792262839684144E-4	1
dom	54	1.452331260623534E-4	1
ndu	54	1.452331260623534E-4	1
où_	54	1.452331260623534E-4	1
ré_	54	1.452331260623534E-4	1
uan	54	1.452331260623534E-4	1
uvo	54	1.452331260623534E-4	1
_où	53	1.4254362372786538E-4	1
dél	53	1.4254362372786538E-4	1
env	53	1.4254362372786538E-4	1
ero	53	1.4254362372786538E-4	1
err	53	1.4254362372786538E-4	1
exa	53	1.4254362372786538E-4	1
iat	53	1.4254362372786538E-4	1
iod	53	1.4254362372786538E-4	1
nfi	53	1.4254362372786538E-4	1
rot	53	1.4254362372786538E-4	1
rqu	53	1.4254362372786538E-4	1
spa	53	1.4254362372786538E-4	1
tam	53	1.4254362372786538E-4	1
trô	53	1.4254362372786538E-4	1
all	52	1.3985412139337736E-4	1
aqu	52	1.3985412139337736E-4	1
ctr	52	1.3985412139337736E-4	1
ffé	52	1.3985412139337736E-4	1
hai	52	1.3985412139337736E-4	1
icl	52	1.3985412139337736E-4	1
lio	52	1.3985412139337736E-4	1
nct	52	1.3985412139337736E-4	1
nen	52	1.3985412139337736E-4	1
né_	52	1.3985412139337736E-4	1
spé	52	1.3985412139337736E-4	1
_sy	51	1.3716461905888933E-4	1
amé	51	1.3716461905888933E-4	1
eco	51	1.3716461905888933E-4	1
evo	51	1.3716461905888933E-4	1
har	51	1.3716461905888933E-4	1
ipe	51	1.3716461905888933E-4	1
mbl	51	1.3716461905888933E-4	1
nos	51	1.3716461905888933E-4	1
nue	51	1.3716461905888933E-4	1
ps_	51	1.3716461905888933E-4	1
ué_	51	1.3716461905888933E-4	1
éal	51	1.3716461905888933E-4	1
_c_	50	1.344751167244013E-4	1
_gé	50	1.344751167244013E-4	1
abi	50	1.344751167244013E-4	1
aff	50	1.344751167244013E-4	1
até	50	1.344751167244013E-4	1
dia	50	1.344751167244013E-4	1
fav	50	1.344751167244013E-4	1
fie	50	1.344751167244013E-4	1
inu	50	1.344751167244013E-4	1
liè	50	1.344751167244013E-4	1
lob	50	1.344751167244013E-4	1
mit	50	1.344751167244013E-4	1
nfo	50	1.344751167244013E-4	1
nit	50	1.344751167244013E-4	1
oma	50	1.344751167244013E-4	1
rdr	50	1.344751167244013E-4	1
rév	50	1.344751167244013E-4	1
tin	50	1.344751167244013E-4	1
tua	50	1.344751167244013E-4	1
vem	50	1.344751167244013E-4	1
dau	49	1.3178561438991328E-4	1
isc	49	1.3178561438991328E-4	1
lue	49	1.3178561438991328E-4	1
niq	49	1.3178561438991328E-4	1
nu_	49	1.3178561438991328E-4	1
oiv	49	1.3178561438991328E-4	1
onv	49	1.3178561438991328E-4	1
riv	49	1.3178561438991328E-4	1
rna	49	1.3178561438991328E-4	1
som	49	1.3178561438991328E-4	1
érê	49	1.3178561438991328E-4	1
aci	48	1.2909611205542525E-4	1
blè	48	1.2909611205542525E-4	1
cun	48	1.2909611205542525E-4	1
lèm	48	1.2909611205542525E-4	1
nif	48	1.2909611205542525E-4	1
nér	48	1.2909611205542525E-4	1
rab	48	1.2909611205542525E-4	1
rdi	48	1.2909611205542525E-4	1
urd	48	1.2909611205542525E-4	1
adr	47	1.2640660972093723E-4	1
dai	47	1.2640660972093723E-4	1
ets	47	1.2640660972093723E-4	1
ict	47	1.2640660972093723E-4	1
nsé	47	1.2640660972093723E-4	1
ole	47	1.2640660972093723E-4	1
rev	47	1.2640660972093723E-4	1
sul	47	1.2640660972093723E-4	1
tut	47	1.2640660972093723E-4	1
uiv	47	1.2640660972093723E-4	1
xam	47	1.2640660972093723E-4	1
xiè	47	1.2640660972093723E-4	1
ado	46	1.237171073864492E-4	1
atu	46	1.237171073864492E-4	1
div	46	1.237171073864492E-4	1
dop	46	1.237171073864492E-4	1
elq	46	1.237171073864492E-4	1
eti	46	1.237171073864492E-4	1
ges	46	1.237171073864492E-4	1
gén	46	1.237171073864492E-4	1
hui	46	1.237171073864492E-4	1
lqu	46	1.237171073864492E-4	1
mps	46	1.237171073864492E-4	1
océ	46	1.237171073864492E-4	1
rde	46	1.237171073864492E-4	1
val	46	1.237171073864492E-4	1
avi	45	1.2102760505196119E-4	1
cce	45	1.2102760505196119E-4	1
exc	45	1.2102760505196119E-4	1
git	45	1.2102760505196119E-4	1
inq	45	1.2102760505196119E-4	1
léc	45	1.2102760505196119E-4	1
osé	45	1.2102760505196119E-4	1
roj	45	1.2102760505196119E-4	1
suj	45	1.2102760505196119E-4	1
uje	45	1.2102760505196119E-4	1
_ti	44	1.1833810271747316E-4	1
arl	44	1.1833810271747316E-4	1
auj	44	1.1833810271747316E-4	1
dat	44	1.1833810271747316E-4	1
ere	44	1.1833810271747316E-4	1
ffr	44	1.1833810271747316E-4	1
ncl	44	1.1833810271747316E-4	1
nor	44	1.1833810271747316E-4	1
occ	44	1.1833810271747316E-4	1
oje	44	1.1833810271747316E-4	1
rri	44	1.1833810271747316E-4	1
rvi	44	1.1833810271747316E-4	1
réd	44	1.1833810271747316E-4	1
sa_	44	1.1833810271747316E-4	1
sys	44	1.1833810271747316E-4	1
ton	44	1.1833810271747316E-4	1
yst	44	1.1833810271747316E-4	1
_ha	43	1.1564860038298514E-4	1
_va	43	1.1564860038298514E-4	1
dac	43	1.1564860038298514E-4	1
fet	43	1.1564860038298514E-4	1
gem	43	1.1564860038298514E-4	1
nsu	43	1.1564860038298514E-4	1
stè	43	1.1564860038298514E-4	1
udi	43	1.1564860038298514E-4	1
urg	43	1.1564860038298514E-4	1
éna	43	1.1564860038298514E-4	1
épo	43	1.1564860038298514E-4	1
_sp	42	1.1295909804849711E-4	1
cho	42	1.1295909804849711E-4	1
dhu	42	1.1295909804849711E-4	1
isq	42	1.1295909804849711E-4	1
och	42	1.1295909804849711E-4	1
rra	42	1.1295909804849711E-4	1
tag	42	1.1295909804849711E-4	1
xem	42	1.1295909804849711E-4	1
égl	42	1.1295909804849711E-4	1
éti	42	1.1295909804849711E-4	1
ats	41	1.1026959571400908E-4	1
euv	41	1.1026959571400908E-4	1
ibi	41	1.1026959571400908E-4	1
lui	41	1.1026959571400908E-4	1
om_	41	1.1026959571400908E-4	1
quu	41	1.1026959571400908E-4	1
rdh	41	1.1026959571400908E-4	1
sig	41	1.1026959571400908E-4	1
sis	41	1.1026959571400908E-4	1
urt	41	1.1026959571400908E-4	1
uun	41	1.1026959571400908E-4	1
xig	41	1.1026959571400908E-4	1
_bu	40	1.0758009337952106E-4	1
_j_	40	1.0758009337952106E-4	1
_op	40	1.0758009337952106E-4	1
aît	40	1.0758009337952106E-4	1
ccu	40	1.0758009337952106E-4	1
fis	40	1.0758009337952106E-4	1
inf	40	1.0758009337952106E-4	1
mél	40	1.0758009337952106E-4	1
nég	40	1.0758009337952106E-4	1
oca	40	1.0758009337952106E-4	1
oqu	40	1.0758009337952106E-4	1
oti	40	1.0758009337952106E-4	1
sme	40	1.0758009337952106E-4	1
tèm	40	1.0758009337952106E-4	1
uoi	40	1.0758009337952106E-4	1
urc	40	1.0758009337952106E-4	1
_ru	39	1.0489059104503303E-4	1
afi	39	1.0489059104503303E-4	1
bas	39	1.0489059104503303E-4	1
ile	39	1.0489059104503303E-4	1
iné	39	1.0489059104503303E-4	1
isl	39	1.0489059104503303E-4	1
lib	39	1.0489059104503303E-4	1
nie	39	1.0489059104503303E-4	1
nve	39	1.0489059104503303E-4	1
opr	39	1.0489059104503303E-4	1
péc	39	1.0489059104503303E-4	1
rmi	39	1.0489059104503303E-4	1
sla	39	1.0489059104503303E-4	1
sor	39	1.0489059104503303E-4	1
sub	39	1.0489059104503303E-4	1
uff	39	1.0489059104503303E-4	1
vic	39	1.0489059104503303E-4	1
_fé	38	1.02201088710545E-4	1
ada	38	1.02201088710545E-4	1
ase	38	1.02201088710545E-4	1
erg	38	1.02201088710545E-4	1
giq	38	1.02201088710545E-4	1
hér	38	1.02201088710545E-4	1
là_	38	1.02201088710545E-4	1
mag	38	1.02201088710545E-4	1
miè	38	1.02201088710545E-4	1
rso	38	1.02201088710545E-4	1
sus	38	1.02201088710545E-4	1
séq	38	1.02201088710545E-4	1
uée	38	1.02201088710545E-4	1
xis	38	1.02201088710545E-4	1
xte	38	1.02201088710545E-4	1
éfo	38	1.02201088710545E-4	1
éru	38	1.02201088710545E-4	1
_fe	37	9.951158637605698E-5	1
abs	37	9.951158637605698E-5	1
alo	37	9.951158637605698E-5	1
auv	37	9.951158637605698E-5	1
cap	37	9.951158637605698E-5	1
cod	37	9.951158637605698E-5	1
ct_	37	9.951158637605698E-5	1
dap	37	9.951158637605698E-5	1
déj	37	9.951158637605698E-5	1
heu	37	9.951158637605698E-5	1
ism	37	9.951158637605698E-5	1
jà_	37	9.951158637605698E-5	1
loc	37	9.951158637605698E-5	1
mpr	37	9.951158637605698E-5	1
oni	37	9.951158637605698E-5	1
ope	37	9.951158637605698E-5	1
ouc	37	9.951158637605698E-5	1
rof	37	9.951158637605698E-5	1
ual	37	9.951158637605698E-5	1
éjà	37	9.951158637605698E-5	1
cad	36	9.682208404156895E-5	1
fac	36	9.682208404156895E-5	1
gat	36	9.682208404156895E-5	1
ils	36	9.682208404156895E-5	1
ima	36	9.682208404156895E-5	1
mul	36	9.682208404156895E-5	1
vri	36	9.682208404156895E-5	1
éat	36	9.682208404156895E-5	1
ésu	36	9.682208404156895E-5	1
êts	36	9.682208404156895E-5	1
_ag	35	9.413258170708093E-5	1
_em	35	9.413258170708093E-5	1
_s_	35	9.413258170708093E-5	1
agr	35	9.413258170708093E-5	1
api	35	9.413258170708093E-5	1
arm	35	9.413258170708093E-5	1
cal	35	9.413258170708093E-5	1
coo	35	9.413258170708093E-5	1
dée	35	9.413258170708093E-5	1
fer	35	9.413258170708093E-5	1
jeu	35	9.413258170708093E-5	1
lla	35	9.413258170708093E-5	1
mil	35	9.413258170708093E-5	1
ocu	35	9.413258170708093E-5	1
rau	35	9.413258170708093E-5	1
suf	35	9.413258170708093E-5	1
vol	35	9.413258170708093E-5	1
xpr	35	9.413258170708093E-5	1
épe	35	9.413258170708093E-5	1
_oc	34	9.14430793725929E-5	1
_uv	34	9.14430793725929E-5	1
adm	34	9.14430793725929E-5	1
ana	34	9.14430793725929E-5	1
dmi	34	9.14430793725929E-5	1
gan	34	9.14430793725929E-5	1
hos	34	9.14430793725929E-5	1
iai	34	9.14430793725929E-5	1
iét	34	9.14430793725929E-5	1
lé_	34	9.14430793725929E-5	1
raî	34	9.14430793725929E-5	1
rga	34	9.14430793725929E-5	1
rom	34	9.14430793725929E-5	1
sup	34	9.14430793725929E-5	1
toy	34	9.14430793725929E-5	1
ucu	34	9.14430793725929E-5	1
ula	34	9.14430793725929E-5	1
éso	34	9.14430793725929E-5	1
ast	33	8.875357703810488E-5	1
cem	33	8.875357703810488E-5	1
ech	33	8.875357703810488E-5	1
ira	33	8.875357703810488E-5	1
lta	33	8.875357703810488E-5	1
mot	33	8.875357703810488E-5	1
moy	33	8.875357703810488E-5	1
rle	33	8.875357703810488E-5	1
rté	33	8.875357703810488E-5	1
ssé	33	8.875357703810488E-5	1
zon	33	8.875357703810488E-5	1
alu	32	8.606407470361685E-5	1
ami	32	8.606407470361685E-5	1
cup	32	8.606407470361685E-5	1
dim	32	8.606407470361685E-5	1
dou	32	8.606407470361685E-5	1
equ	32	8.606407470361685E-5	1
eve	32	8.606407470361685E-5	1
fec	32	8.606407470361685E-5	1
gou	32	8.606407470361685E-5	1
iga	32	8.606407470361685E-5	1
lav	32	8.606407470361685E-5	1
log	32	8.606407470361685E-5	1
ndé	32	8.606407470361685E-5	1
nét	32	8.606407470361685E-5	1
org	32	8.606407470361685E-5	1
pet	32	8.606407470361685E-5	1
prè	32	8.606407470361685E-5	1
pén	32	8.606407470361685E-5	1
toi	32	8.606407470361685E-5	1
vez	32	8.606407470361685E-5	1
vig	32	8.606407470361685E-5	1
édi	32	8.606407470361685E-5	1
ajo	31	8.337457236912881E-5	1
bse	31	8.337457236912881E-5	1
gme	31	8.337457236912881E-5	1
ian	31	8.337457236912881E-5	1
inv	31	8.337457236912881E-5	1
laf	31	8.337457236912881E-5	1
off	31	8.337457236912881E-5	1
sim	31	8.337457236912881E-5	1
tei	31	8.337457236912881E-5	1
tex	31	8.337457236912881E-5	1
uir	31	8.337457236912881E-5	1
uon	31	8.337457236912881E-5	1
up_	31	8.337457236912881E-5	1
uxi	31	8.337457236912881E-5	1
vid	31	8.337457236912881E-5	1
épa	31	8.337457236912881E-5	1
_n_	30	8.068507003464078E-5	1
aug	30	8.068507003464078E-5	1
bal	30	8.068507003464078E-5	1
but	30	8.068507003464078E-5	1
efo	30	8.068507003464078E-5	1
fus	30	8.068507003464078E-5	1
iée	30	8.068507003464078E-5	1
lau	30	8.068507003464078E-5	1
pté	30	8.068507003464078E-5	1
tud	30	8.068507003464078E-5	1
uch	30	8.068507003464078E-5	1
ueu	30	8.068507003464078E-5	1
vor	30	8.068507003464078E-5	1
ête	30	8.068507003464078E-5	1
_ge	29	7.799556770015276E-5	1
_zo	29	7.799556770015276E-5	1
aly	29	7.799556770015276E-5	1
an_	29	7.799556770015276E-5	1
arr	29	7.799556770015276E-5	1
bla	29	7.799556770015276E-5	1
duc	29	7.799556770015276E-5	1
erd	29	7.799556770015276E-5	1
hes	29	7.799556770015276E-5	1
ipa	29	7.799556770015276E-5	1
jai	29	7.799556770015276E-5	1
lys	29	7.799556770015276E-5	1
na_	29	7.799556770015276E-5	1
olo	29	7.799556770015276E-5	1
ouh	29	7.799556770015276E-5	1
pac	29	7.799556770015276E-5	1
rac	29	7.799556770015276E-5	1
riq	29	7.799556770015276E-5	1
tau	29	7.799556770015276E-5	1
tèr	29	7.799556770015276E-5	1
ugm	29	7.799556770015276E-5	1
uha	29	7.799556770015276E-5	1
uté	29	7.799556770015276E-5	1
vé_	29	7.799556770015276E-5	1
xce	29	7.799556770015276E-5	1
yse	29	7.799556770015276E-5	1
éch	29	7.799556770015276E-5	1
_mé	28	7.530606536566473E-5	1
_ro	28	7.530606536566473E-5	1
bou	28	7.530606536566473E-5	1
cid	28	7.530606536566473E-5	1
dav	28	7.530606536566473E-5	1
dex	28	7.530606536566473E-5	1
emm	28	7.530606536566473E-5	1
eng	28	7.530606536566473E-5	1
epe	28	7.530606536566473E-5	1
evi	28	7.530606536566473E-5	1
ffo	28	7.530606536566473E-5	1
fél	28	7.530606536566473E-5	1
gag	28	7.530606536566473E-5	1
ic_	28	7.530606536566473E-5	1
ivr	28	7.530606536566473E-5	1
lev	28	7.530606536566473E-5	1
lée	28	7.530606536566473E-5	1
nim	28	7.530606536566473E-5	1
oné	28	7.530606536566473E-5	1
orc	28	7.530606536566473E-5	1
ouj	28	7.530606536566473E-5	1
pat	28	7.530606536566473E-5	1
rba	28	7.530606536566473E-5	1
reg	28	7.530606536566473E-5	1
rum	28	7.530606536566473E-5	1
scu	28	7.530606536566473E-5	1
tar	28	7.530606536566473E-5	1
tef	28	7.530606536566473E-5	1
urn	28	7.530606536566473E-5	1
urq	28	7.530606536566473E-5	1
voq	28	7.530606536566473E-5	1
vér	28	7.530606536566473E-5	1
ète	28	7.530606536566473E-5	1
éva	28	7.530606536566473E-5	1
ôt_	28	7.530606536566473E-5	1
_bl	27	7.26165630311767E-5	1
_cu	27	7.26165630311767E-5	1
_fu	27	7.26165630311767E-5	1
asp	27	7.26165630311767E-5	1
atr	27	7.26165630311767E-5	1
bea	27	7.26165630311767E-5	1
dab	27	7.26165630311767E-5	1
ele	27	7.26165630311767E-5	1
fia	27	7.26165630311767E-5	1
gre	27	7.26165630311767E-5	1
igu	27	7.26165630311767E-5	1
iro	27	7.26165630311767E-5	1
jud	27	7.26165630311767E-5	1
lec	27	7.26165630311767E-5	1
lli	27	7.26165630311767E-5	1
orr	27	7.26165630311767E-5	1
phé	27	7.26165630311767E-5	1
rip	27	7.26165630311767E-5	1
rse	27	7.26165630311767E-5	1
rsq	27	7.26165630311767E-5	1
rsu	27	7.26165630311767E-5	1
rto	27	7.26165630311767E-5	1
rtu	27	7.26165630311767E-5	1
sés	27	7.26165630311767E-5	1
vir	27	7.26165630311767E-5	1
xpl	27	7.26165630311767E-5	1
çon	27	7.26165630311767E-5	1
écl	27	7.26165630311767E-5	1
éré	27	7.26165630311767E-5	1
_rô	26	6.992706069668868E-5	1
apr	26	6.992706069668868E-5	1
bes	26	6.992706069668868E-5	1
chô	26	6.992706069668868E-5	1
dus	26	6.992706069668868E-5	1
eso	26	6.992706069668868E-5	1
ffa	26	6.992706069668868E-5	1
hôm	26	6.992706069668868E-5	1
laq	26	6.992706069668868E-5	1
mad	26	6.992706069668868E-5	1
mpa	26	6.992706069668868E-5	1
ncé	26	6.992706069668868E-5	1
ome	26	6.992706069668868E-5	1
phe	26	6.992706069668868E-5	1
rad	26	6.992706069668868E-5	1
rag	26	6.992706069668868E-5	1
ria	26	6.992706069668868E-5	1
tta	26	6.992706069668868E-5	1
uco	26	6.992706069668868E-5	1
upp	26	6.992706069668868E-5	1
éer	26	6.992706069668868E-5	1
_br	25	6.723755836220065E-5	1
ach	25	6.723755836220065E-5	1
arq	25	6.723755836220065E-5	1
cif	25	6.723755836220065E-5	1
cin	25	6.723755836220065E-5	1
cès	25	6.723755836220065E-5	1
dés	25	6.723755836220065E-5	1
ich	25	6.723755836220065E-5	1
isf	25	6.723755836220065E-5	1
ié_	25	6.723755836220065E-5	1
lap	25	6.723755836220065E-5	1
lir	25	6.723755836220065E-5	1
ltu	25	6.723755836220065E-5	1
maj	25	6.723755836220065E-5	1
ndo	25	6.723755836220065E-5	1
nnu	25	6.723755836220065E-5	1
nso	25	6.723755836220065E-5	1
nus	25	6.723755836220065E-5	1
obs	25	6.723755836220065E-5	1
ola	25	6.723755836220065E-5	1
one	25	6.723755836220065E-5	1
op_	25	6.723755836220065E-5	1
pra	25	6.723755836220065E-5	1
rmo	25	6.723755836220065E-5	1
rét	25	6.723755836220065E-5	1
sér	25	6.723755836220065E-5	1
ubs	25	6.723755836220065E-5	1
élé	25	6.723755836220065E-5	1
_dè	24	6.454805602771263E-5	1
_vr	24	6.454805602771263E-5	1
_vé	24	6.454805602771263E-5	1
af_	24	6.454805602771263E-5	1
aîn	24	6.454805602771263E-5	1
chi	24	6.454805602771263E-5	1
cié	24	6.454805602771263E-5	1
dès	24	6.454805602771263E-5	1
eno	24	6.454805602771263E-5	1
eva	24	6.454805602771263E-5	1
fre	24	6.454805602771263E-5	1
gré	24	6.454805602771263E-5	1
iph	24	6.454805602771263E-5	1
ivé	24	6.454805602771263E-5	1
las	24	6.454805602771263E-5	1
leq	24	6.454805602771263E-5	1
lét	24	6.454805602771263E-5	1
ncr	24	6.454805602771263E-5	1
oba	24	6.454805602771263E-5	1
omo	24	6.454805602771263E-5	1
pes	24	6.454805602771263E-5	1
quà	24	6.454805602771263E-5	1
ref	24	6.454805602771263E-5	1
rmé	24	6.454805602771263E-5	1
ros	24	6.454805602771263E-5	1
sel	24	6.454805602771263E-5	1
sfa	24	6.454805602771263E-5	1
uà_	24	6.454805602771263E-5	1
égr	24	6.454805602771263E-5	1
étu	24	6.454805602771263E-5	1
ît_	24	6.454805602771263E-5	1
_bé	23	6.18585536932246E-5	1
_id	23	6.18585536932246E-5	1
_ut	23	6.18585536932246E-5	1
agn	23	6.18585536932246E-5	1
bit	23	6.18585536932246E-5	1
cus	23	6.18585536932246E-5	1
cut	23	6.18585536932246E-5	1
elu	23	6.18585536932246E-5	1
esq	23	6.18585536932246E-5	1
fiq	23	6.18585536932246E-5	1
gri	23	6.18585536932246E-5	1
ibr	23	6.18585536932246E-5	1
ix_	23	6.18585536932246E-5	1
lhe	23	6.18585536932246E-5	1
lél	23	6.18585536932246E-5	1
put	23	6.18585536932246E-5	1
rds	23	6.18585536932246E-5	1
îne	23	6.18585536932246E-5	1
bén	22	5.916905135873658E-5	1
cau	22	5.916905135873658E-5	1
dém	22	5.916905135873658E-5	1
eci	22	5.916905135873658E-5	1
fié	22	5.916905135873658E-5	1
gna	22	5.916905135873658E-5	1
gné	22	5.916905135873658E-5	1
iva	22	5.916905135873658E-5	1
lid	22	5.916905135873658E-5	1
lém	22	5.916905135873658E-5	1
ma_	22	5.916905135873658E-5	1
nut	22	5.916905135873658E-5	1
oce	22	5.916905135873658E-5	1
rir	22	5.916905135873658E-5	1
sif	22	5.916905135873658E-5	1
vat	22	5.916905135873658E-5	1
étr	22	5.916905135873658E-5	1
êt_	22	5.916905135873658E-5	1
îtr	22	5.916905135873658E-5	1
_ic	21	5.6479549024248555E-5	1
_là	21	5.6479549024248555E-5	1
_ul	21	5.6479549024248555E-5	1
apé	21	5.6479549024248555E-5	1
bsi	21	5.6479549024248555E-5	1
bst	21	5.6479549024248555E-5	1
ceu	21	5.6479549024248555E-5	1
dep	21	5.6479549024248555E-5	1
epu	21	5.6479549024248555E-5	1
gni	21	5.6479549024248555E-5	1
gul	21	5.6479549024248555E-5	1
gé_	21	5.6479549024248555E-5	1
iar	21	5.6479549024248555E-5	1
lol	21	5.6479549024248555E-5	1
mom	21	5.6479549024248555E-5	1
nga	21	5.6479549024248555E-5	1
ogi	21	5.6479549024248555E-5	1
oor	21	5.6479549024248555E-5	1
rro	21	5.6479549024248555E-5	1
rsi	21	5.6479549024248555E-5	1
sci	21	5.6479549024248555E-5	1
tia	21	5.6479549024248555E-5	1
tôt	21	5.6479549024248555E-5	1
vei	21	5.6479549024248555E-5	1
éle	21	5.6479549024248555E-5	1
éro	21	5.6479549024248555E-5	1
ôma	21	5.6479549024248555E-5	1
_go	20	5.379004668976053E-5	1
agé	20	5.379004668976053E-5	1
ala	20	5.379004668976053E-5	1
apa	20	5.379004668976053E-5	1
ata	20	5.379004668976053E-5	1
bai	20	5.379004668976053E-5	1
can	20	5.379004668976053E-5	1
cra	20	5.379004668976053E-5	1
dal	20	5.379004668976053E-5	1
dé_	20	5.379004668976053E-5	1
haq	20	5.379004668976053E-5	1
ida	20	5.379004668976053E-5	1
mei	20	5.379004668976053E-5	1
naî	20	5.379004668976053E-5	1
nfr	20	5.379004668976053E-5	1
néf	20	5.379004668976053E-5	1
nés	20	5.379004668976053E-5	1
pau	20	5.379004668976053E-5	1
plé	20	5.379004668976053E-5	1
ras	20	5.379004668976053E-5	1
scr	20	5.379004668976053E-5	1
sez	20	5.379004668976053E-5	1
sin	20	5.379004668976053E-5	1
six	20	5.379004668976053E-5	1
tré	20	5.379004668976053E-5	1
ulo	20	5.379004668976053E-5	1
upa	20	5.379004668976053E-5	1
vée	20	5.379004668976053E-5	1
xtr	20	5.379004668976053E-5	1
éan	20	5.379004668976053E-5	1
éde	20	5.379004668976053E-5	1
éma	20	5.379004668976053E-5	1
éno	20	5.379004668976053E-5	1
_lh	19	5.11005443552725E-5	1
aço	19	5.11005443552725E-5	1
cre	19	5.11005443552725E-5	1
eri	19	5.11005443552725E-5	1
fle	19	5.11005443552725E-5	1
fro	19	5.11005443552725E-5	1
gée	19	5.11005443552725E-5	1
ifo	19	5.11005443552725E-5	1
lté	19	5.11005443552725E-5	1
lum	19	5.11005443552725E-5	1
meu	19	5.11005443552725E-5	1
nav	19	5.11005443552725E-5	1
nch	19	5.11005443552725E-5	1
ong	19	5.11005443552725E-5	1
pid	19	5.11005443552725E-5	1
pta	19	5.11005443552725E-5	1
pèr	19	5.11005443552725E-5	1
rié	19	5.11005443552725E-5	1
utt	19	5.11005443552725E-5	1
épu	19	5.11005443552725E-5	1
aib	18	4.841104202078448E-5	1
ama	18	4.841104202078448E-5	1
aph	18	4.841104202078448E-5	1
bud	18	4.841104202078448E-5	1
cil	18	4.841104202078448E-5	1
cru	18	4.841104202078448E-5	1
cts	18	4.841104202078448E-5	1
di_	18	4.841104202078448E-5	1
evé	18	4.841104202078448E-5	1
faç	18	4.841104202078448E-5	1
fou	18	4.841104202078448E-5	1
imé	18	4.841104202078448E-5	1
jes	18	4.841104202078448E-5	1
lad	18	4.841104202078448E-5	1
ltr	18	4.841104202078448E-5	1
lua	18	4.841104202078448E-5	1
lév	18	4.841104202078448E-5	1
nq_	18	4.841104202078448E-5	1
oui	18	4.841104202078448E-5	1
rmu	18	4.841104202078448E-5	1
rêm	18	4.841104202078448E-5	1
sau	18	4.841104202078448E-5	1
sep	18	4.841104202078448E-5	1
siv	18	4.841104202078448E-5	1
spè	18	4.841104202078448E-5	1
trê	18	4.841104202078448E-5	1
uci	18	4.841104202078448E-5	1
udg	18	4.841104202078448E-5	1
uem	18	4.841104202078448E-5	1
umi	18	4.841104202078448E-5	1
ève	18	4.841104202078448E-5	1
égu	18	4.841104202078448E-5	1
_of	17	4.572153968629645E-5	1
aim	17	4.572153968629645E-5	1
anq	17	4.572153968629645E-5	1
arv	17	4.572153968629645E-5	1
bue	17	4.572153968629645E-5	1
ccr	17	4.572153968629645E-5	1
die	17	4.572153968629645E-5	1
due	17	4.572153968629645E-5	1
eta	17	4.572153968629645E-5	1
fit	17	4.572153968629645E-5	1
hau	17	4.572153968629645E-5	1
lam	17	4.572153968629645E-5	1
lié	17	4.572153968629645E-5	1
llo	17	4.572153968629645E-5	1
lou	17	4.572153968629645E-5	1
mér	17	4.572153968629645E-5	1
oct	17	4.572153968629645E-5	1
oub	17	4.572153968629645E-5	1
oum	17	4.572153968629645E-5	1
pit	17	4.572153968629645E-5	1
rig	17	4.572153968629645E-5	1
riè	17	4.572153968629645E-5	1
rné	17	4.572153968629645E-5	1
rva	17	4.572153968629645E-5	1
siè	17	4.572153968629645E-5	1
spr	17	4.572153968629645E-5	1
typ	17	4.572153968629645E-5	1
urb	17	4.572153968629645E-5	1
usq	17	4.572153968629645E-5	1
uva	17	4.572153968629645E-5	1
éel	17	4.572153968629645E-5	1
égo	17	4.572153968629645E-5	1
_sû	16	4.3032037351808425E-5	1
_ty	16	4.3032037351808425E-5	1
_ur	16	4.3032037351808425E-5	1
cec	16	4.3032037351808425E-5	1
chn	16	4.3032037351808425E-5	1
cs_	16	4.3032037351808425E-5	1
cé_	16	4.3032037351808425E-5	1
doc	16	4.3032037351808425E-5	1
fes	16	4.3032037351808425E-5	1
ics	16	4.3032037351808425E-5	1
ixi	16	4.3032037351808425E-5	1
lef	16	4.3032037351808425E-5	1
let	16	4.3032037351808425E-5	1
llé	16	4.3032037351808425E-5	1
lur	16	4.3032037351808425E-5	1
nni	16	4.3032037351808425E-5	1
nsc	16	4.3032037351808425E-5	1
ocè	16	4.3032037351808425E-5	1
oph	16	4.3032037351808425E-5	1
pal	16	4.3032037351808425E-5	1
red	16	4.3032037351808425E-5	1
rol	16	4.3032037351808425E-5	1
sac	16	4.3032037351808425E-5	1
sûr	16	4.3032037351808425E-5	1
urv	16	4.3032037351808425E-5	1
éca	16	4.3032037351808425E-5	1
éne	16	4.3032037351808425E-5	1
_aj	15	4.034253501732039E-5	1
_ny	15	4.034253501732039E-5	1
_én	15	4.034253501732039E-5	1
acu	15	4.034253501732039E-5	1
adi	15	4.034253501732039E-5	1
arf	15	4.034253501732039E-5	1
ban	15	4.034253501732039E-5	1
bri	15	4.034253501732039E-5	1
cée	15	4.034253501732039E-5	1
dos	15	4.034253501732039E-5	1
egr	15	4.034253501732039E-5	1
ene	15	4.034253501732039E-5	1
fen	15	4.034253501732039E-5	1
fix	15	4.034253501732039E-5	1
hab	15	4.034253501732039E-5	1
ico	15	4.034253501732039E-5	1
imo	15	4.034253501732039E-5	1
lén	15	4.034253501732039E-5	1
mor	15	4.034253501732039E-5	1
mé_	15	4.034253501732039E-5	1
mém	15	4.034253501732039E-5	1
nac	15	4.034253501732039E-5	1
nar	15	4.034253501732039E-5	1
ny_	15	4.034253501732039E-5	1
ofi	15	4.034253501732039E-5	1
ofo	15	4.034253501732039E-5	1
oue	15	4.034253501732039E-5	1
rov	15	4.034253501732039E-5	1
sté	15	4.034253501732039E-5	1
tas	15	4.034253501732039E-5	1
ul_	15	4.034253501732039E-5	1
ulé	15	4.034253501732039E-5	1
vau	15	4.034253501732039E-5	1
vil	15	4.034253501732039E-5	1
vu_	15	4.034253501732039E-5	1
xcl	15	4.034253501732039E-5	1
xer	15	4.034253501732039E-5	1
ype	15	4.034253501732039E-5	1
ène	15	4.034253501732039E-5	1
éfé	15	4.034253501732039E-5	1
_gl	14	3.7653032682832366E-5	1
_he	14	3.7653032682832366E-5	1
_hu	14	3.7653032682832366E-5	1
_ph	14	3.7653032682832366E-5	1
alh	14	3.7653032682832366E-5	1
cto	14	3.7653032682832366E-5	1
cté	14	3.7653032682832366E-5	1
cum	14	3.7653032682832366E-5	1
gin	14	3.7653032682832366E-5	1
glo	14	3.7653032682832366E-5	1
igi	14	3.7653032682832366E-5	1
imu	14	3.7653032682832366E-5	1
itè	14	3.7653032682832366E-5	1
jor	14	3.7653032682832366E-5	1
li_	14	3.7653032682832366E-5	1
lu_	14	3.7653032682832366E-5	1
neu	14	3.7653032682832366E-5	1
nic	14	3.7653032682832366E-5	1
nol	14	3.7653032682832366E-5	1
nop	14	3.7653032682832366E-5	1
oop	14	3.7653032682832366E-5	1
oté	14	3.7653032682832366E-5	1
ppa	14	3.7653032682832366E-5	1
rdé	14	3.7653032682832366E-5	1
rgé	14	3.7653032682832366E-5	1
réj	14	3.7653032682832366E-5	1
réo	14	3.7653032682832366E-5	1
sil	14	3.7653032682832366E-5	1
uré	14	3.7653032682832366E-5	1
uvé	14	3.7653032682832366E-5	1
vio	14	3.7653032682832366E-5	1
yan	14	3.7653032682832366E-5	1
édé	14	3.7653032682832366E-5	1
éfl	14	3.7653032682832366E-5	1
émo	14	3.7653032682832366E-5	1
_fl	13	3.496353034834434E-5	1
_té	13	3.496353034834434E-5	1
asi	13	3.496353034834434E-5	1
bso	13	3.496353034834434E-5	1
bur	13	3.496353034834434E-5	1
cci	13	3.496353034834434E-5	1
ccè	13	3.496353034834434E-5	1
ciè	13	3.496353034834434E-5	1
ega	13	3.496353034834434E-5	1
elé	13	3.496353034834434E-5	1
fir	13	3.496353034834434E-5	1
get	13	3.496353034834434E-5	1
hem	13	3.496353034834434E-5	1
iau	13	3.496353034834434E-5	1
irc	13	3.496353034834434E-5	1
jug	13	3.496353034834434E-5	1
méd	13	3.496353034834434E-5	1
mée	13	3.496353034834434E-5	1
obt	13	3.496353034834434E-5	1
oig	13	3.496353034834434E-5	1
oyé	13	3.496353034834434E-5	1
rco	13	3.496353034834434E-5	1
rdo	13	3.496353034834434E-5	1
rea	13	3.496353034834434E-5	1
sto	13	3.496353034834434E-5	1
tac	13	3.496353034834434E-5	1
ti_	13	3.496353034834434E-5	1
tti	13	3.496353034834434E-5	1
tué	13	3.496353034834434E-5	1
uau	13	3.496353034834434E-5	1
ucr	13	3.496353034834434E-5	1
uge	13	3.496353034834434E-5	1
upl	13	3.496353034834434E-5	1
usc	13	3.496353034834434E-5	1
utô	13	3.496353034834434E-5	1
va_	13	3.496353034834434E-5	1
via	13	3.496353034834434E-5	1
èle	13	3.496353034834434E-5	1
écr	13	3.496353034834434E-5	1
écé	13	3.496353034834434E-5	1
éfa	13	3.496353034834434E-5	1
épl	13	3.496353034834434E-5	1
_hi	12	3.2274028013856313E-5	1
_m_	12	3.2274028013856313E-5	1
_mu	12	3.2274028013856313E-5	1
_pi	12	3.2274028013856313E-5	1
_sc	12	3.2274028013856313E-5	1
_th	12	3.2274028013856313E-5	1
ato	12	3.2274028013856313E-5	1
bun	12	3.2274028013856313E-5	1
cab	12	3.2274028013856313E-5	1
cca	12	3.2274028013856313E-5	1
coû	12	3.2274028013856313E-5	1
crè	12	3.2274028013856313E-5	1
ctè	12	3.2274028013856313E-5	1
enr	12	3.2274028013856313E-5	1
erp	12	3.2274028013856313E-5	1
esc	12	3.2274028013856313E-5	1
gir	12	3.2274028013856313E-5	1
has	12	3.2274028013856313E-5	1
ipl	12	3.2274028013856313E-5	1
irm	12	3.2274028013856313E-5	1
itr	12	3.2274028013856313E-5	1
jam	12	3.2274028013856313E-5	1
lèv	12	3.2274028013856313E-5	1
mou	12	3.2274028013856313E-5	1
mèn	12	3.2274028013856313E-5	1
nfé	12	3.2274028013856313E-5	1
ni_	12	3.2274028013856313E-5	1
oût	12	3.2274028013856313E-5	1
quê	12	3.2274028013856313E-5	1
roy	12	3.2274028013856313E-5	1
rèt	12	3.2274028013856313E-5	1
sam	12	3.2274028013856313E-5	1
sap	12	3.2274028013856313E-5	1
tez	12	3.2274028013856313E-5	1
tot	12	3.2274028013856313E-5	1
tun	12	3.2274028013856313E-5	1
uié	12	3.2274028013856313E-5	1
utu	12	3.2274028013856313E-5	1
uêt	12	3.2274028013856313E-5	1
xpé	12	3.2274028013856313E-5	1
éfe	12	3.2274028013856313E-5	1
éoc	12	3.2274028013856313E-5	1
ûr_	12	3.2274028013856313E-5	1
_nu	11	2.958452567936829E-5	1
_éq	11	2.958452567936829E-5	1
aje	11	2.958452567936829E-5	1
ane	11	2.958452567936829E-5	1
anm	11	2.958452567936829E-5	1
apt	11	2.958452567936829E-5	1
aré	11	2.958452567936829E-5	1
aya	11	2.958452567936829E-5	1
bte	11	2.958452567936829E-5	1
dge	11	2.958452567936829E-5	1
efu	11	2.958452567936829E-5	1
erb	11	2.958452567936829E-5	1
hie	11	2.958452567936829E-5	1
his	11	2.958452567936829E-5	1
hno	11	2.958452567936829E-5	1
iés	11	2.958452567936829E-5	1
lei	11	2.958452567936829E-5	1
lif	11	2.958452567936829E-5	1
los	11	2.958452567936829E-5	1
lte	11	2.958452567936829E-5	1
mpê	11	2.958452567936829E-5	1
net	11	2.958452567936829E-5	1
nmo	11	2.958452567936829E-5	1
néa	11	2.958452567936829E-5	1
ogu	11	2.958452567936829E-5	1
oil	11	2.958452567936829E-5	1
pag	11	2.958452567936829E-5	1
pir	11	2.958452567936829E-5	1
ppé	11	2.958452567936829E-5	1
pu_	11	2.958452567936829E-5	1
pêc	11	2.958452567936829E-5	1
rfa	11	2.958452567936829E-5	1
rgo	11	2.958452567936829E-5	1
rla	11	2.958452567936829E-5	1
rré	11	2.958452567936829E-5	1
sca	11	2.958452567936829E-5	1
sco	11	2.958452567936829E-5	1
sve	11	2.958452567936829E-5	1
uiè	11	2.958452567936829E-5	1
uns	11	2.958452567936829E-5	1
uxq	11	2.958452567936829E-5	1
voc	11	2.958452567936829E-5	1
voy	11	2.958452567936829E-5	1
xqu	11	2.958452567936829E-5	1
èsv	11	2.958452567936829E-5	1
êch	11	2.958452567936829E-5	1
_ay	10	2.6895023344880265E-5	1
_dû	10	2.6895023344880265E-5	1
_ho	10	2.6895023344880265E-5	1
aro	10	2.6895023344880265E-5	1
bér	10	2.6895023344880265E-5	1
côt	10	2.6895023344880265E-5	1
dad	10	2.6895023344880265E-5	1
dég	10	2.6895023344880265E-5	1
dén	10	2.6895023344880265E-5	1
déq	10	2.6895023344880265E-5	1
egi	10	2.6895023344880265E-5	1
eté	10	2.6895023344880265E-5	1
fré	10	2.6895023344880265E-5	1
fut	10	2.6895023344880265E-5	1
gim	10	2.6895023344880265E-5	1
gor	10	2.6895023344880265E-5	1
grâ	10	2.6895023344880265E-5	1
hac	10	2.6895023344880265E-5	1
hen	10	2.6895023344880265E-5	1
hum	10	2.6895023344880265E-5	1
iab	10	2.6895023344880265E-5	1
ibé	10	2.6895023344880265E-5	1
idu	10	2.6895023344880265E-5	1
ila	10	2.6895023344880265E-5	1
ilà	10	2.6895023344880265E-5	1
imê	10	2.6895023344880265E-5	1
lag	10	2.6895023344880265E-5	1
lup	10	2.6895023344880265E-5	1
mbi	10	2.6895023344880265E-5	1
mi_	10	2.6895023344880265E-5	1
nag	10	2.6895023344880265E-5	1
nva	10	2.6895023344880265E-5	1
nvo	10	2.6895023344880265E-5	1
nça	10	2.6895023344880265E-5	1
oré	10	2.6895023344880265E-5	1
osa	10	2.6895023344880265E-5	1
oso	10	2.6895023344880265E-5	1
phi	10	2.6895023344880265E-5	1
pt_	10	2.6895023344880265E-5	1
rif	10	2.6895023344880265E-5	1
râc	10	2.6895023344880265E-5	1
réu	10	2.6895023344880265E-5	1
sce	10	2.6895023344880265E-5	1
sug	10	2.6895023344880265E-5	1
têt	10	2.6895023344880265E-5	1
uab	10	2.6895023344880265E-5	1
ugg	10	2.6895023344880265E-5	1
uic	10	2.6895023344880265E-5	1
um_	10	2.6895023344880265E-5	1
uqu	10	2.6895023344880265E-5	1
vos	10	2.6895023344880265E-5	1
vés	10	2.6895023344880265E-5	1
xio	10	2.6895023344880265E-5	1
xpo	10	2.6895023344880265E-5	1
âce	10	2.6895023344880265E-5	1
âch	10	2.6895023344880265E-5	1
ède	10	2.6895023344880265E-5	1
élo	10	2.6895023344880265E-5	1
_cô	9	2.420552101039224E-5	1
_er	9	2.420552101039224E-5	1
_gu	9	2.420552101039224E-5	1
_ir	9	2.420552101039224E-5	1
acr	9	2.420552101039224E-5	1
adu	9	2.420552101039224E-5	1
adé	9	2.420552101039224E-5	1
alg	9	2.420552101039224E-5	1
anç	9	2.420552101039224E-5	1
ape	9	2.420552101039224E-5	1
bve	9	2.420552101039224E-5	1
cio	9	2.420552101039224E-5	1
cir	9	2.420552101039224E-5	1
cqu	9	2.420552101039224E-5	1
das	9	2.420552101039224E-5	1
del	9	2.420552101039224E-5	1
dû_	9	2.420552101039224E-5	1
edi	9	2.420552101039224E-5	1
elè	9	2.420552101039224E-5	1
enq	9	2.420552101039224E-5	1
erf	9	2.420552101039224E-5	1
eun	9	2.420552101039224E-5	1
exé	9	2.420552101039224E-5	1
fem	9	2.420552101039224E-5	1
fri	9	2.420552101039224E-5	1
gab	9	2.420552101039224E-5	1
gli	9	2.420552101039224E-5	1
grè	9	2.420552101039224E-5	1
gér	9	2.420552101039224E-5	1
haî	9	2.420552101039224E-5	1
ia_	9	2.420552101039224E-5	1
irr	9	2.420552101039224E-5	1
ixe	9	2.420552101039224E-5	1
lgr	9	2.420552101039224E-5	1
lia	9	2.420552101039224E-5	1
loy	9	2.420552101039224E-5	1
lti	9	2.420552101039224E-5	1
mba	9	2.420552101039224E-5	1
mpe	9	2.420552101039224E-5	1
nca	9	2.420552101039224E-5	1
ngt	9	2.420552101039224E-5	1
oué	9	2.420552101039224E-5	1
oya	9	2.420552101039224E-5	1
pha	9	2.420552101039224E-5	1
poq	9	2.420552101039224E-5	1
prê	9	2.420552101039224E-5	1
pul	9	2.420552101039224E-5	1
rez	9	2.420552101039224E-5	1
rfo	9	2.420552101039224E-5	1
rgu	9	2.420552101039224E-5	1
rix	9	2.420552101039224E-5	1
rsp	9	2.420552101039224E-5	1
rém	9	2.420552101039224E-5	1
sal	9	2.420552101039224E-5	1
suc	9	2.420552101039224E-5	1
sém	9	2.420552101039224E-5	1
tém	9	2.420552101039224E-5	1
ubv	9	2.420552101039224E-5	1
ucc	9	2.420552101039224E-5	1
uls	9	2.420552101039224E-5	1
uma	9	2.420552101039224E-5	1
xim	9	2.420552101039224E-5	1
xéc	9	2.420552101039224E-5	1
yer	9	2.420552101039224E-5	1
çai	9	2.420552101039224E-5	1
éjo	9	2.420552101039224E-5	1
élu	9	2.420552101039224E-5	1
évé	9	2.420552101039224E-5	1
_dê	8	2.1516018675904212E-5	1
_it	8	2.1516018675904212E-5	1
_ji	8	2.1516018675904212E-5	1
_mè	8	2.1516018675904212E-5	1
_tâ	8	2.1516018675904212E-5	1
aba	8	2.1516018675904212E-5	1
acq	8	2.1516018675904212E-5	1
aig	8	2.1516018675904212E-5	1
amb	8	2.1516018675904212E-5	1
anv	8	2.1516018675904212E-5	1
axi	8	2.1516018675904212E-5	1
bab	8	2.1516018675904212E-5	1
bia	8	2.1516018675904212E-5	1
bua	8	2.1516018675904212E-5	1
cai	8	2.1516018675904212E-5	1
cev	8	2.1516018675904212E-5	1
did	8	2.1516018675904212E-5	1
dor	8	2.1516018675904212E-5	1
dêt	8	2.1516018675904212E-5	1
ené	8	2.1516018675904212E-5	1
eto	8	2.1516018675904212E-5	1
evê	8	2.1516018675904212E-5	1
ezm	8	2.1516018675904212E-5	1
fi_	8	2.1516018675904212E-5	1
féd	8	2.1516018675904212E-5	1
gea	8	2.1516018675904212E-5	1
gur	8	2.1516018675904212E-5	1
gét	8	2.1516018675904212E-5	1
hel	8	2.1516018675904212E-5	1
hiq	8	2.1516018675904212E-5	1
iem	8	2.1516018675904212E-5	1
ife	8	2.1516018675904212E-5	1
igé	8	2.1516018675904212E-5	1
ing	8	2.1516018675904212E-5	1
jan	8	2.1516018675904212E-5	1
jin	8	2.1516018675904212E-5	1
llu	8	2.1516018675904212E-5	1
lèt	8	2.1516018675904212E-5	1
mau	8	2.1516018675904212E-5	1
max	8	2.1516018675904212E-5	1
mid	8	2.1516018675904212E-5	1
mum	8	2.1516018675904212E-5	1
ng_	8	2.1516018675904212E-5	1
ofe	8	2.1516018675904212E-5	1
opu	8	2.1516018675904212E-5	1
orp	8	2.1516018675904212E-5	1
osp	8	2.1516018675904212E-5	1
ove	8	2.1516018675904212E-5	1
pil	8	2.1516018675904212E-5	1
pin	8	2.1516018675904212E-5	1
pop	8	2.1516018675904212E-5	1
ppu	8	2.1516018675904212E-5	1
pôt	8	2.1516018675904212E-5	1
rej	8	2.1516018675904212E-5	1
rui	8	2.1516018675904212E-5	1
réi	8	2.1516018675904212E-5	1
sea	8	2.1516018675904212E-5	1
sir	8	2.1516018675904212E-5	1
stà	8	2.1516018675904212E-5	1
thè	8	2.1516018675904212E-5	1
thé	8	2.1516018675904212E-5	1
tib	8	2.1516018675904212E-5	1
tu_	8	2.1516018675904212E-5	1
tàd	8	2.1516018675904212E-5	1
tâc	8	2.1516018675904212E-5	1
tél	8	2.1516018675904212E-5	1
upé	8	2.1516018675904212E-5	1
utê	8	2.1516018675904212E-5	1
viv	8	2.1516018675904212E-5	1
vêt	8	2.1516018675904212E-5	1
xe_	8	2.1516018675904212E-5	1
xib	8	2.1516018675904212E-5	1
yon	8	2.1516018675904212E-5	1
zmo	8	2.1516018675904212E-5	1
àdi	8	2.1516018675904212E-5	1
ébu	8	2.1516018675904212E-5	1
éni	8	2.1516018675904212E-5	1
évu	8	2.1516018675904212E-5	1
ûts	8	2.1516018675904212E-5	1
_dh	7	1.8826516341416183E-5	1
_ém	7	1.8826516341416183E-5	1
_îl	7	1.8826516341416183E-5	1
ade	7	1.8826516341416183E-5	1
adh	7	1.8826516341416183E-5	1
amp	7	1.8826516341416183E-5	1
avé	7	1.8826516341416183E-5	1
bar	7	1.8826516341416183E-5	1
clo	7	1.8826516341416183E-5	1
dar	7	1.8826516341416183E-5	1
dgé	7	1.8826516341416183E-5	1
dhé	7	1.8826516341416183E-5	1
dob	7	1.8826516341416183E-5	1
dèr	7	1.8826516341416183E-5	1
ef_	7	1.8826516341416183E-5	1
elà	7	1.8826516341416183E-5	1
eud	7	1.8826516341416183E-5	1
eui	7	1.8826516341416183E-5	1
eço	7	1.8826516341416183E-5	1
goc	7	1.8826516341416183E-5	1
gte	7	1.8826516341416183E-5	1
hev	7	1.8826516341416183E-5	1
hif	7	1.8826516341416183E-5	1
hom	7	1.8826516341416183E-5	1
hor	7	1.8826516341416183E-5	1
hée	7	1.8826516341416183E-5	1
idè	7	1.8826516341416183E-5	1
imm	7	1.8826516341416183E-5	1
ino	7	1.8826516341416183E-5	1
jap	7	1.8826516341416183E-5	1
jen	7	1.8826516341416183E-5	1
jui	7	1.8826516341416183E-5	1
lof	7	1.8826516341416183E-5	1
léq	7	1.8826516341416183E-5	1
mpô	7	1.8826516341416183E-5	1
méc	7	1.8826516341416183E-5	1
noi	7	1.8826516341416183E-5	1
nre	7	1.8826516341416183E-5	1
nsn	7	1.8826516341416183E-5	1
ntu	7	1.8826516341416183E-5	1
ntô	7	1.8826516341416183E-5	1
oid	7	1.8826516341416183E-5	1
oim	7	1.8826516341416183E-5	1
oix	7	1.8826516341416183E-5	1
or_	7	1.8826516341416183E-5	1
ost	7	1.8826516341416183E-5	1
pab	7	1.8826516341416183E-5	1
pur	7	1.8826516341416183E-5	1
rei	7	1.8826516341416183E-5	1
req	7	1.8826516341416183E-5	1
ro_	7	1.8826516341416183E-5	1
rue	7	1.8826516341416183E-5	1
réé	7	1.8826516341416183E-5	1
sum	7	1.8826516341416183E-5	1
séa	7	1.8826516341416183E-5	1
tho	7	1.8826516341416183E-5	1
tom	7	1.8826516341416183E-5	1
usa	7	1.8826516341416183E-5	1
ués	7	1.8826516341416183E-5	1
vi_	7	1.8826516341416183E-5	1
xes	7	1.8826516341416183E-5	1
xpi	7	1.8826516341416183E-5	1
yée	7	1.8826516341416183E-5	1
ège	7	1.8826516341416183E-5	1
ébo	7	1.8826516341416183E-5	1
ége	7	1.8826516341416183E-5	1
île	7	1.8826516341416183E-5	1
ôme	7	1.8826516341416183E-5	1
_bâ	6	1.6137014006928157E-5	1
_us	6	1.6137014006928157E-5	1
abu	6	1.6137014006928157E-5	1
add	6	1.6137014006928157E-5	1
alé	6	1.6137014006928157E-5	1
anu	6	1.6137014006928157E-5	1
bus	6	1.6137014006928157E-5	1
bât	6	1.6137014006928157E-5	1
cli	6	1.6137014006928157E-5	1
cèd	6	1.6137014006928157E-5	1
ddi	6	1.6137014006928157E-5	1
dig	6	1.6137014006928157E-5	1
dof	6	1.6137014006928157E-5	1
dum	6	1.6137014006928157E-5	1
dut	6	1.6137014006928157E-5	1
ece	6	1.6137014006928157E-5	1
emê	6	1.6137014006928157E-5	1
fas	6	1.6137014006928157E-5	1
flu	6	1.6137014006928157E-5	1
fru	6	1.6137014006928157E-5	1
gno	6	1.6137014006928157E-5	1
gum	6	1.6137014006928157E-5	1
gèr	6	1.6137014006928157E-5	1
gés	6	1.6137014006928157E-5	1
hèm	6	1.6137014006928157E-5	1
hém	6	1.6137014006928157E-5	1
ilo	6	1.6137014006928157E-5	1
irl	6	1.6137014006928157E-5	1
ièv	6	1.6137014006928157E-5	1
jat	6	1.6137014006928157E-5	1
joi	6	1.6137014006928157E-5	1
lea	6	1.6137014006928157E-5	1
lha	6	1.6137014006928157E-5	1
liv	6	1.6137014006928157E-5	1
lép	6	1.6137014006928157E-5	1
lés	6	1.6137014006928157E-5	1
mbo	6	1.6137014006928157E-5	1
mel	6	1.6137014006928157E-5	1
mip	6	1.6137014006928157E-5	1
nab	6	1.6137014006928157E-5	1
ngl	6	1.6137014006928157E-5	1
ngé	6	1.6137014006928157E-5	1
név	6	1.6137014006928157E-5	1
oto	6	1.6137014006928157E-5	1
ots	6	1.6137014006928157E-5	1
oyo	6	1.6137014006928157E-5	1
oît	6	1.6137014006928157E-5	1
pan	6	1.6137014006928157E-5	1
pot	6	1.6137014006928157E-5	1
pé_	6	1.6137014006928157E-5	1
rcé	6	1.6137014006928157E-5	1
roî	6	1.6137014006928157E-5	1
sno	6	1.6137014006928157E-5	1
tad	6	1.6137014006928157E-5	1
tig	6	1.6137014006928157E-5	1
tto	6	1.6137014006928157E-5	1
uf_	6	1.6137014006928157E-5	1
uin	6	1.6137014006928157E-5	1
veg	6	1.6137014006928157E-5	1
âti	6	1.6137014006928157E-5	1
éit	6	1.6137014006928157E-5	1
épr	6	1.6137014006928157E-5	1
ôte	6	1.6137014006928157E-5	1
_cé	5	1.3447511672440132E-5	1
_hé	5	1.3447511672440132E-5	1
_tu	5	1.3447511672440132E-5	1
_ép	5	1.3447511672440132E-5	1
acl	5	1.3447511672440132E-5	1
amn	5	1.3447511672440132E-5	1
ano	5	1.3447511672440132E-5	1
asq	5	1.3447511672440132E-5	1
auf	5	1.3447511672440132E-5	1
auq	5	1.3447511672440132E-5	1
be_	5	1.3447511672440132E-5	1
ber	5	1.3447511672440132E-5	1
blé	5	1.3447511672440132E-5	1
bra	5	1.3447511672440132E-5	1
bué	5	1.3447511672440132E-5	1
clé	5	1.3447511672440132E-5	1
cu_	5	1.3447511672440132E-5	1
daf	5	1.3447511672440132E-5	1
dib	5	1.3447511672440132E-5	1
dri	5	1.3447511672440132E-5	1
duq	5	1.3447511672440132E-5	1
dèl	5	1.3447511672440132E-5	1
ean	5	1.3447511672440132E-5	1
ecu	5	1.3447511672440132E-5	1
epo	5	1.3447511672440132E-5	1
ete	5	1.3447511672440132E-5	1
fig	5	1.3447511672440132E-5	1
gai	5	1.3447511672440132E-5	1
gil	5	1.3447511672440132E-5	1
gui	5	1.3447511672440132E-5	1
hir	5	1.3447511672440132E-5	1
hni	5	1.3447511672440132E-5	1
ibe	5	1.3447511672440132E-5	1
igo	5	1.3447511672440132E-5	1
ilé	5	1.3447511672440132E-5	1
inj	5	1.3447511672440132E-5	1
ioé	5	1.3447511672440132E-5	1
irs	5	1.3447511672440132E-5	1
iré	5	1.3447511672440132E-5	1
ièt	5	1.3447511672440132E-5	1
leç	5	1.3447511672440132E-5	1
mmé	5	1.3447511672440132E-5	1
mpu	5	1.3447511672440132E-5	1
mén	5	1.3447511672440132E-5	1
nfe	5	1.3447511672440132E-5	1
nfl	5	1.3447511672440132E-5	1
ngu	5	1.3447511672440132E-5	1
nju	5	1.3447511672440132E-5	1
nno	5	1.3447511672440132E-5	1
ntè	5	1.3447511672440132E-5	1
nuf	5	1.3447511672440132E-5	1
nui	5	1.3447511672440132E-5	1
nul	5	1.3447511672440132E-5	1
obi	5	1.3447511672440132E-5	1
odè	5	1.3447511672440132E-5	1
odé	5	1.3447511672440132E-5	1
ovo	5	1.3447511672440132E-5	1
oéc	5	1.3447511672440132E-5	1
pei	5	1.3447511672440132E-5	1
pus	5	1.3447511672440132E-5	1
rcr	5	1.3447511672440132E-5	1
rdu	5	1.3447511672440132E-5	1
reç	5	1.3447511672440132E-5	1
ri_	5	1.3447511672440132E-5	1
rlé	5	1.3447511672440132E-5	1
rpu	5	1.3447511672440132E-5	1
rrê	5	1.3447511672440132E-5	1
rsé	5	1.3447511672440132E-5	1
rus	5	1.3447511672440132E-5	1
smê	5	1.3447511672440132E-5	1
spi	5	1.3447511672440132E-5	1
syn	5	1.3447511672440132E-5	1
sét	5	1.3447511672440132E-5	1
taq	5	1.3447511672440132E-5	1
uar	5	1.3447511672440132E-5	1
ubi	5	1.3447511672440132E-5	1
ufa	5	1.3447511672440132E-5	1
usm	5	1.3447511672440132E-5	1
uxc	5	1.3447511672440132E-5	1
vas	5	1.3447511672440132E-5	1
vro	5	1.3447511672440132E-5	1
vél	5	1.3447511672440132E-5	1
xci	5	1.3447511672440132E-5	1
éju	5	1.3447511672440132E-5	1
éun	5	1.3447511672440132E-5	1
éus	5	1.3447511672440132E-5	1
ôlé	5	1.3447511672440132E-5	1
ôté	5	1.3447511672440132E-5	1
_dy	4	1.0758009337952106E-5	1
_lê	4	1.0758009337952106E-5	1
_mm	4	1.0758009337952106E-5	1
_pê	4	1.0758009337952106E-5	1
ané	4	1.0758009337952106E-5	1
ars	4	1.0758009337952106E-5	1
aru	4	1.0758009337952106E-5	1
aup	4	1.0758009337952106E-5	1
axe	4	1.0758009337952106E-5	1
bio	4	1.0758009337952106E-5	1
bée	4	1.0758009337952106E-5	1
cam	4	1.0758009337952106E-5	1
cic	4	1.0758009337952106E-5	1
cèr	4	1.0758009337952106E-5	1
cél	4	1.0758009337952106E-5	1
deg	4	1.0758009337952106E-5	1
dié	4	1.0758009337952106E-5	1
dot	4	1.0758009337952106E-5	1
dub	4	1.0758009337952106E-5	1
edo	4	1.0758009337952106E-5	1
efl	4	1.0758009337952106E-5	1
eje	4	1.0758009337952106E-5	1
ejo	4	1.0758009337952106E-5	1
etr	4	1.0758009337952106E-5	1
etu	4	1.0758009337952106E-5	1
evu	4	1.0758009337952106E-5	1
ezv	4	1.0758009337952106E-5	1
fil	4	1.0758009337952106E-5	1
flè	4	1.0758009337952106E-5	1
flé	4	1.0758009337952106E-5	1
fèr	4	1.0758009337952106E-5	1
ggè	4	1.0758009337952106E-5	1
ggé	4	1.0758009337952106E-5	1
gib	4	1.0758009337952106E-5	1
go_	4	1.0758009337952106E-5	1
géo	4	1.0758009337952106E-5	1
hap	4	1.0758009337952106E-5	1
hod	4	1.0758009337952106E-5	1
hèr	4	1.0758009337952106E-5	1
iet	4	1.0758009337952106E-5	1
ifr	4	1.0758009337952106E-5	1
ika	4	1.0758009337952106E-5	1
ilè	4	1.0758009337952106E-5	1
iol	4	1.0758009337952106E-5	1
isà	4	1.0758009337952106E-5	1
itt	4	1.0758009337952106E-5	1
ixé	4	1.0758009337952106E-5	1
izo	4	1.0758009337952106E-5	1
iér	4	1.0758009337952106E-5	1
jau	4	1.0758009337952106E-5	1
ka_	4	1.0758009337952106E-5	1
lez	4	1.0758009337952106E-5	1
lêt	4	1.0758009337952106E-5	1
mas	4	1.0758009337952106E-5	1
mbe	4	1.0758009337952106E-5	1
mbé	4	1.0758009337952106E-5	1
mob	4	1.0758009337952106E-5	1
mét	4	1.0758009337952106E-5	1
nad	4	1.0758009337952106E-5	1
ncè	4	1.0758009337952106E-5	1
nex	4	1.0758009337952106E-5	1
nib	4	1.0758009337952106E-5	1
nov	4	1.0758009337952106E-5	1
nsf	4	1.0758009337952106E-5	1
nto	4	1.0758009337952106E-5	1
nué	4	1.0758009337952106E-5	1
obr	4	1.0758009337952106E-5	1
oga	4	1.0758009337952106E-5	1
opi	4	1.0758009337952106E-5	1
ovi	4	1.0758009337952106E-5	1
pai	4	1.0758009337952106E-5	1
plè	4	1.0758009337952106E-5	1
pru	4	1.0758009337952106E-5	1
pto	4	1.0758009337952106E-5	1
pêt	4	1.0758009337952106E-5	1
rar	4	1.0758009337952106E-5	1
rcu	4	1.0758009337952106E-5	1
rik	4	1.0758009337952106E-5	1
riz	4	1.0758009337952106E-5	1
rpr	4	1.0758009337952106E-5	1
ru_	4	1.0758009337952106E-5	1
rud	4	1.0758009337952106E-5	1
rup	4	1.0758009337952106E-5	1
rut	4	1.0758009337952106E-5	1
rén	4	1.0758009337952106E-5	1
sad	4	1.0758009337952106E-5	1
sex	4	1.0758009337952106E-5	1
stc	4	1.0758009337952106E-5	1
su_	4	1.0758009337952106E-5	1
sun	4	1.0758009337952106E-5	1
sàv	4	1.0758009337952106E-5	1
sév	4	1.0758009337952106E-5	1
tax	4	1.0758009337952106E-5	1
tce	4	1.0758009337952106E-5	1
tea	4	1.0758009337952106E-5	1
tip	4	1.0758009337952106E-5	1
tol	4	1.0758009337952106E-5	1
tèl	4	1.0758009337952106E-5	1
uav	4	1.0758009337952106E-5	1
uie	4	1.0758009337952106E-5	1
ulg	4	1.0758009337952106E-5	1
unn	4	1.0758009337952106E-5	1
upr	4	1.0758009337952106E-5	1
uvi	4	1.0758009337952106E-5	1
vac	4	1.0758009337952106E-5	1
var	4	1.0758009337952106E-5	1
vet	4	1.0758009337952106E-5	1
vén	4	1.0758009337952106E-5	1
yal	4	1.0758009337952106E-5	1
yeu	4	1.0758009337952106E-5	1
yés	4	1.0758009337952106E-5	1
zvo	4	1.0758009337952106E-5	1
àvi	4	1.0758009337952106E-5	1
çoi	4	1.0758009337952106E-5	1
èse	4	1.0758009337952106E-5	1
éag	4	1.0758009337952106E-5	1
éda	4	1.0758009337952106E-5	1
élè	4	1.0758009337952106E-5	1
émi	4	1.0758009337952106E-5	1
éog	4	1.0758009337952106E-5	1
épé	4	1.0758009337952106E-5	1
ésa	4	1.0758009337952106E-5	1
éth	4	1.0758009337952106E-5	1
éto	4	1.0758009337952106E-5	1
éé_	4	1.0758009337952106E-5	1
_gi	3	8.068507003464078E-6	1
_lâ	3	8.068507003464078E-6	1
_sê	3	8.068507003464078E-6	1
_ye	3	8.068507003464078E-6	1
_éb	3	8.068507003464078E-6	1
_éd	3	8.068507003464078E-6	1
acé	3	8.068507003464078E-6	1
alt	3	8.068507003464078E-6	1
anl	3	8.068507003464078E-6	1
arn	3	8.068507003464078E-6	1
asé	3	8.068507003464078E-6	1
bau	3	8.068507003464078E-6	1
bel	3	8.068507003464078E-6	1
bro	3	8.068507003464078E-6	1
ccé	3	8.068507003464078E-6	1
chè	3	8.068507003464078E-6	1
cue	3	8.068507003464078E-6	1
cés	3	8.068507003464078E-6	1
cét	3	8.068507003464078E-6	1
dag	3	8.068507003464078E-6	1
def	3	8.068507003464078E-6	1
deh	3	8.068507003464078E-6	1
dha	3	8.068507003464078E-6	1
dix	3	8.068507003464078E-6	1
dol	3	8.068507003464078E-6	1
dox	3	8.068507003464078E-6	1
dyn	3	8.068507003464078E-6	1
déd	3	8.068507003464078E-6	1
eab	3	8.068507003464078E-6	1
edé	3	8.068507003464078E-6	1
eho	3	8.068507003464078E-6	1
eig	3	8.068507003464078E-6	1
eli	3	8.068507003464078E-6	1
eon	3	8.068507003464078E-6	1
erl	3	8.068507003464078E-6	1
erç	3	8.068507003464078E-6	1
esd	3	8.068507003464078E-6	1
etc	3	8.068507003464078E-6	1
eup	3	8.068507003464078E-6	1
exo	3	8.068507003464078E-6	1
eçu	3	8.068507003464078E-6	1
fal	3	8.068507003464078E-6	1
fan	3	8.068507003464078E-6	1
fév	3	8.068507003464078E-6	1
geo	3	8.068507003464078E-6	1
gig	3	8.068507003464078E-6	1
glé	3	8.068507003464078E-6	1
gué	3	8.068507003464078E-6	1
gât	3	8.068507003464078E-6	1
hoi	3	8.068507003464078E-6	1
hon	3	8.068507003464078E-6	1
hél	3	8.068507003464078E-6	1
hén	3	8.068507003464078E-6	1
hét	3	8.068507003464078E-6	1
ias	3	8.068507003464078E-6	1
id_	3	8.068507003464078E-6	1
ids	3	8.068507003464078E-6	1
iez	3	8.068507003464078E-6	1
igr	3	8.068507003464078E-6	1
inn	3	8.068507003464078E-6	1
ipt	3	8.068507003464078E-6	1
iri	3	8.068507003464078E-6	1
isj	3	8.068507003464078E-6	1
ixa	3	8.068507003464078E-6	1
jac	3	8.068507003464078E-6	1
jex	3	8.068507003464078E-6	1
lho	3	8.068507003464078E-6	1
luc	3	8.068507003464078E-6	1
lué	3	8.068507003464078E-6	1
lèl	3	8.068507003464078E-6	1
lér	3	8.068507003464078E-6	1
mac	3	8.068507003464078E-6	1
mex	3	8.068507003464078E-6	1
mna	3	8.068507003464078E-6	1
mpi	3	8.068507003464078E-6	1
mut	3	8.068507003464078E-6	1
més	3	8.068507003464078E-6	1
nam	3	8.068507003464078E-6	1
nez	3	8.068507003464078E-6	1
nfu	3	8.068507003464078E-6	1
nin	3	8.068507003464078E-6	1
no_	3	8.068507003464078E-6	1
nri	3	8.068507003464078E-6	1
nsm	3	8.068507003464078E-6	1
oc_	3	8.068507003464078E-6	1
oco	3	8.068507003464078E-6	1
ocr	3	8.068507003464078E-6	1
oda	3	8.068507003464078E-6	1
odo	3	8.068507003464078E-6	1
ol_	3	8.068507003464078E-6	1
omu	3	8.068507003464078E-6	1
omè	3	8.068507003464078E-6	1
oua	3	8.068507003464078E-6	1
ouf	3	8.068507003464078E-6	1
pie	3	8.068507003464078E-6	1
pis	3	8.068507003464078E-6	1
pço	3	8.068507003464078E-6	1
pèt	3	8.068507003464078E-6	1
pés	3	8.068507003464078E-6	1
rda	3	8.068507003464078E-6	1
rfe	3	8.068507003464078E-6	1
ril	3	8.068507003464078E-6	1
rlo	3	8.068507003464078E-6	1
rpé	3	8.068507003464078E-6	1
rsa	3	8.068507003464078E-6	1
rvé	3	8.068507003464078E-6	1
réh	3	8.068507003464078E-6	1
réq	3	8.068507003464078E-6	1
sar	3	8.068507003464078E-6	1
sda	3	8.068507003464078E-6	1
siq	3	8.068507003464078E-6	1
sje	3	8.068507003464078E-6	1
sop	3	8.068507003464078E-6	1
sêt	3	8.068507003464078E-6	1
tap	3	8.068507003464078E-6	1
tc_	3	8.068507003464078E-6	1
tié	3	8.068507003464078E-6	1
toc	3	8.068507003464078E-6	1
ttu	3	8.068507003464078E-6	1
ubo	3	8.068507003464078E-6	1
ud_	3	8.068507003464078E-6	1
uei	3	8.068507003464078E-6	1
uim	3	8.068507003464078E-6	1
ull	3	8.068507003464078E-6	1
ulu	3	8.068507003464078E-6	1
ump	3	8.068507003464078E-6	1
upt	3	8.068507003464078E-6	1
upç	3	8.068507003464078E-6	1
urm	3	8.068507003464078E-6	1
uso	3	8.068507003464078E-6	1
usp	3	8.068507003464078E-6	1
usé	3	8.068507003464078E-6	1
uts	3	8.068507003464078E-6	1
uxm	3	8.068507003464078E-6	1
vin	3	8.068507003464078E-6	1
vèr	3	8.068507003464078E-6	1
véh	3	8.068507003464078E-6	1
xag	3	8.068507003464078E-6	1
xat	3	8.068507003464078E-6	1
xmê	3	8.068507003464078E-6	1
xon	3	8.068507003464078E-6	1
xpa	3	8.068507003464078E-6	1
xpe	3	8.068507003464078E-6	1
yna	3	8.068507003464078E-6	1
yne	3	8.068507003464078E-6	1
ypo	3	8.068507003464078E-6	1
yé_	3	8.068507003464078E-6	1
âme	3	8.068507003464078E-6	1
âts	3	8.068507003464078E-6	1
çu_	3	8.068507003464078E-6	1
ébr	3	8.068507003464078E-6	1
égâ	3	8.068507003464078E-6	1
égé	3	8.068507003464078E-6	1
éhe	3	8.068507003464078E-6	1
éin	3	8.068507003464078E-6	1
épi	3	8.068507003464078E-6	1
épè	3	8.068507003464078E-6	1
évr	3	8.068507003464078E-6	1
évè	3	8.068507003464078E-6	1
êti	3	8.068507003464078E-6	1
êté	3	8.068507003464078E-6	1
ûre	3	8.068507003464078E-6	1
_ax	2	5.379004668976053E-6	1
_aé	2	5.379004668976053E-6	1
_b_	2	5.379004668976053E-6	1
_e_	2	5.379004668976053E-6	1
_h_	2	5.379004668976053E-6	1
_hy	2	5.379004668976053E-6	1
_hô	2	5.379004668976053E-6	1
_ig	2	5.379004668976053E-6	1
_jy	2	5.379004668976053E-6	1
_jé	2	5.379004668976053E-6	1
_my	2	5.379004668976053E-6	1
_py	2	5.379004668976053E-6	1
_pè	2	5.379004668976053E-6	1
_rh	2	5.379004668976053E-6	1
_tê	2	5.379004668976053E-6	1
_ér	2	5.379004668976053E-6	1
abr	2	5.379004668976053E-6	1
ad_	2	5.379004668976053E-6	1
agg	2	5.379004668976053E-6	1
aij	2	5.379004668976053E-6	1
aju	2	5.379004668976053E-6	1
alc	2	5.379004668976053E-6	1
als	2	5.379004668976053E-6	1
alv	2	5.379004668976053E-6	1
am_	2	5.379004668976053E-6	1
amo	2	5.379004668976053E-6	1
ams	2	5.379004668976053E-6	1
ap_	2	5.379004668976053E-6	1
aps	2	5.379004668976053E-6	1
asa	2	5.379004668976053E-6	1
ath	2	5.379004668976053E-6	1
avè	2	5.379004668976053E-6	1
aye	2	5.379004668976053E-6	1
ayo	2	5.379004668976053E-6	1
aér	2	5.379004668976053E-6	1
bi_	2	5.379004668976053E-6	1
bru	2	5.379004668976053E-6	1
bré	2	5.379004668976053E-6	1
bti	2	5.379004668976053E-6	1
cib	2	5.379004668976053E-6	1
civ	2	5.379004668976053E-6	1
cof	2	5.379004668976053E-6	1
dea	2	5.379004668976053E-6	1
dez	2	5.379004668976053E-6	1
dil	2	5.379004668976053E-6	1
dio	2	5.379004668976053E-6	1
dip	2	5.379004668976053E-6	1
déo	2	5.379004668976053E-6	1
ecr	2	5.379004668976053E-6	1
efs	2	5.379004668976053E-6	1
elâ	2	5.379004668976053E-6	1
emo	2	5.379004668976053E-6	1
emè	2	5.379004668976053E-6	1
emé	2	5.379004668976053E-6	1
enj	2	5.379004668976053E-6	1
epa	2	5.379004668976053E-6	1
eré	2	5.379004668976053E-6	1
esa	2	5.379004668976053E-6	1
esm	2	5.379004668976053E-6	1
euf	2	5.379004668976053E-6	1
eug	2	5.379004668976053E-6	1
ex_	2	5.379004668976053E-6	1
exh	2	5.379004668976053E-6	1
fat	2	5.379004668976053E-6	1
feu	2	5.379004668976053E-6	1
ffl	2	5.379004668976053E-6	1
fla	2	5.379004668976053E-6	1
fli	2	5.379004668976053E-6	1
flo	2	5.379004668976053E-6	1
fol	2	5.379004668976053E-6	1
gas	2	5.379004668976053E-6	1
gge	2	5.379004668976053E-6	1
ggr	2	5.379004668976053E-6	1
gié	2	5.379004668976053E-6	1
guè	2	5.379004668976053E-6	1
ham	2	5.379004668976053E-6	1
hat	2	5.379004668976053E-6	1
hec	2	5.379004668976053E-6	1
hef	2	5.379004668976053E-6	1
het	2	5.379004668976053E-6	1
hez	2	5.379004668976053E-6	1
hil	2	5.379004668976053E-6	1
him	2	5.379004668976053E-6	1
ho_	2	5.379004668976053E-6	1
hoc	2	5.379004668976053E-6	1
hoq	2	5.379004668976053E-6	1
hyp	2	5.379004668976053E-6	1
hès	2	5.379004668976053E-6	1
hôp	2	5.379004668976053E-6	1
ido	2	5.379004668976053E-6	1
ije	2	5.379004668976053E-6	1
inz	2	5.379004668976053E-6	1
iop	2	5.379004668976053E-6	1
ios	2	5.379004668976053E-6	1
irf	2	5.379004668976053E-6	1
iza	2	5.379004668976053E-6	1
ièc	2	5.379004668976053E-6	1
jav	2	5.379004668976053E-6	1
jun	2	5.379004668976053E-6	1
jy_	2	5.379004668976053E-6	1
lal	2	5.379004668976053E-6	1
laç	2	5.379004668976053E-6	1
lcu	2	5.379004668976053E-6	1
lga	2	5.379004668976053E-6	1
lgu	2	5.379004668976053E-6	1
lot	2	5.379004668976053E-6	1
lyc	2	5.379004668976053E-6	1
lâc	2	5.379004668976053E-6	1
lâm	2	5.379004668976053E-6	1
mav	2	5.379004668976053E-6	1
mmo	2	5.379004668976053E-6	1
mné	2	5.379004668976053E-6	1
moc	2	5.379004668976053E-6	1
ms_	2	5.379004668976053E-6	1
mst	2	5.379004668976053E-6	1
mèd	2	5.379004668976053E-6	1
nap	2	5.379004668976053E-6	1
nay	2	5.379004668976053E-6	1
nef	2	5.379004668976053E-6	1
nfa	2	5.379004668976053E-6	1
ngr	2	5.379004668976053E-6	1
nje	2	5.379004668976053E-6	1
nra	2	5.379004668976053E-6	1
nth	2	5.379004668976053E-6	1
ntp	2	5.379004668976053E-6	1
num	2	5.379004668976053E-6	1
nuo	2	5.379004668976053E-6	1
nze	2	5.379004668976053E-6	1
nêt	2	5.379004668976053E-6	1
ocl	2	5.379004668976053E-6	1
oge	2	5.379004668976053E-6	1
ogé	2	5.379004668976053E-6	1
olt	2	5.379004668976053E-6	1
oly	2	5.379004668976053E-6	1
olé	2	5.379004668976053E-6	1
onq	2	5.379004668976053E-6	1
oro	2	5.379004668976053E-6	1
oug	2	5.379004668976053E-6	1
ova	2	5.379004668976053E-6	1
oxa	2	5.379004668976053E-6	1
pap	2	5.379004668976053E-6	1
puy	2	5.379004668976053E-6	1
pyr	2	5.379004668976053E-6	1
pès	2	5.379004668976053E-6	1
raf	2	5.379004668976053E-6	1
ray	2	5.379004668976053E-6	1
rfé	2	5.379004668976053E-6	1
rgn	2	5.379004668976053E-6	1
rhé	2	5.379004668976053E-6	1
rpe	2	5.379004668976053E-6	1
rpl	2	5.379004668976053E-6	1
rps	2	5.379004668976053E-6	1
rru	2	5.379004668976053E-6	1
rvu	2	5.379004668976053E-6	1
rço	2	5.379004668976053E-6	1
rél	2	5.379004668976053E-6	1
sef	2	5.379004668976053E-6	1
sfe	2	5.379004668976053E-6	1
sfo	2	5.379004668976053E-6	1
sfr	2	5.379004668976053E-6	1
sip	2	5.379004668976053E-6	1
sma	2	5.379004668976053E-6	1
sob	2	5.379004668976053E-6	1
soy	2	5.379004668976053E-6	1
ssè	2	5.379004668976053E-6	1
sud	2	5.379004668976053E-6	1
sue	2	5.379004668976053E-6	1
sy_	2	5.379004668976053E-6	1
sèd	2	5.379004668976053E-6	1
tid	2	5.379004668976053E-6	1
tob	2	5.379004668976053E-6	1
tpl	2	5.379004668976053E-6	1
tsc	2	5.379004668976053E-6	1
tté	2	5.379004668976053E-6	1
tum	2	5.379004668976053E-6	1
tuo	2	5.379004668976053E-6	1
tèg	2	5.379004668976053E-6	1
ua_	2	5.379004668976053E-6	1
uai	2	5.379004668976053E-6	1
uap	2	5.379004668976053E-6	1
uas	2	5.379004668976053E-6	1
ucl	2	5.379004668976053E-6	1
uda	2	5.379004668976053E-6	1
uet	2	5.379004668976053E-6	1
ugl	2	5.379004668976053E-6	1
ugu	2	5.379004668976053E-6	1
ums	2	5.379004668976053E-6	1
umé	2	5.379004668976053E-6	1
ung	2	5.379004668976053E-6	1
uot	2	5.379004668976053E-6	1
uèr	2	5.379004668976053E-6	1
vab	2	5.379004668976053E-6	1
vux	2	5.379004668976053E-6	1
vèn	2	5.379004668976053E-6	1
xac	2	5.379004668976053E-6	1
xal	2	5.379004668976053E-6	1
xan	2	5.379004668976053E-6	1
xha	2	5.379004668976053E-6	1
xit	2	5.379004668976053E-6	1
xté	2	5.379004668976053E-6	1
xée	2	5.379004668976053E-6	1
xés	2	5.379004668976053E-6	1
yab	2	5.379004668976053E-6	1
yce	2	5.379004668976053E-6	1
yra	2	5.379004668976053E-6	1
ze_	2	5.379004668976053E-6	1
âge	2	5.379004668976053E-6	1
âpr	2	5.379004668976053E-6	1
çan	2	5.379004668976053E-6	1
ècl	2	5.379004668976053E-6	1
écè	2	5.379004668976053E-6	1
éex	2	5.379004668976053E-6	1
éfè	2	5.379004668976053E-6	1
éhé	2	5.379004668976053E-6	1
ému	2	5.379004668976053E-6	1
émé	2	5.379004668976053E-6	1
énu	2	5.379004668976053E-6	1
éol	2	5.379004668976053E-6	1
éon	2	5.379004668976053E-6	1
ésé	2	5.379004668976053E-6	1
éés	2	5.379004668976053E-6	1
ôpi	2	5.379004668976053E-6	1
ûme	2	5.379004668976053E-6	1
ûte	2	5.379004668976053E-6	1
_cy	1	2.6895023344880265E-6	1
_dâ	1	2.6895023344880265E-6	1
_dô	1	2.6895023344880265E-6	1
_eh	1	2.6895023344880265E-6	1
_gè	1	2.6895023344880265E-6	1
_gê	1	2.6895023344880265E-6	1
_i_	1	2.6895023344880265E-6	1
_is	1	2.6895023344880265E-6	1
_ka	1	2.6895023344880265E-6	1
_ki	1	2.6895023344880265E-6	1
_nê	1	2.6895023344880265E-6	1
_od	1	2.6895023344880265E-6	1
_ol	1	2.6895023344880265E-6	1
_os	1	2.6895023344880265E-6	1
_ry	1	2.6895023344880265E-6	1
_rê	1	2.6895023344880265E-6	1
_tô	1	2.6895023344880265E-6	1
_we	1	2.6895023344880265E-6	1
_âg	1	2.6895023344880265E-6	1
_âm	1	2.6895023344880265E-6	1
_âp	1	2.6895023344880265E-6	1
abb	1	2.6895023344880265E-6	1
abe	1	2.6895023344880265E-6	1
abé	1	2.6895023344880265E-6	1
aca	1	2.6895023344880265E-6	1
afo	1	2.6895023344880265E-6	1
agm	1	2.6895023344880265E-6	1
ago	1	2.6895023344880265E-6	1
agu	1	2.6895023344880265E-6	1
ahi	1	2.6895023344880265E-6	1
aix	1	2.6895023344880265E-6	1
ake	1	2.6895023344880265E-6	1
alf	1	2.6895023344880265E-6	1
alm	1	2.6895023344880265E-6	1
alp	1	2.6895023344880265E-6	1
amè	1	2.6895023344880265E-6	1
aor	1	2.6895023344880265E-6	1
apo	1	2.6895023344880265E-6	1
arb	1	2.6895023344880265E-6	1
ark	1	2.6895023344880265E-6	1
arè	1	2.6895023344880265E-6	1
asm	1	2.6895023344880265E-6	1
aty	1	2.6895023344880265E-6	1
aub	1	2.6895023344880265E-6	1
aum	1	2.6895023344880265E-6	1
aun	1	2.6895023344880265E-6	1
avr	1	2.6895023344880265E-6	1
aw_	1	2.6895023344880265E-6	1
axa	1	2.6895023344880265E-6	1
axé	1	2.6895023344880265E-6	1
ayé	1	2.6895023344880265E-6	1
aça	1	2.6895023344880265E-6	1
aïq	1	2.6895023344880265E-6	1
bba	1	2.6895023344880265E-6	1
biz	1	2.6895023344880265E-6	1
blo	1	2.6895023344880265E-6	1
bog	1	2.6895023344880265E-6	1
bol	1	2.6895023344880265E-6	1
bom	1	2.6895023344880265E-6	1
bsu	1	2.6895023344880265E-6	1
buf	1	2.6895023344880265E-6	1
buo	1	2.6895023344880265E-6	1
bé_	1	2.6895023344880265E-6	1
béb	1	2.6895023344880265E-6	1
béi	1	2.6895023344880265E-6	1
bét	1	2.6895023344880265E-6	1
cei	1	2.6895023344880265E-6	1
cim	1	2.6895023344880265E-6	1
cos	1	2.6895023344880265E-6	1
coï	1	2.6895023344880265E-6	1
crû	1	2.6895023344880265E-6	1
cta	1	2.6895023344880265E-6	1
cua	1	2.6895023344880265E-6	1
cui	1	2.6895023344880265E-6	1
cyc	1	2.6895023344880265E-6	1
cèl	1	2.6895023344880265E-6	1
cém	1	2.6895023344880265E-6	1
cén	1	2.6895023344880265E-6	1
daj	1	2.6895023344880265E-6	1
dch	1	2.6895023344880265E-6	1
deb	1	2.6895023344880265E-6	1
dhi	1	2.6895023344880265E-6	1
dho	1	2.6895023344880265E-6	1
dhy	1	2.6895023344880265E-6	1
diz	1	2.6895023344880265E-6	1
do_	1	2.6895023344880265E-6	1
doù	1	2.6895023344880265E-6	1
dré	1	2.6895023344880265E-6	1
dul	1	2.6895023344880265E-6	1
duv	1	2.6895023344880265E-6	1
dy_	1	2.6895023344880265E-6	1
dâp	1	2.6895023344880265E-6	1
dôt	1	2.6895023344880265E-6	1
dûm	1	2.6895023344880265E-6	1
eat	1	2.6895023344880265E-6	1
eb_	1	2.6895023344880265E-6	1
ebo	1	2.6895023344880265E-6	1
ecq	1	2.6895023344880265E-6	1
ecè	1	2.6895023344880265E-6	1
edr	1	2.6895023344880265E-6	1
eds	1	2.6895023344880265E-6	1
efa	1	2.6895023344880265E-6	1
efe	1	2.6895023344880265E-6	1
egm	1	2.6895023344880265E-6	1
eh_	1	2.6895023344880265E-6	1
eha	1	2.6895023344880265E-6	1
elc	1	2.6895023344880265E-6	1
elg	1	2.6895023344880265E-6	1
enê	1	2.6895023344880265E-6	1
erj	1	2.6895023344880265E-6	1
ese	1	2.6895023344880265E-6	1
es­	1	2.6895023344880265E-6	1
eue	1	2.6895023344880265E-6	1
exx	1	2.6895023344880265E-6	1
ezl	1	2.6895023344880265E-6	1
eéc	1	2.6895023344880265E-6	1
fab	1	2.6895023344880265E-6	1
fam	1	2.6895023344880265E-6	1
far	1	2.6895023344880265E-6	1
ffu	1	2.6895023344880265E-6	1
ffè	1	2.6895023344880265E-6	1
fid	1	2.6895023344880265E-6	1
fio	1	2.6895023344880265E-6	1
foc	1	2.6895023344880265E-6	1
foo	1	2.6895023344880265E-6	1
fos	1	2.6895023344880265E-6	1
foy	1	2.6895023344880265E-6	1
frè	1	2.6895023344880265E-6	1
ful	1	2.6895023344880265E-6	1
fum	1	2.6895023344880265E-6	1
gi_	1	2.6895023344880265E-6	1
giè	1	2.6895023344880265E-6	1
gla	1	2.6895023344880265E-6	1
gon	1	2.6895023344880265E-6	1
goï	1	2.6895023344880265E-6	1
gt_	1	2.6895023344880265E-6	1
gtc	1	2.6895023344880265E-6	1
gus	1	2.6895023344880265E-6	1
géa	1	2.6895023344880265E-6	1
gél	1	2.6895023344880265E-6	1
gên	1	2.6895023344880265E-6	1
hal	1	2.6895023344880265E-6	1
hea	1	2.6895023344880265E-6	1
hed	1	2.6895023344880265E-6	1
hi_	1	2.6895023344880265E-6	1
hic	1	2.6895023344880265E-6	1
hin	1	2.6895023344880265E-6	1
hié	1	2.6895023344880265E-6	1
hme	1	2.6895023344880265E-6	1
hol	1	2.6895023344880265E-6	1
hou	1	2.6895023344880265E-6	1
hyg	1	2.6895023344880265E-6	1
hys	1	2.6895023344880265E-6	1
héo	1	2.6895023344880265E-6	1
héâ	1	2.6895023344880265E-6	1
icr	1	2.6895023344880265E-6	1
ied	1	2.6895023344880265E-6	1
ief	1	2.6895023344880265E-6	1
iir	1	2.6895023344880265E-6	1
ilm	1	2.6895023344880265E-6	1
ilu	1	2.6895023344880265E-6	1
inh	1	2.6895023344880265E-6	1
io_	1	2.6895023344880265E-6	1
ipé	1	2.6895023344880265E-6	1
isk	1	2.6895023344880265E-6	1
isè	1	2.6895023344880265E-6	1
itô	1	2.6895023344880265E-6	1
ivo	1	2.6895023344880265E-6	1
ièg	1	2.6895023344880265E-6	1
ièn	1	2.6895023344880265E-6	1
jad	1	2.6895023344880265E-6	1
jaj	1	2.6895023344880265E-6	1
jon	1	2.6895023344880265E-6	1
jém	1	2.6895023344880265E-6	1
jép	1	2.6895023344880265E-6	1
kar	1	2.6895023344880265E-6	1
ker	1	2.6895023344880265E-6	1
ket	1	2.6895023344880265E-6	1
kil	1	2.6895023344880265E-6	1
law	1	2.6895023344880265E-6	1
lay	1	2.6895023344880265E-6	1
lco	1	2.6895023344880265E-6	1
lde	1	2.6895023344880265E-6	1
lfa	1	2.6895023344880265E-6	1
lge	1	2.6895023344880265E-6	1
lhi	1	2.6895023344880265E-6	1
ll_	1	2.6895023344880265E-6	1
lm_	1	2.6895023344880265E-6	1
lma	1	2.6895023344880265E-6	1
lom	1	2.6895023344880265E-6	1
lph	1	2.6895023344880265E-6	1
lsf	1	2.6895023344880265E-6	1
lst	1	2.6895023344880265E-6	1
lud	1	2.6895023344880265E-6	1
lux	1	2.6895023344880265E-6	1
lve	1	2.6895023344880265E-6	1
lvi	1	2.6895023344880265E-6	1
làd	1	2.6895023344880265E-6	1
lâg	1	2.6895023344880265E-6	1
lèb	1	2.6895023344880265E-6	1
lèr	1	2.6895023344880265E-6	1
lôm	1	2.6895023344880265E-6	1
maî	1	2.6895023344880265E-6	1
mef	1	2.6895023344880265E-6	1
mic	1	2.6895023344880265E-6	1
mig	1	2.6895023344880265E-6	1
mio	1	2.6895023344880265E-6	1
mog	1	2.6895023344880265E-6	1
mos	1	2.6895023344880265E-6	1
mté	1	2.6895023344880265E-6	1
mur	1	2.6895023344880265E-6	1
my_	1	2.6895023344880265E-6	1
myo	1	2.6895023344880265E-6	1
môn	1	2.6895023344880265E-6	1
nas	1	2.6895023344880265E-6	1
ndc	1	2.6895023344880265E-6	1
nfè	1	2.6895023344880265E-6	1
ngi	1	2.6895023344880265E-6	1
ngo	1	2.6895023344880265E-6	1
ngè	1	2.6895023344880265E-6	1
nha	1	2.6895023344880265E-6	1
nhé	1	2.6895023344880265E-6	1
nig	1	2.6895023344880265E-6	1
nil	1	2.6895023344880265E-6	1
njo	1	2.6895023344880265E-6	1
nle	1	2.6895023344880265E-6	1
nli	1	2.6895023344880265E-6	1
nlé	1	2.6895023344880265E-6	1
noc	1	2.6895023344880265E-6	1
nof	1	2.6895023344880265E-6	1
noy	1	2.6895023344880265E-6	1
nsb	1	2.6895023344880265E-6	1
ns­	1	2.6895023344880265E-6	1
nsè	1	2.6895023344880265E-6	1
ntl	1	2.6895023344880265E-6	1
nua	1	2.6895023344880265E-6	1
nur	1	2.6895023344880265E-6	1
nuv	1	2.6895023344880265E-6	1
nym	1	2.6895023344880265E-6	1
obo	1	2.6895023344880265E-6	1
obé	1	2.6895023344880265E-6	1
oen	1	2.6895023344880265E-6	1
ofé	1	2.6895023344880265E-6	1
oic	1	2.6895023344880265E-6	1
oju	1	2.6895023344880265E-6	1
old	1	2.6895023344880265E-6	1
omt	1	2.6895023344880265E-6	1
onh	1	2.6895023344880265E-6	1
onj	1	2.6895023344880265E-6	1
ony	1	2.6895023344880265E-6	1
onç	1	2.6895023344880265E-6	1
oot	1	2.6895023344880265E-6	1
opè	1	2.6895023344880265E-6	1
oru	1	2.6895023344880265E-6	1
ot_	1	2.6895023344880265E-6	1
otb	1	2.6895023344880265E-6	1
oth	1	2.6895023344880265E-6	1
ott	1	2.6895023344880265E-6	1
otè	1	2.6895023344880265E-6	1
oxe	1	2.6895023344880265E-6	1
oxi	1	2.6895023344880265E-6	1
oéd	1	2.6895023344880265E-6	1
oïn	1	2.6895023344880265E-6	1
oïs	1	2.6895023344880265E-6	1
pav	1	2.6895023344880265E-6	1
pea	1	2.6895023344880265E-6	1
phy	1	2.6895023344880265E-6	1
phè	1	2.6895023344880265E-6	1
pic	1	2.6895023344880265E-6	1
piq	1	2.6895023344880265E-6	1
piè	1	2.6895023344880265E-6	1
plô	1	2.6895023344880265E-6	1
poc	1	2.6895023344880265E-6	1
pts	1	2.6895023344880265E-6	1
ptu	1	2.6895023344880265E-6	1
pue	1	2.6895023344880265E-6	1
péa	1	2.6895023344880265E-6	1
péd	1	2.6895023344880265E-6	1
rah	1	2.6895023344880265E-6	1
rao	1	2.6895023344880265E-6	1
raq	1	2.6895023344880265E-6	1
rbi	1	2.6895023344880265E-6	1
rca	1	2.6895023344880265E-6	1
reh	1	2.6895023344880265E-6	1
reé	1	2.6895023344880265E-6	1
rfl	1	2.6895023344880265E-6	1
rje	1	2.6895023344880265E-6	1
rke	1	2.6895023344880265E-6	1
rl_	1	2.6895023344880265E-6	1
roe	1	2.6895023344880265E-6	1
roq	1	2.6895023344880265E-6	1
rox	1	2.6895023344880265E-6	1
roé	1	2.6895023344880265E-6	1
rpo	1	2.6895023344880265E-6	1
rpt	1	2.6895023344880265E-6	1
run	1	2.6895023344880265E-6	1
rvo	1	2.6895023344880265E-6	1
ryt	1	2.6895023344880265E-6	1
rçu	1	2.6895023344880265E-6	1
rèr	1	2.6895023344880265E-6	1
rêv	1	2.6895023344880265E-6	1
rûm	1	2.6895023344880265E-6	1
saf	1	2.6895023344880265E-6	1
saj	1	2.6895023344880265E-6	1
sas	1	2.6895023344880265E-6	1
say	1	2.6895023344880265E-6	1
saï	1	2.6895023344880265E-6	1
sbo	1	2.6895023344880265E-6	1
scl	1	2.6895023344880265E-6	1
scé	1	2.6895023344880265E-6	1
scô	1	2.6895023344880265E-6	1
sde	1	2.6895023344880265E-6	1
sdé	1	2.6895023344880265E-6	1
seg	1	2.6895023344880265E-6	1
shé	1	2.6895023344880265E-6	1
sia	1	2.6895023344880265E-6	1
sk_	1	2.6895023344880265E-6	1
smi	1	2.6895023344880265E-6	1
sna	1	2.6895023344880265E-6	1
so_	1	2.6895023344880265E-6	1
sod	1	2.6895023344880265E-6	1
sph	1	2.6895023344880265E-6	1
spl	1	2.6895023344880265E-6	1
sth	1	2.6895023344880265E-6	1
stu	1	2.6895023344880265E-6	1
sva	1	2.6895023344880265E-6	1
s­n	1	2.6895023344880265E-6	1
s­u	1	2.6895023344880265E-6	1
sèq	1	2.6895023344880265E-6	1
sèr	1	2.6895023344880265E-6	1
séd	1	2.6895023344880265E-6	1
ség	1	2.6895023344880265E-6	1
sél	1	2.6895023344880265E-6	1
sép	1	2.6895023344880265E-6	1
tba	1	2.6895023344880265E-6	1
tci	1	2.6895023344880265E-6	1
tep	1	2.6895023344880265E-6	1
thm	1	2.6895023344880265E-6	1
tii	1	2.6895023344880265E-6	1
tlà	1	2.6895023344880265E-6	1
tod	1	2.6895023344880265E-6	1
tuc	1	2.6895023344880265E-6	1
tug	1	2.6895023344880265E-6	1
tus	1	2.6895023344880265E-6	1
tén	1	2.6895023344880265E-6	1
tôm	1	2.6895023344880265E-6	1
uaj	1	2.6895023344880265E-6	1
uak	1	2.6895023344880265E-6	1
ube	1	2.6895023344880265E-6	1
ubj	1	2.6895023344880265E-6	1
uca	1	2.6895023344880265E-6	1
uef	1	2.6895023344880265E-6	1
ueq	1	2.6895023344880265E-6	1
uez	1	2.6895023344880265E-6	1
ufr	1	2.6895023344880265E-6	1
uga	1	2.6895023344880265E-6	1
ugé	1	2.6895023344880265E-6	1
uid	1	2.6895023344880265E-6	1
uip	1	2.6895023344880265E-6	1
ulè	1	2.6895023344880265E-6	1
umu	1	2.6895023344880265E-6	1
umô	1	2.6895023344880265E-6	1
und	1	2.6895023344880265E-6	1
unt	1	2.6895023344880265E-6	1
uo_	1	2.6895023344880265E-6	1
uos	1	2.6895023344880265E-6	1
upo	1	2.6895023344880265E-6	1
ups	1	2.6895023344880265E-6	1
upu	1	2.6895023344880265E-6	1
uru	1	2.6895023344880265E-6	1
usd	1	2.6895023344880265E-6	1
usv	1	2.6895023344880265E-6	1
uth	1	2.6895023344880265E-6	1
uxd	1	2.6895023344880265E-6	1
uya	1	2.6895023344880265E-6	1
uye	1	2.6895023344880265E-6	1
uél	1	2.6895023344880265E-6	1
uét	1	2.6895023344880265E-6	1
vag	1	2.6895023344880265E-6	1
viè	1	2.6895023344880265E-6	1
vus	1	2.6895023344880265E-6	1
web	1	2.6895023344880265E-6	1
xcu	1	2.6895023344880265E-6	1
xdé	1	2.6895023344880265E-6	1
xil	1	2.6895023344880265E-6	1
xod	1	2.6895023344880265E-6	1
xtu	1	2.6895023344880265E-6	1
xxo	1	2.6895023344880265E-6	1
xé_	1	2.6895023344880265E-6	1
yau	1	2.6895023344880265E-6	1
ycl	1	2.6895023344880265E-6	1
yez	1	2.6895023344880265E-6	1
ygi	1	2.6895023344880265E-6	1
yme	1	2.6895023344880265E-6	1
ynd	1	2.6895023344880265E-6	1
ynt	1	2.6895023344880265E-6	1
yop	1	2.6895023344880265E-6	1
ypi	1	2.6895023344880265E-6	1
ysa	1	2.6895023344880265E-6	1
ysi	1	2.6895023344880265E-6	1
yth	1	2.6895023344880265E-6	1
zai	1	2.6895023344880265E-6	1
zar	1	2.6895023344880265E-6	1
zlu	1	2.6895023344880265E-6	1
­no	1	2.6895023344880265E-6	1
­un	1	2.6895023344880265E-6	1
àde	1	2.6895023344880265E-6	1
âtr	1	2.6895023344880265E-6	1
çus	1	2.6895023344880265E-6	1
èbr	1	2.6895023344880265E-6	1
ègn	1	2.6895023344880265E-6	1
ègr	1	2.6895023344880265E-6	1
èqu	1	2.6895023344880265E-6	1
èsd	1	2.6895023344880265E-6	1
éac	1	2.6895023344880265E-6	1
éad	1	2.6895023344880265E-6	1
éaf	1	2.6895023344880265E-6	1
ébé	1	2.6895023344880265E-6	1
édo	1	2.6895023344880265E-6	1
égn	1	2.6895023344880265E-6	1
éhi	1	2.6895023344880265E-6	1
éor	1	2.6895023344880265E-6	1
épô	1	2.6895023344880265E-6	1
ésh	1	2.6895023344880265E-6	1
éât	1	2.6895023344880265E-6	1
ééq	1	2.6895023344880265E-6	1
êné	1	2.6895023344880265E-6	1
êve	1	2.6895023344880265E-6	1
îné	1	2.6895023344880265E-6	1
ïnc	1	2.6895023344880265E-6	1
ïqu	1	2.6895023344880265E-6	1
ïst	1	2.6895023344880265E-6	1
ône	1	2.6895023344880265E-6	1
ôts	1	2.6895023344880265E-6	1
ûrs	1	2.6895023344880265E-6	1
ût_	1	2.6895023344880265E-6	1
ûté	1	2.6895023344880265E-6	1
