Finnish	2	14231190	378
	1)	n	0	0	0.0
		1)	n_	1	550479	0.03468318
		2)	ne	57	77025	0.0048529953
		3)	nt	64	70308	0.0044297874
		4)	ni	78	57485	0.0036218686
		5)	nn	81	55663	0.0035070726
		6)	na	106	39885	0.0025129726
		7)	no	124	31036	0.0019554372
		8)	ns	128	29656	0.0018684898
		9)	nk	130	28670	0.0018063664
		10)	nä	142	26669	0.0016802924
		11)	nu	192	14698	9.2605414E-4
		12)	ny	211	11009	6.9362705E-4
		13)	nv	214	10526	6.631954E-4
		14)	nö	239	6510	4.101655E-4
		15)	ng	241	5814	3.663137E-4
		16)	np	263	4060	2.5580215E-4
		17)	nj	267	4014	2.5290388E-4
		18)	nm	275	3531	2.2247226E-4
		19)	nl	287	2642	1.664604E-4
		20)	nh	291	2403	1.514021E-4
		21)	nf	302	1574	9.917058E-5
		22)	nr	330	802	5.0530372E-5
		23)	nd	345	546	3.440098E-5
	2)	a	0	0	0.0
		1)	a_	2	424990	0.026776688
		2)	an	17	165038	0.010398294
		3)	aa	19	143955	0.00906995
		4)	ai	30	123628	0.0077892384
		5)	al	35	112937	0.0071156467
		6)	as	55	78124	0.004922238
		7)	at	61	74050	0.004665554
		8)	ar	73	63712	0.0040142033
		9)	am	89	49885	0.003143027
		10)	av	102	41210	0.0025964547
		11)	ak	127	29716	0.00187227
		12)	au	136	27642	0.0017415967
		13)	ah	167	20045	0.0012629443
		14)	aj	172	19226	0.0012113429
		15)	ap	188	15793	9.950452E-4
		16)	ad	264	4039	2.5447903E-4
		17)	ae	290	2441	1.5379631E-4
		18)	ao	319	1097	6.9116984E-5
		19)	ag	350	469	2.9549557E-5
		20)	ab	359	325	2.0476773E-5
		21)	af	363	321	2.022475E-5
	3)	i	0	0	0.0
		1)	is	3	293300	0.0184795
		2)	in	11	196196	0.0123614175
		3)	it	15	172187	0.01084872
		4)	i_	27	128036	0.008066966
		5)	ii	48	86733	0.005464652
		6)	ik	62	71809	0.0045243585
		7)	ie	71	65821	0.004147082
		8)	il	72	64098	0.0040385234
		9)	ia	79	57358	0.0036138669
		10)	im	84	52089	0.003281891
		11)	io	90	49572	0.0031233064
		12)	id	104	40305	0.0025394347
		13)	iv	146	25471	0.0016048119
		14)	ih	161	20677	0.0013027637
		15)	ir	194	14614	9.2076167E-4
		16)	iä	212	10980	6.9179985E-4
		17)	ij	228	8982	5.6591496E-4
		18)	ip	244	5180	3.2636826E-4
		19)	iu	313	1235	7.781173E-5
		20)	iö	317	1160	7.3086325E-5
		21)	ib	349	471	2.9675568E-5
		22)	iy	351	445	2.8037426E-5
		23)	if	354	372	2.343803E-5
		24)	ig	356	340	2.1421854E-5
	4)	e	0	0	0.0
		1)	en	4	293154	0.0184703
		2)	et	26	131786	0.008303236
		3)	el	37	111315	0.0070134522
		4)	e_	40	105292	0.0066339704
		5)	es	43	97570	0.006147442
		6)	ei	49	84782	0.005341728
		7)	ee	67	68283	0.0043022013
		8)	er	95	48068	0.0030285462
		9)	em	101	43004	0.0027094865
		10)	eu	123	31193	0.001965329
		11)	ek	143	26487	0.0016688254
		12)	eh	144	26461	0.0016671873
		13)	ev	175	18208	0.0011472033
		14)	ed	200	13643	8.595834E-4
		15)	ea	225	9486	5.9766974E-4
		16)	eä	240	5821	3.6675474E-4
		17)	ey	269	3936	2.4798946E-4
		18)	eg	270	3856	2.4294903E-4
		19)	ep	274	3559	2.2423641E-4
		20)	ej	289	2514	1.583957E-4
		21)	eo	297	2036	1.282791E-4
	5)	t	0	0	0.0
		1)	ta	5	280274	0.01765879
		2)	tä	8	218304	0.013754343
		3)	tt	10	202296	0.012745751
		4)	te	16	170763	0.010759001
		5)	ti	32	116152	0.0073182094
		6)	tu	41	99960	0.006298025
		7)	t_	44	97316	0.0061314385
		8)	to	63	71804	0.0045240438
		9)	ty	82	54301	0.003421259
		10)	tö	149	24418	0.0015384671
		11)	tk	170	19587	0.0012340879
		12)	ts	207	11481	7.2336564E-4
		13)	tr	292	2280	1.4365243E-4
		14)	tn	373	251	1.5814368E-5
	6)	s	0	0	0.0
		1)	st	6	239190	0.0150702745
		2)	si	9	211249	0.013309839
		3)	se	14	178198	0.011227446
		4)	sa	38	108499	0.006836029
		5)	ss	47	88063	0.0055484492
		6)	s_	99	44427	0.0027991433
		7)	sä	105	40260	0.0025365995
		8)	su	114	35545	0.0022395288
		9)	sk	117	34514	0.0021745702
		10)	so	152	23745	0.0014960645
		11)	sy	162	20462	0.0012892176
		12)	sv	245	5158	3.2498213E-4
		13)	sl	265	4037	2.54353E-4
		14)	sp	268	3993	2.515808E-4
		15)	sm	272	3681	2.3192307E-4
		16)	sö	276	3423	2.1566766E-4
		17)	sj	316	1168	7.359037E-5
		18)	sn	327	928	5.846906E-5
		19)	sr	331	760	4.7884143E-5
		20)	sh	340	609	3.8370323E-5
	7)	ä	0	0	0.0
		1)	ä_	7	231806	0.0146050425
		2)	ää	59	76439	0.004816074
		3)	än	60	74975	0.004723834
		4)	äs	110	37318	0.0023512375
		5)	äm	118	34317	0.0021621583
		6)	ät	122	32513	0.0020484964
		7)	äi	131	28592	0.0018014519
		8)	äl	140	26833	0.0016906253
		9)	är	147	25344	0.0015968102
		10)	äy	164	20289	0.0012783176
		11)	äk	181	16916	0.0010658002
		12)	äv	182	16338	0.001029383
		13)	äh	208	11424	7.197743E-4
		14)	äd	288	2625	1.6538931E-4
		15)	äe	299	1775	1.1183468E-4
		16)	äp	305	1348	8.493135E-5
		17)	äj	309	1288	8.1151025E-5
		18)	äa	311	1279	8.058397E-5
		19)	äo	323	1009	6.35725E-5
	8)	_	0	0	0.0
		1)	_t	12	189190	0.011920001
		2)	_k	13	179862	0.0113322865
		3)	_j	18	150024	0.00945233
		4)	_s	21	139302	0.008776786
		5)	_o	22	137744	0.0086786235
		6)	_e	25	132476	0.00834671
		7)	_m	29	124118	0.007820111
		8)	_v	34	113292	0.007138014
		9)	_p	39	106730	0.006724572
		10)	_a	58	76878	0.0048437333
		11)	_h	74	63127	0.0039773453
		12)	_n	86	51001	0.003213341
		13)	_l	92	48764	0.003072398
		14)	_y	112	36835	0.0023208058
		15)	_r	139	26968	0.0016991311
		16)	_u	154	23266	0.0014658849
		17)	_i	174	18640	0.0011744216
		18)	_d	243	5519	3.477271E-4
		19)	_ä	254	4600	2.8982508E-4
		20)	_b	296	2084	1.3130337E-4
		21)	_f	326	945	5.9540154E-5
		22)	_g	342	575	3.6228135E-5
		23)	_ö	370	274	1.7263494E-5
	9)	l	0	0	0.0
		1)	ll	20	142254	0.008962777
		2)	li	36	112697	0.007100526
		3)	la	45	93375	0.0058831344
		4)	le	50	83592	0.0052667516
		5)	lu	88	50697	0.0031941875
		6)	lt	108	38556	0.0024292383
		7)	lä	120	32788	0.0020658227
		8)	lo	148	25181	0.0015865404
		9)	lm	150	24227	0.0015264332
		10)	lk	204	12718	8.0130337E-4
		11)	ly	221	9538	6.00946E-4
		12)	lv	229	8745	5.509827E-4
		13)	lj	236	6974	4.3940003E-4
		14)	lö	278	3099	1.952539E-4
		15)	lp	283	2978	1.8763024E-4
		16)	l_	353	400	2.5202182E-5
		17)	lh	374	221	1.3924206E-5
	10)	v	0	0	0.0
		1)	va	23	134516	0.008475241
		2)	vä	87	50926	0.0032086158
		3)	vi	91	49066	0.0030914256
		4)	vo	98	45697	0.0028791602
		5)	vu	176	18059	0.0011378155
		6)	ve	203	13256	8.352003E-4
		7)	vy	306	1330	8.3797255E-5
	11)	m	0	0	0.0
		1)	mi	24	133100	0.008386026
		2)	me	53	78421	0.004940951
		3)	ma	54	78330	0.004935217
		4)	mm	94	48252	0.003040139
		5)	mä	100	43955	0.0027694048
		6)	mu	107	39395	0.0024821
		7)	my	156	22452	0.0014145984
		8)	mo	223	9491	5.9798476E-4
		9)	mp	224	9486	5.9766974E-4
	12)	o	0	0	0.0
		1)	oi	28	125094	0.007881604
		2)	on	31	121348	0.0076455856
		3)	ol	52	82372	0.0051898854
		4)	os	76	60931	0.0038389852
		5)	ot	80	55717	0.003510475
		6)	om	109	38389	0.0024187164
		7)	ok	126	30542	0.0019243126
		8)	o_	158	21840	0.0013760391
		9)	oh	163	20383	0.0012842402
		10)	op	165	20147	0.0012693709
		11)	ou	186	16123	0.001015837
		12)	oj	191	15090	9.507523E-4
		13)	ov	196	14423	9.0872764E-4
		14)	or	197	14134	8.9051906E-4
		15)	oo	205	12456	7.847959E-4
		16)	oa	210	11081	6.981634E-4
		17)	od	213	10943	6.894687E-4
		18)	oe	304	1398	8.808162E-5
		19)	og	312	1246	7.8504796E-5
		20)	of	343	561	3.534606E-5
		21)	oy	357	334	2.1043821E-5
		22)	ob	358	333	2.0980817E-5
	13)	k	0	0	0.0
		1)	ka	33	115619	0.0072846273
		2)	ks	46	90788	0.005720139
		3)	ko	51	82557	0.0052015414
		4)	ke	56	78113	0.004921545
		5)	ki	66	68521	0.0043171966
		6)	ku	77	58263	0.0036708866
		7)	kä	115	35134	0.0022136336
		8)	kk	125	30872	0.0019451043
		9)	ky	195	14555	9.1704435E-4
		10)	kt	248	4857	3.060175E-4
		11)	kr	255	4483	2.8245346E-4
		12)	kö	266	4032	2.54038E-4
		13)	kl	295	2187	1.3779293E-4
		14)	kn	303	1488	9.375212E-5
	14)	j	0	0	0.0
		1)	ja	42	98973	0.006235839
		2)	jo	69	66982	0.0042202314
		3)	jä	119	33234	0.0020939233
		4)	je	145	26054	0.001641544
		5)	ju	235	7343	4.6264904E-4
		6)	ji	253	4631	2.9177824E-4
		7)	jö	307	1307	8.2348124E-5
		8)	jy	346	540	3.4022945E-5
	15)	u	0	0	0.0
		1)	us	65	69638	0.004387574
		2)	ut	68	67790	0.00427114
		3)	uu	75	63064	0.003973376
		4)	uk	83	53903	0.003396183
		5)	uo	93	48301	0.0030432264
		6)	un	96	47318	0.002981292
		7)	ul	129	29167	0.0018376801
		8)	ui	151	24007	0.0015125719
		9)	ur	153	23439	0.0014767848
		10)	ud	157	22445	0.0014141575
		11)	uh	159	21667	0.0013651391
		12)	ua	179	17035	0.0010732979
		13)	uv	189	15744	9.919578E-4
		14)	u_	202	13277	8.365234E-4
		15)	um	206	11717	7.382349E-4
		16)	ue	220	9635	6.0705753E-4
		17)	uj	242	5689	3.5843803E-4
		18)	up	252	4721	2.9744874E-4
	16)	d	0	0	0.0
		1)	de	70	65948	0.0041550836
		2)	do	173	19143	0.0012061134
		3)	dä	178	17110	0.0010780233
		4)	di	198	14009	8.826434E-4
		5)	da	209	11319	7.1315875E-4
		6)	du	246	5097	3.211388E-4
		7)	dy	277	3157	1.9890822E-4
		8)	dj	339	614	3.868535E-5
	17)	p	0	0	0.0
		1)	pa	85	51315	0.0032331247
		2)	pu	121	32683	0.0020592073
		3)	pi	137	27122	0.0017088338
		4)	pä	160	21042	0.0013257607
		5)	pe	168	19973	0.001258408
		6)	po	187	15980	0.0010068271
		7)	pp	230	8459	5.3296314E-4
		8)	py	237	6781	4.2723998E-4
		9)	pr	259	4316	2.7193152E-4
		10)	ps	329	873	5.5003762E-5
		11)	pö	337	619	3.9000377E-5
		12)	pt	361	324	2.0413767E-5
		13)	pl	366	296	1.8649615E-5
	18)	r	0	0	0.0
		1)	ri	97	45758	0.0028830036
		2)	ra	113	36432	0.0022954147
		3)	rk	132	28199	0.0017766908
		4)	rv	155	23131	0.0014573792
		5)	ro	171	19471	0.0012267792
		6)	rj	193	14668	9.2416396E-4
		7)	re	201	13450	8.4742333E-4
		8)	rt	215	10060	6.3383486E-4
		9)	rl	217	9878	6.223679E-4
		10)	ru	222	9525	6.001269E-4
		11)	rä	231	8020	5.0530373E-4
		12)	ry	249	4784	3.014181E-4
		13)	rr	260	4225	2.6619804E-4
		14)	rm	261	4093	2.5788133E-4
		15)	rh	280	3050	1.9216663E-4
		16)	rs	281	3007	1.894574E-4
		17)	rp	300	1617	1.0187982E-4
		18)	rg	310	1282	8.077299E-5
		19)	rd	315	1177	7.415742E-5
		20)	rn	360	324	2.0413767E-5
		21)	r_	371	261	1.6444423E-5
		22)	rö	377	203	1.2790107E-5
	19)	h	0	0	0.0
		1)	ht	103	40966	0.0025810814
		2)	he	111	37025	0.002332777
		3)	ha	135	27721	0.0017465742
		4)	hd	141	26780	0.0016872861
		5)	hi	180	16971	0.0010692655
		6)	hy	184	16314	0.0010278709
		7)	hu	199	13959	8.7949313E-4
		8)	hä	216	10040	6.325747E-4
		9)	ho	226	9307	5.863918E-4
		10)	hm	233	7670	4.8325182E-4
		11)	hj	258	4340	2.7344367E-4
		12)	hk	284	2903	1.8290483E-4
		13)	hv	298	1961	1.2355369E-4
		14)	hn	322	1025	6.458059E-5
		15)	hr	324	953	6.0044196E-5
		16)	hö	355	360	2.2681963E-5
		17)	hl	378	203	1.2790107E-5
	20)	y	0	0	0.0
		1)	yt	116	35021	0.002206514
		2)	yö	133	27889	0.0017571591
		3)	ys	134	27880	0.0017565921
		4)	yh	138	27037	0.0017034784
		5)	yk	166	20053	0.0012634484
		6)	yv	177	17906	0.0011281756
		7)	yy	185	16202	0.0010208144
		8)	ym	190	15414	9.7116607E-4
		9)	yn	218	9736	6.134211E-4
		10)	yi	219	9645	6.076876E-4
		11)	y_	227	9192	5.7914614E-4
		12)	yd	232	7688	4.8438594E-4
		13)	yl	234	7387	4.654213E-4
		14)	yr	238	6596	4.1558396E-4
		15)	yä	247	4861	3.062695E-4
		16)	yj	301	1611	1.01501784E-4
		17)	ye	328	907	5.7145946E-5
		18)	yp	341	606	3.8181304E-5
		19)	ya	364	317	1.997273E-5
	21)	ö	0	0	0.0
		1)	ös	169	19941	0.0012563918
		2)	ön	183	16336	0.0010292571
		3)	ök	250	4752	2.994019E-4
		4)	öt	251	4738	2.9851985E-4
		5)	ö_	256	4387	2.7640493E-4
		6)	öi	257	4373	2.7552285E-4
		7)	öö	279	3057	1.9260767E-4
		8)	öl	282	3006	1.893944E-4
		9)	öm	285	2827	1.7811642E-4
		10)	öj	286	2751	1.7332801E-4
		11)	öä	293	2230	1.4050216E-4
		12)	öy	294	2227	1.4031315E-4
		13)	öp	314	1230	7.7496705E-5
		14)	öd	318	1118	7.0440095E-5
		15)	öh	320	1057	6.659677E-5
		16)	ör	332	714	4.4985893E-5
		17)	öa	334	701	4.4166823E-5
		18)	öv	335	680	4.284371E-5
		19)	öo	365	308	1.940568E-5
		20)	öe	375	206	1.2979123E-5
	22)	g	0	0	0.0
		1)	ge	262	4066	2.5618018E-4
		2)	gi	271	3702	2.3324619E-4
		3)	ga	273	3564	2.2455143E-4
		4)	go	308	1302	8.20331E-5
		5)	gr	352	433	2.7281361E-5
		6)	gl	367	296	1.8649615E-5
	23)	f	0	0	0.0
		1)	fe	321	1027	6.47066E-5
		2)	fi	325	949	5.9792175E-5
		3)	fl	344	548	3.4526987E-5
		4)	fr	347	514	3.2384803E-5
		5)	fo	369	288	1.814557E-5
	24)	b	0	0	0.0
		1)	bu	333	714	4.4985893E-5
		2)	ba	336	679	4.2780703E-5
		3)	be	338	617	3.8874365E-5
		4)	bi	348	511	3.2195785E-5
		5)	bo	362	321	2.022475E-5
		6)	br	368	295	1.8586608E-5
		7)	b_	372	261	1.6444423E-5
		8)	by	376	205	1.2916118E-5
