n_	550479	0.03468317896787239	3
a_	424990	0.026776687629421078	2
is	293300	0.018479499474597524	2
en	293154	0.018470300678404918	2
ta	280274	0.017658790438947653	2
st	239190	0.01507027439252977	2
ä_	231806	0.014605042124816071	2
tä	218304	0.01375434249336017	2
si	211249	0.01330983901980652	2
tt	202296	0.012745751195748996	2
in	196196	0.012361417930167528	2
_t	189190	0.011920001723829204	2
_k	179862	0.011332286854756426	2
se	178198	0.011227445780342071	2
it	172187	0.01084872000011089	2
te	170763	0.010759000234506298	2
an	165038	0.010398294013940082	2
_j	150024	0.009452330136982677	2
aa	143955	0.009069950040455802	2
ll	142254	0.008962777764266608	2
_s	139302	0.008776785665906527	2
_o	137744	0.008678623169549817	2
va	134516	0.008475241566058509	2
mi	133100	0.00838602584408091	2
_e	132476	0.008346710441175525	2
et	131786	0.008303236678347458	2
i_	128036	0.008066966228194914	2
oi	125094	0.007881604184368575	2
_m	124118	0.00782011086187554	2
ai	123628	0.007789238189722273	2
on	121348	0.007645585756029527	2
ti	116152	0.007318209420298164	2
ka	115619	0.007284627513649816	2
_v	113292	0.007138013823648492	2
al	112937	0.007115646887700718	2
li	112697	0.007100525578890955	2
el	111315	0.0070134520423280715	2
sa	108499	0.006836028685626856	2
_p	106730	0.006724572038608229	2
e_	105292	0.0066339701966564016	2
tu	99960	0.006298025119266173	2
ja	98973	0.006235838736786024	2
es	97570	0.006147442085702286	2
t_	97316	0.006131438700545287	2
la	93375	0.0058831342087983084	2
ks	90788	0.005720139100919741	2
ss	88063	0.00554844924047556	2
ii	86733	0.005464651987488125	2
ei	84782	0.005341728347955429	2
le	83592	0.005266751858440355	2
ko	82557	0.005201541214198253	2
ol	82372	0.0051898852053240616	2
me	78421	0.004940950659043343	2
ma	78330	0.004935217162786307	2
as	78124	0.004922238039391262	2
ke	78113	0.004921544979404147	2
ne	77025	0.004852995046133223	2
_a	76878	0.004843733244487243	2
ää	76439	0.0048160738504560525	2
än	74975	0.0047238338667165	2
at	74050	0.004665553822345539	2
ik	71809	0.00452435860133438	2
to	71804	0.00452404357406751	2
nt	70308	0.004429787415819989	2
us	69638	0.004387573762059401	2
ki	68521	0.00431719667064063	2
ee	68283	0.004302201372737616	2
ut	67790	0.004271139684224229	2
jo	66982	0.004220231277898027	2
de	65948	0.0041550836391093	2
ie	65821	0.0041470819465308	2
il	64098	0.004038523550367379	2
ar	63712	0.0040142034453650105	2
_h	63127	0.003977345255141214	2
uu	63064	0.003973375911578651	2
os	60931	0.0038389852795318847	2
ku	58263	0.003670886729930022	2
ni	57485	0.0036218684872050414	2
ia	57358	0.003613866794626542	2
ot	55717	0.0035104748456397895	2
nn	55663	0.003507072551157593	2
ty	54301	0.0034212591236621893	2
uk	53903	0.003396182953219333	2
im	52089	0.0032818910607988762	2
pa	51315	0.003233124839887392	2
_n	51001	0.003213341127527952	2
vä	50926	0.003208615718524901	2
lu	50697	0.0031941874697022526	2
am	49885	0.0031430270415625555	2
io	49572	0.0031233063346564898	2
vi	49066	0.0030914255752492402	2
_l	48764	0.0030723979283302887	2
uo	48301	0.0030432264034181214	2
mm	48252	0.003040139136202795	2
er	48068	0.003028546132781977	2
un	47318	0.002981292042751468	2
ri	45758	0.0028830035354880106	2
vo	45697	0.002879160202832196	2
s_	44427	0.0027991432770472016	2
mä	43955	0.0027694047030546684	2
em	43004	0.0027094865168959836	2
av	41210	0.002596454733543007	2
ht	40966	0.002581081402919748	2
id	40305	0.0025394347982395267	2
sä	40260	0.0025365995528376963	2
na	39885	0.002512972507822442	2
mu	39395	0.0024820998356691764	2
lt	38556	0.002429238260288381	2
om	38389	0.002418716349574921	2
äs	37318	0.002351237509011355	2
he	37025	0.0023327769111727696	2
_y	36835	0.0023208058750317077	2
ra	36432	0.002295414677321981	2
su	35545	0.002239528840179233	2
kä	35134	0.002213633598842514	2
yt	35021	0.002206513982611251	2
sk	34514	0.0021745702177506272	2
äm	34317	0.002162158143435947	2
jä	33234	0.002093923237431893	2
lä	32788	0.0020658228052270835	2
pu	32683	0.0020592072326228125	2
ät	32513	0.0020484963055492304	2
eu	31193	0.0019653291070955356	2
no	31036	0.001955437250915816	2
kk	30872	0.001945104356562478	2
ok	30542	0.0019243125569490542	2
ak	29716	0.001872270052462121	2
ns	29656	0.00186848972525968	2
ul	29167	0.0018376800585597885	2
nk	28670	0.001806366348232905	2
äi	28592	0.0018014519228697322	2
rk	28199	0.0017766907796937456	2
yö	27889	0.001757159089147802	2
ys	27880	0.001756592040067436	2
ha	27721	0.0017465741729809682	2
au	27642	0.0017415967421644213	2
pi	27122	0.0017088339064099355	2
yh	27037	0.0017034784428731444	2
_r	26968	0.0016991310665903376	2
äl	26833	0.001690625330384846	2
hd	26780	0.0016872860413560235	2
nä	26669	0.0016802924360315083	2
ek	26487	0.0016688254435174381	2
eh	26461	0.001667187301729714	2
je	26054	0.0016415440822064914	2
iv	25471	0.0016048119028894427	2
är	25344	0.0015968102103109433	2
lo	25181	0.0015865403214109794	2
tö	24418	0.0015384671604866088	2
lm	24227	0.0015264331188921726	2
ui	24007	0.0015125719191498902	2
so	23745	0.0014960644903658992	2
ur	23439	0.0014767848216334517	2
_u	23266	0.0014658848781997477	2
rv	23131	0.0014573791419942562	2
my	22452	0.0014145984391533025	2
ud	22445	0.0014141574009796844	2
o_	21840	0.0013760391016884076	2
uh	21667	0.0013651391582547036	2
pä	21042	0.0013257607498959466	2
ih	20677	0.0013027637594144323	2
sy	20462	0.00128921758693902	2
oh	20383	0.001284240156122473	2
äy	20289	0.001278317643505316	2
op	20147	0.0012693708691262063	2
yk	20053	0.0012634483565090492	2
ah	20045	0.0012629443128820573	2
pe	19973	0.0012584079202391284	2
ös	19941	0.00125639174573116	2
tk	19587	0.00123408781523676	2
ro	19471	0.0012267791826453746	2
aj	19226	0.001211342846568742	2
do	19143	0.001206113393938699	2
_i	18640	0.0011744216508915713	2
ev	18208	0.0011472032950339984	2
vu	18059	0.0011378154824812708	2
yv	17906	0.001128175648115047	2
dä	17110	0.001078023307229334	2
ua	17035	0.001073297898226283	2
hi	16971	0.0010692655492103463	2
äk	16916	0.0010658002492747757	2
äv	16338	0.0010293830972245971	2
ön	16336	0.0010292570863178491	2
hy	16314	0.001027870966343621	2
yy	16202	0.0010208143555657317	2
ou	16123	0.0010158369247491848	2
po	15980	0.001006827144916701	2
ap	15793	9.95045125135761E-4	1
uv	15744	9.919578579204345E-4	1
ym	15414	9.711660583070107E-4	1
oj	15090	9.50752291413831E-4	1
nu	14698	9.260541536912185E-4	1
rj	14668	9.241639900899982E-4	1
ir	14614	9.207616956078016E-4	1
ky	14555	9.17044373858735E-4	1
ov	14423	9.087276540133655E-4	1
or	14134	8.905190779882762E-4	1
di	14009	8.826433963165247E-4	1
hu	13959	8.794931236478243E-4	1
ed	13643	8.595834003816366E-4	1
re	13450	8.474233478804525E-4	1
u_	13277	8.365234044467485E-4	1
ve	13256	8.352002899258943E-4	1
lk	12718	8.013033560106762E-4	1
oo	12456	7.847959272266852E-4	1
um	11717	7.382348971832908E-4	1
ts	11481	7.233656101870241E-4	1
äh	11424	7.197742993447054E-4	1
da	11319	7.131587267404343E-4	1
oa	11081	6.981634288374196E-4	1
ny	11009	6.936270361944908E-4	1
iä	10980	6.917998780466445E-4	1
od	10943	6.894686762718061E-4	1
nv	10526	6.631954022148433E-4	1
rt	10060	6.33834860942554E-4	1
hä	10040	6.325747518750738E-4	1
rl	9878	6.223678684284839E-4	1
yn	9736	6.134210940493744E-4	1
yi	9645	6.076875977923393E-4	1
ue	9635	6.070575432585992E-4	1
ly	9538	6.009460142813201E-4	1
ru	9525	6.00126943387458E-4	1
mo	9491	5.979847579727416E-4	1
mp	9486	5.976697307058716E-4	1
ea	9486	5.976697307058716E-4	1
ho	9307	5.863917545519235E-4	1
y_	9192	5.791461274139122E-4	1
ij	8982	5.659149822053698E-4	1
lv	8745	5.509826897557291E-4	1
pp	8459	5.329631300907619E-4	1
rä	8020	5.053037360595708E-4	1
yd	7688	4.8438592553939913E-4	1
hm	7670	4.832518273786669E-4	1
yl	7387	4.6542128407382175E-4	1
ju	7343	4.6264904412536524E-4	1
lj	6974	4.3940003183035503E-4	1
py	6781	4.2723997932917087E-4	1
yr	6596	4.1558397045497877E-4	1
nö	6510	4.101655014648138E-4	1
eä	5821	3.6675474409012E-4	1
ng	5814	3.663137059165019E-4	1
uj	5689	3.584380242447505E-4	1
_d	5519	3.4772709717116856E-4	1
ip	5180	3.263682484773787E-4	1
sv	5158	3.249821285031505E-4	1
du	5097	3.211387958473358E-4	1
yä	4861	3.062695088510691E-4	1
kt	4857	3.0601748703757304E-4	1
ry	4784	3.014180889412702E-4	1
ök	4752	2.9940191443330184E-4	1
öt	4738	2.985198380860657E-4	1
up	4721	2.974487453787075E-4	1
ji	4631	2.917782545750465E-4	1
_ä	4600	2.898250855204521E-4	1
kr	4483	2.824534474756928E-4	1
ö_	4387	2.764049239517877E-4	1
öi	4373	2.7552284760455154E-4	1
hj	4340	2.7344366764320917E-4	1
pr	4316	2.719315367622329E-4	1
rr	4225	2.6619804050519787E-4	1
rm	4093	2.578813206598284E-4	1
ge	4066	2.5618017341873006E-4	1
np	4060	2.55802140698486E-4	1
ad	4039	2.544790261776318E-4	1
sl	4037	2.5435301527088376E-4	1
kö	4032	2.540379880040137E-4	1
nj	4014	2.529038898432815E-4	1
sp	3993	2.5158077532242725E-4	1
ey	3936	2.479894644801086E-4	1
eg	3856	2.429490282101877E-4	1
gi	3702	2.3324618839058996E-4	1
sm	3681	2.3192307386973572E-4	1
ga	3564	2.245514358249764E-4	1
ep	3559	2.2423640855810634E-4	1
nm	3531	2.2247225586363403E-4	1
sö	3423	2.156676668992408E-4	1
dy	3157	1.9890821630175377E-4	1
lö	3099	1.9525390000606113E-4	1
öö	3057	1.9260767096435265E-4	1
rh	3050	1.9216663279073457E-4	1
rs	3007	1.8945739829565207E-4	1
öl	3006	1.8939439284227806E-4	1
lp	2978	1.8763024014780577E-4	1
hk	2903	1.829048311447549E-4	1
öm	2827	1.7811641668833005E-4	1
öj	2751	1.733280022319052E-4	1
nl	2642	1.6646040781413796E-4	1
äd	2625	1.6538931510677975E-4	1
ej	2514	1.583957097822645E-4	1
ae	2441	1.5379631168596167E-4	1
nh	2403	1.5140210445774922E-4	1
tr	2280	1.4365243369274583E-4	1
öä	2230	1.4050216102404528E-4	1
öy	2227	1.4031314466392324E-4	1
kl	2187	1.377929265289628E-4	1
_b	2084	1.3130336483143962E-4	1
eo	2036	1.2827910306948708E-4	1
hv	1961	1.2355369406643623E-4	1
äe	1775	1.1183467973887012E-4	1
rp	1617	1.0187981810577633E-4	1
yj	1611	1.0150178538553226E-4	1
nf	1574	9.917058361069384E-5	1
kn	1488	9.375211462052887E-5	1
oe	1398	8.808162381686784E-5	1
äp	1348	8.493135114816728E-5	1
vy	1330	8.379725298743508E-5	1
jö	1307	8.234812755983282E-5	1
go	1302	8.203310029296276E-5	1
äj	1288	8.11510239457266E-5	1
rg	1282	8.077299122548253E-5	1
äa	1279	8.05839748653605E-5	1
og	1246	7.850479490401812E-5	1
iu	1235	7.7811734916904E-5	1
öp	1230	7.749670765003394E-5	1
rd	1177	7.415741862121135E-5	1
sj	1168	7.359036954084524E-5	1
iö	1160	7.308632591385315E-5	1
öd	1118	7.044009687214467E-5	1
ao	1097	6.911698235129043E-5	1
öh	1057	6.659676421632999E-5	1
fe	1027	6.470660061510964E-5	1
hn	1025	6.458058970836162E-5	1
äo	1009	6.357250245437744E-5	1
hr	953	6.00441970654328E-5	1
fi	949	5.9792175251936755E-5	1
_f	945	5.9540153438440714E-5	1
sn	928	5.8469060731082515E-5	1
ye	907	5.714594621022828E-5	1
ps	873	5.50037607955119E-5	1
nr	802	5.053037360595709E-5	1
sr	760	4.788414456424861E-5	1
ör	714	4.498589370904409E-5	1
bu	714	4.498589370904409E-5	1
öa	701	4.4166822815181946E-5	1
öv	680	4.2843708294327706E-5	1
ba	679	4.27807028409537E-5	1
pö	619	3.900037563851302E-5	1
be	617	3.8874364731764994E-5	1
dj	614	3.868534837164296E-5	1
sh	609	3.8370321104772905E-5	1
yp	606	3.8181304744650866E-5	1
_g	575	3.6228135690056514E-5	1
of	561	3.534605934282036E-5	1
fl	548	3.452698844895821E-5	1
nd	546	3.4400977542210186E-5	1
jy	540	3.402294482196612E-5	1
fr	514	3.2384803034241826E-5	1
bi	511	3.219578667411979E-5	1
ib	471	2.9675568539159337E-5	1
ag	469	2.9549557632411317E-5	1
iy	445	2.8037426751435045E-5	1
gr	433	2.728136131094691E-5	1
l_	400	2.5202181349604533E-5	1
if	372	2.3438028655132217E-5	1
hö	360	2.268196321464408E-5	1
ig	340	2.1421854147163853E-5	1
oy	334	2.1043821426919785E-5	1
ob	333	2.0980815973545773E-5	1
ab	325	2.0476772346553685E-5	1
rn	324	2.0413766893179673E-5	1
pt	324	2.0413766893179673E-5	1
bo	321	2.0224750533057637E-5	1
af	321	2.0224750533057637E-5	1
ya	317	1.9972728719561593E-5	1
öo	308	1.9405679639195493E-5	1
pl	296	1.8649614198707357E-5	1
gl	296	1.8649614198707357E-5	1
br	295	1.8586608745333345E-5	1
fo	288	1.8145570571715265E-5	1
_ö	274	1.7263494224479105E-5	1
r_	261	1.6444423330616957E-5	1
b_	261	1.6444423330616957E-5	1
tn	251	1.5814368796876845E-5	1
lh	221	1.3924205195656505E-5	1
öe	206	1.2979123395046335E-5	1
by	205	1.2916117941672323E-5	1
rö	203	1.27901070349243E-5	1
hl	203	1.27901070349243E-5	1
pk	186	1.1719014327566108E-5	1
fa	183	1.1529997967444074E-5	1
rb	172	1.0836937980329949E-5	1
mb	172	1.0836937980329949E-5	1
dr	167	1.0521910713459893E-5	1
dö	166	1.0458905260085882E-5	1
fu	159	1.0017867086467802E-5	1
ay	153	9.639834366223734E-6	1
_c	149	9.387812552727688E-6	1
ch	139	8.757758018987576E-6	1
tl	138	8.694752565613564E-6	1
th	137	8.631747112239552E-6	1
sd	136	8.568741658865542E-6	1
ft	127	8.00169257849944E-6	1
gn	114	7.182621684637292E-6	1
kv	111	6.993605324515258E-6	1
ls	111	6.993605324515258E-6	1
ug	111	6.993605324515258E-6	1
ds	107	6.741583511019212E-6	1
co	105	6.61557260427119E-6	1
tj	105	6.61557260427119E-6	1
m_	104	6.552567150897178E-6	1
g_	101	6.363550790775144E-6	1
gu	97	6.111528977279099E-6	1
lb	93	5.859507163783054E-6	1
bj	91	5.733496257035031E-6	1
jn	91	5.733496257035031E-6	1
_z	85	5.355463536790963E-6	1
d_	84	5.292458083416952E-6	1
sb	84	5.292458083416952E-6	1
tp	84	5.292458083416952E-6	1
ic	80	5.040436269920907E-6	1
ff	78	4.914425363172884E-6	1
ec	76	4.788414456424861E-6	1
lg	73	4.599398096302827E-6	1
ub	73	4.599398096302827E-6	1
_w	72	4.536392642928816E-6	1
ac	70	4.410381736180793E-6	1
ld	69	4.347376282806782E-6	1
sc	69	4.347376282806782E-6	1
ce	67	4.221365376058759E-6	1
uy	67	4.221365376058759E-6	1
fy	63	3.969343562562714E-6	1
mö	63	3.969343562562714E-6	1
ca	62	3.906338109188703E-6	1
xe	62	3.906338109188703E-6	1
ef	59	3.7173217490666687E-6	1
ms	58	3.654316295692657E-6	1
bs	56	3.5283053889446347E-6	1
we	56	3.5283053889446347E-6	1
wa	55	3.465299935570623E-6	1
ci	54	3.402294482196612E-6	1
zi	54	3.402294482196612E-6	1
kh	50	3.1502726687005667E-6	1
bl	49	3.087267215326555E-6	1
dx	49	3.087267215326555E-6	1
k_	47	2.9612563085785326E-6	1
qu	46	2.898250855204521E-6	1
gm	45	2.83524540183051E-6	1
oc	44	2.7722399484564986E-6	1
oä	44	2.7722399484564986E-6	1
f_	43	2.709234495082487E-6	1
zu	43	2.709234495082487E-6	1
nc	41	2.5832235883344646E-6	1
bb	40	2.5202181349604536E-6	1
c_	39	2.457212681586442E-6	1
sf	38	2.3942072282124306E-6	1
yo	38	2.3942072282124306E-6	1
bw	37	2.3312017748384196E-6	1
h_	36	2.268196321464408E-6	1
ck	34	2.1421854147163856E-6	1
gy	34	2.1421854147163856E-6	1
rc	33	2.079179961342374E-6	1
cu	32	2.0161745079683626E-6	1
kp	32	2.0161745079683626E-6	1
tm	32	2.0161745079683626E-6	1
vö	30	1.89016360122034E-6	1
äu	29	1.8271581478463286E-6	1
öu	29	1.8271581478463286E-6	1
tv	27	1.701147241098306E-6	1
p_	26	1.6381417877242946E-6	1
v_	26	1.6381417877242946E-6	1
ct	24	1.512130880976272E-6	1
eb	23	1.4491254276022606E-6	1
km	23	1.4491254276022606E-6	1
pn	23	1.4491254276022606E-6	1
uf	23	1.4491254276022606E-6	1
nb	22	1.3861199742282493E-6	1
_q	21	1.323114520854238E-6	1
uc	20	1.2601090674802268E-6	1
wi	20	1.2601090674802268E-6	1
wo	20	1.2601090674802268E-6	1
za	20	1.2601090674802268E-6	1
aö	19	1.1971036141062153E-6	1
uö	19	1.1971036141062153E-6	1
ww	19	1.1971036141062153E-6	1
w_	18	1.134098160732204E-6	1
gh	17	1.0710927073581928E-6	1
gt	17	1.0710927073581928E-6	1
ow	17	1.0710927073581928E-6	1
­_	17	1.0710927073581928E-6	1
b­	16	1.0080872539841813E-6	1
cc	16	1.0080872539841813E-6	1
ew	15	9.4508180061017E-7	1
zz	15	9.4508180061017E-7	1
ez	14	8.820763472361587E-7	1
ln	14	8.820763472361587E-7	1
yg	14	8.820763472361587E-7	1
dm	13	8.190708938621473E-7	1
ex	13	8.190708938621473E-7	1
fs	13	8.190708938621473E-7	1
gg	13	8.190708938621473E-7	1
vk	13	8.190708938621473E-7	1
x_	13	8.190708938621473E-7	1
ze	13	8.190708938621473E-7	1
cr	12	7.56065440488136E-7	1
dd	12	7.56065440488136E-7	1
eq	12	7.56065440488136E-7	1
sw	12	7.56065440488136E-7	1
ux	12	7.56065440488136E-7	1
ws	12	7.56065440488136E-7	1
cl	11	6.930599871141247E-7	1
mg	11	6.930599871141247E-7	1
yb	11	6.930599871141247E-7	1
é_	11	6.930599871141247E-7	1
aä	10	6.300545337401134E-7	1
bh	10	6.300545337401134E-7	1
dt	10	6.300545337401134E-7	1
iz	10	6.300545337401134E-7	1
nz	10	6.300545337401134E-7	1
ph	10	6.300545337401134E-7	1
xi	10	6.300545337401134E-7	1
zo	10	6.300545337401134E-7	1
à_	10	6.300545337401134E-7	1
én	10	6.300545337401134E-7	1
iw	9	5.67049080366102E-7	1
kg	9	5.67049080366102E-7	1
mn	9	5.67049080366102E-7	1
mé	9	5.67049080366102E-7	1
oö	9	5.67049080366102E-7	1
rf	9	5.67049080366102E-7	1
tw	9	5.67049080366102E-7	1
uw	9	5.67049080366102E-7	1
z_	9	5.67049080366102E-7	1
df	8	5.040436269920907E-7	1
fg	8	5.040436269920907E-7	1
gs	8	5.040436269920907E-7	1
tz	8	5.040436269920907E-7	1
uz	8	5.040436269920907E-7	1
öb	8	5.040436269920907E-7	1
üh	8	5.040436269920907E-7	1
cy	7	4.4103817361807933E-7	1
dw	7	4.4103817361807933E-7	1
dé	7	4.4103817361807933E-7	1
lf	7	4.4103817361807933E-7	1
rü	7	4.4103817361807933E-7	1
äö	7	4.4103817361807933E-7	1
èr	7	4.4103817361807933E-7	1
_·	6	3.78032720244068E-7	1
_à	6	3.78032720244068E-7	1
aw	6	3.78032720244068E-7	1
bn	6	3.78032720244068E-7	1
bö	6	3.78032720244068E-7	1
cj	6	3.78032720244068E-7	1
gk	6	3.78032720244068E-7	1
gö	6	3.78032720244068E-7	1
iq	6	3.78032720244068E-7	1
iè	6	3.78032720244068E-7	1
pé	6	3.78032720244068E-7	1
tc	6	3.78032720244068E-7	1
vn	6	3.78032720244068E-7	1
yu	6	3.78032720244068E-7	1
·_	6	3.78032720244068E-7	1
az	5	3.150272668700567E-7	1
cn	5	3.150272668700567E-7	1
cq	5	3.150272668700567E-7	1
dh	5	3.150272668700567E-7	1
eö	5	3.150272668700567E-7	1
fp	5	3.150272668700567E-7	1
iæ	5	3.150272668700567E-7	1
lr	5	3.150272668700567E-7	1
mc	5	3.150272668700567E-7	1
rx	5	3.150272668700567E-7	1
ró	5	3.150272668700567E-7	1
sé	5	3.150272668700567E-7	1
tb	5	3.150272668700567E-7	1
té	5	3.150272668700567E-7	1
wh	5	3.150272668700567E-7	1
wm	5	3.150272668700567E-7	1
wt	5	3.150272668700567E-7	1
äb	5	3.150272668700567E-7	1
éc	5	3.150272668700567E-7	1
ér	5	3.150272668700567E-7	1
ón	5	3.150272668700567E-7	1
üs	5	3.150272668700567E-7	1
ax	4	2.520218134960453E-7	1
bv	4	2.520218134960453E-7	1
bé	4	2.520218134960453E-7	1
dn	4	2.520218134960453E-7	1
dz	4	2.520218134960453E-7	1
gä	4	2.520218134960453E-7	1
js	4	2.520218134960453E-7	1
kf	4	2.520218134960453E-7	1
lé	4	2.520218134960453E-7	1
mü	4	2.520218134960453E-7	1
ná	4	2.520218134960453E-7	1
rz	4	2.520218134960453E-7	1
vr	4	2.520218134960453E-7	1
vt	4	2.520218134960453E-7	1
án	4	2.520218134960453E-7	1
ão	4	2.520218134960453E-7	1
æ_	4	2.520218134960453E-7	1
ée	4	2.520218134960453E-7	1
ín	4	2.520218134960453E-7	1
_µ	3	1.89016360122034E-7	1
cs	3	1.89016360122034E-7	1
dc	3	1.89016360122034E-7	1
dg	3	1.89016360122034E-7	1
gj	3	1.89016360122034E-7	1
hs	3	1.89016360122034E-7	1
ix	3	1.89016360122034E-7	1
iã	3	1.89016360122034E-7	1
ié	3	1.89016360122034E-7	1
md	3	1.89016360122034E-7	1
mf	3	1.89016360122034E-7	1
nw	3	1.89016360122034E-7	1
ox	3	1.89016360122034E-7	1
oz	3	1.89016360122034E-7	1
tg	3	1.89016360122034E-7	1
vj	3	1.89016360122034E-7	1
vp	3	1.89016360122034E-7	1
zn	3	1.89016360122034E-7	1
µg	3	1.89016360122034E-7	1
éf	3	1.89016360122034E-7	1
éj	3	1.89016360122034E-7	1
és	3	1.89016360122034E-7	1
ét	3	1.89016360122034E-7	1
öf	3	1.89016360122034E-7	1
_x	2	1.2601090674802266E-7	1
aç	2	1.2601090674802266E-7	1
aï	2	1.2601090674802266E-7	1
bc	2	1.2601090674802266E-7	1
bd	2	1.2601090674802266E-7	1
bt	2	1.2601090674802266E-7	1
cb	2	1.2601090674802266E-7	1
dl	2	1.2601090674802266E-7	1
dp	2	1.2601090674802266E-7	1
fn	2	1.2601090674802266E-7	1
fä	2	1.2601090674802266E-7	1
fü	2	1.2601090674802266E-7	1
gb	2	1.2601090674802266E-7	1
gp	2	1.2601090674802266E-7	1
gv	2	1.2601090674802266E-7	1
hb	2	1.2601090674802266E-7	1
hw	2	1.2601090674802266E-7	1
hü	2	1.2601090674802266E-7	1
jt	2	1.2601090674802266E-7	1
jv	2	1.2601090674802266E-7	1
lc	2	1.2601090674802266E-7	1
lí	2	1.2601090674802266E-7	1
mh	2	1.2601090674802266E-7	1
mj	2	1.2601090674802266E-7	1
mt	2	1.2601090674802266E-7	1
mv	2	1.2601090674802266E-7	1
mè	2	1.2601090674802266E-7	1
pc	2	1.2601090674802266E-7	1
rw	2	1.2601090674802266E-7	1
ré	2	1.2601090674802266E-7	1
sg	2	1.2601090674802266E-7	1
sz	2	1.2601090674802266E-7	1
tí	2	1.2601090674802266E-7	1
ué	2	1.2601090674802266E-7	1
wl	2	1.2601090674802266E-7	1
xp	2	1.2601090674802266E-7	1
xt	2	1.2601090674802266E-7	1
yw	2	1.2601090674802266E-7	1
äf	2	1.2601090674802266E-7	1
ça	2	1.2601090674802266E-7	1
ès	2	1.2601090674802266E-7	1
ó_	2	1.2601090674802266E-7	1
ög	2	1.2601090674802266E-7	1
ün	2	1.2601090674802266E-7	1
ür	2	1.2601090674802266E-7	1
_é	1	6.300545337401133E-8	1
_ê	1	6.300545337401133E-8	1
_ì	1	6.300545337401133E-8	1
a´	1	6.300545337401133E-8	1
aß	1	6.300545337401133E-8	1
bk	1	6.300545337401133E-8	1
bq	1	6.300545337401133E-8	1
cm	1	6.300545337401133E-8	1
cí	1	6.300545337401133E-8	1
dk	1	6.300545337401133E-8	1
dè	1	6.300545337401133E-8	1
dü	1	6.300545337401133E-8	1
eç	1	6.300545337401133E-8	1
fb	1	6.300545337401133E-8	1
fk	1	6.300545337401133E-8	1
fé	1	6.300545337401133E-8	1
gé	1	6.300545337401133E-8	1
gø	1	6.300545337401133E-8	1
hc	1	6.300545337401133E-8	1
j_	1	6.300545337401133E-8	1
jk	1	6.300545337401133E-8	1
jr	1	6.300545337401133E-8	1
jà	1	6.300545337401133E-8	1
kd	1	6.300545337401133E-8	1
kj	1	6.300545337401133E-8	1
kx	1	6.300545337401133E-8	1
ké	1	6.300545337401133E-8	1
lq	1	6.300545337401133E-8	1
là	1	6.300545337401133E-8	1
lè	1	6.300545337401133E-8	1
lë	1	6.300545337401133E-8	1
lü	1	6.300545337401133E-8	1
mk	1	6.300545337401133E-8	1
ml	1	6.300545337401133E-8	1
pf	1	6.300545337401133E-8	1
pm	1	6.300545337401133E-8	1
pv	1	6.300545337401133E-8	1
qk	1	6.300545337401133E-8	1
rã	1	6.300545337401133E-8	1
sq	1	6.300545337401133E-8	1
sò	1	6.300545337401133E-8	1
td	1	6.300545337401133E-8	1
tà	1	6.300545337401133E-8	1
tó	1	6.300545337401133E-8	1
uä	1	6.300545337401133E-8	1
uí	1	6.300545337401133E-8	1
vl	1	6.300545337401133E-8	1
vs	1	6.300545337401133E-8	1
vv	1	6.300545337401133E-8	1
vé	1	6.300545337401133E-8	1
wb	1	6.300545337401133E-8	1
wf	1	6.300545337401133E-8	1
wn	1	6.300545337401133E-8	1
wp	1	6.300545337401133E-8	1
wü	1	6.300545337401133E-8	1
xa	1	6.300545337401133E-8	1
xf	1	6.300545337401133E-8	1
xu	1	6.300545337401133E-8	1
yf	1	6.300545337401133E-8	1
zó	1	6.300545337401133E-8	1
´a	1	6.300545337401133E-8	1
ßt	1	6.300545337401133E-8	1
äg	1	6.300545337401133E-8	1
äw	1	6.300545337401133E-8	1
ä­	1	6.300545337401133E-8	1
æi	1	6.300545337401133E-8	1
çà	1	6.300545337401133E-8	1
èc	1	6.300545337401133E-8	1
éb	1	6.300545337401133E-8	1
éd	1	6.300545337401133E-8	1
ék	1	6.300545337401133E-8	1
ém	1	6.300545337401133E-8	1
ép	1	6.300545337401133E-8	1
êt	1	6.300545337401133E-8	1
ët	1	6.300545337401133E-8	1
ìg	1	6.300545337401133E-8	1
ía	1	6.300545337401133E-8	1
ís	1	6.300545337401133E-8	1
ïn	1	6.300545337401133E-8	1
ïr	1	6.300545337401133E-8	1
òl	1	6.300545337401133E-8	1
ør	1	6.300545337401133E-8	1
üt	1	6.300545337401133E-8	1
