Spanish	3	12126110	2225
	1)	_	0	0	0.0
		1)	_d	0	0	0.0
			1)	_de	1	276318	0.0160817
			2)	_di	85	25481	0.0014829936
			3)	_do	503	5193	3.0223248E-4
			4)	_da	566	4636	2.698151E-4
			5)	_du	758	3216	1.8717111E-4
			6)	_dí	1038	1893	1.1017255E-4
			7)	_dé	1655	606	3.5269186E-5
			8)	_dr	1813	445	2.589899E-5
			9)	_dó	1861	383	2.2290591E-5
		2)	_l	0	0	0.0
			1)	_la	4	165295	0.0096201645
			2)	_lo	24	69584	0.004049787
			3)	_le	335	8001	4.65658E-4
			4)	_lu	448	5917	3.4436924E-4
			5)	_li	524	5024	2.9239667E-4
			6)	_ll	615	4193	2.4403249E-4
			7)	_lí	1365	1071	6.2332176E-5
			8)	_ló	2024	288	1.6761593E-5
		3)	_q	0	0	0.0
			1)	_qu	8	113156	0.006585676
		4)	_c	0	0	0.0
			1)	_co	11	106168	0.006178975
			2)	_ca	109	20378	0.0011859991
			3)	_cu	118	18583	0.0010815301
			4)	_cr	263	9397	5.4690515E-4
			5)	_ci	333	8032	4.674622E-4
			6)	_cl	650	3912	2.276783E-4
			7)	_ce	707	3550	2.0660991E-4
			8)	_có	1292	1207	7.024737E-5
			9)	_ch	1637	632	3.6782385E-5
			10)	_cá	1866	378	2.199959E-5
		5)	_e	0	0	0.0
			1)	_en	14	100148	0.005828611
			2)	_es	15	90897	0.0052902033
			3)	_el	18	78020	0.004540762
			4)	_ex	155	15342	8.92904E-4
			5)	_em	338	7892	4.593142E-4
			6)	_eu	411	6396	3.7224704E-4
			7)	_ej	701	3575	2.0806491E-4
			8)	_ec	711	3538	2.059115E-4
			9)	_ef	734	3402	1.9799631E-4
			10)	_ev	811	2955	1.7198092E-4
			11)	_e_	1158	1554	9.044276E-5
			12)	_er	1203	1409	8.200377E-5
			13)	_eq	1270	1241	7.222617E-5
			14)	_ed	1440	925	5.3834978E-5
			15)	_et	1513	790	4.597798E-5
		6)	_s	0	0	0.0
			1)	_se	22	71947	0.0041873134
			2)	_si	75	28450	0.0016557893
			3)	_so	80	26407	0.0015368868
			4)	_su	83	25827	0.0015031308
			5)	_sa	408	6439	3.7474965E-4
			6)	_só	724	3470	2.0195391E-4
			7)	_sí	1350	1090	6.3437976E-5
			8)	_sé	1832	413	2.403659E-5
		7)	_y	0	0	0.0
			1)	_y_	27	65919	0.0038364842
			2)	_ya	564	4648	2.705135E-4
			3)	_yo	964	2185	1.2716695E-4
		8)	_p	0	0	0.0
			1)	_pr	28	61520	0.0035804624
			2)	_po	31	58344	0.0033956193
			3)	_pa	38	50510	0.0029396808
			4)	_pe	91	24375	0.0014186244
			5)	_pu	159	15298	8.903432E-4
			6)	_pl	477	5509	3.2062366E-4
			7)	_pi	920	2346	1.3653714E-4
			8)	_pú	1083	1767	1.0283935E-4
			9)	_pá	2075	263	1.5306594E-5
		9)	_a	0	0	0.0
			1)	_a_	29	58703	0.003416513
			2)	_al	79	26943	0.0015680819
			3)	_ac	131	17026	9.909128E-4
			4)	_ap	201	11928	6.942093E-4
			5)	_as	222	10888	6.336813E-4
			6)	_ad	306	8401	4.88938E-4
			7)	_an	365	7383	4.296904E-4
			8)	_au	472	5567	3.2399927E-4
			9)	_am	500	5230	3.0438587E-4
			10)	_añ	545	4840	2.8168788E-4
			11)	_ag	605	4271	2.485721E-4
			12)	_ab	659	3850	2.2406991E-4
			13)	_ar	714	3513	2.0445652E-4
			14)	_ah	737	3392	1.9741431E-4
			15)	_ay	779	3083	1.7943053E-4
			16)	_aq	822	2879	1.6755772E-4
			17)	_at	854	2676	1.5574314E-4
			18)	_af	918	2368	1.3781754E-4
			19)	_av	1151	1567	9.119936E-5
			20)	_aú	1261	1251	7.2808165E-5
			21)	_aé	1730	531	3.0904186E-5
			22)	_ai	2104	249	1.4491794E-5
			23)	_aj	2125	234	1.3618794E-5
			24)	_ae	2132	232	1.3502394E-5
		10)	_r	0	0	0.0
			1)	_re	34	57383	0.0033396892
			2)	_ra	647	3944	2.295407E-4
			3)	_ri	1081	1771	1.03072154E-4
			4)	_ru	1359	1080	6.285597E-5
			5)	_rá	1482	825	4.801498E-5
			6)	_ro	1704	555	3.2300984E-5
			7)	_ré	1803	459	2.671379E-5
		11)	_u	0	0	0.0
			1)	_un	36	53531	0.003115503
			2)	_us	778	3089	1.7977972E-4
			3)	_ut	1163	1540	8.962796E-5
			4)	_ur	1431	944	5.4940778E-5
		12)	_i	0	0	0.0
			1)	_in	43	43646	0.002540196
			2)	_im	249	9966	5.8002095E-4
			3)	_id	1118	1678	9.7659555E-5
			4)	_ig	1196	1421	8.2702165E-5
			5)	_ir	1385	1036	6.0295173E-5
			6)	_il	1757	501	2.9158187E-5
			7)	_is	1946	332	1.9322391E-5
		13)	_h	0	0	0.0
			1)	_ha	50	40029	0.002329687
			2)	_he	310	8372	4.872502E-4
			3)	_ho	527	5010	2.9158188E-4
			4)	_hu	716	3508	2.0416551E-4
			5)	_hi	1116	1679	9.7717755E-5
		14)	_n	0	0	0.0
			1)	_no	52	38550	0.002243609
			2)	_nu	189	12740	7.414677E-4
			3)	_ne	353	7564	4.402246E-4
			4)	_ni	470	5625	3.2737484E-4
			5)	_na	531	4983	2.9001047E-4
			6)	_nú	1459	883	5.1390576E-5
			7)	_n_	1763	493	2.8692588E-5
		15)	_m	0	0	0.0
			1)	_me	93	24326	0.0014157726
			2)	_mi	121	18346	0.0010677368
			3)	_ma	135	16817	9.78749E-4
			4)	_mu	167	14118	8.2166726E-4
			5)	_má	216	11102	6.461361E-4
			6)	_mo	301	8548	4.9749337E-4
			7)	_mí	1453	904	5.2612777E-5
			8)	_mé	1577	706	4.108918E-5
		16)	_t	0	0	0.0
			1)	_ta	122	18332	0.001066922
			2)	_tr	125	18044	0.0010501604
			3)	_to	137	16535	9.623366E-4
			4)	_te	144	16026	9.327128E-4
			5)	_ti	326	8159	4.748536E-4
			6)	_tu	1183	1465	8.526296E-5
			7)	_té	1251	1281	7.455417E-5
			8)	_tí	2217	203	1.18145945E-5
		17)	_v	0	0	0.0
			1)	_ve	276	9115	5.3049275E-4
			2)	_vi	331	8088	4.707214E-4
			3)	_va	452	5873	3.4180845E-4
			4)	_vo	507	5186	3.0182506E-4
			5)	_ví	1354	1087	6.3263375E-5
			6)	_vu	1570	714	4.1554784E-5
		18)	_f	0	0	0.0
			1)	_fu	281	8973	5.2222837E-4
			2)	_fi	320	8207	4.776472E-4
			3)	_fo	368	7323	4.261984E-4
			4)	_fa	460	5789	3.3691965E-4
			5)	_fr	685	3694	2.1499071E-4
			6)	_fe	831	2800	1.6295993E-4
			7)	_fl	1503	799	4.650178E-5
			8)	_fá	1852	394	2.293079E-5
		19)	_o	0	0	0.0
			1)	_ob	334	8010	4.661818E-4
			2)	_ot	427	6266	3.6468104E-4
			3)	_o_	493	5300	3.0845986E-4
			4)	_or	496	5256	3.0589907E-4
			5)	_op	549	4810	2.799419E-4
			6)	_oc	797	3022	1.7588033E-4
			7)	_of	1276	1227	7.141137E-5
			8)	_ol	1753	504	2.9332787E-5
			9)	_oí	2009	294	1.7110793E-5
		20)	_g	0	0	0.0
			1)	_gr	374	7192	4.1857423E-4
			2)	_ge	607	4252	2.474663E-4
			3)	_ga	757	3223	1.8757852E-4
			4)	_gu	1009	1977	1.1506135E-4
			5)	_go	1291	1207	7.024737E-5
			6)	_gl	1572	710	4.1321982E-5
		21)	_j	0	0	0.0
			1)	_ju	486	5355	3.1166087E-4
			2)	_jó	1705	555	3.2300984E-5
		22)	_b	0	0	0.0
			1)	_ba	602	4344	2.528207E-4
			2)	_bi	781	3073	1.7884852E-4
			3)	_bu	841	2754	1.6028273E-4
			4)	_be	1250	1283	7.467057E-5
			5)	_br	1307	1168	6.797757E-5
			6)	_bo	1495	811	4.720018E-5
			7)	_bá	1837	408	2.374559E-5
			8)	_bl	1921	347	2.0195392E-5
			9)	_b_	2114	240	1.3967994E-5
		23)	_é	0	0	0.0
			1)	_és	950	2225	1.2949495E-4
			2)	_éx	1689	570	3.3173987E-5
			3)	_él	1804	456	2.6539188E-5
			4)	_ét	1968	319	1.8565792E-5
		24)	_ú	0	0	0.0
			1)	_úl	961	2195	1.2774895E-4
			2)	_ún	1179	1479	8.6077765E-5
			3)	_út	1963	322	1.8740391E-5
		25)	_á	0	0	0.0
			1)	_ám	1010	1976	1.1500315E-4
			2)	_ár	2095	253	1.4724594E-5
		26)	_z	0	0	0.0
			1)	_zo	1332	1125	6.5474975E-5
		27)	_ó	0	0	0.0
			1)	_ór	1958	325	1.8914992E-5
		28)	_x	0	0	0.0
			1)	_xe	2173	216	1.2571195E-5
		29)	_í	0	0	0.0
			1)	_ín	2213	204	1.1872795E-5
	2)	o	0	0	0.0
		1)	os	0	0	0.0
			1)	os_	2	198512	0.011553394
			2)	osi	347	7680	4.469758E-4
			3)	ost	695	3622	2.1080031E-4
			4)	oso	713	3528	2.0532952E-4
			5)	osa	806	2985	1.7372692E-4
			6)	ose	1562	722	4.2020383E-5
			7)	osp	1931	341	1.9846191E-5
			8)	osq	2149	224	1.3036794E-5
		2)	or	0	0	0.0
			1)	or_	41	45674	0.0026582256
			2)	orm	128	17926	0.0010432927
			3)	ora	187	12869	7.489755E-4
			4)	ort	199	12058	7.017753E-4
			5)	ore	305	8423	4.902184E-4
			6)	ori	392	6681	3.8883404E-4
			7)	ord	575	4595	2.674289E-4
			8)	orq	766	3131	1.8222412E-4
			9)	orr	866	2626	1.5283313E-4
			10)	org	986	2066	1.2024115E-4
			11)	orí	1052	1846	1.07437154E-4
			12)	orc	1434	934	5.4358778E-5
			13)	orp	1564	720	4.1903982E-5
			14)	orz	1578	702	4.0856383E-5
			15)	orn	1672	589	3.4279787E-5
			16)	oro	1882	368	2.141759E-5
		3)	on	0	0	0.0
			1)	one	64	31875	0.0018551243
			2)	on_	78	27200	0.0015830393
			3)	ona	147	15975	9.297446E-4
			4)	ont	152	15670	9.119936E-4
			5)	ons	162	14796	8.611268E-4
			6)	ond	394	6659	3.8755362E-4
			7)	onc	441	6010	3.4978185E-4
			8)	ono	611	4229	2.461277E-4
			9)	onf	726	3448	2.0067352E-4
			10)	onv	863	2640	1.5364794E-4
			11)	onó	922	2336	1.3595514E-4
			12)	oni	1086	1766	1.0278115E-4
			13)	ong	1335	1114	6.483477E-5
			14)	onj	1372	1059	6.163377E-5
			15)	onu	1956	325	1.8914992E-5
		4)	om	0	0	0.0
			1)	omo	186	12894	7.5043045E-4
			2)	omp	266	9335	5.4329674E-4
			3)	ome	384	6931	4.0338404E-4
			4)	omu	620	4170	2.4269389E-4
			5)	omi	699	3589	2.088797E-4
			6)	omb	801	3014	1.7541472E-4
			7)	oma	1014	1967	1.1447935E-4
			8)	omú	1164	1539	8.956976E-5
			9)	omí	1424	954	5.5522774E-5
			10)	omá	2074	263	1.5306594E-5
			11)	omó	2222	200	1.1639995E-5
		5)	ob	0	0	0.0
			1)	obr	190	12692	7.386741E-4
			2)	obl	453	5866	3.4140106E-4
			3)	oba	780	3080	1.7925592E-4
			4)	obj	787	3049	1.7745173E-4
			5)	obs	907	2424	1.4107674E-4
			6)	obi	1369	1063	6.186657E-5
			7)	obt	1630	639	3.7189784E-5
			8)	obe	1864	379	2.2057791E-5
			9)	obv	2020	288	1.6761593E-5
		6)	od	0	0	0.0
			1)	odo	211	11435	6.655167E-4
			2)	oda	563	4673	2.7196849E-4
			3)	ode	639	4002	2.329163E-4
			4)	odu	649	3928	2.286095E-4
			5)	odr	955	2213	1.2879654E-4
			6)	odi	1087	1759	1.0237376E-4
			7)	odí	2146	226	1.3153194E-5
		7)	ot	0	0	0.0
			1)	otr	336	7921	4.61002E-4
			2)	ota	464	5673	3.3016846E-4
			3)	ote	798	3017	1.7558932E-4
			4)	oti	1223	1358	7.903556E-5
			5)	oto	1334	1115	6.489297E-5
		8)	oc	0	0	0.0
			1)	oci	342	7784	4.530286E-4
			2)	oce	469	5639	3.2818966E-4
			3)	ocu	600	4359	2.536937E-4
			4)	oca	736	3392	1.9741431E-4
			5)	oco	959	2200	1.2803994E-4
			6)	ocr	1047	1864	1.0848475E-4
			7)	och	1670	590	3.4337983E-5
			8)	oct	2113	240	1.3967994E-5
		9)	ol	0	0	0.0
			1)	olí	357	7510	4.3708182E-4
			2)	olu	495	5266	3.0648106E-4
			3)	ole	677	3751	2.1830811E-4
			4)	ola	702	3572	2.078903E-4
			5)	oll	729	3432	1.9974231E-4
			6)	oli	906	2436	1.4177513E-4
			7)	olo	1033	1905	1.10870955E-4
			8)	olv	1175	1496	8.7067165E-5
			9)	ol_	1208	1403	8.1654565E-5
			10)	oló	1580	701	4.0798182E-5
		10)	op	0	0	0.0
			1)	ope	369	7299	4.248016E-4
			2)	opu	516	5090	2.9623788E-4
			3)	opi	594	4448	2.5887348E-4
			4)	opo	673	3781	2.200541E-4
			5)	opt	992	2036	1.1849515E-4
			6)	opc	1677	585	3.4046985E-5
			7)	opa	1739	517	3.0089386E-5
			8)	opó	2221	200	1.1639995E-5
		11)	oy	0	0	0.0
			1)	oy_	593	4448	2.5887348E-4
			2)	oye	1073	1783	1.0377056E-4
			3)	oyo	1194	1422	8.2760365E-5
			4)	oya	1241	1305	7.5950964E-5
		12)	og	0	0	0.0
			1)	ogr	595	4412	2.567783E-4
			2)	ogí	1499	803	4.6734578E-5
			3)	oga	1517	786	4.574518E-5
			4)	ogo	1576	706	4.108918E-5
			5)	ogi	1755	503	2.9274588E-5
			6)	oge	1816	440	2.560799E-5
		13)	ov	0	0	0.0
			1)	ovi	1127	1637	9.527336E-5
			2)	ove	1255	1267	7.373937E-5
			3)	ova	1647	616	3.5851186E-5
			4)	ovo	1934	339	1.9729792E-5
		14)	oo	0	0	0.0
			1)	oop	1167	1532	8.9162364E-5
			2)	oor	1582	700	4.0739982E-5
		15)	of	0	0	0.0
			1)	ofe	1437	930	5.4125976E-5
			2)	ofr	1613	661	3.847018E-5
			3)	ofu	1673	589	3.4279787E-5
			4)	ofi	1708	553	3.2184587E-5
		16)	oh	0	0	0.0
			1)	ohe	1469	854	4.970278E-5
			2)	ohi	1682	580	3.3755987E-5
		17)	oq	0	0	0.0
			1)	oqu	1521	778	4.527958E-5
		18)	oa	0	0	0.0
			1)	oam	1546	749	4.3591783E-5
		19)	ox	0	0	0.0
			1)	oxi	1847	401	2.333819E-5
		20)	oi	0	0	0.0
			1)	oin	1992	304	1.7692792E-5
		21)	oj	0	0	0.0
			1)	ojo	2029	284	1.6528793E-5
			2)	oja	2127	233	1.3560594E-5
		22)	oz	0	0	0.0
			1)	ozc	2053	277	1.6121394E-5
			2)	oz_	2177	215	1.25129945E-5
	3)	d	0	0	0.0
		1)	de	0	0	0.0
			1)	de_	3	195360	0.011369947
			2)	del	60	33364	0.0019417839
			3)	des	94	24201	0.0014084976
			4)	deb	143	16041	9.335858E-4
			5)	der	168	14000	8.147996E-4
			6)	dec	239	10265	5.9742277E-4
			7)	den	247	10138	5.900313E-4
			8)	dem	309	8381	4.87774E-4
			9)	def	900	2456	1.4293914E-4
			10)	det	973	2152	1.2524634E-4
			11)	dep	1071	1787	1.0400335E-4
			12)	dej	1264	1246	7.251717E-5
			13)	dea	1410	984	5.7268775E-5
			14)	ded	1620	652	3.7946385E-5
			15)	dez	1636	635	3.6956983E-5
			16)	deu	2047	279	1.6237793E-5
			17)	dev	2088	256	1.4899194E-5
			18)	deo	2150	224	1.3036794E-5
		2)	do	0	0	0.0
			1)	do_	26	67392	0.003922213
			2)	dos	100	21871	0.0012728916
			3)	dor	535	4925	2.8663487E-4
			4)	dop	936	2289	1.3321974E-4
			5)	don	1195	1421	8.2702165E-5
			6)	doc	1422	958	5.5755576E-5
			7)	dol	1746	511	2.9740188E-5
			8)	dom	1915	351	2.0428191E-5
			9)	dot	1998	300	1.7459992E-5
			10)	doy	2124	234	1.3618794E-5
		3)	da	0	0	0.0
			1)	dad	71	30218	0.0017586868
			2)	da_	86	25260	0.0014701313
			3)	das	172	13879	8.0775743E-4
			4)	dar	479	5456	3.1753906E-4
			5)	dam	573	4598	2.676035E-4
			6)	dan	610	4236	2.4653508E-4
			7)	dat	1198	1415	8.235296E-5
			8)	dac	1376	1054	6.134278E-5
			9)	dav	1568	716	4.167118E-5
			10)	dal	1850	395	2.298899E-5
			11)	dañ	1881	369	2.1475791E-5
			12)	dap	1926	345	2.0078991E-5
			13)	dab	2043	281	1.6354194E-5
		4)	di	0	0	0.0
			1)	dic	212	11198	6.517233E-4
			2)	dis	370	7288	4.241614E-4
			3)	did	417	6352	3.6968623E-4
			4)	dir	422	6305	3.6695084E-4
			5)	dif	582	4523	2.632385E-4
			6)	dio	588	4493	2.6149247E-4
			7)	dia	658	3854	2.243027E-4
			8)	die	832	2789	1.6231973E-4
			9)	dim	915	2383	1.3869054E-4
			10)	din	1015	1964	1.1430475E-4
			11)	dip	1123	1653	9.620456E-5
			12)	div	1181	1466	8.532116E-5
			13)	dig	1364	1072	6.2390376E-5
			14)	dit	1403	996	5.7967176E-5
			15)	diá	1642	623	3.6258585E-5
			16)	dib	1873	372	2.165039E-5
			17)	dij	1929	342	1.9904392E-5
			18)	dió	1971	317	1.8449393E-5
		5)	du	0	0	0.0
			1)	duc	428	6238	3.6305145E-4
			2)	dur	947	2230	1.2978594E-4
			3)	dud	1290	1207	7.024737E-5
			4)	dus	1367	1068	6.2157575E-5
			5)	duo	1675	588	3.4221586E-5
			6)	dua	1840	407	2.368739E-5
			7)	duz	2037	283	1.6470593E-5
		6)	dí	0	0	0.0
			1)	día	930	2317	1.3484934E-4
		7)	dr	0	0	0.0
			1)	drí	1026	1926	1.1209315E-4
			2)	drá	1136	1608	9.358556E-5
			3)	dre	1616	660	3.8411985E-5
			4)	dra	1962	322	1.8740391E-5
			5)	dro	2052	278	1.6179592E-5
		8)	dm	0	0	0.0
			1)	dmi	1281	1219	7.094577E-5
		9)	dh	0	0	0.0
			1)	dhe	1654	606	3.5269186E-5
		10)	dó	0	0	0.0
			1)	dón	1925	345	2.0078991E-5
		11)	dq	0	0	0.0
			1)	dqu	2081	257	1.4957393E-5
	4)	l	0	0	0.0
		1)	la	0	0	0.0
			1)	la_	5	127899	0.0074437186
			2)	las	49	40290	0.002344877
			3)	lar	198	12070	7.024737E-4
			4)	lac	386	6857	3.9907722E-4
			5)	lan	439	6107	3.5542724E-4
			6)	lam	509	5176	3.0124307E-4
			7)	lad	693	3648	2.123135E-4
			8)	lab	700	3581	2.0841412E-4
			9)	lat	727	3446	2.0055712E-4
			10)	laz	1153	1564	9.102476E-5
			11)	lav	1907	354	2.060279E-5
			12)	lau	2097	252	1.4666393E-5
		2)	lo	0	0	0.0
			1)	los	32	58173	0.0033856672
			2)	lo_	70	30274	0.001761946
			3)	log	859	2645	1.5393893E-4
			4)	lon	1106	1699	9.8881756E-5
			5)	lor	1137	1607	9.352736E-5
			6)	loc	1355	1085	6.3146974E-5
			7)	lob	1559	723	4.2078584E-5
			8)	lot	1646	618	3.5967583E-5
			9)	lom	1989	305	1.7750992E-5
			10)	loq	2159	221	1.2862194E-5
		3)	le	0	0	0.0
			1)	les	106	20743	0.001207242
			2)	le_	241	10241	5.9602596E-4
			3)	leg	360	7470	4.347538E-4
			4)	lem	413	6380	3.7131584E-4
			5)	lec	557	4718	2.7458748E-4
			6)	len	712	3535	2.0573691E-4
			7)	lev	905	2437	1.4183334E-4
			8)	leo	1130	1626	9.463316E-5
			9)	lej	1396	1010	5.8781974E-5
			10)	let	1429	946	5.5057175E-5
			11)	lea	1444	918	5.342758E-5
			12)	leb	1455	901	5.2438176E-5
			13)	lex	1516	787	4.580338E-5
			14)	ler	1522	773	4.498858E-5
			15)	lez	1738	519	3.0205787E-5
			16)	ley	1812	445	2.589899E-5
		4)	li	0	0	0.0
			1)	lic	251	9896	5.7594693E-4
			2)	lid	271	9250	5.383498E-4
			3)	liz	405	6483	3.7731044E-4
			4)	lib	717	3505	2.0399092E-4
			5)	lia	782	3072	1.7879032E-4
			6)	lim	793	3035	1.7663692E-4
			7)	lig	843	2750	1.6004994E-4
			8)	lit	1005	1989	1.1575975E-4
			9)	lis	1112	1686	9.812516E-5
			10)	lio	1464	872	5.075038E-5
			11)	lin	1525	771	4.487218E-5
			12)	lif	1664	596	3.4687186E-5
			13)	lir	1695	563	3.2766588E-5
			14)	lie	1823	426	2.479319E-5
			15)	liq	2001	299	1.7401793E-5
		5)	ll	0	0	0.0
			1)	llo	321	8203	4.774144E-4
			2)	lla	616	4192	2.439743E-4
			3)	lle	666	3801	2.212181E-4
			4)	llí	1845	402	2.339639E-5
			5)	llá	1899	358	2.083559E-5
		6)	lí	0	0	0.0
			1)	lít	361	7460	4.3417182E-4
			2)	lín	1694	563	3.2766588E-5
			3)	lím	1798	460	2.6771988E-5
			4)	lí_	1801	459	2.671379E-5
			5)	líc	2167	218	1.2687595E-5
		7)	lm	0	0	0.0
			1)	lme	416	6355	3.6986085E-4
		8)	lu	0	0	0.0
			1)	luc	512	5125	2.9827488E-4
			2)	lug	696	3620	2.1068391E-4
			3)	lus	873	2570	1.4957394E-4
			4)	lui	1191	1444	8.404077E-5
			5)	lud	1340	1104	6.4252774E-5
			6)	lut	1494	812	4.7258378E-5
			7)	luy	1524	771	4.487218E-5
			8)	lun	1531	762	4.434838E-5
			9)	lue	1537	756	4.399918E-5
			10)	lua	1547	747	4.3475382E-5
			11)	luz	2158	221	1.2862194E-5
			12)	lum	2196	209	1.2163795E-5
		9)	lt	0	0	0.0
			1)	lta	515	5102	2.9693628E-4
			2)	lti	805	2988	1.7390153E-4
			3)	ltu	1219	1374	7.996677E-5
			4)	lto	1239	1314	7.647477E-5
			5)	lte	1773	481	2.7994189E-5
		10)	lg	0	0	0.0
			1)	lgu	653	3903	2.2715451E-4
			2)	lgo	1234	1331	7.746417E-5
			3)	lgú	1937	337	1.9613391E-5
			4)	lga	2045	280	1.6295993E-5
		11)	lq	0	0	0.0
			1)	lqu	1279	1222	7.112037E-5
		12)	lc	0	0	0.0
			1)	lca	1310	1159	6.745377E-5
		13)	lv	0	0	0.0
			1)	lve	1348	1091	6.3496176E-5
			2)	lvi	1711	549	3.1951786E-5
			3)	lva	1782	474	2.7586788E-5
		14)	ló	0	0	0.0
			1)	lóg	1398	1005	5.8490976E-5
		15)	ld	0	0	0.0
			1)	lda	1400	1001	5.8258174E-5
			2)	lde	2183	212	1.2338394E-5
			3)	ldo	2214	203	1.18145945E-5
		16)	lá	0	0	0.0
			1)	lá_	1862	381	2.217419E-5
		17)	ls	0	0	0.0
			1)	lsa	1897	359	2.089379E-5
			2)	lso	2038	282	1.6412392E-5
		18)	lp	0	0	0.0
			1)	lpa	2108	244	1.4200794E-5
	5)	e	0	0	0.0
		1)	es	0	0	0.0
			1)	es_	6	118055	0.006870798
			2)	est	17	79616	0.0046336493
			3)	esp	117	18636	0.0010846148
			4)	esa	142	16097	9.3684497E-4
			5)	ese	165	14619	8.5082545E-4
			6)	esi	284	8935	5.2001677E-4
			7)	eso	291	8848	5.149534E-4
			8)	esc	571	4610	2.683019E-4
			9)	esu	587	4495	2.616089E-4
			10)	esd	834	2779	1.6173773E-4
			11)	esf	1166	1533	8.9220564E-5
			12)	esg	1218	1380	8.0315964E-5
			13)	esq	1827	423	2.461859E-5
			14)	esv	2224	200	1.1639995E-5
		2)	en	0	0	0.0
			1)	en_	12	104754	0.00609668
			2)	ent	16	90630	0.0052746637
			3)	enc	102	21517	0.0012522888
			4)	ene	146	15981	9.300938E-4
			5)	end	156	15332	8.92322E-4
			6)	ens	430	6184	3.5990865E-4
			7)	eno	520	5039	2.9326967E-4
			8)	eni	579	4554	2.6504268E-4
			9)	ena	599	4362	2.538683E-4
			10)	enm	804	3000	1.7459992E-4
			11)	eng	860	2645	1.5393893E-4
			12)	enf	1343	1102	6.413637E-5
			13)	enu	1465	872	5.075038E-5
			14)	env	1600	679	3.951778E-5
			15)	enz	1619	653	3.8004582E-5
			16)	ení	1900	358	2.083559E-5
			17)	ené	1986	306	1.7809192E-5
			18)	enó	2087	256	1.4899194E-5
		3)	el	0	0	0.0
			1)	el_	13	103440	0.0060202056
			2)	ela	379	7133	4.151404E-4
			3)	ele	429	6210	3.6142184E-4
			4)	ell	501	5229	3.0432767E-4
			5)	eli	682	3705	2.156309E-4
			6)	elo	1282	1218	7.088757E-5
			7)	elv	1880	369	2.1475791E-5
			8)	elt	1993	303	1.7634593E-5
		4)	er	0	0	0.0
			1)	er_	82	25957	0.0015106967
			2)	era	90	24641	0.0014341056
			3)	ero	126	17969	0.0010457954
			4)	ere	150	15798	9.194432E-4
			5)	eri	225	10694	6.2239054E-4
			6)	ert	341	7786	4.53145E-4
			7)	erc	354	7521	4.3772202E-4
			8)	ers	371	7254	4.221826E-4
			9)	erv	458	5804	3.3779265E-4
			10)	err	488	5338	3.1067146E-4
			11)	erd	506	5186	3.0182506E-4
			12)	erm	508	5180	3.0147587E-4
			13)	erí	543	4854	2.8250267E-4
			14)	ern	574	4597	2.6754529E-4
			15)	erá	880	2527	1.4707133E-4
			16)	erz	1114	1679	9.7717755E-5
			17)	erg	1174	1502	8.741636E-5
			18)	erl	1199	1414	8.229476E-5
			19)	eré	1445	918	5.342758E-5
			20)	erf	1591	690	4.0157982E-5
			21)	erp	1674	588	3.4221586E-5
			22)	erj	1908	354	2.060279E-5
		5)	ec	0	0	0.0
			1)	ect	123	18256	0.0010624988
			2)	eci	134	16832	9.79622E-4
			3)	ece	192	12447	7.2441506E-4
			4)	ech	253	9822	5.7164015E-4
			5)	eco	345	7704	4.483726E-4
			6)	ecu	465	5668	3.2987745E-4
			7)	ecc	784	3067	1.7849932E-4
			8)	ecl	1232	1337	7.781337E-5
			9)	eca	1280	1220	7.100397E-5
			10)	ecí	1460	881	5.127418E-5
			11)	ecn	1581	701	4.0798182E-5
			12)	ecr	2181	214	1.2454795E-5
		6)	em	0	0	0.0
			1)	emo	127	17943	0.0010442821
			2)	emp	217	11070	6.442737E-4
			3)	ema	257	9697	5.643652E-4
			4)	emb	307	8396	4.8864697E-4
			5)	eme	450	5894	3.4303064E-4
			6)	emá	814	2923	1.7011852E-4
			7)	emi	1237	1321	7.688217E-5
			8)	emu	1893	361	2.1010192E-5
		7)	ed	0	0	0.0
			1)	edi	184	13014	7.574145E-4
			2)	ede	313	8348	4.8585338E-4
			3)	eda	434	6147	3.5775526E-4
			4)	edu	1008	1977	1.1506135E-4
			5)	ed_	1029	1920	1.1174395E-4
			6)	edo	1204	1408	8.194557E-5
		8)	eg	0	0	0.0
			1)	egu	207	11517	6.702891E-4
			2)	egi	455	5850	3.4046985E-4
			3)	ega	484	5411	3.1492006E-4
			4)	ego	846	2733	1.5906052E-4
			5)	egr	1094	1736	1.01035155E-4
			6)	egl	1099	1728	1.0056956E-4
			7)	egú	1528	768	4.469758E-5
			8)	ege	1715	545	3.1718988E-5
			9)	egí	1994	303	1.7634593E-5
		9)	eb	0	0	0.0
			1)	ebe	221	10899	6.3432154E-4
			2)	eba	553	4771	2.7767208E-4
			3)	ebr	1302	1180	6.867597E-5
			4)	ebi	1363	1073	6.244858E-5
			5)	ebl	1506	798	4.644358E-5
			6)	ebo	1822	430	2.5025989E-5
		10)	eñ	0	0	0.0
			1)	eño	252	9863	5.740264E-4
			2)	eña	892	2493	1.4509253E-4
		11)	eo	0	0	0.0
			1)	eo_	372	7219	4.2014563E-4
			2)	eos	1124	1652	9.614636E-5
			3)	eoc	1188	1453	8.456456E-5
			4)	eor	1943	332	1.9322391E-5
		12)	eu	0	0	0.0
			1)	eur	396	6607	3.8452723E-4
			2)	eun	1512	790	4.597798E-5
			3)	eud	2013	292	1.6994392E-5
		13)	ea	0	0	0.0
			1)	ea_	433	6155	3.5822086E-4
			2)	eal	580	4548	2.646935E-4
			3)	ear	993	2034	1.18378746E-4
			4)	eas	1062	1814	1.05574756E-4
			5)	ean	1159	1553	9.038456E-5
			6)	eac	1272	1234	7.1818766E-5
			7)	ead	1346	1094	6.367077E-5
			8)	eam	1461	881	5.127418E-5
			9)	eab	2027	285	1.6586993E-5
		14)	et	0	0	0.0
			1)	ete	461	5779	3.3633766E-4
			2)	eti	510	5167	3.0071926E-4
			3)	eta	618	4190	2.438579E-4
			4)	eto	844	2746	1.5981714E-4
			5)	etr	1229	1342	7.810436E-5
			6)	etc	2077	262	1.52483935E-5
			7)	etu	2172	216	1.2571195E-5
		15)	ex	0	0	0.0
			1)	exi	499	5233	3.0456047E-4
			2)	exp	554	4763	2.7720648E-4
			3)	ext	631	4061	2.363501E-4
			4)	exc	970	2158	1.2559554E-4
			5)	exa	1235	1330	7.7405966E-5
			6)	exo	2148	225	1.3094995E-5
			7)	exu	2164	220	1.2803995E-5
		16)	ef	0	0	0.0
			1)	efi	525	5022	2.9228028E-4
			2)	efe	539	4894	2.848307E-4
			3)	efo	1132	1619	9.422576E-5
			4)	efl	1548	744	4.330078E-5
			5)	efu	1649	609	3.5443783E-5
		17)	ev	0	0	0.0
			1)	eva	530	4987	2.9024328E-4
			2)	evi	663	3811	2.218001E-4
			3)	evo	815	2914	1.6959473E-4
			4)	eve	957	2206	1.2838915E-4
			5)	evé	2032	284	1.6528793E-5
		18)	ej	0	0	0.0
			1)	eje	675	3765	2.191229E-4
			2)	ejo	681	3708	2.1580551E-4
			3)	eja	939	2282	1.3281235E-4
		19)	ez	0	0	0.0
			1)	ez_	770	3118	1.8146752E-4
			2)	eza	1091	1742	1.0138436E-4
			3)	ezc	1520	781	4.545418E-5
		20)	eq	0	0	0.0
			1)	equ	774	3109	1.8094372E-4
		21)	ep	0	0	0.0
			1)	ept	904	2441	1.4206614E-4
			2)	epr	1012	1972	1.1477035E-4
			3)	epe	1107	1696	9.8707154E-5
			4)	epa	1117	1678	9.7659555E-5
			5)	epc	1560	723	4.2078584E-5
			6)	epo	1693	567	3.2999385E-5
			7)	epi	2039	282	1.6412392E-5
		22)	ee	0	0	0.0
			1)	eem	1829	418	2.432759E-5
			2)	eer	1947	331	1.9264191E-5
			3)	ee_	2017	290	1.6877993E-5
			4)	een	2094	253	1.4724594E-5
		23)	ei	0	0	0.0
			1)	ein	1909	354	2.060279E-5
			2)	eit	2070	264	1.5364792E-5
			3)	eis	2090	255	1.4840994E-5
		24)	eh	0	0	0.0
			1)	ehí	2007	296	1.7227192E-5
		25)	ey	0	0	0.0
			1)	ey_	2031	284	1.6528793E-5
			2)	eye	2216	203	1.18145945E-5
	6)	a	0	0	0.0
		1)	as	0	0	0.0
			1)	as_	7	117342	0.0068293014
			2)	aso	494	5279	3.0723767E-4
			3)	asi	551	4785	2.7848687E-4
			4)	ast	648	3929	2.286677E-4
			5)	asa	660	3841	2.235461E-4
			6)	ase	759	3212	1.8693831E-4
			7)	así	808	2983	1.7361052E-4
			8)	asu	856	2661	1.5487014E-4
			9)	asp	1171	1508	8.776556E-5
			10)	asc	1844	405	2.357099E-5
		2)	ac	0	0	0.0
			1)	aci	30	58649	0.0034133703
			2)	ace	232	10414	6.0609455E-4
			3)	act	359	7489	4.358596E-4
			4)	acc	668	3798	2.210435E-4
			5)	acu	670	3789	2.2051971E-4
			6)	aca	899	2457	1.4299733E-4
			7)	aco	1007	1982	1.1535235E-4
			8)	acl	1851	394	2.293079E-5
			9)	acr	1896	360	2.0951991E-5
			10)	ací	1945	332	1.9322391E-5
		3)	ar	0	0	0.0
			1)	ar_	37	50673	0.0029491673
			2)	ara	69	30809	0.001793083
			3)	ari	151	15690	9.131576E-4
			4)	art	191	12614	7.3413446E-4
			5)	are	391	6744	3.9250063E-4
			6)	arr	504	5190	3.0205786E-4
			7)	arg	528	5003	2.9117448E-4
			8)	ará	630	4066	2.3664109E-4
			9)	ars	715	3510	2.0428191E-4
			10)	arc	733	3405	1.9817092E-4
			11)	arl	761	3161	1.8397011E-4
			12)	arí	833	2782	1.6191234E-4
			13)	aro	928	2327	1.3543134E-4
			14)	arm	1100	1724	1.0033676E-4
			15)	arn	1245	1301	7.571817E-5
			16)	ard	1288	1209	7.036377E-5
			17)	aré	1809	450	2.618999E-5
			18)	arb	2131	232	1.3502394E-5
			19)	arz	2168	218	1.2687595E-5
		4)	ad	0	0	0.0
			1)	ado	45	43107	0.0025088263
			2)	ad_	101	21581	0.0012560136
			3)	ada	111	19441	0.0011314657
			4)	ade	220	11018	6.412473E-4
			5)	adi	855	2667	1.5521933E-4
			6)	adm	1278	1223	7.117857E-5
			7)	adh	1615	661	3.847018E-5
			8)	adu	1651	607	3.5327386E-5
			9)	adq	2082	257	1.4957393E-5
			10)	adr	2138	230	1.3385994E-5
			11)	adv	2161	221	1.2862194E-5
		5)	al	0	0	0.0
			1)	al_	51	39259	0.0022848728
			2)	ale	145	16005	9.314906E-4
			3)	ali	214	11169	6.500355E-4
			4)	alm	418	6349	3.6951163E-4
			5)	alg	468	5649	3.2877165E-4
			6)	ala	665	3803	2.213345E-4
			7)	alt	885	2524	1.4689674E-4
			8)	alu	1032	1906	1.10929155E-4
			9)	all	1079	1773	1.03188555E-4
			10)	alo	1115	1679	9.7717755E-5
			11)	alc	1214	1392	8.101437E-5
			12)	ald	1254	1270	7.3913965E-5
			13)	alq	1286	1210	7.042197E-5
			14)	alv	1913	352	2.0486392E-5
			15)	als	2165	219	1.2745794E-5
		6)	an	0	0	0.0
			1)	ant	74	28680	0.0016691752
			2)	an_	81	26362	0.0015342678
			3)	and	230	10543	6.1360234E-4
			4)	anc	311	8361	4.8661E-4
			5)	ano	397	6579	3.8289765E-4
			6)	ani	547	4824	2.8075668E-4
			7)	ans	625	4132	2.404823E-4
			8)	ana	644	3977	2.314613E-4
			9)	ane	807	2985	1.7372692E-4
			10)	anz	829	2817	1.6394933E-4
			11)	anu	1419	962	5.5988377E-5
			12)	aní	1904	357	2.0777392E-5
			13)	aná	1912	352	2.0486392E-5
			14)	anm	1983	309	1.7983792E-5
			15)	ang	1991	305	1.7750992E-5
			16)	anq	2002	299	1.7401793E-5
			17)	anj	2003	298	1.7343593E-5
		7)	am	0	0	0.0
			1)	ame	110	19614	0.0011415343
			2)	amb	176	13447	7.8261504E-4
			3)	amo	208	11516	6.702309E-4
			4)	ami	446	5953	3.4646445E-4
			5)	ama	626	4119	2.3972569E-4
			6)	amp	690	3662	2.1312831E-4
			7)	amá	2188	211	1.2280195E-5
		8)	at	0	0	0.0
			1)	ati	267	9328	5.4288935E-4
			2)	ate	280	8977	5.224612E-4
			3)	ata	473	5551	3.2306806E-4
			4)	ato	749	3297	1.9188532E-4
			5)	atu	1019	1950	1.1348995E-4
			6)	atr	1192	1438	8.3691564E-5
			7)	atá	1898	359	2.089379E-5
			8)	até	1995	302	1.7576393E-5
		9)	ab	0	0	0.0
			1)	abl	277	9101	5.2967796E-4
			2)	aba	339	7844	4.565206E-4
			3)	abo	608	4241	2.468261E-4
			4)	abi	636	4035	2.348369E-4
			5)	abe	703	3571	2.0783211E-4
			6)	abr	818	2903	1.6895453E-4
			7)	abs	1328	1131	6.582417E-5
			8)	abí	1530	763	4.440658E-5
			9)	abu	1914	352	2.0486392E-5
		10)	aí	0	0	0.0
			1)	aís	404	6499	3.7824165E-4
			2)	aíd	2225	200	1.1639995E-5
		11)	añ	0	0	0.0
			1)	año	523	5029	2.9268768E-4
			2)	aña	956	2212	1.2873835E-4
			3)	añe	2107	247	1.4375394E-5
			4)	añí	2145	227	1.3211395E-5
		12)	ay	0	0	0.0
			1)	ay_	638	4024	2.341967E-4
			2)	ayo	746	3323	1.9339852E-4
			3)	ayu	850	2705	1.5743093E-4
			4)	aya	867	2622	1.5260033E-4
			5)	aye	1793	465	2.7062988E-5
		13)	aj	0	0	0.0
			1)	ajo	688	3675	2.1388491E-4
			2)	aja	902	2448	1.4247354E-4
			3)	aje	1227	1346	7.8337165E-5
			4)	aju	2129	233	1.3560594E-5
		14)	ap	0	0	0.0
			1)	apr	694	3640	2.118479E-4
			2)	apo	705	3557	2.070173E-4
			3)	apl	767	3127	1.8199132E-4
			4)	apa	827	2836	1.6505513E-4
			5)	ape	1119	1675	9.748496E-5
			6)	api	1404	995	5.7908976E-5
			7)	apt	1734	524	3.0496787E-5
		15)	aq	0	0	0.0
			1)	aqu	744	3345	1.9467891E-4
		16)	ah	0	0	0.0
			1)	aho	788	3049	1.7745173E-4
			2)	ahí	1894	361	2.1010192E-5
		17)	ag	0	0	0.0
			1)	agr	789	3049	1.7745173E-4
			2)	aga	1220	1374	7.996677E-5
			3)	agu	1329	1130	6.576597E-5
			4)	ago	1545	750	4.364998E-5
			5)	age	1553	738	4.2951582E-5
			6)	agi	1875	371	2.159219E-5
		18)	au	0	0	0.0
			1)	aut	881	2527	1.4707133E-4
			2)	aus	1133	1618	9.416756E-5
			3)	aun	1210	1400	8.1479964E-5
			4)	aum	1371	1060	6.169197E-5
			5)	aud	1595	686	3.9925184E-5
		19)	az	0	0	0.0
			1)	azo	984	2077	1.2088135E-4
			2)	aza	1108	1696	9.8707154E-5
			3)	az_	1142	1600	9.311996E-5
			4)	azó	1366	1069	6.2215775E-5
		20)	av	0	0	0.0
			1)	avo	999	2006	1.1674915E-4
			2)	ave	1190	1451	8.444816E-5
			3)	ava	1244	1304	7.589277E-5
			4)	aví	1533	760	4.423198E-5
			5)	avé	1584	698	4.062358E-5
			6)	avi	1735	521	3.0322188E-5
		21)	aú	0	0	0.0
			1)	aún	1260	1251	7.2808165E-5
		22)	af	0	0	0.0
			1)	afe	1322	1137	6.617337E-5
			2)	afi	1466	869	5.0575778E-5
			3)	afr	1799	460	2.6771988E-5
			4)	afo	1906	355	2.0660991E-5
			5)	afí	1999	300	1.7459992E-5
		23)	aé	0	0	0.0
			1)	aér	1729	531	3.0904186E-5
		24)	ae	0	0	0.0
			1)	aer	1797	462	2.6888389E-5
			2)	aes	1885	367	2.135939E-5
		25)	ao	0	0	0.0
			1)	aor	1892	362	2.106839E-5
	7)	q	0	0	0.0
		1)	qu	0	0	0.0
			1)	que	9	112393	0.00654127
			2)	qui	194	12348	7.186533E-4
			3)	qué	913	2396	1.3944713E-4
			4)	quí	942	2272	1.3223034E-4
	8)	u	0	0	0.0
		1)	ue	0	0	0.0
			1)	ue_	10	106626	0.0062056305
			2)	ues	88	24896	0.0014489465
			3)	uer	235	10359	6.0289353E-4
			4)	ued	289	8869	5.161756E-4
			5)	uen	340	7808	4.544254E-4
			6)	uev	592	4452	2.5910628E-4
			7)	uel	944	2268	1.3199754E-4
			8)	ueb	1084	1766	1.0278115E-4
			9)	ueg	1356	1083	6.303057E-5
			10)	ueñ	1425	952	5.5406377E-5
			11)	uet	1633	637	3.7073383E-5
			12)	uec	1788	469	2.7295788E-5
		2)	un	0	0	0.0
			1)	una	73	29081	0.0016925135
			2)	un_	92	24366	0.0014181006
			3)	unt	255	9781	5.692539E-4
			4)	uni	385	6896	4.0134703E-4
			5)	und	400	6538	3.8051142E-4
			6)	uno	560	4699	2.7348168E-4
			7)	unc	773	3112	1.8111832E-4
			8)	unq	1339	1108	6.4485575E-5
			9)	une	1671	589	3.4279787E-5
			10)	uns	1860	383	2.2290591E-5
		3)	ur	0	0	0.0
			1)	ura	231	10441	6.076659E-4
			2)	uro	275	9126	5.31133E-4
			3)	uri	849	2711	1.5778013E-4
			4)	urs	1111	1688	9.824156E-5
			5)	urí	1299	1194	6.949077E-5
			6)	urr	1394	1013	5.8956575E-5
			7)	urg	1406	991	5.7676174E-5
			8)	urc	1987	305	1.7750992E-5
			9)	urn	2089	255	1.4840994E-5
			10)	ure	2109	243	1.41425935E-5
			11)	urb	2126	233	1.3560594E-5
			12)	ur_	2207	205	1.1930995E-5
		4)	uc	0	0	0.0
			1)	uci	272	9216	5.3637096E-4
			2)	uch	403	6508	3.7876543E-4
			3)	uct	730	3429	1.9956772E-4
			4)	ucc	1003	1993	1.1599255E-4
			5)	uce	1268	1243	7.234257E-5
			6)	uca	1684	578	3.3639586E-5
			7)	ucl	1905	355	2.0660991E-5
		5)	ua	0	0	0.0
			1)	ual	337	7902	4.598962E-4
			2)	uan	628	4088	2.379215E-4
			3)	uac	667	3800	2.211599E-4
			4)	uar	1034	1902	1.10696354E-4
			5)	uad	1224	1356	7.891917E-5
			6)	ua_	1477	841	4.8946178E-5
			7)	uas	1652	606	3.5269186E-5
			8)	uat	1820	436	2.537519E-5
		6)	ui	0	0	0.0
			1)	uie	351	7617	4.433092E-4
			2)	uir	672	3781	2.200541E-4
			3)	uis	816	2909	1.6930373E-4
			4)	uid	890	2505	1.4579094E-4
			5)	uil	1454	901	5.2438176E-5
			6)	uiz	1601	675	3.9284983E-5
			7)	uic	1667	594	3.4570785E-5
			8)	uim	1719	538	3.1311585E-5
			9)	uin	1767	488	2.8401588E-5
			10)	uit	2058	273	1.5888592E-5
			11)	uié	2064	269	1.5655793E-5
			12)	uip	2071	263	1.5306594E-5
			13)	uiv	2091	254	1.4782793E-5
		7)	us	0	0	0.0
			1)	ust	367	7344	4.2742063E-4
			2)	us_	533	4958	2.885555E-4
			3)	uso	926	2331	1.3566414E-4
			4)	usi	927	2331	1.3566414E-4
			5)	usa	1238	1315	7.653297E-5
			6)	usc	1544	751	4.370818E-5
			7)	usu	1849	399	2.322179E-5
			8)	use	2005	297	1.7285392E-5
		8)	ud	0	0	0.0
			1)	uda	381	6999	4.0734163E-4
			2)	udi	925	2333	1.3578054E-4
			3)	ud_	1054	1841	1.0714615E-4
			4)	ude	1458	883	5.1390576E-5
			5)	udo	1610	663	3.8586582E-5
		9)	ul	0	0	0.0
			1)	ult	412	6390	3.7189783E-4
			2)	ula	432	6155	3.5822086E-4
			3)	ulo	882	2526	1.4701314E-4
			4)	uls	1750	507	2.9507388E-5
			5)	uli	1967	319	1.8565792E-5
			6)	ulp	2076	262	1.52483935E-5
		10)	uy	0	0	0.0
			1)	uy_	584	4503	2.620745E-4
			2)	uye	1020	1949	1.1343175E-4
			3)	uya	1493	812	4.7258378E-5
			4)	uyo	1726	532	3.0962387E-5
		11)	ug	0	0	0.0
			1)	uga	676	3764	2.190647E-4
			2)	ugu	1623	649	3.7771784E-5
			3)	ugi	1698	560	3.2591986E-5
			4)	uge	2140	228	1.3269594E-5
		12)	um	0	0	0.0
			1)	ume	679	3739	2.176097E-4
			2)	uma	750	3290	1.9147791E-4
			3)	umi	1104	1705	9.923096E-5
			4)	ump	1206	1406	8.182917E-5
			5)	umb	1706	554	3.2242788E-5
			6)	umo	1977	313	1.8216591E-5
		13)	ut	0	0	0.0
			1)	uto	794	3034	1.7657873E-4
			2)	uta	876	2547	1.4823534E-4
			3)	uti	932	2305	1.3415095E-4
			4)	utu	1050	1849	1.07611755E-4
			5)	ute	2096	252	1.4666393E-5
		14)	up	0	0	0.0
			1)	upa	921	2337	1.3601335E-4
			2)	upu	975	2148	1.2501354E-4
			3)	upo	1075	1780	1.0359596E-4
			4)	upe	1200	1409	8.200377E-5
			5)	upr	1959	324	1.8856792E-5
			6)	upl	2198	207	1.2047395E-5
		15)	ué	0	0	0.0
			1)	ué_	931	2305	1.3415095E-4
			2)	ués	1325	1133	6.594057E-5
		16)	uí	0	0	0.0
			1)	uí_	1013	1970	1.1465395E-4
		17)	uj	0	0	0.0
			1)	uje	1152	1564	9.102476E-5
			2)	ujo	2137	230	1.3385994E-5
		18)	ub	0	0	0.0
			1)	ubr	1360	1079	6.279777E-5
			2)	ubi	1474	850	4.9469978E-5
			3)	ubs	1716	544	3.1660787E-5
			4)	ube	1842	405	2.357099E-5
			5)	ubl	1872	372	2.165039E-5
			6)	ubv	1927	344	2.002079E-5
		19)	uf	0	0	0.0
			1)	ufi	1386	1029	5.9887774E-5
			2)	ufr	1800	459	2.671379E-5
		20)	uo	0	0	0.0
			1)	uos	1514	788	4.586158E-5
			2)	uo_	1901	357	2.0777392E-5
			3)	uot	2040	281	1.6354194E-5
		21)	uá	0	0	0.0
			1)	uál	1768	486	2.8285187E-5
			2)	uán	1961	322	1.8740391E-5
		22)	uv	0	0	0.0
			1)	uvi	1776	479	2.7877788E-5
			2)	uvo	2136	230	1.3385994E-5
			3)	uve	2190	210	1.2221994E-5
		23)	uz	0	0	0.0
			1)	uzc	2028	284	1.6528793E-5
			2)	uz_	2170	216	1.2571195E-5
		24)	uq	0	0	0.0
			1)	uqu	2048	278	1.6179592E-5
	9)	n	0	0	0.0
		1)	nt	0	0	0.0
			1)	nte	19	76713	0.0044646948
			2)	nto	72	29166	0.0016974604
			3)	nta	96	23313	0.001356816
			4)	ntr	112	19115	0.0011124925
			5)	nti	325	8160	4.749118E-4
			6)	ntí	1411	977	5.6861376E-5
			7)	ntu	1733	525	3.0554987E-5
			8)	ntó	2193	210	1.2221994E-5
		2)	no	0	0	0.0
			1)	no_	53	37586	0.0021875042
			2)	nos	114	18806	0.0010945087
			3)	nor	674	3770	2.1941391E-4
			4)	nom	777	3094	1.8007073E-4
			5)	noc	842	2751	1.6010813E-4
			6)	nov	1476	842	4.900438E-5
			7)	nol	1573	709	4.1263782E-5
			8)	not	1583	699	4.068178E-5
			9)	noz	2054	277	1.6121394E-5
		3)	na	0	0	0.0
			1)	na_	62	32767	0.0019070386
			2)	nal	236	10348	6.0225336E-4
			3)	nas	419	6339	3.6892964E-4
			4)	nac	425	6288	3.6596143E-4
			5)	nad	442	5992	3.4873426E-4
			6)	nar	561	4696	2.733071E-4
			7)	nan	646	3961	2.305301E-4
			8)	nat	1057	1831	1.06564155E-4
			9)	nam	1105	1705	9.923096E-5
			10)	naz	1740	517	3.0089386E-5
			11)	nab	1780	474	2.7586788E-5
		4)	nc	0	0	0.0
			1)	nci	67	31651	0.0018420874
			2)	nce	514	5106	2.9716908E-4
			3)	ncl	671	3785	2.2028691E-4
			4)	nco	864	2630	1.5306594E-4
			5)	ncr	1022	1937	1.1273335E-4
			6)	ncu	1037	1897	1.1040535E-4
			7)	nca	1069	1792	1.04294355E-4
			8)	ncí	1949	330	1.9205992E-5
		5)	ne	0	0	0.0
			1)	nes	76	27928	0.0016254089
			2)	ner	246	10169	5.9183553E-4
			3)	ne_	437	6114	3.5583464E-4
			4)	nec	457	5813	3.3831646E-4
			5)	nen	513	5122	2.9810026E-4
			6)	nem	883	2524	1.4689674E-4
			7)	neg	1017	1954	1.1372275E-4
			8)	nea	1337	1111	6.466017E-5
			9)	nef	1384	1036	6.0295173E-5
			10)	net	1865	379	2.2057791E-5
			11)	neo	2008	295	1.7168992E-5
			12)	ned	2011	293	1.7052593E-5
			13)	nex	2044	280	1.6295993E-5
			14)	nel	2147	225	1.3094995E-5
		6)	nd	0	0	0.0
			1)	ndo	138	16411	9.551198E-4
			2)	nda	288	8894	5.176306E-4
			3)	nde	324	8176	4.75843E-4
			4)	ndi	349	7652	4.453462E-4
			5)	ndu	1027	1921	1.11802154E-4
			6)	ndr	1067	1799	1.0470176E-4
		7)	nu	0	0	0.0
			1)	nue	206	11595	6.748287E-4
			2)	nun	1186	1457	8.4797364E-5
			3)	nua	1275	1227	7.141137E-5
			4)	nud	1761	496	2.8867187E-5
			5)	nuc	1762	496	2.8867187E-5
			6)	num	1786	471	2.7412189E-5
			7)	nut	2154	222	1.29203945E-5
			8)	nui	2209	205	1.1930995E-5
		8)	nf	0	0	0.0
			1)	nfo	259	9588	5.5802136E-4
			2)	nfi	1271	1238	7.205157E-5
			3)	nfl	1374	1054	6.134278E-5
			4)	nfr	1456	899	5.232178E-5
			5)	nfe	1550	740	4.3067983E-5
			6)	nfa	2042	281	1.6354194E-5
			7)	nfu	2111	241	1.4026194E-5
		9)	ni	0	0	0.0
			1)	nic	375	7186	4.18225E-4
			2)	nid	581	4547	2.6463528E-4
			3)	nit	796	3024	1.7599673E-4
			4)	nis	893	2486	1.4468514E-4
			5)	nif	946	2253	1.3112454E-4
			6)	niz	963	2189	1.2739975E-4
			7)	nió	987	2064	1.2012475E-4
			8)	niv	1059	1828	1.06389554E-4
			9)	nim	1088	1754	1.02082755E-4
			10)	nin	1122	1654	9.626276E-5
			11)	ni_	1145	1593	9.271256E-5
			12)	nio	1205	1407	8.188737E-5
			13)	nie	1326	1132	6.588237E-5
			14)	nir	1486	822	4.7840378E-5
			15)	niñ	1571	711	4.1380183E-5
			16)	nib	1586	694	4.0390783E-5
			17)	nia	2157	221	1.2862194E-5
		10)	ns	0	0	0.0
			1)	nsi	380	7100	4.1321982E-4
			2)	nst	390	6780	3.9459582E-4
			3)	nsa	536	4919	2.8628568E-4
			4)	nse	641	3998	2.326835E-4
			5)	nsp	870	2585	1.5044694E-4
			6)	nsu	968	2169	1.2623574E-4
			7)	nso	1252	1280	7.449597E-5
			8)	nsf	1634	636	3.7015183E-5
			9)	nsc	1644	620	3.6083984E-5
			10)	nsm	1953	327	1.9031391E-5
		11)	nv	0	0	0.0
			1)	nve	627	4092	2.381543E-4
			2)	nvi	1247	1290	7.5077965E-5
			3)	nvo	2192	210	1.2221994E-5
		12)	nm	0	0	0.0
			1)	nmi	722	3486	2.0288512E-4
			2)	nme	1451	905	5.2670977E-5
		13)	nz	0	0	0.0
			1)	nza	756	3226	1.8775312E-4
			2)	nzo	2118	238	1.3851594E-5
		14)	nó	0	0	0.0
			1)	nóm	903	2444	1.4224074E-4
		15)	ng	0	0	0.0
			1)	nga	990	2051	1.19368146E-4
			2)	ngu	1180	1477	8.5961365E-5
			3)	ngo	1304	1174	6.832677E-5
			4)	ngú	1527	768	4.469758E-5
			5)	ngr	1741	515	2.9972987E-5
			6)	nge	2066	266	1.5481193E-5
		16)	nq	0	0	0.0
			1)	nqu	1113	1684	9.800876E-5
		17)	nj	0	0	0.0
			1)	nju	1285	1212	7.053837E-5
			2)	nje	2021	288	1.6761593E-5
		18)	ní	0	0	0.0
			1)	nía	1498	804	4.679278E-5
		19)	nú	0	0	0.0
			1)	núm	1501	801	4.661818E-5
		20)	ná	0	0	0.0
			1)	nál	1939	336	1.9555191E-5
		21)	nn	0	0	0.0
			1)	nno	2049	278	1.6179592E-5
	10)	ó	0	0	0.0
		1)	ón	0	0	0.0
			1)	ón_	20	75005	0.004365289
			2)	óni	1779	475	2.7644988E-5
			3)	ónd	2099	251	1.4608194E-5
		2)	ól	0	0	0.0
			1)	ólo	743	3350	1.9496992E-4
			2)	óli	2115	239	1.3909794E-5
		3)	óm	0	0	0.0
			1)	ómi	940	2276	1.3246314E-4
			2)	ómo	1389	1025	5.9654973E-5
			3)	óme	2120	236	1.3735194E-5
		4)	óx	0	0	0.0
			1)	óxi	1321	1138	6.623157E-5
		5)	óg	0	0	0.0
			1)	ógi	1393	1015	5.9072976E-5
		6)	óv	0	0	0.0
			1)	óve	1701	555	3.2300984E-5
			2)	óvi	2169	216	1.2571195E-5
		7)	ór	0	0	0.0
			1)	óri	1870	373	2.170859E-5
			2)	órg	1996	301	1.7518192E-5
		8)	ód	0	0	0.0
			1)	ódi	2014	291	1.6936192E-5
		9)	ós	0	0	0.0
			1)	ósi	2098	251	1.4608194E-5
		10)	óc	0	0	0.0
			1)	ócr	2162	220	1.2803995E-5
	11)	i	0	0	0.0
		1)	ió	0	0	0.0
			1)	ión	21	73640	0.0042858464
			2)	ió_	1300	1188	6.914157E-5
		2)	ie	0	0	0.0
			1)	ien	56	35673	0.0020761676
			2)	ier	139	16356	9.519188E-4
			3)	iem	286	8905	5.1827077E-4
			4)	ied	1039	1879	1.0935775E-4
			5)	ies	1042	1873	1.0900855E-4
			6)	ie_	1249	1285	7.478697E-5
			7)	iez	1818	440	2.560799E-5
			8)	iet	1825	424	2.4676789E-5
			9)	ieg	1922	346	2.0137191E-5
		3)	io	0	0	0.0
			1)	ion	57	34267	0.0019943386
			2)	io_	136	16660	9.696116E-4
			3)	ios	237	10336	6.0155493E-4
			4)	ior	718	3499	2.0364171E-4
			5)	iol	1418	963	5.6046574E-5
			6)	ioa	1552	739	4.3009783E-5
			7)	iod	1868	375	2.182499E-5
		4)	id	0	0	0.0
			1)	ida	61	32999	0.0019205409
			2)	ido	119	18440	0.0010732076
			3)	ide	327	8149	4.742716E-4
			4)	idi	1082	1770	1.03013954E-4
			5)	idu	1432	938	5.4591575E-5
		5)	ic	0	0	0.0
			1)	ica	68	31192	0.0018153737
			2)	ici	104	21293	0.001239252
			3)	ico	213	11175	6.503847E-4
			4)	icu	710	3540	2.0602791E-4
			5)	ich	809	2971	1.7291213E-4
			6)	ice	1053	1844	1.0732075E-4
			7)	ict	1182	1465	8.526296E-5
			8)	icc	1769	486	2.8285187E-5
			9)	icl	2036	283	1.6470593E-5
			10)	icí	2178	214	1.2454795E-5
		6)	ia	0	0	0.0
			1)	ia_	97	23231	0.0013520436
			2)	ial	243	10211	5.9427996E-4
			3)	ias	330	8110	4.720018E-4
			4)	iar	692	3659	2.129537E-4
			5)	iac	720	3493	2.0329251E-4
			6)	iad	738	3384	1.9694872E-4
			7)	ian	840	2755	1.6034093E-4
			8)	iat	1064	1805	1.0505095E-4
			9)	iam	1262	1247	7.257537E-5
			10)	iab	1848	401	2.333819E-5
			11)	iaj	2179	214	1.2454795E-5
		7)	is	0	0	0.0
			1)	ist	140	16159	9.404534E-4
			2)	isi	248	9981	5.8089395E-4
			3)	ism	393	6677	3.8860124E-4
			4)	isp	795	3033	1.7652052E-4
			5)	isc	929	2320	1.3502395E-4
			6)	isl	994	2032	1.18262345E-4
			7)	is_	996	2027	1.1797135E-4
			8)	iso	1025	1926	1.1209315E-4
			9)	isa	1148	1579	9.189776E-5
			10)	isf	1345	1095	6.372897E-5
			11)	ise	1957	325	1.8914992E-5
		8)	ir	0	0	0.0
			1)	ir_	171	13881	8.0787385E-4
			2)	ire	635	4046	2.354771E-4
			3)	irm	1023	1930	1.1232595E-4
			4)	irá	1253	1273	7.4088566E-5
			5)	ira	1295	1202	6.995637E-5
			6)	irl	1338	1111	6.466017E-5
			7)	iri	1341	1104	6.4252774E-5
			8)	irs	1433	937	5.4533375E-5
			9)	irc	1463	876	5.0983177E-5
			10)	irí	1641	627	3.6491383E-5
			11)	irr	1841	406	2.3629189E-5
			12)	irt	1976	314	1.8274792E-5
			13)	irv	2085	256	1.4899194E-5
			14)	iré	2194	210	1.2221994E-5
		9)	in	0	0	0.0
			1)	ina	175	13496	7.8546687E-4
			2)	int	181	13088	7.617213E-4
			3)	inc	234	10369	6.0347555E-4
			4)	inf	260	9538	5.551114E-4
			5)	ini	398	6566	3.8214104E-4
			6)	in_	415	6360	3.7015183E-4
			7)	ino	485	5376	3.1288306E-4
			8)	ins	529	4987	2.9024328E-4
			9)	ind	591	4455	2.5928087E-4
			10)	ing	838	2767	1.6103934E-4
			11)	ine	871	2579	1.5009774E-4
			12)	inv	896	2473	1.4392854E-4
			13)	inu	1162	1541	8.968616E-5
			14)	inm	1309	1161	6.7570174E-5
			15)	inn	1854	390	2.269799E-5
			16)	inú	1981	310	1.8041992E-5
			17)	inj	2144	227	1.3211395E-5
		10)	it	0	0	0.0
			1)	ita	193	12384	7.207485E-4
			2)	itu	346	7685	4.472668E-4
			3)	ito	426	6282	3.6561224E-4
			4)	iti	617	4191	2.4391609E-4
			5)	ite	853	2676	1.5574314E-4
			6)	itá	1887	366	2.130119E-5
			7)	ité	2022	288	1.6761593E-5
			8)	itr	2223	200	1.1639995E-5
		11)	iv	0	0	0.0
			1)	iva	202	11921	6.938019E-4
			2)	ivo	329	8112	4.721182E-4
			3)	ivi	731	3426	1.9939311E-4
			4)	ive	792	3046	1.7727712E-4
		12)	iz	0	0	0.0
			1)	iza	209	11484	6.6836854E-4
			2)	izá	1621	651	3.7888185E-5
			3)	izo	1683	579	3.3697786E-5
		13)	im	0	0	0.0
			1)	imp	228	10571	6.152319E-4
			2)	imi	274	9133	5.3154037E-4
			3)	ime	462	5724	3.3313665E-4
			4)	imo	481	5448	3.1707346E-4
			5)	ima	534	4933	2.8710047E-4
			6)	imu	2184	212	1.2338394E-5
		14)	il	0	0	0.0
			1)	ili	250	9910	5.767617E-4
			2)	il_	875	2550	1.4840993E-4
			3)	ill	951	2224	1.2943674E-4
			4)	ile	1072	1786	1.0394515E-4
			5)	ila	1184	1460	8.4971965E-5
			6)	ilo	1557	731	4.2544183E-5
		15)	ié	0	0	0.0
			1)	ién	265	9348	5.440534E-4
			2)	iér	1940	335	1.949699E-5
			3)	ié_	2121	236	1.3735194E-5
		16)	if	0	0	0.0
			1)	ifi	436	6142	3.5746425E-4
			2)	ife	917	2375	1.3822495E-4
			3)	ifí	1508	792	4.609438E-5
			4)	ifr	2026	286	1.6645194E-5
		17)	ig	0	0	0.0
			1)	igu	541	4888	2.8448147E-4
			2)	iga	747	3305	1.9235091E-4
			3)	ige	1021	1941	1.12966154E-4
			4)	ign	1028	1920	1.1174395E-4
			5)	igi	1041	1874	1.0906675E-4
			6)	igr	1147	1581	9.201416E-5
			7)	igo	1211	1398	8.136356E-5
			8)	igl	2050	278	1.6179592E-5
		18)	ib	0	0	0.0
			1)	ibl	596	4411	2.567201E-4
			2)	ibi	708	3549	2.065517E-4
			3)	ibe	952	2223	1.2937855E-4
			4)	ibu	972	2152	1.2524634E-4
			5)	ibr	1110	1689	9.829976E-5
			6)	iba	1975	315	1.8332992E-5
		19)	iu	0	0	0.0
			1)	iud	878	2537	1.4765334E-4
		20)	ip	0	0	0.0
			1)	ipa	916	2379	1.3845773E-4
			2)	ipi	979	2121	1.2344215E-4
			3)	ipo	1131	1622	9.440036E-5
			4)	ipu	1143	1598	9.300356E-5
			5)	ipl	1727	532	3.0962387E-5
		21)	iq	0	0	0.0
			1)	iqu	1207	1405	8.1770966E-5
		22)	iñ	0	0	0.0
			1)	iño	1588	693	4.0332583E-5
		23)	iá	0	0	0.0
			1)	iál	1662	597	3.4745386E-5
		24)	ij	0	0	0.0
			1)	ija	1678	584	3.3988785E-5
			2)	ijo	1807	454	2.642279E-5
	12)	t	0	0	0.0
		1)	te	0	0	0.0
			1)	te_	23	71796	0.0041785254
			2)	ten	99	22864	0.0013306842
			3)	ter	105	21001	0.0012222576
			4)	tes	173	13682	7.9629204E-4
			5)	tem	382	6995	4.0710883E-4
			6)	tec	826	2841	1.6534612E-4
			7)	teg	887	2516	1.4643114E-4
			8)	ted	965	2183	1.2705055E-4
			9)	tea	1128	1630	9.486596E-5
			10)	tex	1185	1457	8.4797364E-5
			11)	tel	1409	987	5.7443376E-5
		2)	to	0	0	0.0
			1)	to_	39	49386	0.002874264
			2)	tos	113	18891	0.0010994558
			3)	tod	183	13040	7.5892766E-4
			4)	tor	292	8819	5.1326555E-4
			5)	tom	941	2275	1.3240494E-4
			6)	tot	1242	1304	7.589277E-5
			7)	toy	1330	1127	6.559137E-5
			8)	ton	1401	1000	5.8199974E-5
			9)	tol	1856	389	2.263979E-5
			10)	toc	2069	264	1.5364792E-5
		3)	tr	0	0	0.0
			1)	tra	55	36034	0.0020971778
			2)	tro	160	15190	8.840576E-4
			3)	tre	355	7518	4.3754742E-4
			4)	tri	521	5034	2.929787E-4
			5)	tru	689	3674	2.138267E-4
			6)	trá	1435	933	5.4300577E-5
			7)	tró	1628	642	3.7364385E-5
			8)	trí	1973	316	1.8391192E-5
		4)	ta	0	0	0.0
			1)	ta_	58	33464	0.001947604
			2)	tar	103	21427	0.0012470508
			3)	tan	120	18365	0.0010688425
			4)	tam	129	17418	0.0010137272
			5)	tad	170	13903	8.0915424E-4
			6)	tas	256	9740	5.6686776E-4
			7)	tal	268	9301	5.41318E-4
			8)	tac	456	5840	3.3988786E-4
			9)	tab	526	5020	2.9216387E-4
			10)	tat	1246	1296	7.542717E-5
			11)	taj	1680	582	3.3872384E-5
		5)	ti	0	0	0.0
			1)	tiv	115	18798	0.0010940431
			2)	tic	124	18200	0.0010592395
			3)	tie	319	8247	4.799752E-4
			4)	tim	498	5240	3.0496786E-4
			5)	tid	505	5187	3.0188326E-4
			6)	tit	585	4503	2.620745E-4
			7)	tin	640	4001	2.328581E-4
			8)	tir	652	3905	2.272709E-4
			9)	tió	657	3860	2.246519E-4
			10)	til	891	2503	1.4567454E-4
			11)	tiz	1090	1742	1.0138436E-4
			12)	tig	1096	1730	1.0068595E-4
			13)	tip	1139	1603	9.329456E-5
			14)	tio	1157	1557	9.061736E-5
			15)	tif	1231	1337	7.781337E-5
			16)	tis	1243	1304	7.589277E-5
			17)	tib	1721	536	3.1195188E-5
			18)	tiq	1935	338	1.9671592E-5
		6)	tu	0	0	0.0
			1)	tur	314	8344	4.8562058E-4
			2)	tua	409	6418	3.7352744E-4
			3)	tud	949	2227	1.2961135E-4
			4)	tuc	1043	1872	1.0895035E-4
			5)	tun	1212	1394	8.113076E-5
			6)	tuy	1413	972	5.6570374E-5
			7)	tuv	1515	787	4.580338E-5
			8)	tul	1749	508	2.9565586E-5
			9)	tug	1752	505	2.9390987E-5
			10)	tui	1770	483	2.8110588E-5
			11)	tut	1948	330	1.9205992E-5
			12)	tu_	1984	308	1.7925593E-5
			13)	tuo	2208	205	1.1930995E-5
		7)	tá	0	0	0.0
			1)	tá_	664	3810	2.2174191E-4
			2)	tán	861	2641	1.5370613E-4
			3)	tás	1978	313	1.8216591E-5
			4)	tác	2079	259	1.5073793E-5
		8)	tí	0	0	0.0
			1)	tíc	1287	1209	7.036377E-5
			2)	tía	1643	620	3.6083984E-5
			3)	tíf	1790	468	2.7237587E-5
		9)	té	0	0	0.0
			1)	téc	1566	717	4.172938E-5
			2)	té_	1611	662	3.8528382E-5
			3)	tér	1640	627	3.6491383E-5
			4)	tén	1811	445	2.589899E-5
			5)	tég	2084	256	1.4899194E-5
		10)	tó	0	0	0.0
			1)	tó_	1626	643	3.7422586E-5
			2)	tór	2000	299	1.7401793E-5
		11)	tn	0	0	0.0
			1)	tni	2072	263	1.5306594E-5
	13)	c	0	0	0.0
		1)	co	0	0	0.0
			1)	con	25	69182	0.0040263906
			2)	com	63	32056	0.0018656584
			3)	co_	196	12173	7.084683E-4
			4)	cos	364	7398	4.305634E-4
			5)	col	552	4779	2.7813768E-4
			6)	cor	556	4731	2.753441E-4
			7)	coo	948	2228	1.2966954E-4
			8)	coh	1408	988	5.7501577E-5
			9)	cog	1510	792	4.609438E-5
			10)	coi	2023	288	1.6761593E-5
			11)	cod	2141	228	1.3269594E-5
			12)	cot	2187	211	1.2280195E-5
			13)	coc	2205	206	1.1989195E-5
		2)	ci	0	0	0.0
			1)	ció	33	58006	0.0033759477
			2)	cia	59	33401	0.0019439374
			3)	cio	66	31724	0.0018463361
			4)	cie	245	10171	5.9195195E-4
			5)	cid	474	5545	3.2271887E-4
			6)	cir	482	5446	3.1695707E-4
			7)	cip	565	4644	2.702807E-4
			8)	cis	577	4586	2.669051E-4
			9)	cit	753	3255	1.8944092E-4
			10)	cim	847	2721	1.5836213E-4
			11)	ciu	884	2524	1.4689674E-4
			12)	cil	908	2420	1.4084394E-4
			13)	cin	1150	1568	9.125756E-5
			14)	cib	1415	966	5.6221175E-5
			15)	cic	1475	850	4.9469978E-5
			16)	civ	1563	722	4.2020383E-5
			17)	cif	1778	478	2.7819588E-5
		3)	ca	0	0	0.0
			1)	ca_	158	15318	8.915072E-4
			2)	cas	238	10291	5.9893593E-4
			3)	car	332	8053	4.686844E-4
			4)	cad	348	7663	4.459864E-4
			5)	cac	454	5855	3.4076086E-4
			6)	cam	487	5341	3.1084605E-4
			7)	can	511	5127	2.9839127E-4
			8)	cal	698	3602	2.096363E-4
			9)	cab	819	2889	1.6813973E-4
			10)	cap	938	2285	1.3298694E-4
			11)	cat	1202	1409	8.200377E-5
			12)	cau	1324	1135	6.605697E-5
			13)	caz	1639	628	3.6549583E-5
		4)	ct	0	0	0.0
			1)	cto	177	13442	7.8232406E-4
			2)	cti	316	8280	4.8189578E-4
			3)	ctu	497	5242	3.0508428E-4
			4)	cta	624	4137	2.407733E-4
			5)	cte	1399	1004	5.8432775E-5
			6)	ctr	1487	822	4.7840378E-5
		5)	ch	0	0	0.0
			1)	cho	178	13439	7.8214944E-4
			2)	cha	395	6617	3.8510925E-4
			3)	che	1502	801	4.661818E-5
			4)	chi	2105	248	1.4433594E-5
		6)	cu	0	0	0.0
			1)	cue	197	12131	7.060239E-4
			2)	cua	302	8494	4.9435056E-4
			3)	cul	308	8384	4.879486E-4
			4)	cur	800	3015	1.7547293E-4
			5)	cup	868	2598	1.5120354E-4
			6)	cum	923	2336	1.3595514E-4
			7)	cuc	1377	1054	6.134278E-5
			8)	cut	1488	820	4.772398E-5
			9)	cuá	1489	816	4.749118E-5
			10)	cuy	1511	791	4.603618E-5
			11)	cus	1599	680	3.957598E-5
			12)	cun	1617	660	3.8411985E-5
			13)	cub	1777	479	2.7877788E-5
			14)	cui	1960	323	1.8798592E-5
			15)	cuo	2018	290	1.6877993E-5
		7)	ce	0	0	0.0
			1)	ces	205	11650	6.780297E-4
			2)	cer	226	10652	6.199461E-4
			3)	ce_	352	7597	4.4214522E-4
			4)	cen	548	4823	2.8069847E-4
			5)	ced	619	4177	2.431013E-4
			6)	cep	802	3011	1.7524013E-4
			7)	cel	1018	1954	1.1372275E-4
			8)	cem	1609	667	3.8819384E-5
		8)	cr	0	0	0.0
			1)	cre	287	8897	5.1780517E-4
			2)	cri	740	3378	1.9659952E-4
			3)	cra	1311	1156	6.727917E-5
			4)	crá	1452	905	5.2670977E-5
			5)	crí	1676	587	3.4163386E-5
			6)	cré	1944	332	1.9322391E-5
			7)	cru	1954	327	1.9031391E-5
		9)	cc	0	0	0.0
			1)	cci	295	8722	5.0762016E-4
			2)	cce	1534	758	4.4115583E-5
		10)	cl	0	0	0.0
			1)	cla	489	5337	3.1061328E-4
			2)	clu	589	4479	2.6067768E-4
			3)	cle	1802	459	2.671379E-5
			4)	cli	1972	317	1.8449393E-5
			5)	clo	2078	261	1.5190193E-5
		11)	có	0	0	0.0
			1)	cóm	1379	1053	6.1284576E-5
		12)	cí	0	0	0.0
			1)	cía	1402	998	5.8083577E-5
			2)	cíf	1603	675	3.9284983E-5
		13)	cn	0	0	0.0
			1)	cni	1558	724	4.213678E-5
			2)	cno	1592	690	4.0157982E-5
		14)	cá	0	0	0.0
			1)	cán	2156	222	1.29203945E-5
		15)	cé	0	0	0.0
			1)	cés	2219	201	1.1698195E-5
	14)	r	0	0	0.0
		1)	ra	0	0	0.0
			1)	ra_	35	53555	0.0031168996
			2)	ran	141	16144	9.395804E-4
			3)	rac	210	11457	6.667971E-4
			4)	ras	240	10260	5.9713173E-4
			5)	rad	294	8731	5.08144E-4
			6)	rar	298	8631	5.0232396E-4
			7)	ral	356	7512	4.371982E-4
			8)	rat	378	7143	4.1572243E-4
			9)	ram	423	6292	3.6619423E-4
			10)	rab	440	6013	3.4995645E-4
			11)	raz	966	2176	1.2664315E-4
			12)	rav	1055	1841	1.0714615E-4
			13)	rae	1593	689	4.009978E-5
			14)	ray	1618	655	3.8120983E-5
			15)	rap	1772	481	2.7994189E-5
			16)	raf	1871	373	2.170859E-5
			17)	rau	1879	369	2.1475791E-5
			18)	rao	1884	367	2.135939E-5
			19)	rag	1952	327	1.9031391E-5
			20)	raí	1982	309	1.7983792E-5
			21)	rañ	2010	293	1.7052593E-5
		2)	re	0	0	0.0
			1)	res	40	45989	0.0026765587
			2)	rec	84	25726	0.0014972526
			3)	re_	95	23396	0.0013616466
			4)	ren	244	10189	5.9299957E-4
			5)	rea	300	8553	4.977844E-4
			6)	reg	318	8270	4.813138E-4
			7)	ref	447	5947	3.4611524E-4
			8)	rel	517	5079	2.9559768E-4
			9)	reo	558	4710	2.7412188E-4
			10)	rem	570	4621	2.689421E-4
			11)	ret	572	4606	2.680691E-4
			12)	rep	634	4046	2.354771E-4
			13)	rev	669	3796	2.209271E-4
			14)	red	817	2907	1.6918733E-4
			15)	ree	1395	1013	5.8956575E-5
			16)	reu	1492	815	4.743298E-5
			17)	req	1549	743	4.324258E-5
			18)	rer	1648	609	3.5443783E-5
			19)	rez	1658	603	3.5094585E-5
			20)	rei	1754	503	2.9274588E-5
		3)	ro	0	0	0.0
			1)	ro_	87	25127	0.0014623908
			2)	ros	153	15546	9.047768E-4
			3)	rop	164	14651	8.526878E-4
			4)	rob	445	5963	3.4704644E-4
			5)	roc	476	5521	3.2132206E-4
			6)	rol	483	5427	3.1585127E-4
			7)	rod	633	4047	2.3553529E-4
			8)	ron	662	3832	2.230223E-4
			9)	rog	704	3560	2.0719192E-4
			10)	rot	889	2509	1.4602374E-4
			11)	rom	894	2484	1.4456874E-4
			12)	rov	1085	1766	1.0278115E-4
			13)	roy	1135	1615	9.399296E-5
			14)	rof	1216	1390	8.089797E-5
			15)	ror	1598	680	3.957598E-5
			16)	roh	1665	595	3.4628985E-5
			17)	rox	1974	316	1.8391192E-5
		4)	ri	0	0	0.0
			1)	rio	166	14308	8.3272526E-4
			2)	ria	224	10781	6.274539E-4
			3)	rid	438	6113	3.5577646E-4
			4)	rim	475	5523	3.2143845E-4
			5)	rie	686	3681	2.1423411E-4
			6)	ric	687	3677	2.1400131E-4
			7)	rin	706	3555	2.069009E-4
			8)	rit	799	3015	1.7547293E-4
			9)	rib	835	2776	1.6156313E-4
			10)	rig	1031	1909	1.1110375E-4
			11)	ris	1063	1813	1.05516556E-4
			12)	rir	1284	1213	7.059657E-5
			13)	riz	1301	1185	6.896697E-5
			14)	riv	1416	965	5.6162975E-5
			15)	ril	1491	815	4.743298E-5
			16)	rif	1645	618	3.5967583E-5
			17)	rió	2015	290	1.6877993E-5
			18)	rip	2134	231	1.3444194E-5
			19)	riq	2211	204	1.1872795E-5
		5)	rí	0	0	0.0
			1)	ría	203	11832	6.886221E-4
			2)	ríd	1353	1087	6.3263375E-5
			3)	rít	1523	772	4.493038E-5
			4)	río	1526	770	4.481398E-5
			5)	ríc	1791	466	2.7121188E-5
			6)	rís	2123	235	1.3676994E-5
		6)	rt	0	0	0.0
			1)	rta	218	11052	6.4322614E-4
			2)	rte	315	8337	4.8521318E-4
			3)	rti	389	6815	3.9663282E-4
			4)	rto	825	2842	1.6540433E-4
			5)	rtu	898	2467	1.4357934E-4
			6)	rtí	1266	1245	7.245897E-5
		7)	rm	0	0	0.0
			1)	rma	219	11019	6.413055E-4
			2)	rme	278	9067	5.276992E-4
			3)	rmi	538	4896	2.8494708E-4
			4)	rmu	1351	1088	6.3321575E-5
			5)	rmo	1575	706	4.108918E-5
			6)	rmí	1765	491	2.8576187E-5
		8)	rá	0	0	0.0
			1)	rá_	402	6512	3.7899823E-4
			2)	rán	755	3227	1.8781133E-4
			3)	rác	1109	1691	9.841616E-5
			4)	rát	1449	914	5.3194777E-5
			5)	ráp	1485	822	4.7840378E-5
			6)	ráf	1539	752	4.376638E-5
			7)	rás	2073	263	1.5306594E-5
		9)	rs	0	0	0.0
			1)	rse	451	5874	3.4186666E-4
			2)	rso	544	4848	2.821535E-4
			3)	rsi	1173	1504	8.753276E-5
			4)	rsa	1536	756	4.399918E-5
			5)	rsp	1710	549	3.1951786E-5
		10)	rr	0	0	0.0
			1)	rro	478	5470	3.1835385E-4
			2)	rre	655	3889	2.263397E-4
			3)	rri	934	2298	1.3374354E-4
			4)	rra	976	2138	1.2443155E-4
			5)	rrá	1831	415	2.4152989E-5
			6)	rru	1878	369	2.1475791E-5
		11)	rc	0	0	0.0
			1)	rca	603	4302	2.503763E-4
			2)	rci	790	3048	1.7739352E-4
			3)	rco	919	2348	1.3665354E-4
			4)	rce	1048	1858	1.0813555E-4
			5)	rcu	1269	1243	7.234257E-5
			6)	rch	1723	535	3.1136988E-5
		12)	rg	0	0	0.0
			1)	rgo	725	3448	2.0067352E-4
			2)	rga	754	3247	1.8897532E-4
			3)	rge	1215	1391	8.095617E-5
			4)	rgu	1669	590	3.4337983E-5
			5)	rgí	1688	571	3.3232187E-5
			6)	rgi	1744	513	2.9856586E-5
		13)	rd	0	0	0.0
			1)	rdo	732	3415	1.9875291E-4
			2)	rda	739	3383	1.9689051E-4
			3)	rde	874	2568	1.4945754E-4
			4)	rdi	1066	1799	1.0470176E-4
		14)	rq	0	0	0.0
			1)	rqu	745	3327	1.9363132E-4
		15)	rn	0	0	0.0
			1)	rno	748	3298	1.9194352E-4
			2)	rna	862	2640	1.5364794E-4
			3)	rne	1624	646	3.7597183E-5
			4)	rni	1928	343	1.9962592E-5
		16)	ru	0	0	0.0
			1)	ruc	879	2531	1.4730413E-4
			2)	rup	1197	1419	8.2585764E-5
			3)	rue	1258	1259	7.327377E-5
			4)	rum	1298	1199	6.978177E-5
			5)	rui	1700	559	3.2533786E-5
			6)	rut	1859	385	2.240699E-5
			7)	rur	1895	360	2.0951991E-5
			8)	rus	2041	281	1.6354194E-5
		17)	rl	0	0	0.0
			1)	rlo	943	2270	1.3211394E-4
			2)	rla	1058	1828	1.06389554E-4
			3)	rle	1146	1585	9.224696E-5
		18)	rv	0	0	0.0
			1)	rvi	969	2162	1.2582834E-4
			2)	rva	985	2072	1.20590346E-4
			3)	rve	1101	1721	1.0016216E-4
		19)	rz	0	0	0.0
			1)	rza	1230	1340	7.798796E-5
			2)	rzo	1265	1245	7.245897E-5
		20)	ró	0	0	0.0
			1)	róx	1380	1052	6.1226376E-5
			2)	rón	1774	480	2.7935988E-5
			3)	ró_	1918	347	2.0195392E-5
		21)	ré	0	0	0.0
			1)	ré_	1484	822	4.7840378E-5
			2)	rés	1505	798	4.644358E-5
			3)	rég	1824	425	2.4734989E-5
			4)	réd	1966	320	1.8623992E-5
		22)	rp	0	0	0.0
			1)	rpr	1661	598	3.4803586E-5
			2)	rpo	1686	577	3.3581386E-5
		23)	rf	0	0	0.0
			1)	rfe	1805	455	2.6480988E-5
		24)	rj	0	0	0.0
			1)	rju	1916	349	2.031179E-5
		25)	rb	0	0	0.0
			1)	rba	2016	290	1.6877993E-5
			2)	rbi	2093	254	1.4782793E-5
	15)	m	0	0	0.0
		1)	me	0	0	0.0
			1)	men	42	44771	0.002605671
			2)	me_	188	12765	7.4292265E-4
			3)	mer	261	9496	5.5266696E-4
			4)	med	285	8908	5.184454E-4
			5)	mej	741	3365	1.9584292E-4
			6)	mes	983	2080	1.2105595E-4
			7)	met	1089	1752	1.01966354E-4
			8)	mec	1857	387	2.252339E-5
			9)	mem	1874	371	2.159219E-5
		2)	mo	0	0	0.0
			1)	mos	65	31749	0.001847791
			2)	mo_	108	20392	0.0011868139
			3)	mod	678	3745	2.179589E-4
			4)	moc	1061	1820	1.0592395E-4
			5)	mom	1068	1797	1.0458536E-4
			6)	mon	1125	1641	9.550616E-5
			7)	mot	1317	1147	6.675537E-5
			8)	mov	1471	853	4.964458E-5
			9)	mor	1540	752	4.376638E-5
		3)	mi	0	0	0.0
			1)	mie	132	16942	9.860239E-4
			2)	min	303	8464	4.9260457E-4
			3)	mis	312	8352	4.8608618E-4
			4)	mit	522	5031	2.9280406E-4
			5)	mi_	656	3880	2.2581591E-4
			6)	mil	742	3357	1.9537732E-4
			7)	mic	836	2776	1.6156313E-4
			8)	mid	933	2303	1.3403455E-4
			9)	mig	1388	1026	5.9713173E-5
			10)	mir	1606	673	3.9168583E-5
		4)	mb	0	0	0.0
			1)	mbi	161	14987	8.72243E-4
			2)	mbr	299	8567	4.985992E-4
			3)	mba	769	3119	1.8152573E-4
			4)	mbo	1806	454	2.642279E-5
		5)	má	0	0	0.0
			1)	más	182	13082	7.613721E-4
			2)	mát	1392	1018	5.9247574E-5
			3)	máx	1789	469	2.7295788E-5
		6)	ma	0	0	0.0
			1)	ma_	185	12988	7.559013E-4
			2)	man	254	9809	5.7088357E-4
			3)	mas	328	8119	4.725256E-4
			4)	mar	399	6565	3.8208283E-4
			5)	may	751	3267	1.9013931E-4
			6)	mac	776	3096	1.8018713E-4
			7)	mat	812	2954	1.7192273E-4
			8)	mad	877	2537	1.4765334E-4
			9)	mal	1144	1595	9.282896E-5
			10)	mañ	1436	932	5.4242377E-5
			11)	mam	1480	834	4.853878E-5
			12)	mag	1736	520	3.0263987E-5
		7)	mp	0	0	0.0
			1)	mpl	229	10545	6.1371876E-4
			2)	mpo	233	10388	6.045813E-4
			3)	mpr	401	6526	3.7981305E-4
			4)	mpe	601	4347	2.529953E-4
			5)	mpa	897	2470	1.4375393E-4
			6)	mpu	1319	1143	6.6522574E-5
			7)	mpi	1629	641	3.7306185E-5
		8)	mu	0	0	0.0
			1)	mun	444	5988	3.4850146E-4
			2)	muc	555	4754	2.766827E-4
			3)	muy	586	4503	2.620745E-4
			4)	mul	1035	1901	1.1063815E-4
			5)	muj	1213	1392	8.101437E-5
			6)	mue	1236	1322	7.694036E-5
			7)	mut	2199	207	1.2047395E-5
		9)	mú	0	0	0.0
			1)	mún	1165	1539	8.956976E-5
		10)	mí	0	0	0.0
			1)	mía	1391	1020	5.9363974E-5
			2)	mít	1745	511	2.9740188E-5
			3)	mín	1817	440	2.560799E-5
			4)	mí_	1889	364	2.1184791E-5
		11)	mé	0	0	0.0
			1)	mét	1810	449	2.613179E-5
			2)	méd	2135	231	1.3444194E-5
		12)	mó	0	0	0.0
			1)	móv	2171	216	1.2571195E-5
	16)	s	0	0	0.0
		1)	se	0	0	0.0
			1)	se_	44	43595	0.002537228
			2)	ser	195	12320	7.170237E-4
			3)	señ	223	10844	6.311205E-4
			4)	sen	242	10215	5.9451273E-4
			5)	seg	293	8751	5.0930795E-4
			6)	ses	344	7765	4.519228E-4
			7)	sec	622	4163	2.4228649E-4
			8)	sea	642	3997	2.326253E-4
			9)	sem	974	2150	1.2512994E-4
			10)	seo	1535	757	4.4057382E-5
			11)	sep	1663	596	3.4687186E-5
			12)	sex	1883	367	2.135939E-5
			13)	sel	1988	305	1.7750992E-5
			14)	sei	2092	254	1.4782793E-5
		2)	st	0	0	0.0
			1)	sta	47	40664	0.0023666439
			2)	ste	98	23065	0.0013423824
			3)	str	116	18770	0.0010924136
			4)	sti	148	15953	9.284642E-4
			5)	sto	163	14755	8.5874065E-4
			6)	stá	431	6161	3.5857005E-4
			7)	stu	1149	1577	9.178136E-5
			8)	sté	1638	629	3.6607784E-5
			9)	stó	1955	325	1.8914992E-5
		3)	so	0	0	0.0
			1)	so_	169	13905	8.0927066E-4
			2)	sob	204	11685	6.800667E-4
			3)	son	366	7358	4.2823542E-4
			4)	sol	377	7154	4.1636263E-4
			5)	sos	420	6311	3.6730003E-4
			6)	soc	550	4792	2.7889427E-4
			7)	sot	1046	1865	1.08542954E-4
			8)	som	1428	950	5.5289976E-5
			9)	sor	1446	916	5.3311178E-5
			10)	soy	1911	353	2.054459E-5
		4)	sp	0	0	0.0
			1)	spe	179	13431	7.816839E-4
			2)	spo	376	7172	4.1741022E-4
			3)	spu	858	2647	1.5405533E-4
			4)	spa	980	2113	1.2297655E-4
			5)	spi	1555	732	4.260238E-5
			6)	spl	1917	347	2.0195392E-5
			7)	spr	2110	242	1.4084394E-5
			8)	spí	2112	240	1.3967994E-5
		5)	su	0	0	0.0
			1)	su_	227	10608	6.173853E-4
			2)	sus	435	6146	3.5769705E-4
			3)	sup	604	4284	2.493287E-4
			4)	sul	775	3107	1.8082732E-4
			5)	sum	851	2693	1.5673254E-4
			6)	sun	971	2152	1.2524634E-4
			7)	sub	1001	1999	1.1634175E-4
			8)	suf	1187	1454	8.462276E-5
			9)	sue	1457	893	5.1972576E-5
			10)	sur	1532	761	4.429018E-5
			11)	suc	1691	569	3.3115786E-5
			12)	sua	1722	535	3.1136988E-5
			13)	sug	1985	307	1.7867393E-5
		6)	sa	0	0	0.0
			1)	sar	269	9288	5.405614E-4
			2)	sa_	358	7495	4.3620882E-4
			3)	sas	532	4964	2.8890467E-4
			4)	sab	597	4394	2.557307E-4
			5)	sad	760	3196	1.8600712E-4
			6)	sal	901	2455	1.4288093E-4
			7)	san	1070	1789	1.04119754E-4
			8)	sam	1172	1507	8.770736E-5
			9)	sat	1306	1169	6.803577E-5
			10)	sac	1370	1062	6.180837E-5
			11)	saj	1839	407	2.368739E-5
			12)	sap	1950	328	1.9089592E-5
			13)	saf	2119	237	1.3793394E-5
		7)	si	0	0	0.0
			1)	sió	279	8995	5.2350876E-4
			2)	sid	282	8965	5.2176276E-4
			3)	sin	317	8277	4.817212E-4
			4)	sit	410	6417	3.7346923E-4
			5)	si_	421	6306	3.6700905E-4
			6)	sis	502	5193	3.0223248E-4
			7)	sio	542	4863	2.830265E-4
			8)	sig	568	4629	2.694077E-4
			9)	sie	569	4624	2.691167E-4
			10)	sib	606	4259	2.478737E-4
			11)	sic	709	3545	2.0631892E-4
			12)	sim	960	2196	1.2780714E-4
			13)	siv	1221	1370	7.973397E-5
			14)	sia	1357	1082	6.297237E-5
			15)	sil	1538	755	4.394098E-5
			16)	sif	1877	369	2.1475791E-5
			17)	sir	2034	283	1.6470593E-5
			18)	siq	2152	222	1.29203945E-5
		8)	sm	0	0	0.0
			1)	smo	480	5451	3.1724805E-4
			2)	sma	1257	1259	7.327377E-5
			3)	smi	1679	583	3.3930584E-5
		9)	sí	0	0	0.0
			1)	sí_	645	3968	2.309375E-4
		10)	só	0	0	0.0
			1)	sól	723	3478	2.0241951E-4
		11)	sc	0	0	0.0
			1)	sca	824	2847	1.6569532E-4
			2)	scu	1024	1928	1.1220955E-4
			3)	scr	1129	1627	9.469136E-5
			4)	sci	1387	1026	5.9713173E-5
			5)	sco	1574	706	4.108918E-5
			6)	sce	1718	541	3.1486186E-5
		12)	sd	0	0	0.0
			1)	sde	839	2765	1.6092294E-4
		13)	sl	0	0	0.0
			1)	sla	954	2215	1.2891294E-4
		14)	sf	0	0	0.0
			1)	sfu	1405	993	5.7792575E-5
			2)	sfa	1441	924	5.3776777E-5
			3)	sfe	1602	675	3.9284983E-5
			4)	sfo	1826	423	2.461859E-5
			5)	sfr	1969	318	1.8507591E-5
		15)	sg	0	0	0.0
			1)	sgo	1426	951	5.5348177E-5
			2)	sgr	1867	375	2.182499E-5
		16)	sq	0	0	0.0
			1)	squ	1519	784	4.562878E-5
		17)	sé	0	0	0.0
			1)	sé_	1821	430	2.5025989E-5
	17)	p	0	0	0.0
		1)	po	0	0	0.0
			1)	por	46	42329	0.0024635468
			2)	pon	215	11104	6.4625253E-4
			3)	pos	262	9421	5.4830196E-4
			4)	pol	323	8177	4.759012E-4
			5)	pod	443	5991	3.4867605E-4
			6)	po_	612	4227	2.460113E-4
			7)	poy	820	2882	1.6773233E-4
			8)	poc	988	2055	1.1960095E-4
			9)	pob	1102	1721	1.0016216E-4
			10)	pot	1794	464	2.7004788E-5
		2)	pa	0	0	0.0
			1)	par	48	40545	0.002359718
			2)	paí	407	6471	3.7661204E-4
			3)	pac	684	3697	2.151653E-4
			4)	pas	728	3440	2.0020791E-4
			5)	pal	828	2829	1.6464773E-4
			6)	pap	1347	1091	6.3496176E-5
			7)	paz	1378	1053	6.1284576E-5
			8)	pañ	1397	1006	5.8549176E-5
			9)	pa_	1412	974	5.6686775E-5
			10)	pag	1438	929	5.4067776E-5
			11)	pat	1450	914	5.3194777E-5
			12)	pan	1497	808	4.702558E-5
			13)	pad	1627	643	3.7422586E-5
			14)	pab	2191	210	1.2221994E-5
			15)	paq	2220	200	1.1639995E-5
		3)	pr	0	0	0.0
			1)	pro	54	36460	0.002121971
			2)	pre	77	27493	0.0016000919
			3)	pri	296	8705	5.066308E-4
			4)	pró	1314	1150	6.692997E-5
			5)	pru	1336	1111	6.466017E-5
			6)	prá	1362	1074	6.250677E-5
			7)	pra	1815	440	2.560799E-5
		4)	pe	0	0	0.0
			1)	per	89	24719	0.0014386452
			2)	pec	283	8935	5.2001677E-4
			3)	pet	559	4700	2.735399E-4
			4)	pen	651	3907	2.273873E-4
			5)	peo	845	2744	1.5970074E-4
			6)	pes	909	2418	1.4072754E-4
			7)	pea	910	2413	1.4043655E-4
			8)	pel	977	2130	1.2396595E-4
			9)	ped	1193	1424	8.2876766E-5
			10)	peq	1462	879	5.115778E-5
			11)	peñ	1696	562	3.2708387E-5
			12)	pez	1819	437	2.5433388E-5
			13)	pe_	2035	283	1.6470593E-5
		5)	pu	0	0	0.0
			1)	pue	107	20549	0.0011959512
			2)	pun	771	3116	1.8135112E-4
			3)	put	1161	1546	8.997716E-5
			4)	pué	1373	1057	6.151737E-5
			5)	pul	1468	859	4.9993778E-5
			6)	pud	1836	409	2.380379E-5
			7)	pub	1902	357	2.0777392E-5
			8)	pus	1979	313	1.8216591E-5
		6)	pl	0	0	0.0
			1)	pli	362	7449	4.3353162E-4
			2)	pla	449	5895	3.4308885E-4
			3)	ple	518	5049	2.9385168E-4
			4)	plo	848	2713	1.5789653E-4
			5)	plá	2195	209	1.2163795E-5
			6)	plí	2202	206	1.1989195E-5
		7)	pt	0	0	0.0
			1)	pta	719	3495	2.0340891E-4
			2)	pti	1707	554	3.2242788E-5
			3)	pto	1751	507	2.9507388E-5
			4)	pte	1891	363	2.112659E-5
		8)	pi	0	0	0.0
			1)	pio	803	3006	1.7494912E-4
			2)	pid	953	2218	1.2908754E-4
			3)	pin	962	2194	1.2769074E-4
			4)	pie	1170	1508	8.776556E-5
			5)	pia	1313	1151	6.698817E-5
			6)	pit	1447	915	5.3252978E-5
			7)	pir	1728	531	3.0904186E-5
			8)	pil	1938	336	1.9555191E-5
			9)	pic	1970	318	1.8507591E-5
			10)	pié	2153	222	1.29203945E-5
		9)	pú	0	0	0.0
			1)	púb	1077	1773	1.03188555E-4
		10)	pc	0	0	0.0
			1)	pci	1154	1563	9.096656E-5
		11)	pó	0	0	0.0
			1)	pós	2116	239	1.3909794E-5
		12)	pí	0	0	0.0
			1)	pír	2117	239	1.3909794E-5
	18)	b	0	0	0.0
		1)	br	0	0	0.0
			1)	bre	130	17146	9.978968E-4
			2)	bro	490	5326	3.0997305E-4
			3)	bra	683	3701	2.153981E-4
			4)	bri	995	2032	1.18262345E-4
			5)	brá	1758	500	2.9099987E-5
			6)	brí	1784	473	2.7528587E-5
		2)	bl	0	0	0.0
			1)	ble	154	15505	9.0239063E-4
			2)	bli	721	3489	2.0305971E-4
			3)	bla	837	2769	1.6115572E-4
			4)	blo	1368	1065	6.198297E-5
		3)	bi	0	0	0.0
			1)	bié	290	8865	5.1594275E-4
			2)	bie	406	6474	3.7678663E-4
			3)	bil	491	5306	3.0880907E-4
			4)	bit	888	2514	1.4631473E-4
			5)	bid	1078	1773	1.03188555E-4
			6)	bio	1126	1639	9.538976E-5
			7)	bia	1556	732	4.260238E-5
			8)	bic	1587	694	4.0390783E-5
			9)	bir	1697	561	3.2650187E-5
			10)	bin	2201	207	1.2047395E-5
		4)	be	0	0	0.0
			1)	ber	373	7213	4.1979642E-4
			2)	be_	540	4893	2.8477248E-4
			3)	ben	752	3264	1.8996472E-4
			4)	bem	823	2859	1.6639373E-4
			5)	bel	2033	284	1.6528793E-5
		5)	ba	0	0	0.0
			1)	baj	466	5661	3.2947006E-4
			2)	bat	637	4033	2.347205E-4
			3)	bar	643	3991	2.322761E-4
			4)	bas	810	2955	1.7198092E-4
			5)	ba_	912	2411	1.4032015E-4
			6)	ban	1141	1601	9.317816E-5
			7)	bac	1383	1041	6.0586175E-5
			8)	bal	1421	959	5.5813776E-5
			9)	bad	1594	688	4.004158E-5
			10)	bab	1941	335	1.949699E-5
			11)	bam	1980	312	1.8158393E-5
		6)	bo	0	0	0.0
			1)	bor	768	3120	1.8158392E-4
			2)	bo_	1121	1658	9.649556E-5
			3)	bos	1737	520	3.0263987E-5
			4)	bol	1869	374	2.1766791E-5
		7)	bj	0	0	0.0
			1)	bje	785	3057	1.7791732E-4
		8)	bu	0	0	0.0
			1)	bue	1045	1867	1.08659355E-4
			2)	bus	1561	723	4.2078584E-5
			3)	bui	1604	675	3.9284983E-5
			4)	buc	1614	661	3.847018E-5
			5)	buy	1759	499	2.9041788E-5
			6)	bur	1930	342	1.9904392E-5
			7)	bun	2056	276	1.6063193E-5
			8)	buq	2060	272	1.5830394E-5
		9)	bs	0	0	0.0
			1)	bst	1156	1558	9.067556E-5
			2)	bse	1305	1174	6.832677E-5
			3)	bso	1481	829	4.824778E-5
			4)	bsi	1903	357	2.0777392E-5
		10)	bí	0	0	0.0
			1)	bía	1442	924	5.3776777E-5
		11)	bt	0	0	0.0
			1)	bte	1668	593	3.4512585E-5
		12)	bá	0	0	0.0
			1)	bás	1888	365	2.1242991E-5
		13)	bv	0	0	0.0
			1)	bve	1933	340	1.978799E-5
			2)	bvi	2019	290	1.6877993E-5
	19)	f	0	0	0.0
		1)	fo	0	0	0.0
			1)	for	133	16875	9.821246E-4
			2)	fon	1248	1290	7.5077965E-5
			3)	fom	1608	668	3.8877584E-5
			4)	foq	1858	386	2.246519E-5
			5)	fob	2151	223	1.2978594E-5
		2)	fi	0	0	0.0
			1)	fic	200	11953	6.956643E-4
			2)	fin	388	6843	3.9826243E-4
			3)	fie	1051	1848	1.07553555E-4
			4)	fir	1098	1728	1.0056956E-4
			5)	fia	1478	840	4.8887978E-5
			6)	fij	1713	546	3.1777185E-5
			7)	fis	1725	533	3.1020587E-5
			8)	fig	1748	510	2.9681987E-5
			9)	fil	2101	251	1.4608194E-5
		3)	fe	0	0	0.0
			1)	fer	467	5659	3.2935367E-4
			2)	fec	609	4240	2.467679E-4
			3)	fes	1240	1306	7.6009164E-5
			4)	fen	1277	1223	7.117857E-5
			5)	fel	1448	915	5.3252978E-5
			6)	fe_	2059	273	1.5888592E-5
		4)	fu	0	0	0.0
			1)	fun	590	4462	2.596883E-4
			2)	fue	598	4393	2.556725E-4
			3)	fut	1103	1709	9.946376E-5
			4)	fug	1781	474	2.7586788E-5
			5)	fus	1833	411	2.3920189E-5
		5)	fr	0	0	0.0
			1)	fra	914	2383	1.3869054E-4
			2)	fre	924	2334	1.3583874E-4
			3)	fro	1375	1054	6.134278E-5
			4)	fri	1709	552	3.2126387E-5
			5)	fru	1936	338	1.9671592E-5
		6)	fa	0	0	0.0
			1)	fav	1040	1878	1.0929955E-4
			2)	fac	1060	1821	1.0598215E-4
			3)	fal	1201	1409	8.200377E-5
			4)	fam	1551	740	4.3067983E-5
			5)	fas	1656	605	3.5210986E-5
			6)	fan	2051	278	1.6179592E-5
			7)	fab	2062	271	1.5772193E-5
		7)	fl	0	0	0.0
			1)	fle	1320	1141	6.640617E-5
			2)	fli	1635	636	3.7015183E-5
			3)	flu	1766	491	2.8576187E-5
			4)	flo	2180	214	1.2454795E-5
			5)	fla	2218	202	1.1756395E-5
		8)	fí	0	0	0.0
			1)	fíc	1509	792	4.609438E-5
			2)	fío	2103	250	1.45499935E-5
			3)	fía	2163	220	1.2803995E-5
		9)	fá	0	0	0.0
			1)	fác	1924	345	2.0078991E-5
		10)	fé	0	0	0.0
			1)	fér	2186	211	1.2280195E-5
	20)	í	0	0	0.0
		1)	ía	0	0	0.0
			1)	ía_	149	15919	9.264854E-4
			2)	ías	869	2589	1.5067974E-4
			3)	ían	1006	1988	1.1570155E-4
			4)	íam	1273	1233	7.176057E-5
			5)	íac	2063	270	1.5713993E-5
		2)	ít	0	0	0.0
			1)	íti	304	8450	4.917898E-4
			2)	íta	1764	492	2.8634387E-5
			3)	ítu	2004	297	1.7285392E-5
		3)	ís	0	0	0.0
			1)	íse	576	4586	2.669051E-4
			2)	ís_	1036	1897	1.1040535E-4
			3)	íst	1650	607	3.5327386E-5
			4)	ísi	1814	443	2.5782589E-5
		4)	íc	0	0	0.0
			1)	ícu	1155	1559	9.073376E-5
			2)	íci	1407	989	5.7559777E-5
			3)	íct	1724	533	3.1020587E-5
			4)	íco	1747	510	2.9681987E-5
		5)	íf	0	0	0.0
			1)	ífi	1289	1207	7.024737E-5
		6)	íd	0	0	0.0
			1)	ídi	1349	1090	6.3437976E-5
			2)	ído	1964	320	1.8623992E-5
		7)	ío	0	0	0.0
			1)	íod	1590	690	4.0157982E-5
			2)	ío_	1855	389	2.263979E-5
		8)	ín	0	0	0.0
			1)	íne	1699	559	3.2533786E-5
			2)	íni	1796	462	2.6888389E-5
		9)	ím	0	0	0.0
			1)	ími	1714	545	3.1718988E-5
		10)	ír	0	0	0.0
			1)	íri	2106	247	1.4375394E-5
	21)	h	0	0	0.0
		1)	ha	0	0	0.0
			1)	ha_	157	15329	8.921474E-4
			2)	hac	343	7775	4.525048E-4
			3)	hay	459	5793	3.3715245E-4
			4)	han	463	5675	3.3028485E-4
			5)	hab	492	5303	3.0863448E-4
			6)	has	735	3398	1.9776351E-4
			7)	har	1226	1347	7.8395366E-5
			8)	hag	1483	824	4.795678E-5
			9)	haz	1692	569	3.3115786E-5
			10)	had	2030	284	1.6528793E-5
			11)	ham	2065	267	1.5539394E-5
		2)	ho	0	0	0.0
			1)	ho_	322	8191	4.76716E-4
			2)	hos	519	5039	2.9326967E-4
			3)	hor	567	4633	2.6964047E-4
			4)	hoy	937	2285	1.3298694E-4
			5)	hom	1605	674	3.9226783E-5
			6)	hoc	1990	305	1.7750992E-5
			7)	hon	2122	236	1.3735194E-5
		3)	he	0	0	0.0
			1)	hec	791	3047	1.7733533E-4
			2)	hem	813	2942	1.7122432E-4
			3)	he_	857	2660	1.5481193E-4
			4)	hes	1420	960	5.5871977E-5
			5)	her	1439	926	5.3893178E-5
		4)	hu	0	0	0.0
			1)	hum	865	2629	1.5300773E-4
			2)	hub	1666	595	3.4628985E-5
		5)	hi	0	0	0.0
			1)	hib	1653	606	3.5269186E-5
			2)	his	1717	542	3.1544387E-5
			3)	hin	1920	347	2.0195392E-5
			4)	hic	2102	250	1.45499935E-5
			5)	hip	2160	221	1.2862194E-5
			6)	hiz	2212	204	1.1872795E-5
		6)	hí	0	0	0.0
			1)	hí_	1919	347	2.0195392E-5
			2)	híc	2006	296	1.7227192E-5
	22)	á	0	0	0.0
		1)	ás	0	0	0.0
			1)	ás_	174	13564	7.8942446E-4
			2)	ást	1830	415	2.4152989E-5
			3)	ási	1835	410	2.386199E-5
		2)	án	0	0	0.0
			1)	án_	537	4908	2.8564548E-4
			2)	ánd	1467	868	5.0517578E-5
			3)	áni	1687	572	3.3290387E-5
			4)	áne	1743	513	2.9856586E-5
			5)	ánt	2182	212	1.2338394E-5
		3)	át	0	0	0.0
			1)	áti	991	2047	1.1913535E-4
		4)	ám	0	0	0.0
			1)	ámb	1004	1992	1.1593435E-4
		5)	ác	0	0	0.0
			1)	áct	1074	1780	1.0359596E-4
			2)	áci	1838	407	2.368739E-5
			3)	ácu	2139	229	1.33277945E-5
		6)	áp	0	0	0.0
			1)	ápi	1473	850	4.9469978E-5
		7)	áf	0	0	0.0
			1)	áfi	1543	751	4.370818E-5
		8)	ál	0	0	0.0
			1)	álo	1631	638	3.7131584E-5
			2)	áli	1771	481	2.7994189E-5
			3)	ál_	2061	271	1.5772193E-5
			4)	ále	2174	215	1.25129945E-5
		9)	áx	0	0	0.0
			1)	áxi	1787	469	2.7295788E-5
		10)	ág	0	0	0.0
			1)	ági	2175	215	1.25129945E-5
		11)	ár	0	0	0.0
			1)	áre	2197	208	1.2105595E-5
	23)	g	0	0	0.0
		1)	gr	0	0	0.0
			1)	gra	180	13245	7.7085866E-4
			2)	gre	1228	1342	7.810436E-5
			3)	gru	1267	1244	7.240077E-5
			4)	gro	1315	1150	6.692997E-5
			5)	gri	1318	1145	6.663897E-5
			6)	grí	1756	501	2.9158187E-5
			7)	grá	2086	256	1.4899194E-5
		2)	go	0	0	0.0
			1)	go_	273	9140	5.3194776E-4
			2)	goc	1296	1202	6.995637E-5
			3)	gos	1358	1080	6.285597E-5
			4)	gob	1430	945	5.4998975E-5
			5)	gor	1496	810	4.714198E-5
		3)	gu	0	0	0.0
			1)	gun	297	8654	5.0366257E-4
			2)	gui	578	4568	2.658575E-4
			3)	gur	614	4194	2.440907E-4
			4)	gua	765	3132	1.8228233E-4
			5)	gue	895	2475	1.4404494E-4
			6)	gul	1327	1132	6.588237E-5
			7)	gus	1390	1022	5.9480375E-5
			8)	gum	1942	334	1.9438792E-5
			9)	gub	2012	293	1.7052593E-5
			10)	guo	2128	233	1.3560594E-5
		4)	ga	0	0	0.0
			1)	gar	363	7426	4.3219302E-4
			2)	gan	632	4054	2.359427E-4
			3)	ga_	661	3835	2.231969E-4
			4)	gas	935	2290	1.3327794E-4
			5)	gac	1016	1963	1.1424655E-4
			6)	gad	1095	1731	1.0074415E-4
			7)	gal	1542	752	4.376638E-5
			8)	gat	1579	702	4.0856383E-5
			9)	gam	1607	668	3.8877584E-5
		5)	ge	0	0	0.0
			1)	gen	424	6289	3.6601964E-4
			2)	ges	1160	1552	9.0326364E-5
			3)	ger	1414	967	5.6279376E-5
			4)	ge_	1660	599	3.4861783E-5
			5)	geo	2204	206	1.1989195E-5
		6)	gi	0	0	0.0
			1)	gio	997	2022	1.1768035E-4
			2)	gis	1002	1999	1.1634175E-4
			3)	gic	1169	1509	8.782376E-5
			4)	gia	1263	1246	7.251717E-5
			5)	gid	1274	1228	7.146957E-5
			6)	gió	1470	854	4.970278E-5
			7)	gir	1541	752	4.376638E-5
			8)	gin	1632	638	3.7131584E-5
			9)	gim	1732	526	3.0613188E-5
			10)	gil	1843	405	2.357099E-5
			11)	git	2055	277	1.6121394E-5
			12)	gie	2155	222	1.29203945E-5
		7)	gú	0	0	0.0
			1)	gún	1044	1872	1.0895035E-4
		8)	gl	0	0	0.0
			1)	gla	1134	1616	9.405116E-5
			2)	glo	1352	1088	6.3321575E-5
		9)	gí	0	0	0.0
			1)	gía	1222	1369	7.967577E-5
			2)	gít	2215	203	1.18145945E-5
		10)	gn	0	0	0.0
			1)	gni	1333	1116	6.495117E-5
			2)	gna	1625	645	3.7538983E-5
			3)	gno	2046	279	1.6237793E-5
	24)	v	0	0	0.0
		1)	va	0	0	0.0
			1)	va_	258	9682	5.634922E-4
			2)	vas	629	4078	2.373395E-4
			3)	val	830	2803	1.6313454E-4
			4)	van	886	2521	1.4672213E-4
			5)	var	958	2200	1.2803994E-4
			6)	vam	1000	2002	1.1651635E-4
			7)	vac	1138	1604	9.335276E-5
			8)	vad	1140	1601	9.317816E-5
			9)	vay	2100	251	1.4608194E-5
			10)	vab	2143	227	1.3211395E-5
			11)	vat	2189	210	1.2221994E-5
		2)	ve	0	0	0.0
			1)	ver	350	7633	4.442404E-4
			2)	ven	414	6362	3.7026824E-4
			3)	vez	911	2412	1.4037834E-4
			4)	vel	967	2173	1.2646854E-4
			5)	ve_	1065	1799	1.0470176E-4
			6)	ves	1093	1737	1.01093356E-4
			7)	vec	1209	1400	8.1479964E-5
			8)	vem	1828	422	2.456039E-5
			9)	veh	1965	320	1.8623992E-5
		3)	vo	0	0	0.0
			1)	vo_	387	6852	3.9878621E-4
			2)	vos	654	3894	2.266307E-4
			3)	vot	772	3114	1.8123472E-4
			4)	vol	978	2128	1.2384955E-4
			5)	vor	1030	1916	1.1151115E-4
			6)	voc	1529	763	4.440658E-5
			7)	voy	1808	453	2.6364589E-5
		4)	vi	0	0	0.0
			1)	vis	546	4827	2.8093127E-4
			2)	vid	583	4516	2.6283108E-4
			3)	vie	998	2009	1.1692375E-4
			4)	vic	1056	1836	1.0685516E-4
			5)	via	1092	1737	1.01093356E-4
			6)	vil	1233	1331	7.746417E-5
			7)	vit	1283	1216	7.0771166E-5
			8)	vio	1293	1206	7.018917E-5
			9)	viv	1443	919	5.3485775E-5
			10)	vig	1479	836	4.865518E-5
			11)	vin	1500	801	4.661818E-5
			12)	vir	1554	734	4.271878E-5
			13)	vim	1863	380	2.211599E-5
		5)	ví	0	0	0.0
			1)	vía	1294	1202	6.995637E-5
			2)	víc	1702	555	3.2300984E-5
		6)	vé	0	0	0.0
			1)	vés	1569	715	4.161298E-5
			2)	vé_	2166	218	1.2687595E-5
		7)	vu	0	0	0.0
			1)	vue	1612	661	3.847018E-5
	25)	é	0	0	0.0
		1)	én	0	0	0.0
			1)	én_	264	9360	5.4475176E-4
			2)	énd	1853	391	2.275619E-5
			3)	ént	2057	273	1.5888592E-5
		2)	és	0	0	0.0
			1)	és_	762	3155	1.8362093E-4
			2)	ést	1011	1975	1.1494495E-4
			3)	ésa	2185	211	1.2280195E-5
			4)	ése	2206	205	1.1930995E-5
		3)	éc	0	0	0.0
			1)	écn	1565	717	4.172938E-5
		4)	ég	0	0	0.0
			1)	égi	1596	684	3.9808783E-5
		5)	ér	0	0	0.0
			1)	érm	1685	577	3.3581386E-5
			2)	ére	1720	536	3.1195188E-5
			3)	éri	1923	345	2.0078991E-5
			4)	éra	1997	301	1.7518192E-5
		6)	éx	0	0	0.0
			1)	éxi	1690	569	3.3115786E-5
		7)	éd	0	0	0.0
			1)	édi	1712	547	3.1835385E-5
		8)	ét	0	0	0.0
			1)	éti	1742	514	2.9914787E-5
			2)	éto	1876	369	2.1475791E-5
			3)	étn	2133	231	1.3444194E-5
		9)	él	0	0	0.0
			1)	él_	1795	463	2.6946589E-5
	26)	ñ	0	0	0.0
		1)	ño	0	0	0.0
			1)	ñor	270	9261	5.3898996E-4
			2)	ños	697	3605	2.0981091E-4
			3)	ño_	872	2572	1.4969034E-4
			4)	ñol	2210	204	1.1872795E-5
		2)	ña	0	0	0.0
			1)	ñal	1259	1256	7.309917E-5
			2)	ñan	1303	1179	6.8617774E-5
			3)	ñad	1507	792	4.609438E-5
			4)	ña_	1659	600	3.4919984E-5
			5)	ñas	1775	479	2.7877788E-5
			6)	ñar	1834	410	2.386199E-5
		3)	ñí	0	0	0.0
			1)	ñía	2142	227	1.3211395E-5
	27)	y	0	0	0.0
		1)	ya	0	0	0.0
			1)	ya_	383	6966	4.0542101E-4
			2)	yar	1417	963	5.6046574E-5
			3)	yan	1585	696	4.0507184E-5
			4)	yam	1890	363	2.112659E-5
			5)	yad	2083	256	1.4899194E-5
		2)	yo	0	0	0.0
			1)	yo_	613	4214	2.452547E-4
			2)	yor	786	3056	1.7785912E-4
		3)	yu	0	0	0.0
			1)	yud	852	2689	1.5649974E-4
		4)	ye	0	0	0.0
			1)	yec	1120	1667	9.701936E-5
			2)	ye_	1323	1136	6.611517E-5
			3)	yen	1427	950	5.5289976E-5
			4)	yer	1785	472	2.7470389E-5
	28)	z	0	0	0.0
		1)	za	0	0	0.0
			1)	zar	471	5622	3.2720025E-4
			2)	zac	621	4166	2.424611E-4
			3)	za_	680	3723	2.1667851E-4
			4)	zad	691	3660	2.1301191E-4
			5)	zan	1361	1077	6.268137E-5
			6)	zas	1504	798	4.644358E-5
			7)	zam	1681	580	3.3755987E-5
		2)	zo	0	0	0.0
			1)	zon	981	2112	1.2291834E-4
			2)	zo_	982	2086	1.21405144E-4
			3)	zos	1342	1103	6.419457E-5
		3)	zó	0	0	0.0
			1)	zón	1382	1044	6.0760773E-5
		4)	zc	0	0	0.0
			1)	zca	1490	815	4.743298E-5
			2)	zco	1783	473	2.7528587E-5
		5)	zá	0	0	0.0
			1)	zá_	1932	340	1.978799E-5
			2)	zás	2025	287	1.6703392E-5
	29)	ú	0	0	0.0
		1)	ún	0	0	0.0
			1)	ún_	562	4686	2.7272507E-4
			2)	úni	1176	1481	8.6194166E-5
		2)	úl	0	0	0.0
			1)	últ	945	2253	1.3112454E-4
		3)	úb	0	0	0.0
			1)	úbl	1080	1772	1.03130355E-4
		4)	úm	0	0	0.0
			1)	úme	1518	784	4.562878E-5
		5)	út	0	0	0.0
			1)	úti	1846	401	2.333819E-5
		6)	úa	0	0	0.0
			1)	úa_	2130	232	1.3502394E-5
	30)	j	0	0	0.0
		1)	jo	0	0	0.0
			1)	jo_	623	4157	2.4193729E-4
			2)	jor	764	3145	1.8303892E-4
			3)	jos	1331	1126	6.5533175E-5
		2)	je	0	0	0.0
			1)	jet	763	3150	1.8332992E-4
			2)	jer	821	2881	1.6767412E-4
			3)	jem	989	2052	1.19426346E-4
			4)	je_	1308	1167	6.791937E-5
			5)	jec	1589	692	4.0274383E-5
		3)	ju	0	0	0.0
			1)	jun	1076	1780	1.0359596E-4
			2)	jus	1097	1728	1.0056956E-4
			3)	jur	1256	1266	7.368117E-5
			4)	jud	1567	717	4.172938E-5
			5)	jui	1731	527	3.067139E-5
			6)	jue	1760	497	2.8925388E-5
			7)	jug	2203	206	1.1989195E-5
		4)	ja	0	0	0.0
			1)	jad	1168	1522	8.858036E-5
			2)	jar	1177	1481	8.6194166E-5
			3)	ja_	1381	1045	6.0818973E-5
			4)	jan	1423	957	5.5697376E-5
			5)	jas	1792	465	2.7062988E-5
			6)	jam	2200	207	1.2047395E-5
		5)	jó	0	0	0.0
			1)	jóv	1703	555	3.2300984E-5
	31)	x	0	0	0.0
		1)	xi	0	0	0.0
			1)	xis	783	3071	1.7873212E-4
			2)	xim	1049	1857	1.0807735E-4
			3)	xig	1312	1152	6.704637E-5
			4)	xit	1657	604	3.5152785E-5
			5)	xib	1886	366	2.130119E-5
			6)	xio	2067	265	1.5422993E-5
			7)	xió	2080	257	1.4957393E-5
		2)	xt	0	0	0.0
			1)	xto	1178	1479	8.6077765E-5
			2)	xtr	1225	1348	7.8453566E-5
			3)	xte	1316	1147	6.675537E-5
		3)	xp	0	0	0.0
			1)	xpr	1189	1451	8.444816E-5
			2)	xpl	1297	1201	6.989817E-5
			3)	xpe	1344	1097	6.384537E-5
			4)	xpo	1622	650	3.7829985E-5
			5)	xpu	2068	264	1.5364792E-5
		4)	xc	0	0	0.0
			1)	xce	1217	1380	8.0315964E-5
			2)	xcl	1597	683	3.9750583E-5
		5)	xa	0	0	0.0
			1)	xam	1472	851	4.952818E-5
			2)	xac	1910	353	2.054459E-5
		6)	xe	0	0	0.0
			1)	xen	1951	327	1.9031391E-5
		7)	xu	0	0	0.0
			1)	xua	2176	215	1.25129945E-5
