e_	4794134	0.028074850730472087	2
s_	4660203	0.027290539563286764	2
a_	4519738	0.02646796474417329	2
o_	3254853	0.019060692113451412	2
de	3168096	0.01855263584618321	2
_e	3167793	0.01855086145277424	2
_d	3120545	0.018274173202651622	2
es	2825438	0.016546001863569856	2
n_	2778355	0.016270279867283806	2
en	2714194	0.015894547670870892	2
_l	2589706	0.015165535503556628	2
os	2224577	0.013027309460570232	2
_p	2172524	0.012722482727509941	2
la	2098545	0.01228925549977922	2
_a	1868716	0.010943357602779747	2
_c	1710405	0.010016275111136466	2
ue	1691296	0.009904371204694012	2
ci	1673061	0.009797585515543446	2
_s	1603954	0.009392889128368883	2
re	1598477	0.009360815357078637	2
er	1593901	0.009334017917344445	2
nt	1535244	0.008990517606485945	2
ar	1518513	0.008892539467457806	2
l_	1472553	0.008623393853344288	2
as	1458299	0.008539921234032407	2
te	1451424	0.00849966065750868	2
ra	1433800	0.008396453035595351	2
r_	1374126	0.008046997087453269	2
ta	1358490	0.007955431360249636	2
on	1345355	0.007878511698774852	2
co	1335666	0.007821772102274725	2
el	1273730	0.007459069692445855	2
qu	1254612	0.007347113081248678	2
st	1247783	0.00730712188458242	2
or	1209154	0.007080907221231874	2
_q	1094836	0.006411451426753432	2
an	1049027	0.0061431900813024715	2
do	1039524	0.006087539716399931	2
ad	1034612	0.006058774632489453	2
se	1009555	0.005912038739259635	2
ro	986560	0.0057773780909450055	2
to	966641	0.005660730756577574	2
lo	961062	0.005628059664733812	2
_m	958158	0.00561105359721019	2
al	951305	0.00557092185453134	2
ac	900615	0.005274076963769498	2
da	890915	0.0052172729503469325	2
po	879054	0.005147813939707237	2
un	865579	0.0050689032097207334	2
ti	863996	0.005059633028973525	2
in	854358	0.005003192092750156	2
me	812492	0.004758021285951275	2
y_	806153	0.004720899570375435	2
_t	801363	0.004692848928695632	2
ec	764052	0.0044743525838699255	2
pr	754420	0.004417946784149703	2
na	752811	0.004408524345222187	2
ic	751529	0.0044010168457162355	2
_y	741769	0.00434386146726219	2
ón	728374	0.004265419223984327	2
ió	721596	0.0042257266875948265	2
si	714057	0.004181577671389392	2
ca	708993	0.004151922462732497	2
_n	699474	0.004096178400488228	2
tr	685007	0.004011458435314593	2
io	677808	0.003969300487620877	2
no	670561	0.003926861447901976	2
ie	669085	0.003918217868127574	2
mo	661662	0.003874748157649666	2
pa	657911	0.003852781987098321	2
le	650406	0.0038088320777440576	2
ne	643437	0.00376802102933768	2
_r	642200	0.0037607770536053384	2
ri	622176	0.0036435148304328167	2
id	621379	0.0036388475315979937	2
_i	606562	0.00355207793707406	2
_u	603342	0.0035332213470513113	2
em	596836	0.0034951216654711863	2
ia	583028	0.0034142608595599706	2
_h	582534	0.0034113679541341205	2
so	573263	0.0033570762006866353	2
pe	571759	0.0033482686505642086	2
am	544133	0.003186488477903198	2
di	542226	0.0031753209259859985	2
mi	535164	0.0031339652617808273	2
ma	524946	0.0030741277969198195	2
nc	476283	0.0027891531881381365	2
is	473254	0.0027714151101322654	2
nd	470324	0.0027542567844283357	2
li	461689	0.0027036895003145363	2
ha	457508	0.0026792052137042527	2
om	452870	0.002652044696770865	2
ce	444119	0.002600798106929538	2
cu	416944	0.002441659028088484	2
sa	379297	0.00222119503908649	2
_f	377189	0.0022088504143138337	2
mp	374544	0.002193361072509433	2
su	366149	0.0021441992485215526	2
im	365503	0.002140416218349287	2
ni	352964	0.002066986782853869	2
_o	346197	0.002027358663386807	2
it	343671	0.002012566195561508	2
ab	341992	0.0020027338307639316	2
ct	323368	0.0018936701249926053	2
ol	319417	0.001870532737669661	2
rt	318002	0.001862246379010596	2
ed	314759	0.0018432550990591136	2
br	312492	0.0018299793569530355	2
at	307957	0.0018034220166570215	2
eg	306963	0.001797601069302173	2
ns	300756	0.0017612523567955888	2
_v	295141	0.0017283704459329387	2
ob	293606	0.0017193813572109141	2
ur	292836	0.0017148721726402568	2
mb	285369	0.0016711447944725971	2
od	284307	0.0016649256334154048	2
ir	282106	0.0016520363928439546	2
pu	279419	0.001636301095517518	2
bi	278996	0.0016338239720455855	2
rm	278318	0.0016298535471898639	2
sp	264194	0.0015471422187795217	2
gu	260540	0.0015257440883624026	2
iv	259875	0.0015218497925968348	2
va	259621	0.0015203623472969036	2
d_	259367	0.0015188749019969727	2
fi	256773	0.0015036842204693298	2
oc	255807	0.0014980272434625052	2
op	255331	0.0014952397475460988	2
ba	247722	0.0014506808054706036	2
tu	247392	0.0014487482977974648	2
ve	244129	0.0014296398961688222	2
ga	234984	0.0013760860092874444	2
uc	233843	0.0013694042176054706	2
bl	232484	0.0013614457996424534	2
vi	231544	0.0013559410808159367	2
ía	224509	0.0013147435308749314	2
pl	223630	0.0013095960331637525	2
ch	212356	0.0012435745437487003	2
ho	212122	0.001242204220125929	2
ua	210402	0.0012321317558901751	2
us	210398	0.001232108331554743	2
ui	207868	0.0012172924393940119	2
za	202733	0.0011872214487832	2
vo	202300	0.0011846857644726876	2
ea	198403	0.0011618646056780753	2
mu	197879	0.0011587960177364852	2
ot	195263	0.0011434765023639664	2
_g	194673	0.0011400214128877485	2
eb	193576	0.0011335972888955263	2
et	193099	0.001130803936895262	2
gr	191727	0.0011227693898420907	2
fo	190204	0.0011138505741263621	2
be	189300	0.0011085566743187334	2
il	188425	0.0011034326009429865	2
lu	182458	0.0010684893485623215	2
ig	177237	0.0010379147347397218	2
ap	176100	0.0010312563673931798	2
ex	174369	0.0010211194862349878	2
nu	170150	9.964126684381008E-4	1
cr	169682	9.936720211925585E-4	1
ll	167496	9.808706218789782E-4	1
ul	161028	9.42993471485457E-4	1
rí	156732	9.17835735231504E-4	1
rá	150691	8.824591326453473E-4	1
má	150558	8.816802734922338E-4	1
_b	149412	8.749692013909698E-4	1
ño	148698	8.707879575163604E-4	1
ib	148592	8.701672126274127E-4	1
ás	146896	8.602352944042506E-4	1
rr	144919	8.486578166169916E-4	1
rs	142237	8.329517997098451E-4	1
nf	142046	8.318332876929678E-4	1
rc	140197	8.210053886395323E-4	1
ev	139050	8.142884604544103E-4	1
du	136788	8.010419987676223E-4	1
go	132951	7.785722050044898E-4	1
fe	131412	7.695596919470333E-4	1
ud	129914	7.607872783277545E-4	1
ef	129730	7.597097588978831E-4	1
iz	125655	7.358462171765475E-4	1
ay	123546	7.234957363200329E-4	1
gi	121461	7.112858014761103E-4	1
um	120743	7.070811332660688E-4	1
lt	119488	6.997317480242832E-4	1
cl	118416	6.93454026128511E-4	1
pi	118287	6.926985913108295E-4	1
á_	118158	6.919431564931479E-4	1
he	117665	6.890561071511556E-4	1
eñ	116958	6.849158558635521E-4	1
i_	116954	6.848924315281201E-4	1
fu	116726	6.835572444084969E-4	1
rd	114255	6.690868611953876E-4	1
u_	112825	6.607126612784527E-4	1
eo	110045	6.444327481532224E-4	1
je	109284	6.399762683372872E-4	1
ut	108313	6.342900109111726E-4	1
ej	102930	6.027667115035775E-4	1
rg	100673	5.895495302360795E-4	1
cc	99761	5.842087817575866E-4	1
if	99564	5.830551332375614E-4	1
ge	98390	5.761800907882735E-4	1
én	97934	5.735097165490271E-4	1
lí	96536	5.65322911315548E-4	1
ié	94305	5.522579882283579E-4	1
ep	94238	5.518656306098722E-4	1
ít	93041	5.448558982318503E-4	1
oy	93029	5.447856252255544E-4	1
ya	89347	5.232235244604114E-4	1
ip	88824	5.201607926026792E-4	1
sc	88402	5.176895252146047E-4	1
jo	87842	5.144101182541266E-4	1
up	87108	5.101117527023572E-4	1
eu	86185	5.047065873014265E-4	1
aj	83497	4.88965433891132E-4	1
ru	82208	4.814169417981745E-4	1
ís	81048	4.746238845228986E-4	1
au	80581	4.7188909336121423E-4	1
og	77705	4.5504699618561633E-4	1
sm	77116	4.5159776279325644E-4	1
tá	76993	4.5087746447872287E-4	1
añ	75798	4.438794442684171E-4	1
ag	75642	4.4296589518656965E-4	1
xi	75354	4.412793430354666E-4	1
uy	75158	4.401315505992993E-4	1
av	75132	4.3997929241899143E-4	1
án	74673	4.3729134992817105E-4	1
aí	74035	4.335551684267693E-4	1
fa	74004	4.333736298271714E-4	1
yo	72692	4.2569044780548003E-4	1
ju	71797	4.2044925275257314E-4	1
fr	71730	4.200568951340874E-4	1
az	67745	3.967204009599714E-4	1
rn	67731	3.966384157859595E-4	1
ng	67167	3.933355844900495E-4	1
bo	63760	3.7338390678585547E-4	1
lm	62595	3.6656156909128956E-4	1
í_	62454	3.657358612673121E-4	1
nv	61957	3.628253875898878E-4	1
ja	60515	3.543809146666569E-4	1
_j	59843	3.5044562631408323E-4	1
ez	57094	3.3434725178845096E-4	1
ún	57075	3.34235986195149E-4	1
rv	56986	3.337147947317873E-4	1
bu	56329	3.2986734763708363E-4	1
rl	56247	3.293871487607279E-4	1
pt	55052	3.223891285504221E-4	1
lg	54638	3.199647098332116E-4	1
z_	54340	3.1821959684352866E-4	1
zo	52370	3.0668311164327555E-4	1
dr	50958	2.9841432123578455E-4	1
ug	48190	2.822046811168503E-4	1
é_	48127	2.818357478337965E-4	1
xp	47174	2.762548999171259E-4	1
nm	46397	2.7170472275946263E-4	1
ña	46076	2.698249198410457E-4	1
és	45204	2.647184147168728E-4	1
ye	44329	2.5959434134112586E-4	1
ó_	42068	2.4635373573819584E-4	1
ov	41665	2.4399373394342328E-4	1
_ú	41350	2.421490675281544E-4	1
xt	39851	2.3337079782501766E-4	1
nz	39369	2.3054816540546335E-4	1
óm	38267	2.2409476099395124E-4	1
sí	37828	2.215239401802908E-4	1
ub	36777	2.153691960455365E-4	1
bs	36548	2.140281528420553E-4	1
sf	35905	2.1026269092136357E-4	1
hu	35728	2.0922616407849818E-4	1
ué	33943	1.9877305439197447E-4	1
íc	33708	1.973968746853453E-4	1
eq	33481	1.960675436495801E-4	1
ah	32895	1.9263587850879417E-4	1
bj	32242	1.8881185574952245E-4	1
af	31694	1.856027217953404E-4	1
 _	31296	1.8327200041985778E-4	1
iu	31154	1.824404365120223E-4	1
of	31019	1.8164986519119276E-4	1
  	30845	1.806309065999014E-4	1
_ 	30823	1.8050207275502545E-4	1
rz	30536	1.7882137668778046E-4	1
rq	30325	1.775857429937432E-4	1
aq	29845	1.747748227419049E-4	1
sl	29268	1.7139586235584092E-4	1
nó	29013	1.6990256097205184E-4	1
hi	28790	1.6859665427171861E-4	1
té	28323	1.6586186311003427E-4	1
fl	28092	1.6450910773883708E-4	1
yu	27690	1.6215496202792249E-4	1
ré	27041	1.5835436360408278E-4	1
_é	26310	1.5407356630388734E-4	1
gn	25150	1.4728050902861143E-4	1
sd	25094	1.4695256833256363E-4	1
ác	25014	1.464840816239239E-4	1
_á	24902	1.458282002318283E-4	1
tí	24836	1.4544169869720053E-4	1
úl	24731	1.448268098921109E-4	1
ám	24653	1.4437003535118718E-4	1
oo	24325	1.4244923984576435E-4	1
mí	24019	1.406572781852174E-4	1
lv	23972	1.4038204224389158E-4	1
dí	23640	1.3843782240303675E-4	1
át	23557	1.3795176744282303E-4	1
ól	23534	1.3781707751408913E-4	1
gl	23241	1.3610124494369615E-4	1
ró	21937	1.2846491159286875E-4	1
ér	21529	1.260756293788062E-4	1
ví	21468	1.257184082634684E-4	1
xc	20949	1.2267910074116822E-4	1
gí	20252	1.1859741029214468E-4	1
só	20069	1.1752574694613133E-4	1
uí	19902	1.1654778094184592E-4	1
úb	19530	1.1436931774667122E-4	1
uj	19315	1.1311025971720197E-4	1
pú	18728	1.0967273849255804E-4	1
cí	18587	1.0884703066858055E-4	1
nq	18333	1.0735958536864944E-4	1
ee	18172	1.06416755867512E-4	1
lc	17789	1.0417387574989935E-4	1
ál	17667	1.0345943351922379E-4	1
nj	16627	9.736910630690745E-5	1
gú	16489	9.656096673450393E-5	1
ét	16060	9.404870675942344E-5	1
uf	16054	9.401357025627546E-5	1
oh	16045	9.39608655015535E-5	1
pc	15592	9.130805951388109E-5	1
íd	15478	9.064046595406949E-5	1
ld	15291	8.954537827262415E-5	1
có	15220	8.91295963187064E-5	1
ín	14776	8.652949508575596E-5	1
mú	14730	8.626011522828812E-5	1
sg	14152	8.287529875836616E-5	1
íf	14044	8.224284170170255E-5	1
fí	14009	8.203787876667267E-5	1
uo	13014	7.621107532796617E-5	1
zó	12836	7.51686924012428E-5	1
cn	12645	7.405018038436547E-5	1
zc	12641	7.402675604893349E-5	1
iq	12582	7.368124710131169E-5	1
tó	12548	7.348214025013982E-5	1
ío	12394	7.258030333600836E-5	1
rp	12386	7.253345466514438E-5	1
ló	12084	7.076491734002945E-5	1
ij	11736	6.872700015744667E-5	1
óx	11654	6.824680128109095E-5	1
nú	11610	6.798913359133911E-5	1
ní	11566	6.773146590158727E-5	1
lq	11517	6.744451779254544E-5	1
ae	11330	6.63494301111001E-5	1
vé	11121	6.512550858477883E-5	1
_z	10916	6.392501139388956E-5	1
dm	10546	6.175826036643086E-5	1
xa	10328	6.048163408538763E-5	1
ei	10300	6.031766373736373E-5	1
lá	10154	5.946267549409624E-5	1
aú	9797	5.73720535567915E-5	1
óg	9763	5.717294670561962E-5	1
bí	9747	5.707924936389168E-5	1
oq	9730	5.6979695938305734E-5	1
ím	9586	5.613641986275424E-5	1
iá	9124	5.3430909120359867E-5	1
uv	9123	5.342505303650187E-5	1
dé	9068	5.310296842431206E-5	1
oa	9001	5.27106108058263E-5	1
mé	8704	5.097135390000135E-5	1
éc	8659	5.07078301263915E-5	1
dh	8591	5.030961642404775E-5	1
úm	8529	4.9946539224851964E-5	1
ls	8389	4.9126687484732456E-5	1
ór	8350	4.8898300214270597E-5	1
rb	8167	4.782663686825724E-5	1
uz	8152	4.7738795610387294E-5	1
vu	8065	4.7229316314741596E-5	1
ég	8011	4.691308778640979E-5	1
ár	7731	4.5273384306170774E-5	1
gé	7359	4.309492111099608E-5	1
bt	7305	4.277869258266428E-5	1
uá	7191	4.211109902285268E-5	1
éx	7120	4.169531706893493E-5	1
–_	6916	4.050067596190365E-5	1
oz	6896	4.038355428474372E-5	1
sq	6891	4.035427386545373E-5	1
él	6853	4.013174267884987E-5	1
iñ	6844	4.0079037924127895E-5	1
áp	6760	3.95871268800562E-5	1
hí	6644	3.89078211525286E-5	1
áf	6575	3.8503751366326843E-5	1
ey	6428	3.764290703920136E-5	1
oj	6351	3.719198858213564E-5	1
nn	6343	3.714513991127166E-5	1
ná	6259	3.665322886719996E-5	1
mó	6129	3.5891937965660415E-5	1
óv	6096	3.569868719834653E-5	1
dó	6045	3.540002692158871E-5	1
rf	5993	3.5095510560972896E-5	1
zá	5927	3.470900902634513E-5	1
bá	5494	3.217332471583265E-5	1
bv	5372	3.145888248515708E-5	1
ai	5295	3.100796402809135E-5	1
cá	5161	3.0223248791119825E-5	1
jó	5038	2.9502950476586258E-5	1
t_	4966	2.9081312438810512E-5	1
éd	4708	2.757044280344742E-5	1
ír	4662	2.7301062945979583E-5	1
cé	4655	2.7260070358973608E-5	1
áx	4542	2.6598332883020006E-5	1
pí	4406	2.5801905478332483E-5	1
né	4404	2.5790193310616492E-5	1
fá	4363	2.5550093872438635E-5	1
aé	4304	2.5204584924816842E-5	1
út	4225	2.474195430003512E-5	1
rj	4192	2.454870353272124E-5	1
lp	4013	2.350046452213987E-5	1
_ó	4002	2.3436047599701908E-5	1
sé	3908	2.2885575717050237E-5	1
oe	3878	2.2709893201310345E-5	1
oi	3765	2.2048155725356743E-5	1
ós	3685	2.1579669016717023E-5	1
tú	3682	2.1562100765143033E-5	1
eh	3591	2.1029197134065353E-5	1
úa	3479	2.037331574196975E-5	1
eí	3478	2.036745965811175E-5	1
íe	3251	1.903812862234655E-5	1
nl	3240	1.897371169990859E-5	1
ág	3235	1.8944431280618606E-5	1
oí	3155	1.847594457197889E-5	1
ao	3135	1.835882289481896E-5	1
dq	3082	1.8048450450345146E-5	1
lé	3044	1.782591926374128E-5	1
ox	2971	1.739842514210754E-5	1
pó	2928	1.7146613536213687E-5	1
áb	2903	1.7000211439763776E-5	1
pé	2858	1.6736687666153937E-5	1
ou	2802	1.6408746970106133E-5	1
sr	2667	1.561817564927661E-5	1
bó	2653	1.553619047526466E-5	1
sv	2649	1.551276613983267E-5	1
ód	2619	1.5337083624092777E-5	1
ñe	2586	1.5143832856778893E-5	1
ñí	2584	1.51321206890629E-5	1
gü	2569	1.5044279431192954E-5	1
xe	2521	1.4763187406009121E-5	1
zg	2519	1.4751475238293129E-5	1
g_	2410	1.4113162097771512E-5	1
áu	2390	1.3996040420611583E-5	1
xu	2258	1.3223037351356048E-5	1
pá	2258	1.3223037351356048E-5	1
úe	2251	1.3182044764350072E-5	1
uq	2202	1.2895096655308246E-5	1
tc	2179	1.2760406726574327E-5	1
dv	2139	1.2526163372254467E-5	1
mn	2117	1.2397329527378544E-5	1
c_	2102	1.2309488269508598E-5	1
m_	2066	1.2098669250620725E-5	1
íb	2059	1.205767666361475E-5	1
fé	2009	1.1764872470714925E-5	1
éf	1999	1.1706311632134961E-5	1
_k	1994	1.1677031212844978E-5	1
óc	1991	1.1659462961270988E-5	1
s–	1954	1.1442787858525119E-5	1
gm	1944	1.1384227019945153E-5	1
úc	1933	1.1319810097507192E-5	1
tn	1849	1.082789905343549E-5	1
b_	1849	1.082789905343549E-5	1
ji	1846	1.08103308018615E-5	1
xh	1839	1.0769338214855524E-5	1
ép	1832	1.0728345627849548E-5	1
_í	1786	1.045896577038171E-5	1
gó	1781	1.0429685351091728E-5	1
o–	1771	1.0371124512511763E-5	1
ús	1770	1.0365268428653767E-5	1
xo	1755	1.0277427170783819E-5	1
tm	1748	1.0236434583777844E-5	1
bú	1733	1.0148593325907897E-5	1
ln	1697	9.937774307020023E-6	1
ém	1542	9.03008130903057E-6	1
tl	1531	8.965664386592608E-6	1
íz	1504	8.807550122426703E-6	1
nr	1491	8.73142103227275E-6	1
fó	1474	8.631867606686809E-6	1
nh	1464	8.573306768106844E-6	1
éa	1456	8.526458097242873E-6	1
vá	1438	8.421048587798936E-6	1
sá	1384	8.104820059467126E-6	1
zú	1345	7.876432789005263E-6	1
eó	1344	7.870576705147266E-6	1
jé	1323	7.747598944129342E-6	1
éb	1300	7.612909015395422E-6	1
üe	1259	7.372809577217567E-6	1
zu	1212	7.0975736358917315E-6	1
ft	1202	7.039012797311767E-6	1
sb	1181	6.916035036293841E-6	1
íg	1167	6.83404986228189E-6	1
ív	1160	6.7930572752759146E-6	1
ps	1152	6.746208604411943E-6	1
yó	1131	6.623230843394017E-6	1
lb	1121	6.564670004814052E-6	1
zq	1110	6.500253082376091E-6	1
ki	1098	6.429980076080133E-6	1
gá	1092	6.394843572932154E-6	1
rú	1087	6.365563153642172E-6	1
óp	1050	6.1488880508963025E-6	1
ts	1020	5.973205535156408E-6	1
üí	1009	5.908788612718446E-6	1
sh	1007	5.897076445002454E-6	1
lr	993	5.815091270990503E-6	1
a–	972	5.692113509972577E-6	1
óf	966	5.6569770068245985E-6	1
th	955	5.592560084386637E-6	1
by	950	5.563279665096654E-6	1
íp	936	5.481294491084704E-6	1
lz	924	5.411021484788746E-6	1
zm	914	5.3524606462087815E-6	1
dá	913	5.346604562350785E-6	1
éu	899	5.264619388338834E-6	1
há	892	5.223626801332859E-6	1
lf	884	5.176778130468887E-6	1
_w	882	5.165065962752894E-6	1
_x	845	4.948390860007025E-6	1
oñ	832	4.87226176985307E-6	1
x_	829	4.85469351827908E-6	1
tb	820	4.801988763557112E-6	1
sn	815	4.77270834426713E-6	1
hú	797	4.667298834823193E-6	1
r 	740	4.333502054917394E-6	1
ka	737	4.3159338033434045E-6	1
fú	734	4.298365551769415E-6	1
ót	724	4.23980471318945E-6	1
ku	717	4.198812126183475E-6	1
eú	702	4.1109708683135274E-6	1
dj	665	3.8942957655676585E-6	1
e–	655	3.835734926987693E-6	1
lú	653	3.8240227592717004E-6	1
ux	637	3.730325417543757E-6	1
we	636	3.72446933368576E-6	1
vó	565	3.30868737976801E-6	1
fg	558	3.267694792762035E-6	1
dú	551	3.2267022057560597E-6	1
zi	546	3.197421786466077E-6	1
n–	546	3.197421786466077E-6	1
wa	543	3.179853534892088E-6	1
h_	542	3.173997451034091E-6	1
ax	528	3.0920122770221408E-6	1
ñi	519	3.039307522300172E-6	1
k_	507	2.9690345160042145E-6	1
v_	490	2.8694810904182742E-6	1
hó	458	2.682086406962387E-6	1
ss	457	2.6762303231043908E-6	1
ix	453	2.652805987672405E-6	1
f_	445	2.605957316808433E-6	1
úp	434	2.541540394370472E-6	1
eá	428	2.5064038912224928E-6	1
bé	424	2.482979555790507E-6	1
sk	423	2.4771234719325105E-6	1
bd	413	2.4185626333525456E-6	1
ik	361	2.1140462727367286E-6	1
cú	361	2.1140462727367286E-6	1
bc	358	2.096478021162739E-6	1
ke	355	2.07890976958875E-6	1
áv	348	2.0379171825827746E-6	1
ny	335	1.96178809242882E-6	1
tw	323	1.8915150861328625E-6	1
ój	318	1.86223466684288E-6	1
uñ	318	1.86223466684288E-6	1
ko	316	1.8505224991268871E-6	1
íq	306	1.7919616605469224E-6	1
hé	305	1.7861055766889258E-6	1
áq	303	1.7743934089729329E-6	1
uó	301	1.76268124125694E-6	1
l–	297	1.739256905824954E-6	1
a 	297	1.739256905824954E-6	1
r–	295	1.727544738108961E-6	1
üi	294	1.7216886542509647E-6	1
éi	291	1.7041204026769752E-6	1
—_	274	1.604566977091035E-6	1
p_	272	1.5928548093750422E-6	1
ak	266	1.5577183062270633E-6	1
ms	265	1.5518622223690667E-6	1
_–	265	1.5518622223690667E-6	1
cs	261	1.5284378869370809E-6	1
ú_	258	1.5108696353630913E-6	1
rk	249	1.4581648806411232E-6	1
tt	248	1.4523087967831266E-6	1
ñó	237	1.3878918743451653E-6	1
e 	237	1.3878918743451653E-6	1
úr	230	1.3468992873391901E-6	1
ck	221	1.2941945326172218E-6	1
dk	210	1.2297776101792605E-6	1
já	198	1.1595046038833026E-6	1
bp	194	1.1360802684513167E-6	1
sú	185	1.0833755137293486E-6	1
íl	184	1.077519429871352E-6	1
yé	177	1.0365268428653766E-6	1
km	176	1.0306707590073803E-6	1
éj	171	1.0013903397173978E-6	1
– 	166	9.721099204274153E-7	1
o 	162	9.486855849954295E-7	1
ht	154	9.018369141314577E-7	1
wi	153	8.959808302734612E-7	1
mm	152	8.901247464154647E-7	1
 b	151	8.842686625574683E-7	1
…_	145	8.491321594094893E-7	1
d–	145	8.491321594094893E-7	1
ow	144	8.432760755514928E-7	1
w_	138	8.08139572403514E-7	1
 p	134	7.847152369715281E-7	1
wh	134	7.847152369715281E-7	1
bm	131	7.671469853975387E-7	1
ek	130	7.612909015395421E-7	1
ds	130	7.612909015395421E-7	1
yá	125	7.320104822495598E-7	1
­_	125	7.320104822495598E-7	1
bb	124	7.261543983915633E-7	1
gh	124	7.261543983915633E-7	1
 –	122	7.144422306755704E-7	1
eé	120	7.027300629595774E-7	1
 s	119	6.96873979101581E-7	1
ii	117	6.85161811385588E-7	1
ty	117	6.85161811385588E-7	1
n°	115	6.734496436695951E-7	1
xá	115	6.734496436695951E-7	1
ky	113	6.61737475953602E-7	1
zb	109	6.383131405216161E-7	1
ze	106	6.207448889476267E-7	1
hm	105	6.148888050896302E-7	1
n 	105	6.148888050896302E-7	1
pp	103	6.031766373736373E-7	1
ái	103	6.031766373736373E-7	1
s 	102	5.973205535156408E-7	1
°_	102	5.973205535156408E-7	1
bg	100	5.856083857996479E-7	1
aa	98	5.738962180836548E-7	1
ew	97	5.680401342256584E-7	1
mg	96	5.621840503676619E-7	1
ok	96	5.621840503676619E-7	1
ih	94	5.50471882651669E-7	1
aó	90	5.270475472196831E-7	1
dy	89	5.211914633616866E-7	1
nk	88	5.153353795036901E-7	1
j_	87	5.094792956456937E-7	1
ry	87	5.094792956456937E-7	1
o—	83	4.860549602137077E-7	1
úo	82	4.801988763557112E-7	1
gs	81	4.743427924977148E-7	1
 d	81	4.743427924977148E-7	1
kg	80	4.6848670863971825E-7	1
gt	79	4.626306247817218E-7	1
ád	78	4.567745409237253E-7	1
ys	77	4.5091845706572884E-7	1
ly	76	4.4506237320773236E-7	1
yi	76	4.4506237320773236E-7	1
áñ	74	4.333502054917394E-7	1
ff	72	4.216380377757464E-7	1
xí	69	4.04069786201757E-7	1
 c	69	4.04069786201757E-7	1
zz	67	3.9235761848576407E-7	1
í–	67	3.9235761848576407E-7	1
jí	66	3.865015346277676E-7	1
ph	66	3.865015346277676E-7	1
íj	66	3.865015346277676E-7	1
dt	64	3.747893669117746E-7	1
iw	63	3.6893328305377813E-7	1
 m	63	3.6893328305377813E-7	1
 r	63	3.6893328305377813E-7	1
áj	63	3.6893328305377813E-7	1
aw	62	3.6307719919578166E-7	1
cy	62	3.6307719919578166E-7	1
mh	62	3.6307719919578166E-7	1
wo	62	3.6307719919578166E-7	1
ks	61	3.572211153377852E-7	1
 f	61	3.572211153377852E-7	1
q_	60	3.513650314797887E-7	1
s—	60	3.513650314797887E-7	1
”_	60	3.513650314797887E-7	1
bh	59	3.4550894762179224E-7	1
 e	59	3.4550894762179224E-7	1
 v	59	3.4550894762179224E-7	1
zn	58	3.3965286376379577E-7	1
hr	56	3.279406960478028E-7	1
ií	55	3.220846121898063E-7	1
ñá	55	3.220846121898063E-7	1
 k	54	3.1622852833180983E-7	1
cq	53	3.1037244447381336E-7	1
hn	53	3.1037244447381336E-7	1
 g	53	3.1037244447381336E-7	1
mt	51	2.986602767578204E-7	1
sy	50	2.9280419289982395E-7	1
 l	49	2.869481090418274E-7	1
a—	48	2.8109202518383095E-7	1
b­	48	2.8109202518383095E-7	1
cm	48	2.8109202518383095E-7	1
gk	48	2.8109202518383095E-7	1
à_	48	2.8109202518383095E-7	1
tg	47	2.752359413258345E-7	1
dl	46	2.69379857467838E-7	1
iy	46	2.69379857467838E-7	1
 a	46	2.69379857467838E-7	1
úd	46	2.69379857467838E-7	1
hk	45	2.6352377360984154E-7	1
np	44	2.5766768975184506E-7	1
rh	44	2.5766768975184506E-7	1
ñé	44	2.5766768975184506E-7	1
xó	43	2.518116058938486E-7	1
ñu	43	2.518116058938486E-7	1
cd	41	2.400994381778556E-7	1
pm	41	2.400994381778556E-7	1
oé	40	2.3424335431985912E-7	1
rx	40	2.3424335431985912E-7	1
my	39	2.2838727046186265E-7	1
év	39	2.2838727046186265E-7	1
ób	38	2.2253118660386618E-7	1
xq	37	2.166751027458697E-7	1
−_	36	2.108190188878732E-7	1
rw	35	2.0496293502987674E-7	1
yn	35	2.0496293502987674E-7	1
py	34	1.9910685117188027E-7	1
s…	34	1.9910685117188027E-7	1
yr	34	1.9910685117188027E-7	1
 w	34	1.9910685117188027E-7	1
·_	34	1.9910685117188027E-7	1
fs	33	1.932507673138838E-7	1
kl	33	1.932507673138838E-7	1
_·	32	1.873946834558873E-7	1
dd	32	1.873946834558873E-7	1
iú	32	1.873946834558873E-7	1
 n	32	1.873946834558873E-7	1
jú	31	1.8153859959789083E-7	1
bw	30	1.7568251573989436E-7	1
lh	30	1.7568251573989436E-7	1
ww	30	1.7568251573989436E-7	1
y–	30	1.7568251573989436E-7	1
―_	30	1.7568251573989436E-7	1
db	29	1.6982643188189789E-7	1
wn	29	1.6982643188189789E-7	1
d’	28	1.639703480239014E-7	1
yl	28	1.639703480239014E-7	1
zl	27	1.5811426416590492E-7	1
 y	27	1.5811426416590492E-7	1
bn	26	1.5225818030790844E-7	1
ml	26	1.5225818030790844E-7	1
dw	25	1.4640209644991197E-7	1
eń	25	1.4640209644991197E-7	1
o­	25	1.4640209644991197E-7	1
sw	25	1.4640209644991197E-7	1
tz	25	1.4640209644991197E-7	1
uk	25	1.4640209644991197E-7	1
ńo	25	1.4640209644991197E-7	1
d´	24	1.4054601259191547E-7	1
e—	24	1.4054601259191547E-7	1
lk	24	1.4054601259191547E-7	1
sj	24	1.4054601259191547E-7	1
ws	24	1.4054601259191547E-7	1
yú	24	1.4054601259191547E-7	1
kr	23	1.34689928733919E-7	1
 j	23	1.34689928733919E-7	1
cf	22	1.2883384487592253E-7	1
mà	22	1.2883384487592253E-7	1
o…	22	1.2883384487592253E-7	1
á–	22	1.2883384487592253E-7	1
_…	21	1.2297776101792603E-7	1
c–	21	1.2297776101792603E-7	1
dp	21	1.2297776101792603E-7	1
ym	21	1.2297776101792603E-7	1
z–	21	1.2297776101792603E-7	1
 h	21	1.2297776101792603E-7	1
 q	21	1.2297776101792603E-7	1
_•	20	1.1712167715992956E-7	1
bö	20	1.1712167715992956E-7	1
xx	20	1.1712167715992956E-7	1
y 	20	1.1712167715992956E-7	1
´e	20	1.1712167715992956E-7	1
–e	20	1.1712167715992956E-7	1
•_	20	1.1712167715992956E-7	1
a…	19	1.1126559330193309E-7	1
kn	19	1.1126559330193309E-7	1
mr	19	1.1126559330193309E-7	1
nb	19	1.1126559330193309E-7	1
n—	19	1.1126559330193309E-7	1
tp	19	1.1126559330193309E-7	1
tv	19	1.1126559330193309E-7	1
ög	19	1.1126559330193309E-7	1
–c	19	1.1126559330193309E-7	1
kt	18	1.054095094439366E-7	1
tk	18	1.054095094439366E-7	1
uu	18	1.054095094439366E-7	1
éq	18	1.054095094439366E-7	1
dg	17	9.955342558594013E-8	1
dn	17	9.955342558594013E-8	1
gb	17	9.955342558594013E-8	1
hw	17	9.955342558594013E-8	1
kh	17	9.955342558594013E-8	1
oá	17	9.955342558594013E-8	1
r—	17	9.955342558594013E-8	1
ée	17	9.955342558594013E-8	1
––	17	9.955342558594013E-8	1
mä	16	9.369734172794365E-8	1
oó	16	9.369734172794365E-8	1
s”	16	9.369734172794365E-8	1
uw	16	9.369734172794365E-8	1
wá	16	9.369734172794365E-8	1
xy	16	9.369734172794365E-8	1
yt	16	9.369734172794365E-8	1
–y	16	9.369734172794365E-8	1
_µ	15	8.784125786994718E-8	1
a­	15	8.784125786994718E-8	1
fk	15	8.784125786994718E-8	1
hf	15	8.784125786994718E-8	1
l 	15	8.784125786994718E-8	1
 t	15	8.784125786994718E-8	1
µg	15	8.784125786994718E-8	1
úg	15	8.784125786994718E-8	1
e…	14	8.19851740119507E-8	1
gp	14	8.19851740119507E-8	1
hy	14	8.19851740119507E-8	1
s­	14	8.19851740119507E-8	1
vs	14	8.19851740119507E-8	1
 i	14	8.19851740119507E-8	1
äk	14	8.19851740119507E-8	1
úi	14	8.19851740119507E-8	1
’i	14	8.19851740119507E-8	1
_à	13	7.612909015395422E-8	1
a”	13	7.612909015395422E-8	1
gg	13	7.612909015395422E-8	1
hl	13	7.612909015395422E-8	1
o”	13	7.612909015395422E-8	1
pn	13	7.612909015395422E-8	1
rö	13	7.612909015395422E-8	1
 z	13	7.612909015395422E-8	1
° 	13	7.612909015395422E-8	1
df	12	7.027300629595774E-8	1
n…	12	7.027300629595774E-8	1
wr	12	7.027300629595774E-8	1
yd	12	7.027300629595774E-8	1
än	12	7.027300629595774E-8	1
js	11	6.441692243796127E-8	1
vr	11	6.441692243796127E-8	1
êt	11	6.441692243796127E-8	1
úy	11	6.441692243796127E-8	1
–l	11	6.441692243796127E-8	1
hs	10	5.856083857996478E-8	1
iè	10	5.856083857996478E-8	1
nw	10	5.856083857996478E-8	1
tf	10	5.856083857996478E-8	1
vl	10	5.856083857996478E-8	1
wy	10	5.856083857996478E-8	1
 o	10	5.856083857996478E-8	1
èr	10	5.856083857996478E-8	1
é–	10	5.856083857996478E-8	1
üs	10	5.856083857996478E-8	1
’e	10	5.856083857996478E-8	1
e­	9	5.27047547219683E-8	1
gy	9	5.27047547219683E-8	1
o―	9	5.27047547219683E-8	1
sz	9	5.27047547219683E-8	1
s―	9	5.27047547219683E-8	1
s−	9	5.27047547219683E-8	1
td	9	5.27047547219683E-8	1
ß_	9	5.27047547219683E-8	1
ès	9	5.27047547219683E-8	1
ói	9	5.27047547219683E-8	1
ör	9	5.27047547219683E-8	1
bf	8	4.6848670863971825E-8	1
cô	8	4.6848670863971825E-8	1
dc	8	4.6848670863971825E-8	1
fh	8	4.6848670863971825E-8	1
gd	8	4.6848670863971825E-8	1
hd	8	4.6848670863971825E-8	1
kí	8	4.6848670863971825E-8	1
lä	8	4.6848670863971825E-8	1
mc	8	4.6848670863971825E-8	1
rü	8	4.6848670863971825E-8	1
yp	8	4.6848670863971825E-8	1
zf	8	4.6848670863971825E-8	1
 u	8	4.6848670863971825E-8	1
ôt	8	4.6848670863971825E-8	1
_−	7	4.099258700597535E-8	1
ań	7	4.099258700597535E-8	1
a−	7	4.099258700597535E-8	1
d…	7	4.099258700597535E-8	1
g 	7	4.099258700597535E-8	1
iσ	7	4.099258700597535E-8	1
jö	7	4.099258700597535E-8	1
ká	7	4.099258700597535E-8	1
l…	7	4.099258700597535E-8	1
xm	7	4.099258700597535E-8	1
xs	7	4.099258700597535E-8	1
är	7	4.099258700597535E-8	1
í—	7	4.099258700597535E-8	1
óq	7	4.099258700597535E-8	1
óz	7	4.099258700597535E-8	1
öm	7	4.099258700597535E-8	1
ös	7	4.099258700597535E-8	1
ńa	7	4.099258700597535E-8	1
η_	7	4.099258700597535E-8	1
σn	7	4.099258700597535E-8	1
–a	7	4.099258700597535E-8	1
–s	7	4.099258700597535E-8	1
–u	7	4.099258700597535E-8	1
_ß	6	3.513650314797887E-8	1
_ñ	6	3.513650314797887E-8	1
aï	6	3.513650314797887E-8	1
d—	6	3.513650314797887E-8	1
fü	6	3.513650314797887E-8	1
gc	6	3.513650314797887E-8	1
hö	6	3.513650314797887E-8	1
jà	6	3.513650314797887E-8	1
lw	6	3.513650314797887E-8	1
là	6	3.513650314797887E-8	1
l—	6	3.513650314797887E-8	1
mü	6	3.513650314797887E-8	1
n­	6	3.513650314797887E-8	1
qa	6	3.513650314797887E-8	1
rè	6	3.513650314797887E-8	1
r…	6	3.513650314797887E-8	1
yb	6	3.513650314797887E-8	1
zí	6	3.513650314797887E-8	1
ó–	6	3.513650314797887E-8	1
új	6	3.513650314797887E-8	1
üb	6	3.513650314797887E-8	1
ς_	6	3.513650314797887E-8	1
–k	6	3.513650314797887E-8	1
–p	6	3.513650314797887E-8	1
–t	6	3.513650314797887E-8	1
_­	5	2.928041928998239E-8	1
_â	5	2.928041928998239E-8	1
_π	5	2.928041928998239E-8	1
_ψ	5	2.928041928998239E-8	1
_д	5	2.928041928998239E-8	1
aß	5	2.928041928998239E-8	1
e−	5	2.928041928998239E-8	1
fy	5	2.928041928998239E-8	1
hü	5	2.928041928998239E-8	1
jø	5	2.928041928998239E-8	1
kc	5	2.928041928998239E-8	1
kw	5	2.928041928998239E-8	1
l´	5	2.928041928998239E-8	1
lü	5	2.928041928998239E-8	1
l”	5	2.928041928998239E-8	1
n”	5	2.928041928998239E-8	1
pd	5	2.928041928998239E-8	1
vy	5	2.928041928998239E-8	1
wb	5	2.928041928998239E-8	1
wl	5	2.928041928998239E-8	1
yc	5	2.928041928998239E-8	1
zp	5	2.928041928998239E-8	1
å_	5	2.928041928998239E-8	1
éñ	5	2.928041928998239E-8	1
ók	5	2.928041928998239E-8	1
ør	5	2.928041928998239E-8	1
ür	5	2.928041928998239E-8	1
ασ	5	2.928041928998239E-8	1
ηφ	5	2.928041928998239E-8	1
πρ	5	2.928041928998239E-8	1
ση	5	2.928041928998239E-8	1
τη	5	2.928041928998239E-8	1
το	5	2.928041928998239E-8	1
ψη	5	2.928041928998239E-8	1
–n	5	2.928041928998239E-8	1
_σ	4	2.3424335431985912E-8	1
_τ	4	2.3424335431985912E-8	1
dê	4	2.3424335431985912E-8	1
fä	4	2.3424335431985912E-8	1
g–	4	2.3424335431985912E-8	1
jd	4	2.3424335431985912E-8	1
lj	4	2.3424335431985912E-8	1
mf	4	2.3424335431985912E-8	1
nç	4	2.3424335431985912E-8	1
o−	4	2.3424335431985912E-8	1
pw	4	2.3424335431985912E-8	1
pä	4	2.3424335431985912E-8	1
rê	4	2.3424335431985912E-8	1
rα	4	2.3424335431985912E-8	1
t 	4	2.3424335431985912E-8	1
tà	4	2.3424335431985912E-8	1
uh	4	2.3424335431985912E-8	1
wc	4	2.3424335431985912E-8	1
xf	4	2.3424335431985912E-8	1
zk	4	2.3424335431985912E-8	1
 ő	4	2.3424335431985912E-8	1
 š	4	2.3424335431985912E-8	1
´i	4	2.3424335431985912E-8	1
áy	4	2.3424335431985912E-8	1
äl	4	2.3424335431985912E-8	1
ço	4	2.3424335431985912E-8	1
éo	4	2.3424335431985912E-8	1
ï_	4	2.3424335431985912E-8	1
óy	4	2.3424335431985912E-8	1
öd	4	2.3424335431985912E-8	1
őr	4	2.3424335431985912E-8	1
šp	4	2.3424335431985912E-8	1
ίσ	4	2.3424335431985912E-8	1
α_	4	2.3424335431985912E-8	1
ατ	4	2.3424335431985912E-8	1
μα	4	2.3424335431985912E-8	1
ος	4	2.3424335431985912E-8	1
ρό	4	2.3424335431985912E-8	1
σμ	4	2.3424335431985912E-8	1
τα	4	2.3424335431985912E-8	1
φί	4	2.3424335431985912E-8	1
ότ	4	2.3424335431985912E-8	1
–i	4	2.3424335431985912E-8	1
–o	4	2.3424335431985912E-8	1
–q	4	2.3424335431985912E-8	1
_ç	3	1.7568251573989434E-8	1
_δ	3	1.7568251573989434E-8	1
cv	3	1.7568251573989434E-8	1
dz	3	1.7568251573989434E-8	1
e―	3	1.7568251573989434E-8	1
fc	3	1.7568251573989434E-8	1
fn	3	1.7568251573989434E-8	1
gö	3	1.7568251573989434E-8	1
hc	3	1.7568251573989434E-8	1
hh	3	1.7568251573989434E-8	1
jk	3	1.7568251573989434E-8	1
jä	3	1.7568251573989434E-8	1
kk	3	1.7568251573989434E-8	1
m 	3	1.7568251573989434E-8	1
mè	3	1.7568251573989434E-8	1
m–	3	1.7568251573989434E-8	1
n―	3	1.7568251573989434E-8	1
n’	3	1.7568251573989434E-8	1
pf	3	1.7568251573989434E-8	1
pg	3	1.7568251573989434E-8	1
pv	3	1.7568251573989434E-8	1
u 	3	1.7568251573989434E-8	1
wu	3	1.7568251573989434E-8	1
wä	3	1.7568251573989434E-8	1
xd	3	1.7568251573989434E-8	1
yg	3	1.7568251573989434E-8	1
yw	3	1.7568251573989434E-8	1
yy	3	1.7568251573989434E-8	1
zh	3	1.7568251573989434E-8	1
zî	3	1.7568251573989434E-8	1
´a	3	1.7568251573989434E-8	1
ßa	3	1.7568251573989434E-8	1
äh	3	1.7568251573989434E-8	1
ät	3	1.7568251573989434E-8	1
íu	3	1.7568251573989434E-8	1
íñ	3	1.7568251573989434E-8	1
îl	3	1.7568251573989434E-8	1
öl	3	1.7568251573989434E-8	1
ön	3	1.7568251573989434E-8	1
úf	3	1.7568251573989434E-8	1
ü_	3	1.7568251573989434E-8	1
üa	3	1.7568251573989434E-8	1
üc	3	1.7568251573989434E-8	1
üh	3	1.7568251573989434E-8	1
üé	3	1.7568251573989434E-8	1
ý_	3	1.7568251573989434E-8	1
če	3	1.7568251573989434E-8	1
ła	3	1.7568251573989434E-8	1
ν_	3	1.7568251573989434E-8	1
до	3	1.7568251573989434E-8	1
–d	3	1.7568251573989434E-8	1
–m	3	1.7568251573989434E-8	1
’_	3	1.7568251573989434E-8	1
’h	3	1.7568251573989434E-8	1
_å	2	1.1712167715992956E-8	1
_è	2	1.1712167715992956E-8	1
_ê	2	1.1712167715992956E-8	1
_ü	2	1.1712167715992956E-8	1
_ý	2	1.1712167715992956E-8	1
_ş	2	1.1712167715992956E-8	1
_μ	2	1.1712167715992956E-8	1
aķ	2	1.1712167715992956E-8	1
ał	2	1.1712167715992956E-8	1
a―	2	1.1712167715992956E-8	1
cp	2	1.1712167715992956E-8	1
cz	2	1.1712167715992956E-8	1
d 	2	1.1712167715992956E-8	1
fm	2	1.1712167715992956E-8	1
fö	2	1.1712167715992956E-8	1
gw	2	1.1712167715992956E-8	1
gz	2	1.1712167715992956E-8	1
hg	2	1.1712167715992956E-8	1
i 	2	1.1712167715992956E-8	1
i–	2	1.1712167715992956E-8	1
jm	2	1.1712167715992956E-8	1
jt	2	1.1712167715992956E-8	1
kf	2	1.1712167715992956E-8	1
kp	2	1.1712167715992956E-8	1
ké	2	1.1712167715992956E-8	1
kõ	2	1.1712167715992956E-8	1
k–	2	1.1712167715992956E-8	1
lß	2	1.1712167715992956E-8	1
md	2	1.1712167715992956E-8	1
mw	2	1.1712167715992956E-8	1
mα	2	1.1712167715992956E-8	1
n·	2	1.1712167715992956E-8	1
oß	2	1.1712167715992956E-8	1
où	2	1.1712167715992956E-8	1
pk	2	1.1712167715992956E-8	1
pì	2	1.1712167715992956E-8	1
qi	2	1.1712167715992956E-8	1
r”	2	1.1712167715992956E-8	1
r−	2	1.1712167715992956E-8	1
sx	2	1.1712167715992956E-8	1
sł	2	1.1712167715992956E-8	1
tê	2	1.1712167715992956E-8	1
të	2	1.1712167715992956E-8	1
t–	2	1.1712167715992956E-8	1
vd	2	1.1712167715992956E-8	1
vm	2	1.1712167715992956E-8	1
vn	2	1.1712167715992956E-8	1
vä	2	1.1712167715992956E-8	1
wf	2	1.1712167715992956E-8	1
wk	2	1.1712167715992956E-8	1
wm	2	1.1712167715992956E-8	1
xg	2	1.1712167715992956E-8	1
x­	2	1.1712167715992956E-8	1
yf	2	1.1712167715992956E-8	1
y…	2	1.1712167715992956E-8	1
zs	2	1.1712167715992956E-8	1
zt	2	1.1712167715992956E-8	1
zv	2	1.1712167715992956E-8	1
z—	2	1.1712167715992956E-8	1
z”	2	1.1712167715992956E-8	1
­p	2	1.1712167715992956E-8	1
´h	2	1.1712167715992956E-8	1
ße	2	1.1712167715992956E-8	1
àv	2	1.1712167715992956E-8	1
á—	2	1.1712167715992956E-8	1
âe	2	1.1712167715992956E-8	1
ât	2	1.1712167715992956E-8	1
ão	2	1.1712167715992956E-8	1
äc	2	1.1712167715992956E-8	1
ää	2	1.1712167715992956E-8	1
æ_	2	1.1712167715992956E-8	1
è_	2	1.1712167715992956E-8	1
èn	2	1.1712167715992956E-8	1
éz	2	1.1712167715992956E-8	1
ë_	2	1.1712167715992956E-8	1
ìa	2	1.1712167715992956E-8	1
ìe	2	1.1712167715992956E-8	1
ík	2	1.1712167715992956E-8	1
í­	2	1.1712167715992956E-8	1
íč	2	1.1712167715992956E-8	1
ïf	2	1.1712167715992956E-8	1
ò_	2	1.1712167715992956E-8	1
õi	2	1.1712167715992956E-8	1
ök	2	1.1712167715992956E-8	1
öt	2	1.1712167715992956E-8	1
ù_	2	1.1712167715992956E-8	1
úñ	2	1.1712167715992956E-8	1
üg	2	1.1712167715992956E-8	1
ķs	2	1.1712167715992956E-8	1
ło	2	1.1712167715992956E-8	1
ş_	2	1.1712167715992956E-8	1
ή_	2	1.1712167715992956E-8	1
ία	2	1.1712167715992956E-8	1
αn	2	1.1712167715992956E-8	1
αs	2	1.1712167715992956E-8	1
ην	2	1.1712167715992956E-8	1
ου	2	1.1712167715992956E-8	1
ρί	2	1.1712167715992956E-8	1
στ	2	1.1712167715992956E-8	1
συ	2	1.1712167715992956E-8	1
υ_	2	1.1712167715992956E-8	1
υν	2	1.1712167715992956E-8	1
φο	2	1.1712167715992956E-8	1
де	2	1.1712167715992956E-8	1
ен	2	1.1712167715992956E-8	1
об	2	1.1712167715992956E-8	1
та	2	1.1712167715992956E-8	1
_ä	1	5.856083857996478E-9	1
_æ	1	5.856083857996478E-9	1
_ë	1	5.856083857996478E-9	1
_ô	1	5.856083857996478E-9	1
_ø	1	5.856083857996478E-9	1
_č	1	5.856083857996478E-9	1
_ź	1	5.856083857996478E-9	1
_ż	1	5.856083857996478E-9	1
_κ	1	5.856083857996478E-9	1
_λ	1	5.856083857996478E-9	1
_ν	1	5.856083857996478E-9	1
_χ	1	5.856083857996478E-9	1
_в	1	5.856083857996478E-9	1
_г	1	5.856083857996478E-9	1
_п	1	5.856083857996478E-9	1
a·	1	5.856083857996478E-9	1
a¸	1	5.856083857996478E-9	1
aš	1	5.856083857996478E-9	1
aţ	1	5.856083857996478E-9	1
aϊ	1	5.856083857996478E-9	1
a’	1	5.856083857996478E-9	1
bz	1	5.856083857996478E-9	1
bâ	1	5.856083857996478E-9	1
bæ	1	5.856083857996478E-9	1
b–	1	5.856083857996478E-9	1
cà	1	5.856083857996478E-9	1
cè	1	5.856083857996478E-9	1
cò	1	5.856083857996478E-9	1
cł	1	5.856083857996478E-9	1
c”	1	5.856083857996478E-9	1
d­	1	5.856083857996478E-9	1
dè	1	5.856083857996478E-9	1
dñ	1	5.856083857996478E-9	1
dö	1	5.856083857996478E-9	1
dķ	1	5.856083857996478E-9	1
dž	1	5.856083857996478E-9	1
eß	1	5.856083857996478E-9	1
eã	1	5.856083857996478E-9	1
eç	1	5.856083857996478E-9	1
eë	1	5.856083857996478E-9	1
eï	1	5.856083857996478E-9	1
eľ	1	5.856083857996478E-9	1
eρ	1	5.856083857996478E-9	1
e”	1	5.856083857996478E-9	1
fj	1	5.856083857996478E-9	1
fp	1	5.856083857996478E-9	1
fv	1	5.856083857996478E-9	1
få	1	5.856083857996478E-9	1
fķ	1	5.856083857996478E-9	1
f–	1	5.856083857996478E-9	1
gv	1	5.856083857996478E-9	1
gä	1	5.856083857996478E-9	1
gå	1	5.856083857996478E-9	1
gì	1	5.856083857996478E-9	1
hb	1	5.856083857996478E-9	1
hâ	1	5.856083857996478E-9	1
h’	1	5.856083857996478E-9	1
i­	1	5.856083857996478E-9	1
iç	1	5.856083857996478E-9	1
iò	1	5.856083857996478E-9	1
iö	1	5.856083857996478E-9	1
iû	1	5.856083857996478E-9	1
ić	1	5.856083857996478E-9	1
iš	1	5.856083857996478E-9	1
jc	1	5.856083857996478E-9	1
jj	1	5.856083857996478E-9	1
jn	1	5.856083857996478E-9	1
jr	1	5.856083857996478E-9	1
jw	1	5.856083857996478E-9	1
jz	1	5.856083857996478E-9	1
jσ	1	5.856083857996478E-9	1
kb	1	5.856083857996478E-9	1
kd	1	5.856083857996478E-9	1
k 	1	5.856083857996478E-9	1
kö	1	5.856083857996478E-9	1
kú	1	5.856083857996478E-9	1
kü	1	5.856083857996478E-9	1
ký	1	5.856083857996478E-9	1
l·	1	5.856083857996478E-9	1
lã	1	5.856083857996478E-9	1
lè	1	5.856083857996478E-9	1
lķ	1	5.856083857996478E-9	1
lν	1	5.856083857996478E-9	1
l―	1	5.856083857996478E-9	1
mx	1	5.856083857996478E-9	1
m´	1	5.856083857996478E-9	1
må	1	5.856083857996478E-9	1
mö	1	5.856083857996478E-9	1
mį	1	5.856083857996478E-9	1
nä	1	5.856083857996478E-9	1
nî	1	5.856083857996478E-9	1
nñ	1	5.856083857996478E-9	1
nö	1	5.856083857996478E-9	1
nă	1	5.856083857996478E-9	1
n−	1	5.856083857996478E-9	1
o´	1	5.856083857996478E-9	1
oú	1	5.856083857996478E-9	1
oč	1	5.856083857996478E-9	1
oš	1	5.856083857996478E-9	1
pâ	1	5.856083857996478E-9	1
på	1	5.856083857996478E-9	1
pę	1	5.856083857996478E-9	1
p–	1	5.856083857996478E-9	1
qb	1	5.856083857996478E-9	1
qe	1	5.856083857996478E-9	1
qr	1	5.856083857996478E-9	1
qy	1	5.856083857996478E-9	1
r­	1	5.856083857996478E-9	1
rã	1	5.856083857996478E-9	1
rñ	1	5.856083857996478E-9	1
rò	1	5.856083857996478E-9	1
rô	1	5.856083857996478E-9	1
rů	1	5.856083857996478E-9	1
rι	1	5.856083857996478E-9	1
rσ	1	5.856083857996478E-9	1
r―	1	5.856083857996478E-9	1
s·	1	5.856083857996478E-9	1
sä	1	5.856083857996478E-9	1
sñ	1	5.856083857996478E-9	1
sò	1	5.856083857996478E-9	1
sö	1	5.856083857996478E-9	1
sν	1	5.856083857996478E-9	1
sσ	1	5.856083857996478E-9	1
tj	1	5.856083857996478E-9	1
t­	1	5.856083857996478E-9	1
tä	1	5.856083857996478E-9	1
tæ	1	5.856083857996478E-9	1
tö	1	5.856083857996478E-9	1
tý	1	5.856083857996478E-9	1
tį	1	5.856083857996478E-9	1
tα	1	5.856083857996478E-9	1
t―	1	5.856083857996478E-9	1
t’	1	5.856083857996478E-9	1
uè	1	5.856083857996478E-9	1
vb	1	5.856083857996478E-9	1
vc	1	5.856083857996478E-9	1
vf	1	5.856083857996478E-9	1
vk	1	5.856083857996478E-9	1
vp	1	5.856083857996478E-9	1
væ	1	5.856083857996478E-9	1
vè	1	5.856083857996478E-9	1
vì	1	5.856083857996478E-9	1
vý	1	5.856083857996478E-9	1
vķ	1	5.856083857996478E-9	1
wp	1	5.856083857996478E-9	1
wt	1	5.856083857996478E-9	1
wx	1	5.856083857996478E-9	1
xl	1	5.856083857996478E-9	1
xr	1	5.856083857996478E-9	1
yk	1	5.856083857996478E-9	1
yx	1	5.856083857996478E-9	1
yz	1	5.856083857996478E-9	1
yí	1	5.856083857996478E-9	1
yö	1	5.856083857996478E-9	1
y—	1	5.856083857996478E-9	1
zy	1	5.856083857996478E-9	1
z 	1	5.856083857996478E-9	1
zè	1	5.856083857996478E-9	1
zì	1	5.856083857996478E-9	1
zł	1	5.856083857996478E-9	1
z…	1	5.856083857996478E-9	1
 ž	1	5.856083857996478E-9	1
­e	1	5.856083857996478E-9	1
­m	1	5.856083857996478E-9	1
­n	1	5.856083857996478E-9	1
´n	1	5.856083857996478E-9	1
´´	1	5.856083857996478E-9	1
´é	1	5.856083857996478E-9	1
·c	1	5.856083857996478E-9	1
·e	1	5.856083857996478E-9	1
·t	1	5.856083857996478E-9	1
¸_	1	5.856083857996478E-9	1
ßt	1	5.856083857996478E-9	1
ßu	1	5.856083857996478E-9	1
àl	1	5.856083857996478E-9	1
àn	1	5.856083857996478E-9	1
àp	1	5.856083857996478E-9	1
áh	1	5.856083857996478E-9	1
áz	1	5.856083857996478E-9	1
á 	1	5.856083857996478E-9	1
áä	1	5.856083857996478E-9	1
áé	1	5.856083857996478E-9	1
á−	1	5.856083857996478E-9	1
â_	1	5.856083857996478E-9	1
âa	1	5.856083857996478E-9	1
ân	1	5.856083857996478E-9	1
âñ	1	5.856083857996478E-9	1
ãa	1	5.856083857996478E-9	1
äå	1	5.856083857996478E-9	1
äý	1	5.856083857996478E-9	1
ål	1	5.856083857996478E-9	1
åt	1	5.856083857996478E-9	1
åý	1	5.856083857996478E-9	1
æk	1	5.856083857996478E-9	1
ær	1	5.856083857996478E-9	1
ç_	1	5.856083857996478E-9	1
ça	1	5.856083857996478E-9	1
çe	1	5.856083857996478E-9	1
çà	1	5.856083857996478E-9	1
çó	1	5.856083857996478E-9	1
èe	1	5.856083857996478E-9	1
èi	1	5.856083857996478E-9	1
èt	1	5.856083857996478E-9	1
èv	1	5.856083857996478E-9	1
éh	1	5.856083857996478E-9	1
é 	1	5.856083857996478E-9	1
éí	1	5.856083857996478E-9	1
éú	1	5.856083857996478E-9	1
é”	1	5.856083857996478E-9	1
é…	1	5.856083857996478E-9	1
êm	1	5.856083857996478E-9	1
ëe	1	5.856083857996478E-9	1
ël	1	5.856083857996478E-9	1
ëá	1	5.856083857996478E-9	1
ìl	1	5.856083857996478E-9	1
íh	1	5.856083857996478E-9	1
íy	1	5.856083857996478E-9	1
í 	1	5.856083857996478E-9	1
íá	1	5.856083857996478E-9	1
íó	1	5.856083857996478E-9	1
í―	1	5.856083857996478E-9	1
í”	1	5.856083857996478E-9	1
îm	1	5.856083857996478E-9	1
ïs	1	5.856083857996478E-9	1
ðå	1	5.856083857996478E-9	1
ñl	1	5.856083857996478E-9	1
ñp	1	5.856083857996478E-9	1
ñs	1	5.856083857996478E-9	1
òl	1	5.856083857996478E-9	1
òn	1	5.856083857996478E-9	1
òp	1	5.856083857996478E-9	1
óa	1	5.856083857996478E-9	1
óh	1	5.856083857996478E-9	1
óo	1	5.856083857996478E-9	1
óð	1	5.856083857996478E-9	1
ó…	1	5.856083857996478E-9	1
ôl	1	5.856083857996478E-9	1
ôü	1	5.856083857996478E-9	1
öb	1	5.856083857996478E-9	1
öh	1	5.856083857996478E-9	1
öv	1	5.856083857996478E-9	1
ø_	1	5.856083857996478E-9	1
ùò	1	5.856083857996478E-9	1
ût	1	5.856083857996478E-9	1
ül	1	5.856083857996478E-9	1
üo	1	5.856083857996478E-9	1
üë	1	5.856083857996478E-9	1
ýs	1	5.856083857996478E-9	1
ýz	1	5.856083857996478E-9	1
ýä	1	5.856083857996478E-9	1
ýù	1	5.856083857996478E-9	1
ă_	1	5.856083857996478E-9	1
ć_	1	5.856083857996478E-9	1
čn	1	5.856083857996478E-9	1
ęk	1	5.856083857996478E-9	1
į_	1	5.856083857996478E-9	1
įs	1	5.856083857996478E-9	1
ķa	1	5.856083857996478E-9	1
ķc	1	5.856083857996478E-9	1
ķo	1	5.856083857996478E-9	1
ķt	1	5.856083857996478E-9	1
ľm	1	5.856083857996478E-9	1
łg	1	5.856083857996478E-9	1
š_	1	5.856083857996478E-9	1
št	1	5.856083857996478E-9	1
ší	1	5.856083857996478E-9	1
ţi	1	5.856083857996478E-9	1
ůž	1	5.856083857996478E-9	1
źq	1	5.856083857996478E-9	1
żv	1	5.856083857996478E-9	1
žd	1	5.856083857996478E-9	1
ži	1	5.856083857996478E-9	1
žk	1	5.856083857996478E-9	1
ά_	1	5.856083857996478E-9	1
άτ	1	5.856083857996478E-9	1
ήγ	1	5.856083857996478E-9	1
ί_	1	5.856083857996478E-9	1
ακ	1	5.856083857996478E-9	1
γε	1	5.856083857996478E-9	1
δή	1	5.856083857996478E-9	1
δε	1	5.856083857996478E-9	1
δι	1	5.856083857996478E-9	1
δο	1	5.856083857996478E-9	1
δρ	1	5.856083857996478E-9	1
εί	1	5.856083857996478E-9	1
εδ	1	5.856083857996478E-9	1
ει	1	5.856083857996478E-9	1
ετ	1	5.856083857996478E-9	1
ημ	1	5.856083857996478E-9	1
ηρ	1	5.856083857996478E-9	1
ης	1	5.856083857996478E-9	1
ι_	1	5.856083857996478E-9	1
ιd	1	5.856083857996478E-9	1
ια	1	5.856083857996478E-9	1
ις	1	5.856083857996478E-9	1
κη	1	5.856083857996478E-9	1
κο	1	5.856083857996478E-9	1
λή	1	5.856083857996478E-9	1
μ_	1	5.856083857996478E-9	1
μά	1	5.856083857996478E-9	1
με	1	5.856083857996478E-9	1
μμ	1	5.856083857996478E-9	1
νa	1	5.856083857996478E-9	1
νn	1	5.856083857996478E-9	1
νt	1	5.856083857996478E-9	1
νε	1	5.856083857996478E-9	1
νό	1	5.856083857996478E-9	1
οπ	1	5.856083857996478E-9	1
ορ	1	5.856083857996478E-9	1
οφ	1	5.856083857996478E-9	1
πή	1	5.856083857996478E-9	1
ρa	1	5.856083857996478E-9	1
ρη	1	5.856083857996478E-9	1
ρύ	1	5.856083857996478E-9	1
ρώ	1	5.856083857996478E-9	1
σl	1	5.856083857996478E-9	1
σv	1	5.856083857996478E-9	1
σx	1	5.856083857996478E-9	1
σσ	1	5.856083857996478E-9	1
σω	1	5.856083857996478E-9	1
τά	1	5.856083857996478E-9	1
τι	1	5.856083857996478E-9	1
τω	1	5.856083857996478E-9	1
χρ	1	5.856083857996478E-9	1
ω_	1	5.856083857996478E-9	1
ων	1	5.856083857996478E-9	1
ϊn	1	5.856083857996478E-9	1
όδ	1	5.856083857996478E-9	1
ύσ	1	5.856083857996478E-9	1
ώτ	1	5.856083857996478E-9	1
а_	1	5.856083857996478E-9	1
аз	1	5.856083857996478E-9	1
ам	1	5.856083857996478E-9	1
ар	1	5.856083857996478E-9	1
ат	1	5.856083857996478E-9	1
ає	1	5.856083857996478E-9	1
бр	1	5.856083857996478E-9	1
бъ	1	5.856083857996478E-9	1
в_	1	5.856083857996478E-9	1
ві	1	5.856083857996478E-9	1
га	1	5.856083857996478E-9	1
е_	1	5.856083857996478E-9	1
ем	1	5.856083857996478E-9	1
ет	1	5.856083857996478E-9	1
зе	1	5.856083857996478E-9	1
и_	1	5.856083857996478E-9	1
кр	1	5.856083857996478E-9	1
ла	1	5.856083857996478E-9	1
ли	1	5.856083857996478E-9	1
ме	1	5.856083857996478E-9	1
мо	1	5.856083857996478E-9	1
н_	1	5.856083857996478E-9	1
нт	1	5.856083857996478E-9	1
ок	1	5.856083857996478E-9	1
ош	1	5.856083857996478E-9	1
па	1	5.856083857996478E-9	1
р_	1	5.856083857996478E-9	1
ра	1	5.856083857996478E-9	1
ре	1	5.856083857996478E-9	1
рл	1	5.856083857996478E-9	1
тв	1	5.856083857996478E-9	1
ті	1	5.856083857996478E-9	1
шл	1	5.856083857996478E-9	1
ър	1	5.856083857996478E-9	1
ю_	1	5.856083857996478E-9	1
є_	1	5.856083857996478E-9	1
іт	1	5.856083857996478E-9	1
ію	1	5.856083857996478E-9	1
–b	1	5.856083857996478E-9	1
–f	1	5.856083857996478E-9	1
–h	1	5.856083857996478E-9	1
–j	1	5.856083857996478E-9	1
–v	1	5.856083857996478E-9	1
—a	1	5.856083857996478E-9	1
’a	1	5.856083857996478E-9	1
’m	1	5.856083857996478E-9	1
’s	1	5.856083857996478E-9	1
’t	1	5.856083857996478E-9	1
…e	1	5.856083857996478E-9	1
…p	1	5.856083857996478E-9	1
