s_	3078030	0.027257416559622428	2
o_	2341579	0.0207357934166542	2
es	2272763	0.020126395074868388	2
a_	1923826	0.01703639232568629	2
en	1677535	0.014855368624849728	2
ci	1659206	0.014693056630450285	2
_p	1491874	0.0132112523505197	2
re	1439046	0.012743435337036486	2
er	1401823	0.012413808005074542	2
os	1393478	0.01233990906932991	2
nt	1383275	0.012249556661732249	2
n_	1341060	0.011875722800442898	2
_c	1307228	0.011576124382933924	2
ar	1268826	0.011236056446389244	2
te	1247801	0.011049870092401121	2
e_	1157826	0.010253098763027454	2
ta	1154719	0.01022558480336795	2
ra	1147004	0.010157264816636993	2
_e	1078912	0.009554277838479596	2
_a	1063696	0.009419532936587408	2
on	1061159	0.009397066597464084	2
as	1002822	0.008880464774272403	2
ad	997089	0.008829696338247959	2
co	996443	0.008823975701640287	2
r_	982936	0.008704364805882018	2
st	975910	0.008642146241167605	2
an	942333	0.008344805969687976	2
_d	933586	0.008267347133144143	2
de	906801	0.008030153245316704	2
or	901745	0.007985379965613307	2
ro	882116	0.007811555854201517	2
do	865657	0.007665803597350602	2
ac	850823	0.007534441486765117	2
da	824189	0.007298584775606036	2
ti	801260	0.00709553759793214	2
_s	789799	0.0069940450032563795	2
to	783288	0.006936387007973779	2
_m	780098	0.006908138043920409	2
in	771155	0.0068289435343500985	2
ec	764045	0.006765981109767194	2
ic	751515	0.006655022012717436	2
pr	750511	0.006646131116194055	2
al	741549	0.006566768352605871	2
me	738790	0.0065423360981158255	2
ón	728374	0.006450097474423064	2
ió	721596	0.006390075067415621	2
ca	691691	0.0061252520987585555	2
io	677806	0.006002293833592083	2
se	672486	0.005955182708587716	2
_r	642193	0.005686923815776197	2
id	621377	0.005502588255984674	2
ue	619415	0.005485213814770657	2
ri	617973	0.005472444220361579	2
le	613428	0.005432196088191494	2
si	596059	0.0052783853494319365	2
_i	585532	0.005185163768055815	2
ia	583002	0.0051627594172548655	2
tr	563651	0.004991397127788794	2
ne	561200	0.00496969235948321	2
ie	557633	0.00493810488149626	2
di	541969	0.004799392726972124	2
po	531792	0.00470927056171471	2
ma	523636	0.004637045310674181	2
em	523358	0.004634583488728464	2
am	512917	0.004542123478170082	2
pe	512029	0.004534259816703187	2
_t	492460	0.004360967033768892	2
mi	492088	0.0043576727972084355	2
na	476481	0.004219465404737918	2
is	473117	0.004189675588099818	2
la	466413	0.004130308486214616	2
li	461674	0.004088342391967305	2
nc	457503	0.004051406207306926	2
mo	456267	0.004040460840670574	2
nd	428519	0.003794739130779376	2
pa	423187	0.0037475217400795104	2
ce	387795	0.0034341087821557225	2
_h	384847	0.0034080028429615736	2
cu	382852	0.003390336171084936	2
_n	364745	0.003229990092052216	2
sa	361654	0.003202617819986709	2
im	359388	0.0031825513144867284	2
so	351815	0.0031154888051525046	2
_f	349073	0.003091207093731081	2
mp	347509	0.003077357131417767	2
it	343084	0.0030381716562026687	2
ni	336768	0.0029822404784719207	2
om	333137	0.0029500862501089776	2
ct	323368	0.002863577118498515	2
at	307839	0.0027260604530487385	2
un	305772	0.0027077561869991093	2
rt	305438	0.002704798458474399	2
no	304264	0.002694402131264789	2
eg	300007	0.0026567043757866706	2
ol	297041	0.0026304390380492734	2
ab	294169	0.0026050061149266155	2
l_	293091	0.002595459913280994	2
ns	292691	0.002591917723431041	2
ur	291483	0.002581220310084185	2
_o	283458	0.002510155126219515	2
mb	282886	0.002505089794734083	2
ha	281335	0.0024913549535908928	2
rm	278318	0.002464637986647627	2
ir	272983	0.0024173940295238866	2
_l	267430	0.0023682195789319228	2
sp	264190	0.002339527841147308	2
bi	261998	0.002320116640769569	2
ed	260938	0.0023107298376671952	2
iv	259765	0.00230034236593221	2
_v	259126	0.0022946837176469107	2
d_	256182	0.0022686132003512612	2
oc	255807	0.002265292397366931	2
op	255319	0.002260970925749989	2
lo	254701	0.0022554982424318124	2
tu	247298	0.0021899411637838185	2
el	247035	0.002187612173957475	2
qu	245985	0.0021783139256013498	2
fi	241988	0.0021429185935257005	2
ve	237020	0.0020989245955892917	2
ga	234979	0.0020808505718799097	2
va	234081	0.0020728983556667665	2
bl	232484	0.0020587561626908314	2
vi	231376	0.0020489442968064635	2
pu	225601	0.001997803930847776	2
ía	224508	0.001988124897082781	2
gu	220075	0.0019488685780706834	2
uc	219693	0.0019454857867639789	2
pl	215370	0.0019072035699606183	2
ba	206613	0.0018296561786705356	2
su	203521	0.0018022750511304036	2
za	202732	0.0017952880816513724	2
vo	198911	0.0017614513131097023	2
ch	198190	0.001755066515905163	2
ho	197945	0.0017528969246220672	2
ea	197679	0.0017505413683718489	2
br	196873	0.0017434038558241946	2
ui	196339	0.0017386750323745083	2
_g	194678	0.001723966089022581	2
eb	193575	0.0017141985005113373	2
gr	191727	0.0016978335834045572	2
et	191630	0.0016969746023659438	2
fo	190064	0.0016831069291033801	2
il	188389	0.0016682740091067045	2
ob	177986	0.0015761505065840676	2
ua	176310	0.001561308731112767	2
ig	176131	0.0015597236011549132	2
ap	176100	0.001559449081441542	2
ex	174369	0.001544120254865873	2
be	172661	0.0015289951042065763	2
lu	171484	0.0015185722105730912	2
nu	170150	0.0015067590074235	2
cr	169682	0.0015026146452990557	2
ot	168186	0.001489366855260234	2
ul	160890	0.0014247573123971021	2
rí	156732	0.001387936248906847	2
rá	150691	0.001334440326697941	2
má	150558	0.0013332625485728317	2
ll	149462	0.0013235569483839623	2
ño	148698	0.001316791365770553	2
ib	148298	0.0013132491759206008	2
ás	146894	0.0013008160895472678	2
rr	144625	0.0012807230176234128	2
mu	142316	0.0012602757267145626	2
rs	142226	0.0012594787339983233	2
nf	142046	0.0012578847485658449	2
rc	140197	0.0012415109759844399	2
ev	139026	0.0012311412151987042	2
us	136960	0.0012128458046237	2
du	136769	0.001211154408970348	2
fe	131412	0.0011637156314048603	2
od	130322	0.0011540631640637401	2
ud	129914	0.0011504501304167886	2
ef	129722	0.0011487498792888116	2
iz	125655	0.0011127346639894205	2
_b	122713	0.0010866818576430208	2
ay	122321	0.0010832105115900674	2
gi	121461	0.0010755948034126698	2
um	120741	0.0010692188616827553	2
_q	120696	0.0010688203653246356	2
go	118515	0.0010495065751677704	2
pi	118286	0.0010474786714786725	2
á_	118160	0.0010463628816759375	2
lt	117671	0.0010420325545843706	2
eñ	116958	0.0010357186011768307	2
je	109281	9.677351224816192E-4	1
ut	108218	9.583217529553707E-4	1
cl	107442	9.514499046464631E-4	1
rd	107216	9.4944856738124E-4	1
fu	103553	9.17010963830301E-4	1
ej	102930	9.114940031390001E-4	1
eo	102507	9.077481373726754E-4	1
cc	99761	8.834310040527522E-4	1
if	99556	8.816156317546516E-4	1
ge	98372	8.711307497987925E-4	1
én	97934	8.672520519130947E-4	1
lí	96536	8.54872098387511E-4	1
he	95603	8.46609940562497E-4	1
ié	94305	8.351155344994015E-4	1
ep	94237	8.345133622249096E-4	1
rg	93737	8.300856249124691E-4	1
ít	93041	8.23922214573552E-4	1
ip	88824	7.865786780804288E-4	1
sc	88402	7.828416677887291E-4	1
ya	88127	7.804064122668868E-4	1
up	87087	7.711967186570106E-4	1
eu	86152	7.629168498827468E-4	1
ru	82208	7.279908579622162E-4	1
ís	81048	7.177185073973543E-4	1
au	80572	7.13503301475911E-4	1
og	77705	6.881146557263771E-4	1
sm	77115	6.828899256976974E-4	1
tá	76993	6.818095577934619E-4	1
añ	75798	6.712272656167292E-4	1
xi	75354	6.67295434883282E-4	1
av	75102	6.650638552778119E-4	1
án	74673	6.61264856663738E-4	1
ag	74639	6.609637705264921E-4	1
aí	74035	6.556150638530639E-4	1
fa	74000	6.553051222411931E-4	1
oy	72986	6.463256709715638E-4	1
ju	71796	6.357876561679554E-4	1
fr	71708	6.350083744009659E-4	1
az	67744	5.999052729879377E-4	1
rn	67731	5.997901518178142E-4	1
_u	65893	5.83513789457283E-4	1
lm	62595	5.543084341444255E-4	1
í_	62455	5.530686676969421E-4	1
nv	61957	5.486586413337513E-4	1
bo	61267	5.425483638425835E-4	1
ng	60854	5.388910528225077E-4	1
y_	60245	5.334980687759551E-4	1
jo	60135	5.325239665672182E-4	1
_j	59837	5.298850351290037E-4	1
yo	57571	5.098185296290234E-4	1
ez	57093	5.055856127583302E-4	1
ún	57075	5.054262142150824E-4	1
rv	56986	5.046380769734679E-4	1
bu	56281	4.983949673629268E-4	1
rl	56246	4.98085025751056E-4	1
pt	55052	4.8751158904894817E-4	1
z_	54340	4.812064911160329E-4	1
ja	54191	4.7988702539692563E-4	1
zo	52370	4.6376120610501736E-4	1
dr	50951	4.5119528761231124E-4	1
aj	49469	4.380714742182376E-4	1
ug	48187	4.2671875574914017E-4	1
é_	48127	4.2618742727164733E-4	1
xp	47174	4.177481599541357E-4	1
nm	46397	4.1086745617060317E-4	1
ña	46076	4.080248488160164E-4	1
és	45204	4.003028749431202E-4	1
ye	44313	3.9241264705235123E-4	1
_y	42267	3.7429434596984474E-4	1
ó_	42068	3.725321065194934E-4	1
ov	41656	3.6888365097404244E-4	1
_ú	41351	3.661827312134537E-4	1
xt	39851	3.5289951927613224E-4	1
nz	39369	3.486311805069396E-4	1
óm	38267	3.3887244747032077E-4	1
sí	37818	3.348963393637492E-4	1
ub	36777	3.256777902792481E-4	1
bs	36548	3.236498865901503E-4	1
sf	35905	3.179558164063519E-4	1
hu	35726	3.1637068644849815E-4	1
ué	33943	3.005813751923354E-4	1
uy	33734	2.987305809957352E-4	1
íc	33708	2.9850033865548836E-4	1
eq	33481	2.9649014591564036E-4	1
ah	32895	2.913008377854601E-4	1
bj	32242	2.8551821285541283E-4	1
af	31693	2.8065655728635314E-4	1
 _	31297	2.7714978933490026E-4	1
iu	31154	2.758834564635423E-4	1
  	30845	2.731471148044541E-4	1
_ 	30823	2.729522943627067E-4	1
of	30724	2.7207560237484346E-4	1
rz	30536	2.704107731453658E-4	1
sl	29268	2.5918203132101674E-4	1
nó	29013	2.569238852916721E-4	1
hi	28741	2.545151961937045E-4	1
té	28323	2.508136078005042E-4	1
fl	28092	2.4876799316215673E-4	1
yu	27690	2.4520809236295454E-4	1
ré	27040	2.394520338567819E-4	1
_é	26310	2.329875373806188E-4	1
gn	25148	2.226974758665071E-4	1
ác	25014	2.2151084226677302E-4	1
_á	24902	2.2051902910878637E-4	1
tí	24836	2.1993456778354422E-4	1
úl	24731	2.190047429479317E-4	1
ám	24653	2.18314015927191E-4	1
oo	24320	2.1536514287710562E-4	1
mí	24019	2.1269964501501645E-4	1
lv	23971	2.1227458223302217E-4	1
dí	23640	2.0934342013218655E-4	1
át	23557	2.0860841573832145E-4	1
ól	23534	2.0840473982194918E-4	1
aq	23309	2.0641225803135095E-4	1
gl	23241	2.0581008575685903E-4	1
ró	21937	1.9426254684601422E-4	1
lg	21903	1.939614607087683E-4	1
ér	21529	1.906495131990628E-4	1
ví	21468	1.9010932924694505E-4	1
xc	20949	1.8551333791663182E-4	1
gí	20252	1.7934107210308976E-4	1
só	20069	1.7772052024673656E-4	1
uí	19902	1.7624165598438142E-4	1
úb	19530	1.729474194239257E-4	1
uj	19315	1.7104349237957627E-4	1
pú	18728	1.6584532877477113E-4	1
cí	18587	1.6459670685266292E-4	1
nq	18333	1.6234741629794316E-4	1
ee	18145	1.6068258706846553E-4	1
lc	17789	1.575300381020079E-4	1
ál	17667	1.564496701977724E-4	1
nj	16627	1.4723997658789618E-4	1
gú	16489	1.460179210896626E-4	1
ét	16060	1.4221892247558867E-4	1
uf	16054	1.4216578962783938E-4	1
oh	16045	1.4208609035621546E-4	1
pc	15592	1.3807456035114436E-4	1
íd	15478	1.3706503624390793E-4	1
ld	15264	1.351699646741834E-4	1
có	15220	1.3478032379068863E-4	1
ín	14776	1.3084849305724147E-4	1
mú	14730	1.3044114122449696E-4	1
sg	14152	1.2532267689131573E-4	1
íf	14044	1.243662856318286E-4	1
fí	14009	1.2405634401995775E-4	1
uo	13013	1.152362912935763E-4	1
zó	12836	1.1366887228497236E-4	1
cn	12645	1.1197747663162009E-4	1
zc	12641	1.1194205473312056E-4	1
iq	12582	1.1141958173025259E-4	1
tó	12548	1.1111849559300663E-4	1
ío	12394	1.0975475250077497E-4	1
rp	12386	1.0968390870377592E-4	1
ló	12084	1.0700955536706186E-4	1
ij	11734	1.0391013924835352E-4	1
óx	11654	1.0320170127836303E-4	1
nú	11610	1.0281206039486827E-4	1
ní	11566	1.024224195113735E-4	1
lq	11516	1.0197964578012945E-4	1
ae	11327	1.0030596107602694E-4	1
vé	11121	9.848173330330147E-5	1
_z	10915	9.665750553057598E-5	1
dm	10546	9.33898353939949E-5	1
xa	10328	9.145934192577084E-5	1
ei	10280	9.103427914377656E-5	1
lá	10154	8.991848934104155E-5	1
aú	9797	8.675708489995903E-5	1
óg	9763	8.645599876271309E-5	1
bí	9747	8.6314311168715E-5	1
oq	9729	8.615491262546713E-5	1
ím	9586	8.488857975410915E-5	1
iá	9124	8.079735047741413E-5	1
uv	9123	8.078849500278926E-5	1
dé	9068	8.03014438984208E-5	1
oa	9001	7.970812709855377E-5	1
mé	8704	7.707805113496412E-5	1
éc	8659	7.667955477684447E-5	1
dh	8584	7.60153941799784E-5	1
úm	8529	7.552834307560995E-5	1
ls	8380	7.420887735650268E-5	1
ór	8350	7.394321311775625E-5	1
rb	8167	7.232266126140303E-5	1
uz	8151	7.218097366740494E-5	1
vu	8065	7.141940284966517E-5	1
ég	8011	7.09412072199216E-5	1
ár	7731	6.846167432495492E-5	1
gé	7359	6.516743776449919E-5	1
bt	7305	6.468924213475562E-5	1
uá	7191	6.367971802751918E-5	1
éx	7120	6.305097932915263E-5	1
–_	6916	6.124446250567692E-5	1
oz	6896	6.106735301317929E-5	1
sq	6891	6.102307564005489E-5	1
él	6853	6.068656760430941E-5	1
iñ	6844	6.060686833268548E-5	1
áp	6760	5.9863008464195476E-5	1
hí	6644	5.883577340770928E-5	1
áf	6575	5.82247456585925E-5	1
ey	6425	5.689642446486035E-5	1
oj	6351	5.624111934261915E-5	1
nn	6338	5.6125998172495704E-5	1
ná	6259	5.54264156771301E-5	1
mó	6129	5.427520397589557E-5	1
óv	6096	5.39829733132745E-5	1
dó	6044	5.352248863278069E-5	1
rf	5993	5.307085942691176E-5	1
i_	5931	5.252182000016914E-5	1
zá	5927	5.2486398101669616E-5	1
bá	5494	4.8651977589096146E-5	1
bv	5372	4.7571609684860665E-5	1
cá	5161	4.570310453901078E-5	1
ai	5141	4.552599504651316E-5	1
jó	5038	4.4613881160150415E-5	1
éd	4708	4.169157453393969E-5	1
ír	4662	4.1284222701195165E-5	1
cé	4655	4.1222234378821E-5	1
áx	4542	4.022156574620945E-5	1
pí	4406	3.901722119722563E-5	1
né	4404	3.8999510247975874E-5	1
fá	4363	3.8636435788355754E-5	1
aé	4304	3.8113962785487775E-5	1
út	4225	3.741438029012217E-5	1
rj	4192	3.71221496275011E-5	1
t_	4049	3.585581675614312E-5	1
lp	4013	3.55370196696474E-5	1
_ó	4003	3.54484649233986E-5	1
sé	3908	3.46071948340349E-5	1
oe	3878	3.434153059528847E-5	1
ós	3685	3.263242399268644E-5	1
tú	3682	3.26058575688118E-5	1
u_	3642	3.2251638583816556E-5	1
oi	3636	3.2198505736067275E-5	1
eh	3591	3.180000937794763E-5	1
úa	3479	3.0808196219960955E-5	1
eí	3478	3.0799340745336075E-5	1
íe	3251	2.8789148005488092E-5	1
ág	3235	2.8647460411489995E-5	1
nl	3233	2.8629749462240234E-5	1
oí	3155	2.7939022441499517E-5	1
ao	3134	2.7753057474377017E-5	1
dq	3082	2.7292572793883206E-5	1
lé	3044	2.6956064758137726E-5	1
ox	2971	2.6309615110521415E-5	1
pó	2928	2.5928829701651533E-5	1
áb	2903	2.5707442836029507E-5	1
pé	2858	2.5308946477909863E-5	1
ou	2676	2.3697250096181524E-5	1
sr	2667	2.3617550824557594E-5	1
bó	2653	2.3493574179809262E-5	1
sv	2649	2.3458152281309736E-5	1
ód	2619	2.3192488042563306E-5	1
ñe	2586	2.2900257379942237E-5	1
ñí	2584	2.288254643069247E-5	1
gü	2569	2.2749714311319257E-5	1
xe	2521	2.232465152932497E-5	1
zg	2519	2.2306940580075207E-5	1
áu	2390	2.116458435346556E-5	1
rq	2376	2.1040607708717226E-5	1
g_	2292	2.0296747840227224E-5	1
xu	2258	1.999566170298127E-5	1
pá	2258	1.999566170298127E-5	1
úe	2251	1.9933673380607104E-5	1
uq	2202	1.9499755123987937E-5	1
tc	2179	1.9296079207615672E-5	1
dv	2139	1.8941860222620434E-5	1
c_	2138	1.8933004747995552E-5	1
mn	2117	1.8747039780873052E-5	1
íb	2059	1.8233422252629956E-5	1
m_	2036	1.802974633625769E-5	1
fé	2009	1.7790648521385906E-5	1
éf	1999	1.7702093775137094E-5	1
_k	1994	1.765781640201269E-5	1
óc	1991	1.7631249978138047E-5	1
s–	1954	1.730359741701745E-5	1
gm	1944	1.7215042670768642E-5	1
úc	1933	1.711763244989495E-5	1
b_	1875	1.660401492165185E-5	1
tn	1849	1.6373772581404945E-5	1
ji	1846	1.6347206157530305E-5	1
xh	1839	1.6285217835156137E-5	1
ép	1832	1.622322951278197E-5	1
_í	1796	1.5904432426286255E-5	1
gó	1781	1.577160030691304E-5	1
o–	1771	1.568304556066423E-5	1
ús	1770	1.567419008603935E-5	1
xo	1755	1.5541357966666135E-5	1
tm	1748	1.5479369644291967E-5	1
bú	1733	1.5346537524918753E-5	1
ln	1697	1.5027740438423037E-5	1
ém	1542	1.3655141871566484E-5	1
tl	1530	1.3548876176067912E-5	1
íz	1504	1.3318633835821006E-5	1
nr	1491	1.3203512665697553E-5	1
fó	1474	1.3052969597074577E-5	1
nh	1464	1.2964414850825767E-5	1
éa	1455	1.2884715579201837E-5	1
vá	1438	1.2734172510578861E-5	1
sá	1384	1.2255976880835288E-5	1
zú	1345	1.191061337046493E-5	1
eó	1344	1.1901757895840047E-5	1
jé	1323	1.1715792928717547E-5	1
éb	1300	1.1512117012345284E-5	1
üe	1259	1.1149042552725164E-5	1
zu	1211	1.0723979770730876E-5	1
ft	1202	1.0644280499106947E-5	1
sb	1181	1.0458315531984447E-5	1
íg	1167	1.0334338887236113E-5	1
ív	1160	1.0272350564861946E-5	1
ps	1152	1.0201506767862899E-5	1
yó	1131	1.0015541800740398E-5	1
lb	1121	9.926987054491587E-6	1
zq	1110	9.829576833617896E-6	1
ki	1098	9.723311138119324E-6	1
gá	1092	9.670178290370039E-6	1
rú	1087	9.625900917245633E-6	1
óp	1050	9.298248356125038E-6	1
ts	1010	8.944029371129799E-6	1
üí	1009	8.935173896504916E-6	1
lr	993	8.79348630250682E-6	1
sh	985	8.722642505507774E-6	1
a–	972	8.607521335384321E-6	1
óf	966	8.554388487635034E-6	1
íp	936	8.288724248888605E-6	1
lz	924	8.182458553390033E-6	1
zm	914	8.093903807141223E-6	1
dá	913	8.085048332516342E-6	1
by	910	8.0584819086417E-6	1
éu	899	7.961071687768008E-6	1
há	892	7.89908336539384E-6	1
lf	882	7.810528619145032E-6	1
sd	879	7.783962195270388E-6	1
_x	845	7.4828760580244345E-6	1
oñ	832	7.367754887900982E-6	1
x_	825	7.305766565526815E-6	1
tb	820	7.26148919240241E-6	1
sn	814	7.2083563446531246E-6	1
hú	797	7.0578132760301475E-6	1
_w	757	6.703594291034908E-6	1
r 	740	6.553051222411931E-6	1
ka	737	6.5264847985372885E-6	1
fú	734	6.499918374662645E-6	1
ót	724	6.411363628413836E-6	1
ku	717	6.349375306039668E-6	1
eú	702	6.2165431866664534E-6	1
dj	665	5.888890625545857E-6	1
e–	655	5.800335879297047E-6	1
lú	653	5.7826249300472855E-6	1
ux	633	5.605515437549665E-6	1
we	596	5.277862876429069E-6	1
vó	565	5.003343163057758E-6	1
fg	558	4.9413548406835915E-6	1
dú	550	4.870511043684544E-6	1
n–	546	4.8350891451850195E-6	1
zi	545	4.826233670560139E-6	1
ax	528	4.6756906019371616E-6	1
wa	525	4.649124178062519E-6	1
ñi	519	4.595991330313233E-6	1
v_	506	4.48087016018978E-6	1
h_	488	4.321471616941922E-6	1
k_	486	4.3037606676921605E-6	1
hó	458	4.055807378195492E-6	1
ss	453	4.011530005071087E-6	1
ix	453	4.011530005071087E-6	1
úp	434	3.843275987198348E-6	1
eá	428	3.790143139449063E-6	1
bé	424	3.754721240949539E-6	1
sk	423	3.745865766324658E-6	1
bd	413	3.657311020075848E-6	1
cú	361	3.1968263395820365E-6	1
bc	358	3.1702599157073936E-6	1
th	356	3.152548966457632E-6	1
ik	355	3.1436934918327506E-6	1
ke	350	3.099416118708346E-6	1
áv	348	3.0817051694585837E-6	1
ny	327	2.895740202336083E-6	1
ój	318	2.8160409307121542E-6	1
uñ	318	2.8160409307121542E-6	1
ko	316	2.798329981462392E-6	1
tw	309	2.7363416590882252E-6	1
íq	306	2.7097752352135823E-6	1
hé	305	2.7009197605887014E-6	1
áq	303	2.6832088113389393E-6	1
uó	301	2.6654978620891775E-6	1
l–	297	2.6300759635896533E-6	1
a 	297	2.6300759635896533E-6	1
r–	295	2.6123650143398916E-6	1
üi	294	2.6035095397150103E-6	1
éi	291	2.5769431158403673E-6	1
—_	274	2.4264000472173906E-6	1
ak	266	2.355556250218343E-6	1
_–	265	2.3467007755934616E-6	1
ms	264	2.3378453009685808E-6	1
cs	261	2.311278877093938E-6	1
ú_	258	2.284712453219295E-6	1
p_	254	2.249290554719771E-6	1
rk	249	2.205013181595366E-6	1
tt	246	2.178446757720723E-6	1
ñó	237	2.0987474860967943E-6	1
e 	237	2.0987474860967943E-6	1
úr	230	2.0367591637226274E-6	1
dk	210	1.8596496712250076E-6	1
ck	201	1.7799503996010786E-6	1
já	198	1.7533839757264356E-6	1
bp	194	1.7179620772269117E-6	1
sú	185	1.6382628056029828E-6	1
íl	184	1.6294073309781017E-6	1
yé	177	1.5674190086039349E-6	1
km	176	1.5585635339790538E-6	1
éj	171	1.5142861608546489E-6	1
– 	166	1.470008787730244E-6	1
o 	162	1.43458688923072E-6	1
ht	154	1.3637430922316722E-6	1
 b	151	1.3371766683570292E-6	1
mm	148	1.3106102444823862E-6	1
…_	145	1.2840438206077432E-6	1
d–	145	1.2840438206077432E-6	1
f_	139	1.2309109728584572E-6	1
 p	134	1.1866335997340523E-6	1
w_	132	1.1689226504842904E-6	1
bm	131	1.1600671758594093E-6	1
ek	130	1.1512117012345285E-6	1
ds	125	1.1069343281101236E-6	1
ow	125	1.1069343281101236E-6	1
yá	125	1.1069343281101236E-6	1
­_	125	1.1069343281101236E-6	1
bb	124	1.0980788534852425E-6	1
 –	122	1.0803679042354806E-6	1
gh	121	1.0715124296105995E-6	1
eé	120	1.0626569549857186E-6	1
 s	119	1.0538014803608376E-6	1
ii	117	1.0360905311110756E-6	1
ty	117	1.0360905311110756E-6	1
n°	115	1.0183795818613137E-6	1
xá	115	1.0183795818613137E-6	1
ky	113	1.0006686326115516E-6	1
zb	109	9.652467341120277E-7	1
wi	107	9.475357848622657E-7	1
hm	105	9.298248356125038E-7	1
n 	105	9.298248356125038E-7	1
ze	105	9.298248356125038E-7	1
pp	103	9.121138863627417E-7	1
ái	103	9.121138863627417E-7	1
s 	102	9.032584117378608E-7	1
°_	102	9.032584117378608E-7	1
bg	100	8.855474624880988E-7	1
wh	98	8.678365132383368E-7	1
ew	97	8.589810386134559E-7	1
aa	96	8.501255639885748E-7	1
mg	96	8.501255639885748E-7	1
ok	96	8.501255639885748E-7	1
ih	94	8.324146147388129E-7	1
aó	90	7.969927162392889E-7	1
dy	89	7.88137241614408E-7	1
j_	88	7.792817669895269E-7	1
nk	88	7.792817669895269E-7	1
o—	83	7.35004393865122E-7	1
ry	82	7.26148919240241E-7	1
úo	82	7.26148919240241E-7	1
gs	81	7.1729344461536E-7	1
 d	81	7.1729344461536E-7	1
kg	80	7.084379699904791E-7	1
gt	79	6.99582495365598E-7	1
ád	78	6.907270207407171E-7	1
yi	76	6.730160714909551E-7	1
ys	76	6.730160714909551E-7	1
áñ	74	6.553051222411931E-7	1
ly	69	6.110277491167882E-7	1
xí	69	6.110277491167882E-7	1
 c	69	6.110277491167882E-7	1
zz	67	5.933167998670262E-7	1
í–	67	5.933167998670262E-7	1
jí	66	5.844613252421452E-7	1
íj	66	5.844613252421452E-7	1
ff	65	5.756058506172642E-7	1
ph	65	5.756058506172642E-7	1
iw	63	5.578949013675022E-7	1
 m	63	5.578949013675022E-7	1
 r	63	5.578949013675022E-7	1
áj	63	5.578949013675022E-7	1
cy	62	5.490394267426212E-7	1
mh	62	5.490394267426212E-7	1
dt	61	5.401839521177403E-7	1
ks	61	5.401839521177403E-7	1
 f	61	5.401839521177403E-7	1
q_	60	5.313284774928593E-7	1
s—	60	5.313284774928593E-7	1
”_	60	5.313284774928593E-7	1
aw	59	5.224730028679782E-7	1
bh	59	5.224730028679782E-7	1
 e	59	5.224730028679782E-7	1
zn	58	5.136175282430973E-7	1
 v	58	5.136175282430973E-7	1
ií	55	4.870511043684543E-7	1
ñá	55	4.870511043684543E-7	1
 k	54	4.781956297435733E-7	1
cq	53	4.6934015511869237E-7	1
hn	53	4.6934015511869237E-7	1
wo	53	4.6934015511869237E-7	1
 g	53	4.6934015511869237E-7	1
hr	52	4.6048468049381136E-7	1
mt	51	4.516292058689304E-7	1
sy	50	4.427737312440494E-7	1
 l	49	4.339182566191684E-7	1
a—	48	4.250627819942874E-7	1
b­	48	4.250627819942874E-7	1
cm	48	4.250627819942874E-7	1
gk	48	4.250627819942874E-7	1
tg	47	4.1620730736940644E-7	1
à_	47	4.1620730736940644E-7	1
dl	46	4.073518327445254E-7	1
iy	46	4.073518327445254E-7	1
 a	46	4.073518327445254E-7	1
úd	46	4.073518327445254E-7	1
hk	45	3.9849635811964446E-7	1
np	44	3.8964088349476345E-7	1
rh	44	3.8964088349476345E-7	1
ñé	44	3.8964088349476345E-7	1
xó	43	3.807854088698825E-7	1
ñu	43	3.807854088698825E-7	1
cd	41	3.630744596201205E-7	1
pm	41	3.630744596201205E-7	1
oé	40	3.5421898499523954E-7	1
rx	40	3.5421898499523954E-7	1
év	39	3.4536351037035853E-7	1
ób	38	3.3650803574547757E-7	1
xq	37	3.2765256112059655E-7	1
−_	36	3.187970864957156E-7	1
yn	35	3.099416118708346E-7	1
py	34	3.010861372459536E-7	1
s…	34	3.010861372459536E-7	1
yr	34	3.010861372459536E-7	1
 w	34	3.010861372459536E-7	1
·_	34	3.010861372459536E-7	1
fs	33	2.922306626210726E-7	1
kl	33	2.922306626210726E-7	1
_·	32	2.8337518799619164E-7	1
dd	32	2.8337518799619164E-7	1
 n	32	2.8337518799619164E-7	1
iú	31	2.745197133713106E-7	1
jú	31	2.745197133713106E-7	1
rw	31	2.745197133713106E-7	1
bw	30	2.6566423874642966E-7	1
lh	30	2.6566423874642966E-7	1
ww	30	2.6566423874642966E-7	1
y–	30	2.6566423874642966E-7	1
―_	30	2.6566423874642966E-7	1
db	29	2.5680876412154864E-7	1
my	29	2.5680876412154864E-7	1
d’	28	2.479532894966677E-7	1
yl	27	2.3909781487178667E-7	1
zl	27	2.3909781487178667E-7	1
 y	27	2.3909781487178667E-7	1
bn	26	2.3024234024690568E-7	1
ml	26	2.3024234024690568E-7	1
dw	25	2.213868656220247E-7	1
eń	25	2.213868656220247E-7	1
o­	25	2.213868656220247E-7	1
sw	25	2.213868656220247E-7	1
tz	25	2.213868656220247E-7	1
uk	25	2.213868656220247E-7	1
ńo	25	2.213868656220247E-7	1
d´	24	2.125313909971437E-7	1
e—	24	2.125313909971437E-7	1
lk	24	2.125313909971437E-7	1
sj	24	2.125313909971437E-7	1
ws	24	2.125313909971437E-7	1
yú	24	2.125313909971437E-7	1
kr	23	2.036759163722627E-7	1
 j	23	2.036759163722627E-7	1
cf	22	1.9482044174738172E-7	1
mà	22	1.9482044174738172E-7	1
o…	22	1.9482044174738172E-7	1
á–	22	1.9482044174738172E-7	1
_…	21	1.8596496712250073E-7	1
c–	21	1.8596496712250073E-7	1
dp	21	1.8596496712250073E-7	1
ym	21	1.8596496712250073E-7	1
z–	21	1.8596496712250073E-7	1
 h	21	1.8596496712250073E-7	1
 q	21	1.8596496712250073E-7	1
_•	20	1.7710949249761977E-7	1
bö	20	1.7710949249761977E-7	1
xx	20	1.7710949249761977E-7	1
y 	20	1.7710949249761977E-7	1
´e	20	1.7710949249761977E-7	1
–e	20	1.7710949249761977E-7	1
•_	20	1.7710949249761977E-7	1
a…	19	1.6825401787273878E-7	1
kn	19	1.6825401787273878E-7	1
mr	19	1.6825401787273878E-7	1
nb	19	1.6825401787273878E-7	1
n—	19	1.6825401787273878E-7	1
tp	19	1.6825401787273878E-7	1
tv	19	1.6825401787273878E-7	1
wn	19	1.6825401787273878E-7	1
ög	19	1.6825401787273878E-7	1
–c	19	1.6825401787273878E-7	1
kt	18	1.593985432478578E-7	1
tk	18	1.593985432478578E-7	1
uu	18	1.593985432478578E-7	1
éq	18	1.593985432478578E-7	1
dg	17	1.505430686229768E-7	1
dn	17	1.505430686229768E-7	1
gb	17	1.505430686229768E-7	1
hw	17	1.505430686229768E-7	1
kh	17	1.505430686229768E-7	1
oá	17	1.505430686229768E-7	1
r—	17	1.505430686229768E-7	1
ée	17	1.505430686229768E-7	1
––	17	1.505430686229768E-7	1
mä	16	1.4168759399809582E-7	1
oó	16	1.4168759399809582E-7	1
s”	16	1.4168759399809582E-7	1
uw	16	1.4168759399809582E-7	1
wá	16	1.4168759399809582E-7	1
xy	16	1.4168759399809582E-7	1
yt	16	1.4168759399809582E-7	1
–y	16	1.4168759399809582E-7	1
_µ	15	1.3283211937321483E-7	1
a­	15	1.3283211937321483E-7	1
fk	15	1.3283211937321483E-7	1
hf	15	1.3283211937321483E-7	1
l 	15	1.3283211937321483E-7	1
µg	15	1.3283211937321483E-7	1
úg	15	1.3283211937321483E-7	1
e…	14	1.2397664474833384E-7	1
gp	14	1.2397664474833384E-7	1
hy	14	1.2397664474833384E-7	1
s­	14	1.2397664474833384E-7	1
vs	14	1.2397664474833384E-7	1
 i	14	1.2397664474833384E-7	1
 t	14	1.2397664474833384E-7	1
äk	14	1.2397664474833384E-7	1
’i	14	1.2397664474833384E-7	1
_à	13	1.1512117012345284E-7	1
a”	13	1.1512117012345284E-7	1
gg	13	1.1512117012345284E-7	1
hl	13	1.1512117012345284E-7	1
o”	13	1.1512117012345284E-7	1
pn	13	1.1512117012345284E-7	1
rö	13	1.1512117012345284E-7	1
 z	13	1.1512117012345284E-7	1
° 	13	1.1512117012345284E-7	1
úi	13	1.1512117012345284E-7	1
df	12	1.0626569549857185E-7	1
n…	12	1.0626569549857185E-7	1
wr	12	1.0626569549857185E-7	1
yd	12	1.0626569549857185E-7	1
än	12	1.0626569549857185E-7	1
js	11	9.741022087369086E-8	1
vr	11	9.741022087369086E-8	1
êt	11	9.741022087369086E-8	1
úy	11	9.741022087369086E-8	1
–l	11	9.741022087369086E-8	1
hs	10	8.855474624880989E-8	1
iè	10	8.855474624880989E-8	1
nw	10	8.855474624880989E-8	1
tf	10	8.855474624880989E-8	1
vl	10	8.855474624880989E-8	1
wy	10	8.855474624880989E-8	1
 o	10	8.855474624880989E-8	1
èr	10	8.855474624880989E-8	1
é–	10	8.855474624880989E-8	1
üs	10	8.855474624880989E-8	1
’e	10	8.855474624880989E-8	1
e­	9	7.96992716239289E-8	1
gy	9	7.96992716239289E-8	1
o―	9	7.96992716239289E-8	1
sz	9	7.96992716239289E-8	1
s―	9	7.96992716239289E-8	1
s−	9	7.96992716239289E-8	1
td	9	7.96992716239289E-8	1
ß_	9	7.96992716239289E-8	1
ès	9	7.96992716239289E-8	1
ói	9	7.96992716239289E-8	1
ör	9	7.96992716239289E-8	1
bf	8	7.084379699904791E-8	1
cô	8	7.084379699904791E-8	1
dc	8	7.084379699904791E-8	1
fh	8	7.084379699904791E-8	1
gd	8	7.084379699904791E-8	1
hd	8	7.084379699904791E-8	1
kí	8	7.084379699904791E-8	1
lä	8	7.084379699904791E-8	1
mc	8	7.084379699904791E-8	1
rü	8	7.084379699904791E-8	1
yp	8	7.084379699904791E-8	1
zf	8	7.084379699904791E-8	1
 u	8	7.084379699904791E-8	1
ôt	8	7.084379699904791E-8	1
_−	7	6.198832237416692E-8	1
ań	7	6.198832237416692E-8	1
a−	7	6.198832237416692E-8	1
d…	7	6.198832237416692E-8	1
g 	7	6.198832237416692E-8	1
iσ	7	6.198832237416692E-8	1
jö	7	6.198832237416692E-8	1
ká	7	6.198832237416692E-8	1
l…	7	6.198832237416692E-8	1
xm	7	6.198832237416692E-8	1
xs	7	6.198832237416692E-8	1
är	7	6.198832237416692E-8	1
í—	7	6.198832237416692E-8	1
óq	7	6.198832237416692E-8	1
óz	7	6.198832237416692E-8	1
öm	7	6.198832237416692E-8	1
ös	7	6.198832237416692E-8	1
ńa	7	6.198832237416692E-8	1
η_	7	6.198832237416692E-8	1
σn	7	6.198832237416692E-8	1
–a	7	6.198832237416692E-8	1
–s	7	6.198832237416692E-8	1
–u	7	6.198832237416692E-8	1
_ß	6	5.3132847749285925E-8	1
_ê	6	5.3132847749285925E-8	1
_ñ	6	5.3132847749285925E-8	1
aï	6	5.3132847749285925E-8	1
d—	6	5.3132847749285925E-8	1
fü	6	5.3132847749285925E-8	1
gc	6	5.3132847749285925E-8	1
hö	6	5.3132847749285925E-8	1
jà	6	5.3132847749285925E-8	1
lw	6	5.3132847749285925E-8	1
là	6	5.3132847749285925E-8	1
l—	6	5.3132847749285925E-8	1
mü	6	5.3132847749285925E-8	1
n­	6	5.3132847749285925E-8	1
qa	6	5.3132847749285925E-8	1
rè	6	5.3132847749285925E-8	1
r…	6	5.3132847749285925E-8	1
yb	6	5.3132847749285925E-8	1
zí	6	5.3132847749285925E-8	1
ó–	6	5.3132847749285925E-8	1
új	6	5.3132847749285925E-8	1
üb	6	5.3132847749285925E-8	1
ς_	6	5.3132847749285925E-8	1
–k	6	5.3132847749285925E-8	1
–p	6	5.3132847749285925E-8	1
–t	6	5.3132847749285925E-8	1
_­	5	4.427737312440494E-8	1
_â	5	4.427737312440494E-8	1
_π	5	4.427737312440494E-8	1
_ψ	5	4.427737312440494E-8	1
_д	5	4.427737312440494E-8	1
aß	5	4.427737312440494E-8	1
e−	5	4.427737312440494E-8	1
fy	5	4.427737312440494E-8	1
hü	5	4.427737312440494E-8	1
jø	5	4.427737312440494E-8	1
kc	5	4.427737312440494E-8	1
kw	5	4.427737312440494E-8	1
l´	5	4.427737312440494E-8	1
lü	5	4.427737312440494E-8	1
l”	5	4.427737312440494E-8	1
n”	5	4.427737312440494E-8	1
pd	5	4.427737312440494E-8	1
vy	5	4.427737312440494E-8	1
wb	5	4.427737312440494E-8	1
wl	5	4.427737312440494E-8	1
yc	5	4.427737312440494E-8	1
zp	5	4.427737312440494E-8	1
å_	5	4.427737312440494E-8	1
éñ	5	4.427737312440494E-8	1
ók	5	4.427737312440494E-8	1
ør	5	4.427737312440494E-8	1
ür	5	4.427737312440494E-8	1
ασ	5	4.427737312440494E-8	1
ηφ	5	4.427737312440494E-8	1
πρ	5	4.427737312440494E-8	1
ση	5	4.427737312440494E-8	1
τη	5	4.427737312440494E-8	1
το	5	4.427737312440494E-8	1
ψη	5	4.427737312440494E-8	1
–n	5	4.427737312440494E-8	1
_σ	4	3.5421898499523954E-8	1
_τ	4	3.5421898499523954E-8	1
fä	4	3.5421898499523954E-8	1
g–	4	3.5421898499523954E-8	1
lj	4	3.5421898499523954E-8	1
mf	4	3.5421898499523954E-8	1
nç	4	3.5421898499523954E-8	1
o−	4	3.5421898499523954E-8	1
pw	4	3.5421898499523954E-8	1
pä	4	3.5421898499523954E-8	1
rê	4	3.5421898499523954E-8	1
rα	4	3.5421898499523954E-8	1
uh	4	3.5421898499523954E-8	1
wc	4	3.5421898499523954E-8	1
xf	4	3.5421898499523954E-8	1
zk	4	3.5421898499523954E-8	1
 ő	4	3.5421898499523954E-8	1
 š	4	3.5421898499523954E-8	1
´i	4	3.5421898499523954E-8	1
áy	4	3.5421898499523954E-8	1
äl	4	3.5421898499523954E-8	1
ço	4	3.5421898499523954E-8	1
éo	4	3.5421898499523954E-8	1
ï_	4	3.5421898499523954E-8	1
óy	4	3.5421898499523954E-8	1
öd	4	3.5421898499523954E-8	1
őr	4	3.5421898499523954E-8	1
šp	4	3.5421898499523954E-8	1
ίσ	4	3.5421898499523954E-8	1
α_	4	3.5421898499523954E-8	1
ατ	4	3.5421898499523954E-8	1
μα	4	3.5421898499523954E-8	1
ος	4	3.5421898499523954E-8	1
ρό	4	3.5421898499523954E-8	1
σμ	4	3.5421898499523954E-8	1
τα	4	3.5421898499523954E-8	1
φί	4	3.5421898499523954E-8	1
ότ	4	3.5421898499523954E-8	1
–i	4	3.5421898499523954E-8	1
–o	4	3.5421898499523954E-8	1
–q	4	3.5421898499523954E-8	1
_ç	3	2.6566423874642963E-8	1
_δ	3	2.6566423874642963E-8	1
cv	3	2.6566423874642963E-8	1
dz	3	2.6566423874642963E-8	1
e―	3	2.6566423874642963E-8	1
fc	3	2.6566423874642963E-8	1
fn	3	2.6566423874642963E-8	1
gö	3	2.6566423874642963E-8	1
hc	3	2.6566423874642963E-8	1
hh	3	2.6566423874642963E-8	1
jd	3	2.6566423874642963E-8	1
jk	3	2.6566423874642963E-8	1
jä	3	2.6566423874642963E-8	1
kk	3	2.6566423874642963E-8	1
m 	3	2.6566423874642963E-8	1
mè	3	2.6566423874642963E-8	1
m–	3	2.6566423874642963E-8	1
n―	3	2.6566423874642963E-8	1
n’	3	2.6566423874642963E-8	1
pf	3	2.6566423874642963E-8	1
pg	3	2.6566423874642963E-8	1
pv	3	2.6566423874642963E-8	1
t 	3	2.6566423874642963E-8	1
tà	3	2.6566423874642963E-8	1
u 	3	2.6566423874642963E-8	1
wu	3	2.6566423874642963E-8	1
wä	3	2.6566423874642963E-8	1
xd	3	2.6566423874642963E-8	1
yg	3	2.6566423874642963E-8	1
yw	3	2.6566423874642963E-8	1
yy	3	2.6566423874642963E-8	1
zh	3	2.6566423874642963E-8	1
zî	3	2.6566423874642963E-8	1
´a	3	2.6566423874642963E-8	1
ßa	3	2.6566423874642963E-8	1
äh	3	2.6566423874642963E-8	1
ät	3	2.6566423874642963E-8	1
íu	3	2.6566423874642963E-8	1
íñ	3	2.6566423874642963E-8	1
îl	3	2.6566423874642963E-8	1
öl	3	2.6566423874642963E-8	1
ön	3	2.6566423874642963E-8	1
úf	3	2.6566423874642963E-8	1
ü_	3	2.6566423874642963E-8	1
üa	3	2.6566423874642963E-8	1
üc	3	2.6566423874642963E-8	1
üh	3	2.6566423874642963E-8	1
üé	3	2.6566423874642963E-8	1
ý_	3	2.6566423874642963E-8	1
če	3	2.6566423874642963E-8	1
ła	3	2.6566423874642963E-8	1
ν_	3	2.6566423874642963E-8	1
до	3	2.6566423874642963E-8	1
–d	3	2.6566423874642963E-8	1
–m	3	2.6566423874642963E-8	1
’_	3	2.6566423874642963E-8	1
’h	3	2.6566423874642963E-8	1
_å	2	1.7710949249761977E-8	1
_ü	2	1.7710949249761977E-8	1
_ý	2	1.7710949249761977E-8	1
_ş	2	1.7710949249761977E-8	1
_μ	2	1.7710949249761977E-8	1
aķ	2	1.7710949249761977E-8	1
ał	2	1.7710949249761977E-8	1
a―	2	1.7710949249761977E-8	1
cp	2	1.7710949249761977E-8	1
cz	2	1.7710949249761977E-8	1
d 	2	1.7710949249761977E-8	1
fm	2	1.7710949249761977E-8	1
fö	2	1.7710949249761977E-8	1
gw	2	1.7710949249761977E-8	1
gz	2	1.7710949249761977E-8	1
hg	2	1.7710949249761977E-8	1
i 	2	1.7710949249761977E-8	1
i–	2	1.7710949249761977E-8	1
jm	2	1.7710949249761977E-8	1
jt	2	1.7710949249761977E-8	1
kf	2	1.7710949249761977E-8	1
kp	2	1.7710949249761977E-8	1
ké	2	1.7710949249761977E-8	1
kõ	2	1.7710949249761977E-8	1
k–	2	1.7710949249761977E-8	1
lß	2	1.7710949249761977E-8	1
md	2	1.7710949249761977E-8	1
mw	2	1.7710949249761977E-8	1
mα	2	1.7710949249761977E-8	1
n·	2	1.7710949249761977E-8	1
oß	2	1.7710949249761977E-8	1
où	2	1.7710949249761977E-8	1
pk	2	1.7710949249761977E-8	1
pì	2	1.7710949249761977E-8	1
qi	2	1.7710949249761977E-8	1
r”	2	1.7710949249761977E-8	1
r−	2	1.7710949249761977E-8	1
sx	2	1.7710949249761977E-8	1
sł	2	1.7710949249761977E-8	1
tê	2	1.7710949249761977E-8	1
të	2	1.7710949249761977E-8	1
t–	2	1.7710949249761977E-8	1
vd	2	1.7710949249761977E-8	1
vm	2	1.7710949249761977E-8	1
vn	2	1.7710949249761977E-8	1
vä	2	1.7710949249761977E-8	1
wf	2	1.7710949249761977E-8	1
wk	2	1.7710949249761977E-8	1
wm	2	1.7710949249761977E-8	1
xg	2	1.7710949249761977E-8	1
x­	2	1.7710949249761977E-8	1
yf	2	1.7710949249761977E-8	1
y…	2	1.7710949249761977E-8	1
zs	2	1.7710949249761977E-8	1
zt	2	1.7710949249761977E-8	1
zv	2	1.7710949249761977E-8	1
z—	2	1.7710949249761977E-8	1
z”	2	1.7710949249761977E-8	1
­p	2	1.7710949249761977E-8	1
´h	2	1.7710949249761977E-8	1
ße	2	1.7710949249761977E-8	1
àv	2	1.7710949249761977E-8	1
á—	2	1.7710949249761977E-8	1
âe	2	1.7710949249761977E-8	1
ât	2	1.7710949249761977E-8	1
ão	2	1.7710949249761977E-8	1
äc	2	1.7710949249761977E-8	1
ää	2	1.7710949249761977E-8	1
æ_	2	1.7710949249761977E-8	1
èn	2	1.7710949249761977E-8	1
éz	2	1.7710949249761977E-8	1
ë_	2	1.7710949249761977E-8	1
ìa	2	1.7710949249761977E-8	1
ìe	2	1.7710949249761977E-8	1
ík	2	1.7710949249761977E-8	1
í­	2	1.7710949249761977E-8	1
íč	2	1.7710949249761977E-8	1
ïf	2	1.7710949249761977E-8	1
ò_	2	1.7710949249761977E-8	1
õi	2	1.7710949249761977E-8	1
ök	2	1.7710949249761977E-8	1
öt	2	1.7710949249761977E-8	1
ù_	2	1.7710949249761977E-8	1
úñ	2	1.7710949249761977E-8	1
üg	2	1.7710949249761977E-8	1
ķs	2	1.7710949249761977E-8	1
ło	2	1.7710949249761977E-8	1
ş_	2	1.7710949249761977E-8	1
ή_	2	1.7710949249761977E-8	1
ία	2	1.7710949249761977E-8	1
αn	2	1.7710949249761977E-8	1
αs	2	1.7710949249761977E-8	1
ην	2	1.7710949249761977E-8	1
ου	2	1.7710949249761977E-8	1
ρί	2	1.7710949249761977E-8	1
στ	2	1.7710949249761977E-8	1
συ	2	1.7710949249761977E-8	1
υ_	2	1.7710949249761977E-8	1
υν	2	1.7710949249761977E-8	1
φο	2	1.7710949249761977E-8	1
де	2	1.7710949249761977E-8	1
ен	2	1.7710949249761977E-8	1
об	2	1.7710949249761977E-8	1
та	2	1.7710949249761977E-8	1
_ä	1	8.855474624880989E-9	1
_æ	1	8.855474624880989E-9	1
_ë	1	8.855474624880989E-9	1
_ô	1	8.855474624880989E-9	1
_ø	1	8.855474624880989E-9	1
_č	1	8.855474624880989E-9	1
_ź	1	8.855474624880989E-9	1
_ż	1	8.855474624880989E-9	1
_κ	1	8.855474624880989E-9	1
_λ	1	8.855474624880989E-9	1
_ν	1	8.855474624880989E-9	1
_χ	1	8.855474624880989E-9	1
_в	1	8.855474624880989E-9	1
_г	1	8.855474624880989E-9	1
_п	1	8.855474624880989E-9	1
a·	1	8.855474624880989E-9	1
a¸	1	8.855474624880989E-9	1
aš	1	8.855474624880989E-9	1
aţ	1	8.855474624880989E-9	1
aϊ	1	8.855474624880989E-9	1
a’	1	8.855474624880989E-9	1
bz	1	8.855474624880989E-9	1
bâ	1	8.855474624880989E-9	1
bæ	1	8.855474624880989E-9	1
b–	1	8.855474624880989E-9	1
cà	1	8.855474624880989E-9	1
cè	1	8.855474624880989E-9	1
cò	1	8.855474624880989E-9	1
cł	1	8.855474624880989E-9	1
c”	1	8.855474624880989E-9	1
d­	1	8.855474624880989E-9	1
dè	1	8.855474624880989E-9	1
dñ	1	8.855474624880989E-9	1
dö	1	8.855474624880989E-9	1
dķ	1	8.855474624880989E-9	1
dž	1	8.855474624880989E-9	1
eß	1	8.855474624880989E-9	1
eã	1	8.855474624880989E-9	1
eç	1	8.855474624880989E-9	1
eë	1	8.855474624880989E-9	1
eï	1	8.855474624880989E-9	1
eľ	1	8.855474624880989E-9	1
eρ	1	8.855474624880989E-9	1
e”	1	8.855474624880989E-9	1
fj	1	8.855474624880989E-9	1
fp	1	8.855474624880989E-9	1
fv	1	8.855474624880989E-9	1
få	1	8.855474624880989E-9	1
fķ	1	8.855474624880989E-9	1
f–	1	8.855474624880989E-9	1
gv	1	8.855474624880989E-9	1
gä	1	8.855474624880989E-9	1
gå	1	8.855474624880989E-9	1
gì	1	8.855474624880989E-9	1
hb	1	8.855474624880989E-9	1
hâ	1	8.855474624880989E-9	1
h’	1	8.855474624880989E-9	1
i­	1	8.855474624880989E-9	1
iç	1	8.855474624880989E-9	1
iò	1	8.855474624880989E-9	1
iö	1	8.855474624880989E-9	1
iû	1	8.855474624880989E-9	1
ić	1	8.855474624880989E-9	1
iš	1	8.855474624880989E-9	1
jc	1	8.855474624880989E-9	1
jj	1	8.855474624880989E-9	1
jr	1	8.855474624880989E-9	1
jw	1	8.855474624880989E-9	1
jz	1	8.855474624880989E-9	1
jσ	1	8.855474624880989E-9	1
kb	1	8.855474624880989E-9	1
kd	1	8.855474624880989E-9	1
k 	1	8.855474624880989E-9	1
kö	1	8.855474624880989E-9	1
kú	1	8.855474624880989E-9	1
kü	1	8.855474624880989E-9	1
ký	1	8.855474624880989E-9	1
l·	1	8.855474624880989E-9	1
lã	1	8.855474624880989E-9	1
lè	1	8.855474624880989E-9	1
lķ	1	8.855474624880989E-9	1
lν	1	8.855474624880989E-9	1
l―	1	8.855474624880989E-9	1
mx	1	8.855474624880989E-9	1
m´	1	8.855474624880989E-9	1
må	1	8.855474624880989E-9	1
mö	1	8.855474624880989E-9	1
mį	1	8.855474624880989E-9	1
nä	1	8.855474624880989E-9	1
nî	1	8.855474624880989E-9	1
nñ	1	8.855474624880989E-9	1
nö	1	8.855474624880989E-9	1
nă	1	8.855474624880989E-9	1
n−	1	8.855474624880989E-9	1
o´	1	8.855474624880989E-9	1
oú	1	8.855474624880989E-9	1
oč	1	8.855474624880989E-9	1
oš	1	8.855474624880989E-9	1
pâ	1	8.855474624880989E-9	1
på	1	8.855474624880989E-9	1
pę	1	8.855474624880989E-9	1
p–	1	8.855474624880989E-9	1
qb	1	8.855474624880989E-9	1
qe	1	8.855474624880989E-9	1
qr	1	8.855474624880989E-9	1
qy	1	8.855474624880989E-9	1
r­	1	8.855474624880989E-9	1
rã	1	8.855474624880989E-9	1
rñ	1	8.855474624880989E-9	1
rò	1	8.855474624880989E-9	1
rô	1	8.855474624880989E-9	1
rů	1	8.855474624880989E-9	1
rι	1	8.855474624880989E-9	1
rσ	1	8.855474624880989E-9	1
r―	1	8.855474624880989E-9	1
s·	1	8.855474624880989E-9	1
sä	1	8.855474624880989E-9	1
sñ	1	8.855474624880989E-9	1
sò	1	8.855474624880989E-9	1
sö	1	8.855474624880989E-9	1
sν	1	8.855474624880989E-9	1
sσ	1	8.855474624880989E-9	1
tj	1	8.855474624880989E-9	1
t­	1	8.855474624880989E-9	1
tä	1	8.855474624880989E-9	1
tæ	1	8.855474624880989E-9	1
tö	1	8.855474624880989E-9	1
tý	1	8.855474624880989E-9	1
tį	1	8.855474624880989E-9	1
tα	1	8.855474624880989E-9	1
t―	1	8.855474624880989E-9	1
t’	1	8.855474624880989E-9	1
uè	1	8.855474624880989E-9	1
vb	1	8.855474624880989E-9	1
vc	1	8.855474624880989E-9	1
vf	1	8.855474624880989E-9	1
vk	1	8.855474624880989E-9	1
vp	1	8.855474624880989E-9	1
væ	1	8.855474624880989E-9	1
vè	1	8.855474624880989E-9	1
vì	1	8.855474624880989E-9	1
vý	1	8.855474624880989E-9	1
vķ	1	8.855474624880989E-9	1
wp	1	8.855474624880989E-9	1
wt	1	8.855474624880989E-9	1
wx	1	8.855474624880989E-9	1
xl	1	8.855474624880989E-9	1
xr	1	8.855474624880989E-9	1
yk	1	8.855474624880989E-9	1
yx	1	8.855474624880989E-9	1
yz	1	8.855474624880989E-9	1
yí	1	8.855474624880989E-9	1
yö	1	8.855474624880989E-9	1
y—	1	8.855474624880989E-9	1
zy	1	8.855474624880989E-9	1
z 	1	8.855474624880989E-9	1
zè	1	8.855474624880989E-9	1
zì	1	8.855474624880989E-9	1
zł	1	8.855474624880989E-9	1
z…	1	8.855474624880989E-9	1
 ž	1	8.855474624880989E-9	1
­e	1	8.855474624880989E-9	1
­m	1	8.855474624880989E-9	1
­n	1	8.855474624880989E-9	1
´n	1	8.855474624880989E-9	1
´´	1	8.855474624880989E-9	1
´é	1	8.855474624880989E-9	1
·c	1	8.855474624880989E-9	1
·e	1	8.855474624880989E-9	1
·t	1	8.855474624880989E-9	1
¸_	1	8.855474624880989E-9	1
ßt	1	8.855474624880989E-9	1
ßu	1	8.855474624880989E-9	1
àl	1	8.855474624880989E-9	1
àn	1	8.855474624880989E-9	1
àp	1	8.855474624880989E-9	1
áh	1	8.855474624880989E-9	1
áz	1	8.855474624880989E-9	1
á 	1	8.855474624880989E-9	1
áä	1	8.855474624880989E-9	1
áé	1	8.855474624880989E-9	1
á−	1	8.855474624880989E-9	1
â_	1	8.855474624880989E-9	1
âa	1	8.855474624880989E-9	1
ân	1	8.855474624880989E-9	1
âñ	1	8.855474624880989E-9	1
ãa	1	8.855474624880989E-9	1
äå	1	8.855474624880989E-9	1
äý	1	8.855474624880989E-9	1
ål	1	8.855474624880989E-9	1
åt	1	8.855474624880989E-9	1
åý	1	8.855474624880989E-9	1
æk	1	8.855474624880989E-9	1
ær	1	8.855474624880989E-9	1
ç_	1	8.855474624880989E-9	1
ça	1	8.855474624880989E-9	1
çe	1	8.855474624880989E-9	1
çà	1	8.855474624880989E-9	1
çó	1	8.855474624880989E-9	1
èe	1	8.855474624880989E-9	1
èi	1	8.855474624880989E-9	1
èt	1	8.855474624880989E-9	1
èv	1	8.855474624880989E-9	1
éh	1	8.855474624880989E-9	1
é 	1	8.855474624880989E-9	1
éí	1	8.855474624880989E-9	1
éú	1	8.855474624880989E-9	1
é”	1	8.855474624880989E-9	1
é…	1	8.855474624880989E-9	1
êm	1	8.855474624880989E-9	1
ëe	1	8.855474624880989E-9	1
ël	1	8.855474624880989E-9	1
ëá	1	8.855474624880989E-9	1
ìl	1	8.855474624880989E-9	1
íh	1	8.855474624880989E-9	1
íy	1	8.855474624880989E-9	1
í 	1	8.855474624880989E-9	1
íá	1	8.855474624880989E-9	1
íó	1	8.855474624880989E-9	1
í―	1	8.855474624880989E-9	1
í”	1	8.855474624880989E-9	1
îm	1	8.855474624880989E-9	1
ïs	1	8.855474624880989E-9	1
ðå	1	8.855474624880989E-9	1
ñl	1	8.855474624880989E-9	1
ñp	1	8.855474624880989E-9	1
ñs	1	8.855474624880989E-9	1
òl	1	8.855474624880989E-9	1
òn	1	8.855474624880989E-9	1
òp	1	8.855474624880989E-9	1
óa	1	8.855474624880989E-9	1
óh	1	8.855474624880989E-9	1
óo	1	8.855474624880989E-9	1
óð	1	8.855474624880989E-9	1
ó…	1	8.855474624880989E-9	1
ôl	1	8.855474624880989E-9	1
ôü	1	8.855474624880989E-9	1
öb	1	8.855474624880989E-9	1
öh	1	8.855474624880989E-9	1
öv	1	8.855474624880989E-9	1
ø_	1	8.855474624880989E-9	1
ùò	1	8.855474624880989E-9	1
ût	1	8.855474624880989E-9	1
ül	1	8.855474624880989E-9	1
üo	1	8.855474624880989E-9	1
üë	1	8.855474624880989E-9	1
ýs	1	8.855474624880989E-9	1
ýz	1	8.855474624880989E-9	1
ýä	1	8.855474624880989E-9	1
ýù	1	8.855474624880989E-9	1
ă_	1	8.855474624880989E-9	1
ć_	1	8.855474624880989E-9	1
čn	1	8.855474624880989E-9	1
ęk	1	8.855474624880989E-9	1
į_	1	8.855474624880989E-9	1
įs	1	8.855474624880989E-9	1
ķa	1	8.855474624880989E-9	1
ķc	1	8.855474624880989E-9	1
ķo	1	8.855474624880989E-9	1
ķt	1	8.855474624880989E-9	1
ľm	1	8.855474624880989E-9	1
łg	1	8.855474624880989E-9	1
š_	1	8.855474624880989E-9	1
št	1	8.855474624880989E-9	1
ší	1	8.855474624880989E-9	1
ţi	1	8.855474624880989E-9	1
ůž	1	8.855474624880989E-9	1
źq	1	8.855474624880989E-9	1
żv	1	8.855474624880989E-9	1
žd	1	8.855474624880989E-9	1
ži	1	8.855474624880989E-9	1
žk	1	8.855474624880989E-9	1
ά_	1	8.855474624880989E-9	1
άτ	1	8.855474624880989E-9	1
ήγ	1	8.855474624880989E-9	1
ί_	1	8.855474624880989E-9	1
ακ	1	8.855474624880989E-9	1
γε	1	8.855474624880989E-9	1
δή	1	8.855474624880989E-9	1
δε	1	8.855474624880989E-9	1
δι	1	8.855474624880989E-9	1
δο	1	8.855474624880989E-9	1
δρ	1	8.855474624880989E-9	1
εί	1	8.855474624880989E-9	1
εδ	1	8.855474624880989E-9	1
ει	1	8.855474624880989E-9	1
ετ	1	8.855474624880989E-9	1
ημ	1	8.855474624880989E-9	1
ηρ	1	8.855474624880989E-9	1
ης	1	8.855474624880989E-9	1
ι_	1	8.855474624880989E-9	1
ιd	1	8.855474624880989E-9	1
ια	1	8.855474624880989E-9	1
ις	1	8.855474624880989E-9	1
κη	1	8.855474624880989E-9	1
κο	1	8.855474624880989E-9	1
λή	1	8.855474624880989E-9	1
μ_	1	8.855474624880989E-9	1
μά	1	8.855474624880989E-9	1
με	1	8.855474624880989E-9	1
μμ	1	8.855474624880989E-9	1
νa	1	8.855474624880989E-9	1
νn	1	8.855474624880989E-9	1
νt	1	8.855474624880989E-9	1
νε	1	8.855474624880989E-9	1
νό	1	8.855474624880989E-9	1
οπ	1	8.855474624880989E-9	1
ορ	1	8.855474624880989E-9	1
οφ	1	8.855474624880989E-9	1
πή	1	8.855474624880989E-9	1
ρa	1	8.855474624880989E-9	1
ρη	1	8.855474624880989E-9	1
ρύ	1	8.855474624880989E-9	1
ρώ	1	8.855474624880989E-9	1
σl	1	8.855474624880989E-9	1
σv	1	8.855474624880989E-9	1
σx	1	8.855474624880989E-9	1
σσ	1	8.855474624880989E-9	1
σω	1	8.855474624880989E-9	1
τά	1	8.855474624880989E-9	1
τι	1	8.855474624880989E-9	1
τω	1	8.855474624880989E-9	1
χρ	1	8.855474624880989E-9	1
ω_	1	8.855474624880989E-9	1
ων	1	8.855474624880989E-9	1
ϊn	1	8.855474624880989E-9	1
όδ	1	8.855474624880989E-9	1
ύσ	1	8.855474624880989E-9	1
ώτ	1	8.855474624880989E-9	1
а_	1	8.855474624880989E-9	1
аз	1	8.855474624880989E-9	1
ам	1	8.855474624880989E-9	1
ар	1	8.855474624880989E-9	1
ат	1	8.855474624880989E-9	1
ає	1	8.855474624880989E-9	1
бр	1	8.855474624880989E-9	1
бъ	1	8.855474624880989E-9	1
в_	1	8.855474624880989E-9	1
ві	1	8.855474624880989E-9	1
га	1	8.855474624880989E-9	1
е_	1	8.855474624880989E-9	1
ем	1	8.855474624880989E-9	1
ет	1	8.855474624880989E-9	1
зе	1	8.855474624880989E-9	1
и_	1	8.855474624880989E-9	1
кр	1	8.855474624880989E-9	1
ла	1	8.855474624880989E-9	1
ли	1	8.855474624880989E-9	1
ме	1	8.855474624880989E-9	1
мо	1	8.855474624880989E-9	1
н_	1	8.855474624880989E-9	1
нт	1	8.855474624880989E-9	1
ок	1	8.855474624880989E-9	1
ош	1	8.855474624880989E-9	1
па	1	8.855474624880989E-9	1
р_	1	8.855474624880989E-9	1
ра	1	8.855474624880989E-9	1
ре	1	8.855474624880989E-9	1
рл	1	8.855474624880989E-9	1
тв	1	8.855474624880989E-9	1
ті	1	8.855474624880989E-9	1
шл	1	8.855474624880989E-9	1
ър	1	8.855474624880989E-9	1
ю_	1	8.855474624880989E-9	1
є_	1	8.855474624880989E-9	1
іт	1	8.855474624880989E-9	1
ію	1	8.855474624880989E-9	1
–b	1	8.855474624880989E-9	1
–f	1	8.855474624880989E-9	1
–h	1	8.855474624880989E-9	1
–j	1	8.855474624880989E-9	1
–v	1	8.855474624880989E-9	1
—a	1	8.855474624880989E-9	1
’a	1	8.855474624880989E-9	1
’m	1	8.855474624880989E-9	1
’s	1	8.855474624880989E-9	1
’t	1	8.855474624880989E-9	1
…e	1	8.855474624880989E-9	1
…p	1	8.855474624880989E-9	1
