Italian	3	50716820	2329
	1)	_	0	0	0.0
		1)	_d	0	0	0.0
			1)	_di	1	545809	0.00787369
			2)	_de	3	515362	0.00743447
			3)	_da	73	124463	0.001795469
			4)	_do	188	63045	9.094698E-4
			5)	_du	612	19259	2.7782502E-4
			6)	_d_	1234	5574	8.040899E-5
			7)	_dr	1630	1834	2.6456779E-5
			8)	_dà	2030	538	7.761039E-6
		2)	_c	0	0	0.0
			1)	_co	6	440358	0.0063524833
			2)	_ch	21	275387	0.003972657
			3)	_ci	190	62505	9.016799E-4
			4)	_ca	199	59965	8.6503854E-4
			5)	_cr	399	31685	4.570791E-4
			6)	_cu	423	29770	4.2945382E-4
			7)	_ce	518	23696	3.4183197E-4
			8)	_cl	1319	4484	6.468495E-5
			9)	_cè	1593	2080	3.0005507E-5
			10)	_c_	1792	1114	1.6070257E-5
		3)	_i	0	0	0.0
			1)	_in	12	351625	0.005072445
			2)	_il	42	179636	0.0025913795
			3)	_i_	121	86031	0.0012410595
			4)	_im	241	51473	7.4253534E-4
			5)	_is	901	10888	1.5706729E-4
			6)	_id	1336	4299	6.201619E-5
			7)	_io	1354	4084	5.891466E-5
			8)	_ir	1415	3408	4.9162867E-5
			9)	_ie	1708	1445	2.0845171E-5
			10)	_it	1731	1328	1.9157362E-5
			11)	_ig	1759	1207	1.7411849E-5
			12)	_ip	1907	769	1.1093382E-5
			13)	_iv	2266	240	3.462174E-6
		4)	_l	0	0	0.0
			1)	_la	20	277644	0.0040052156
			2)	_le	72	125250	0.001806822
			3)	_lo	218	56232	8.111873E-4
			4)	_li	222	53217	7.676938E-4
			5)	_l_	335	38503	5.554337E-4
			6)	_lu	476	26359	3.8024766E-4
			7)	_là	1865	917	1.3228389E-5
			8)	_lh	1963	645	9.304592E-6
			9)	_lì	2301	219	3.1592335E-6
		5)	_p	0	0	0.0
			1)	_pr	23	265869	0.0038353528
			2)	_pe	30	231060	0.003333208
			3)	_po	58	144021	0.0020776072
			4)	_pa	75	123661	0.0017838995
			5)	_pi	220	55638	8.0261845E-4
			6)	_pu	301	42440	6.1222777E-4
			7)	_pl	1588	2120	3.0582534E-5
			8)	_ps	2240	264	3.8083913E-6
		6)	_e	0	0	0.0
			1)	_e_	26	255816	0.003690331
			2)	_es	106	98475	0.0014205732
			3)	_eu	192	62150	8.9655875E-4
			4)	_ec	636	18630	2.6875123E-4
			5)	_el	700	16348	2.3583174E-4
			6)	_em	718	15770	2.2749367E-4
			7)	_ed	761	14413	2.0791797E-4
			8)	_en	818	12685	1.8299032E-4
			9)	_ef	827	12362	1.7833081E-4
			10)	_ev	912	10669	1.5390805E-4
			11)	_er	1020	8672	1.2509988E-4
			12)	_eq	1332	4342	6.263649E-5
			13)	_et	1509	2660	3.8372425E-5
			14)	_ep	1589	2099	3.0279596E-5
			15)	_eg	1677	1632	2.3542781E-5
			16)	_ex	1827	1014	1.4627684E-5
			17)	_eb	1969	640	9.2324635E-6
		7)	_u	0	0	0.0
			1)	_un	33	218556	0.0031528287
			2)	_ul	996	9109	1.3140393E-4
			3)	_um	1049	8148	1.175408E-4
			4)	_ut	1131	6944	1.0017223E-4
			5)	_us	1382	3779	5.4514814E-5
			6)	_uo	1502	2703	3.8992734E-5
			7)	_ur	1523	2571	3.708854E-5
			8)	_uf	1721	1360	1.9618985E-5
			9)	_ug	1916	752	1.08481445E-5
			10)	_uc	1987	610	8.799692E-6
		8)	_q	0	0	0.0
			1)	_qu	34	211868	0.0030563495
		9)	_a	0	0	0.0
			1)	_al	35	208452	0.003007071
			2)	_a_	63	134626	0.0019420775
			3)	_an	129	82032	0.0011833711
			4)	_ad	279	45776	6.6035194E-4
			5)	_av	346	37271	5.376612E-4
			6)	_at	349	36738	5.2997225E-4
			7)	_ap	354	36392	5.2498095E-4
			8)	_as	380	33619	4.8497843E-4
			9)	_ac	401	31472	4.540064E-4
			10)	_ai	468	27113	3.9112466E-4
			11)	_ab	482	25890	3.73482E-4
			12)	_am	503	24317	3.5079033E-4
			13)	_ag	549	22490	3.2443454E-4
			14)	_af	555	22167	3.1977502E-4
			15)	_au	588	20315	2.930586E-4
			16)	_ar	706	16139	2.3281676E-4
			17)	_az	1137	6824	9.8441145E-5
			18)	_ae	1463	3048	4.396961E-5
		10)	_s	0	0	0.0
			1)	_si	39	191340	0.002760218
			2)	_so	52	148388	0.0021406044
			3)	_se	66	132128	0.0019060421
			4)	_su	82	119003	0.0017167045
			5)	_st	109	96391	0.00139051
			6)	_sa	327	39529	5.7023444E-4
			7)	_sp	371	34545	4.983366E-4
			8)	_sc	449	28076	4.0501665E-4
			9)	_sv	510	24003	3.4626067E-4
			10)	_sf	1039	8277	1.19401724E-4
			11)	_sì	1619	1913	2.759641E-5
			12)	_sm	1707	1473	2.1249092E-5
			13)	_sb	1736	1305	1.882557E-5
			14)	_sé	1835	1002	1.4454576E-5
			15)	_sl	1936	701	1.0112432E-5
			16)	_sq	1988	605	8.727563E-6
			17)	_sg	2130	384	5.539478E-6
			18)	_sh	2274	237	3.4188968E-6
		11)	_r	0	0	0.0
			1)	_ri	41	187869	0.0027101464
			2)	_re	77	122778	0.0017711616
			3)	_ra	306	41922	6.0475525E-4
			4)	_ru	1043	8265	1.19228614E-4
			5)	_ro	1623	1877	2.7077085E-5
		12)	_n	0	0	0.0
			1)	_no	44	172141	0.0024832587
			2)	_ne	61	140698	0.0020296706
			3)	_nu	483	25874	3.7325118E-4
			4)	_na	659	17555	2.532436E-4
			5)	_n_	1315	4556	6.57236E-5
			6)	_né	1341	4269	6.1583414E-5
			7)	_nn	1689	1563	2.2547407E-5
			8)	_ni	1826	1014	1.4627684E-5
		13)	_è	0	0	0.0
			1)	_è_	101	102991	0.0014857198
		14)	_m	0	0	0.0
			1)	_ma	119	89750	0.0012947088
			2)	_mo	126	83638	0.0012065388
			3)	_me	135	79920	0.0011529039
			4)	_mi	143	76962	0.0011102326
			5)	_mu	1373	3868	5.57987E-5
		15)	_t	0	0	0.0
			1)	_tr	155	72497	0.0010458217
			2)	_te	189	62970	9.083879E-4
			3)	_tu	221	53913	7.777341E-4
			4)	_ta	317	41031	5.919019E-4
			5)	_to	1074	7827	1.12910144E-4
			6)	_ti	1119	7178	1.0354785E-4
			7)	_th	2310	211	3.0438277E-6
		16)	_f	0	0	0.0
			1)	_fa	165	70311	0.0010142871
			2)	_fo	285	44994	6.4907107E-4
			3)	_fi	322	40115	5.7868793E-4
			4)	_fr	597	19821	2.8593227E-4
			5)	_fu	691	16679	2.4060666E-4
			6)	_fe	1082	7733	1.1155412E-4
			7)	_fl	1420	3365	4.8542563E-5
		17)	_h	0	0	0.0
			1)	_ha	213	57135	8.242138E-4
			2)	_ho	888	11131	1.6057274E-4
		18)	_v	0	0	0.0
			1)	_vo	237	52174	7.5264776E-4
			2)	_vi	238	51985	7.499213E-4
			3)	_ve	325	39843	5.7476416E-4
			4)	_va	436	28977	4.180142E-4
			5)	_vu	1504	2677	3.8617665E-5
		19)	_g	0	0	0.0
			1)	_gi	284	45096	6.5054244E-4
			2)	_gl	303	42256	6.095734E-4
			3)	_gr	348	36850	5.315879E-4
			4)	_ge	626	18950	2.7336748E-4
			5)	_ga	919	10516	1.5170092E-4
			6)	_go	935	10129	1.4611817E-4
			7)	_gu	1173	6336	9.140139E-5
		20)	_o	0	0	0.0
			1)	_or	463	27413	3.9545237E-4
			2)	_on	556	22158	3.196452E-4
			3)	_o_	620	19115	2.7574773E-4
			4)	_og	628	18857	2.7202588E-4
			5)	_op	708	16076	2.3190795E-4
			6)	_oc	711	15974	2.3043652E-4
			7)	_ob	858	11610	1.6748266E-4
			8)	_os	984	9323	1.3449103E-4
			9)	_ot	1083	7704	1.1113578E-4
			10)	_ov	1228	5656	8.15919E-5
			11)	_ol	1305	4666	6.731043E-5
			12)	_of	1369	3887	5.607279E-5
			13)	_om	1728	1343	1.9373749E-5
			14)	_od	1802	1070	1.5435526E-5
		21)	_b	0	0	0.0
			1)	_ba	600	19774	2.8525427E-4
			2)	_bi	647	17977	2.5933125E-4
			3)	_be	730	15228	2.1967493E-4
			4)	_bu	1169	6423	9.2656424E-5
			5)	_br	1203	5938	8.565995E-5
			6)	_bo	1556	2381	3.434765E-5
			7)	_bl	1819	1033	1.4901773E-5
			8)	_b_	1888	843	1.21608855E-5
		22)	_z	0	0	0.0
			1)	_zo	1481	2884	4.1603787E-5
			2)	_zu	2089	438	6.318467E-6
			3)	_ze	2199	300	4.3277173E-6
		23)	_x	0	0	0.0
			1)	_xe	2094	430	6.2030613E-6
	2)	t	0	0	0.0
		1)	to	0	0	0.0
			1)	to_	2	533658	0.007698403
			2)	tor	172	67140	9.685431E-4
			3)	tol	960	9637	1.390207E-4
			4)	ton	1181	6193	8.933851E-5
			5)	tos	1267	5151	7.43069E-5
			6)	toc	1496	2738	3.9497634E-5
			7)	tod	1503	2691	3.8819624E-5
			8)	tot	1507	2670	3.8516686E-5
			9)	top	1629	1843	2.658661E-5
			10)	tom	1636	1792	2.5850899E-5
			11)	tog	1648	1746	2.5187315E-5
			12)	tob	1849	962	1.3877547E-5
			13)	tov	2053	500	7.2128623E-6
			14)	toi	2268	238	3.4333225E-6
		2)	ti	0	0	0.0
			1)	ti_	19	280848	0.0040514357
			2)	tiv	116	90646	0.0013076342
			3)	tic	124	83873	0.0012099288
			4)	tit	372	34540	4.982645E-4
			5)	tim	532	23125	3.335949E-4
			6)	tin	580	20867	3.010216E-4
			7)	tio	641	18492	2.667605E-4
			8)	tir	810	12955	1.8688526E-4
			9)	til	939	10055	1.4505065E-4
			10)	tia	982	9341	1.3475069E-4
			11)	tie	1023	8639	1.2462384E-4
			12)	tif	1134	6853	9.885949E-5
			13)	tiz	1154	6595	9.513765E-5
			14)	tis	1308	4651	6.709404E-5
			15)	tip	1311	4586	6.6156375E-5
			16)	tib	1576	2212	3.19097E-5
			17)	tid	1824	1015	1.464211E-5
			18)	tig	1895	822	1.18579455E-5
		3)	te	0	0	0.0
			1)	te_	25	261274	0.0037690667
			2)	ter	67	130584	0.0018837688
			3)	ten	130	81701	0.001178596
			4)	tem	367	34937	5.0399156E-4
			5)	tes	465	27208	3.924951E-4
			6)	teg	674	17178	2.478051E-4
			7)	tec	918	10544	1.5210484E-4
			8)	tel	1075	7806	1.126072E-4
			9)	tez	1217	5802	8.3698054E-5
			10)	tev	1492	2749	3.9656315E-5
			11)	tet	1668	1672	2.411981E-5
			12)	ted	1805	1068	1.5406673E-5
			13)	tep	2101	423	6.1020814E-6
			14)	teo	2132	381	5.496201E-6
			15)	tei	2235	269	3.8805197E-6
			16)	tea	2312	210	3.029402E-6
		4)	ta	0	0	0.0
			1)	ta_	37	198084	0.002857505
			2)	tat	111	95155	0.0013726798
			3)	tan	151	72988	0.0010529048
			4)	tar	160	71611	0.0010330406
			5)	tal	232	52563	7.582593E-4
			6)	tam	494	24931	3.5964773E-4
			7)	taz	602	19744	2.848215E-4
			8)	tab	824	12415	1.7909537E-4
			9)	tad	889	11095	1.6005342E-4
			10)	tav	898	10924	1.5758662E-4
			11)	tag	1150	6642	9.581566E-5
			12)	tas	1281	4984	7.189781E-5
			13)	tac	1405	3516	5.0720846E-5
			14)	tau	1747	1267	1.8277393E-5
			15)	tap	2117	399	5.755864E-6
			16)	tai	2136	377	5.438498E-6
			17)	taf	2163	345	4.976875E-6
		5)	tt	0	0	0.0
			1)	tti	80	119587	0.0017251291
			2)	tto	84	118818	0.0017140358
			3)	tta	128	82677	0.0011926757
			4)	tte	274	46072	6.64622E-4
			5)	ttu	398	31855	4.5953144E-4
			6)	ttr	973	9477	1.367126E-4
			7)	ttà	1921	741	1.0689462E-5
		6)	tr	0	0	0.0
			1)	tra	89	116926	0.0016867423
			2)	tro	167	69997	0.0010097574
			3)	tre	259	48230	6.957527E-4
			4)	tri	278	45788	6.6052505E-4
			5)	tru	632	18673	2.6937155E-4
			6)	trà	1624	1873	2.7019381E-5
		7)	tà	0	0	0.0
			1)	tà_	104	99985	0.001442356
		8)	tu	0	0	0.0
			1)	tut	187	63201	9.117202E-4
			2)	tur	337	38030	5.486103E-4
			3)	tua	434	29178	4.209138E-4
			4)	tui	1033	8448	1.2186852E-4
			5)	tun	1109	7335	1.0581269E-4
			6)	tuz	1153	6621	9.551272E-5
			7)	tul	1426	3315	4.7821275E-5
			8)	tud	1433	3241	4.6753772E-5
			9)	tus	1770	1169	1.6863672E-5
			10)	tup	1886	847	1.2218588E-5
			11)	tuo	2159	349	5.034578E-6
			12)	tue	2177	329	4.7460635E-6
			13)	tub	2252	255	3.6785598E-6
			14)	tum	2287	229	3.303491E-6
		9)	tn	0	0	0.0
			1)	tne	1776	1156	1.6676137E-5
			2)	tni	1952	663	9.564255E-6
		10)	tù	0	0	0.0
			1)	tù_	1933	711	1.025669E-5
		11)	tm	0	0	0.0
			1)	tmo	1978	625	9.0160775E-6
		12)	tl	0	0	0.0
			1)	tla	2001	584	8.424623E-6
		13)	th	0	0	0.0
			1)	the	2280	232	3.3467682E-6
	3)	r	0	0	0.0
		1)	re	0	0	0.0
			1)	re_	4	470667	0.0067897122
			2)	res	105	98568	0.0014219148
			3)	rev	244	51191	7.3846726E-4
			4)	rel	295	43990	6.345876E-4
			5)	ren	368	34869	5.030106E-4
			6)	ret	389	32487	4.686485E-4
			7)	reb	426	29471	4.2514052E-4
			8)	reg	469	26923	3.8838378E-4
			9)	rea	559	21916	3.1615418E-4
			10)	rem	570	21295	3.071958E-4
			11)	rez	642	18084	2.608748E-4
			12)	rec	645	18024	2.6000926E-4
			13)	rei	715	15862	2.2882083E-4
			14)	red	804	13110	1.8912125E-4
			15)	rer	1034	8406	1.2126264E-4
			16)	reo	1177	6236	8.995882E-5
			17)	rep	1237	5542	7.9947364E-5
			18)	ref	1553	2398	3.4592886E-5
			19)	ree	1609	1977	2.8519657E-5
			20)	req	1634	1808	2.608171E-5
		2)	ro	0	0	0.0
			1)	ro_	65	132961	0.0019180587
			2)	rop	86	117523	0.0016953544
			3)	rov	470	26890	3.8790773E-4
			4)	rog	473	26553	3.8304625E-4
			5)	ron	551	22454	3.239152E-4
			6)	roc	560	21891	3.1579353E-4
			7)	rod	661	17517	2.526954E-4
			8)	rob	676	17141	2.4727135E-4
			9)	ros	735	15068	2.1736682E-4
			10)	rol	783	13770	1.9864223E-4
			11)	rom	963	9621	1.387899E-4
			12)	rof	983	9326	1.345343E-4
			13)	rot	1097	7535	1.0869783E-4
			14)	ror	1175	6263	9.034831E-5
			15)	roi	1901	794	1.1454025E-5
			16)	roa	2125	388	5.597181E-6
			17)	roe	2267	239	3.4477482E-6
		3)	ra	0	0	0.0
			1)	ra_	78	122184	0.0017625927
			2)	rat	132	80556	0.0011620787
			3)	ran	183	63820	9.2064973E-4
			4)	raz	290	44322	6.393769E-4
			5)	ral	419	30124	4.3456053E-4
			6)	rar	432	29223	4.2156293E-4
			7)	ram	511	23860	3.441978E-4
			8)	rag	604	19654	2.835232E-4
			9)	ras	624	19009	2.742186E-4
			10)	rap	666	17400	2.5100762E-4
			11)	rad	726	15284	2.2048278E-4
			12)	rav	927	10319	1.4885905E-4
			13)	raf	970	9521	1.3734732E-4
			14)	rac	1167	6450	9.304592E-5
			15)	rab	1566	2288	3.3006057E-5
			16)	rae	1730	1338	1.9301619E-5
			17)	rai	1787	1129	1.6286644E-5
			18)	raq	1850	958	1.3819844E-5
			19)	rao	1915	753	1.0862571E-5
		4)	ri	0	0	0.0
			1)	ri_	83	118848	0.0017144685
			2)	rit	158	71847	0.001036445
			3)	ris	169	68378	9.864022E-4
			4)	ric	195	61027	8.803587E-4
			5)	rio	269	46882	6.7630684E-4
			6)	ria	289	44478	6.4162735E-4
			7)	rim	329	39243	5.661087E-4
			8)	rie	443	28452	4.104407E-4
			9)	rin	524	23582	3.4018743E-4
			10)	rif	583	20682	2.9835282E-4
			11)	rig	589	20238	2.919478E-4
			12)	riv	722	15540	2.2417576E-4
			13)	rib	758	14494	2.0908644E-4
			14)	rid	823	12422	1.7919634E-4
			15)	rip	1047	8195	1.1821881E-4
			16)	rir	1063	7989	1.1524711E-4
			17)	riu	1157	6573	9.482029E-5
			18)	ril	1249	5360	7.7321885E-5
			19)	riz	1270	5118	7.383086E-5
		5)	rt	0	0	0.0
			1)	rta	281	45502	6.563993E-4
			2)	rti	356	36268	5.2319217E-4
			3)	rte	407	31133	4.4911608E-4
			4)	rto	763	14284	2.0605704E-4
			5)	rtu	1017	8762	1.263982E-4
			6)	rtà	1235	5564	8.0264734E-5
			7)	rtr	1541	2477	3.573252E-5
			8)	rtn	1780	1153	1.6632861E-5
			9)	rt_	1868	911	1.3141835E-5
			10)	rtù	2158	350	5.0490034E-6
		6)	rr	0	0	0.0
			1)	rre	300	42682	6.157188E-4
			2)	rro	816	12785	1.8443288E-4
			3)	rri	1071	7891	1.1383339E-4
			4)	rra	1101	7448	1.0744279E-4
			5)	rrà	1412	3420	4.9335977E-5
			6)	rru	1977	628	9.059355E-6
			7)	rrò	2303	215	3.1015306E-6
		7)	rm	0	0	0.0
			1)	rma	332	38662	5.5772736E-4
			2)	rme	616	19180	2.766854E-4
			3)	rmi	617	19166	2.7648342E-4
			4)	rmu	1461	3063	4.4185992E-5
			5)	rmo	1482	2878	4.1517236E-5
		8)	rà	0	0	0.0
			1)	rà_	391	32434	4.6788395E-4
		9)	rs	0	0	0.0
			1)	rso	472	26628	3.841282E-4
			2)	rsi	512	23791	3.432024E-4
			3)	rse	813	12859	1.855004E-4
			4)	rsa	1205	5921	8.5414715E-5
			5)	rsu	2262	243	3.505451E-6
			6)	rsh	2290	226	3.2602138E-6
		10)	rc	0	0	0.0
			1)	rca	582	20702	2.9864136E-4
			2)	rci	643	18081	2.6083153E-4
			3)	rch	671	17257	2.4894474E-4
			4)	rco	1211	5853	8.443376E-5
			5)	rce	1327	4392	6.335778E-5
			6)	rcu	1892	828	1.1944499E-5
		11)	rn	0	0	0.0
			1)	rno	631	18713	2.699486E-4
			2)	rna	675	17174	2.477474E-4
			3)	rni	871	11384	1.6422245E-4
			4)	rne	1037	8302	1.19762364E-4
		12)	rd	0	0	0.0
			1)	rdi	646	17988	2.5948993E-4
			2)	rda	652	17779	2.5647494E-4
			3)	rdo	688	16788	2.4217906E-4
			4)	rde	1590	2097	3.0250743E-5
			5)	rd_	1674	1651	2.381687E-5
			6)	rdu	2055	495	7.1407335E-6
			7)	rdì	2183	316	4.558529E-6
		13)	rl	0	0	0.0
			1)	rla	734	15082	2.1756877E-4
			2)	rlo	1209	5870	8.4679E-5
			3)	rli	1508	2664	3.843013E-5
			4)	rle	1525	2556	3.6872152E-5
			5)	rlu	2098	425	6.130933E-6
		14)	ru	0	0	0.0
			1)	rup	846	11954	1.7244511E-4
			2)	rut	930	10238	1.4769056E-4
			3)	rum	1224	5688	8.205352E-5
			4)	ruz	1262	5235	7.551867E-5
			5)	ruo	1284	4972	7.17247E-5
			6)	rui	1688	1576	2.2734941E-5
			7)	rur	1698	1508	2.1753993E-5
			8)	rus	1720	1360	1.9618985E-5
			9)	ruc	1880	858	1.2377272E-5
			10)	rud	1931	720	1.0386521E-5
			11)	rub	2002	583	8.410198E-6
			12)	rug	2066	481	6.9387734E-6
		15)	rg	0	0	0.0
			1)	rga	849	11795	1.7015141E-4
			2)	rge	1127	6990	1.00835816E-4
			3)	rgo	1232	5578	8.046669E-5
			4)	rgi	1329	4381	6.31991E-5
			5)	rgl	2091	433	6.2463387E-6
		16)	rv	0	0	0.0
			1)	rve	934	10141	1.4629128E-4
			2)	rvi	948	9922	1.4313204E-4
			3)	rva	1098	7483	1.0794769E-4
			4)	rvo	2050	504	7.270565E-6
		17)	rò	0	0	0.0
			1)	rò_	1018	8744	1.2613853E-4
		18)	rz	0	0	0.0
			1)	rza	1165	6478	9.3449846E-5
			2)	rzi	1246	5384	7.76681E-5
			3)	rzo	1351	4126	5.952054E-5
			4)	rze	1729	1339	1.9316045E-5
		19)	rp	0	0	0.0
			1)	rpr	1600	2026	2.9226518E-5
			2)	rpo	1943	690	9.95375E-6
			3)	rpe	2006	580	8.36692E-6
			4)	rpl	2211	290	4.18346E-6
			5)	rpa	2304	215	3.1015306E-6
		20)	rb	0	0	0.0
			1)	rba	1637	1787	2.5778769E-5
			2)	rbi	1870	908	1.3098558E-5
			3)	rbo	1973	634	9.14591E-6
			4)	rbu	2023	564	8.136109E-6
			5)	rbe	2202	297	4.2844404E-6
		21)	rf	0	0	0.0
			1)	rfe	1690	1555	2.2432001E-5
			2)	rfi	2011	574	8.280365E-6
			3)	rfl	2178	329	4.7460635E-6
	4)	l	0	0	0.0
		1)	la	0	0	0.0
			1)	la_	5	443616	0.006399482
			2)	laz	324	39936	5.761057E-4
			3)	lat	339	37967	5.477015E-4
			4)	lar	379	33736	4.8666625E-4
			5)	lam	517	23747	3.4256768E-4
			6)	lav	534	22949	3.3105596E-4
			7)	lan	575	21106	3.0446934E-4
			8)	las	942	10007	1.4435823E-4
			9)	lab	1089	7629	1.1005385E-4
			10)	lal	1179	6213	8.962703E-5
			11)	lac	1188	6115	8.82133E-5
			12)	lau	1296	4826	6.9618545E-5
			13)	lap	1352	4097	5.9102193E-5
			14)	lag	1390	3700	5.337518E-5
			15)	lad	1427	3296	4.7547186E-5
			16)	laf	1673	1654	2.3860148E-5
			17)	lai	1834	1003	1.4469001E-5
		2)	le	0	0	0.0
			1)	le_	10	364351	0.005256027
			2)	leg	382	33323	4.807084E-4
			3)	lem	514	23780	3.4304374E-4
			4)	les	731	15168	2.188094E-4
			5)	let	776	13899	2.0050314E-4
			6)	len	851	11780	1.6993504E-4
			7)	lev	967	9548	1.3773682E-4
			8)	leu	1168	6439	9.288724E-5
			9)	lei	1208	5886	8.4909814E-5
			10)	lea	1265	5209	7.51436E-5
			11)	ler	1282	4980	7.1840106E-5
			12)	lec	1396	3634	5.242308E-5
			13)	lez	1469	3005	4.33493E-5
			14)	lel	1584	2172	3.1332675E-5
			15)	lef	1684	1596	2.3023456E-5
			16)	led	1980	621	8.958375E-6
			17)	leq	2063	485	6.9964763E-6
			18)	lep	2074	467	6.7368132E-6
			19)	leb	2075	467	6.7368132E-6
			20)	lex	2191	307	4.4286976E-6
			21)	leo	2305	215	3.1015306E-6
		3)	ll	0	0	0.0
			1)	lla	27	244428	0.003526051
			2)	lle	69	128389	0.0018521043
			3)	llo	227	52857	7.625005E-4
			4)	ll_	297	43840	6.3242373E-4
			5)	lli	489	25426	3.6678847E-4
			6)	llu	567	21447	3.093885E-4
		4)	li	0	0	0.0
			1)	li_	38	196846	0.002839646
			2)	lit	163	71096	0.0010256113
			3)	lin	387	32755	4.725146E-4
			4)	lic	438	28845	4.1611E-4
			5)	lio	539	22823	3.292383E-4
			6)	lim	540	22820	3.2919503E-4
			7)	lia	579	20892	3.0138224E-4
			8)	liz	581	20778	2.997377E-4
			9)	lib	768	14127	2.0379221E-4
			10)	lis	911	10718	1.5461491E-4
			11)	lie	936	10109	1.4582965E-4
			12)	liv	956	9715	1.4014592E-4
			13)	lid	1182	6183	8.9194255E-5
			14)	lig	1226	5668	8.176501E-5
			15)	lir	1365	3933	5.6736375E-5
			16)	lif	1562	2329	3.3597513E-5
			17)	liq	2123	390	5.6260324E-6
		5)	lo	0	0	0.0
			1)	lo_	112	95074	0.0013715114
			2)	lor	402	31451	4.5370345E-4
			3)	lon	747	14811	2.136594E-4
			4)	log	880	11290	1.6286643E-4
			5)	loc	1065	7979	1.15102855E-4
			6)	lot	1161	6564	9.4690455E-5
			7)	lob	1243	5419	7.8173E-5
			8)	los	1424	3324	4.7951107E-5
			9)	lop	1485	2852	4.1142164E-5
			10)	lom	1557	2367	3.414569E-5
			11)	loq	2004	582	8.395771E-6
			12)	lod	2008	577	8.323643E-6
			13)	lol	2081	445	6.4194473E-6
			14)	lof	2295	222	3.202511E-6
		6)	lt	0	0	0.0
			1)	ltr	287	44623	6.437191E-4
			2)	lta	459	27649	3.9885685E-4
			3)	lto	533	22955	3.311425E-4
			4)	lti	621	19095	2.754592E-4
			5)	lte	801	13233	1.908956E-4
			6)	ltà	1133	6898	9.9508645E-5
			7)	ltu	1194	5981	8.6280255E-5
		7)	lu	0	0	0.0
			1)	lun	420	30112	4.3438742E-4
			2)	lut	765	14228	2.052492E-4
			3)	lup	789	13624	1.9653607E-4
			4)	luz	830	12265	1.7693151E-4
			5)	lus	855	11669	1.6833378E-4
			6)	luo	1038	8278	1.19416145E-4
			7)	lud	1287	4911	7.084473E-5
			8)	lue	1532	2525	3.6424954E-5
			9)	luc	1594	2074	2.9918952E-5
			10)	lul	1625	1856	2.6774145E-5
			11)	lui	1741	1295	1.8681312E-5
			12)	lur	1815	1035	1.4930625E-5
			13)	lug	1879	859	1.2391697E-5
			14)	lum	1894	823	1.1872371E-5
			15)	luf	2056	495	7.1407335E-6
			16)	lub	2327	201	2.8995705E-6
		8)	lm	0	0	0.0
			1)	lme	587	20350	2.935635E-4
			2)	lma	1979	621	8.958375E-6
			3)	lmo	2302	217	3.130382E-6
		9)	lc	0	0	0.0
			1)	lcu	663	17496	2.5239246E-4
			2)	lco	1488	2812	4.0565137E-5
			3)	lch	1493	2747	3.9627466E-5
			4)	lci	2043	512	7.385971E-6
			5)	lca	2281	232	3.3467682E-6
		10)	lg	0	0	0.0
			1)	lge	1225	5670	8.1793856E-5
			2)	lgo	1582	2187	3.1549058E-5
			3)	lga	1641	1759	2.537485E-5
			4)	lgi	1779	1155	1.6661712E-5
			5)	lgr	1984	612	8.828543E-6
		11)	ls	0	0	0.0
			1)	lsi	1439	3204	4.6220022E-5
			2)	lso	1951	665	9.593106E-6
			3)	lsa	2251	256	3.6929855E-6
		12)	lv	0	0	0.0
			1)	lve	1524	2559	3.691543E-5
			2)	lva	1646	1748	2.5216166E-5
			3)	lvo	1803	1069	1.54211E-5
		13)	lp	0	0	0.0
			1)	lpi	1597	2049	2.9558309E-5
			2)	lpe	2033	532	7.6744855E-6
			3)	lpo	2213	288	4.1546086E-6
			4)	lpa	2231	272	3.923797E-6
		14)	là	0	0	0.0
			1)	là_	1857	939	1.3545755E-5
		15)	ld	0	0	0.0
			1)	lda	1930	721	1.0400947E-5
			2)	ldi	2077	460	6.6358334E-6
			3)	lde	2092	432	6.2319127E-6
		16)	lq	0	0	0.0
			1)	lqu	1994	594	8.568881E-6
		17)	lh	0	0	0.0
			1)	lha	2115	401	5.7847155E-6
			2)	lho	2283	231	3.3323424E-6
		18)	lz	0	0	0.0
			1)	lza	2126	388	5.597181E-6
		19)	lb	0	0	0.0
			1)	lba	2141	368	5.3086665E-6
		20)	ln	0	0	0.0
			1)	lne	2160	349	5.034578E-6
		21)	lì	0	0	0.0
			1)	lì_	2289	228	3.2890653E-6
		22)	lf	0	0	0.0
			1)	lfa	2306	214	3.087105E-6
	5)	i	0	0	0.0
		1)	io	0	0	0.0
			1)	ion	7	439389	0.0063385046
			2)	io_	76	123578	0.0017827022
			3)	ior	326	39552	5.705663E-4
			4)	iol	1285	4935	7.119095E-5
			5)	ios	1317	4531	6.5362954E-5
			6)	iod	1402	3558	5.1326726E-5
			7)	iov	1450	3157	4.5542012E-5
			8)	ioc	1569	2251	3.2472304E-5
			9)	ioè	1664	1690	2.4379475E-5
			10)	iot	1762	1203	1.7354147E-5
			11)	ioe	2124	389	5.611607E-6
			12)	iop	2170	336	4.8470433E-6
			13)	ioa	2214	288	4.1546086E-6
			14)	iom	2296	221	3.1880852E-6
		2)	in	0	0	0.0
			1)	in_	40	188622	0.002721009
			2)	int	154	72552	0.0010466152
			3)	ina	217	56461	8.1449084E-4
			4)	ini	226	52896	7.6306314E-4
			5)	ine	311	41453	5.9798954E-4
			6)	inc	360	35838	5.169891E-4
			7)	ind	397	31913	4.6036814E-4
			8)	ino	480	26012	3.7524194E-4
			9)	inf	538	22849	3.2961337E-4
			10)	ing	633	18652	2.690686E-4
			11)	inv	667	17369	2.505604E-4
			12)	ins	829	12310	1.7758067E-4
			13)	inu	928	10267	1.4810891E-4
			14)	inn	1155	6592	9.509437E-5
			15)	inq	1360	3979	5.7399957E-5
			16)	inz	1818	1034	1.4916199E-5
		3)	il	0	0	0.0
			1)	il_	43	176937	0.0025524443
			2)	ili	193	61694	8.8998064E-4
			3)	ile	331	38838	5.6026626E-4
			4)	ila	770	14076	2.030565E-4
			5)	ilu	779	13839	1.996376E-4
			6)	ill	1334	4308	6.214602E-5
			7)	ilo	1419	3387	4.885993E-5
			8)	ilm	1435	3229	4.6580662E-5
			9)	ilt	2040	515	7.429248E-6
		4)	ia	0	0	0.0
			1)	ia_	79	121666	0.0017551202
			2)	iam	110	96287	0.0013890098
			3)	iar	273	46205	6.665406E-4
			4)	ial	345	37314	5.3828146E-4
			5)	iat	427	29420	4.244048E-4
			6)	ian	441	28609	4.1270556E-4
			7)	ias	1292	4868	7.022443E-5
			8)	iaz	1368	3924	5.6606543E-5
			9)	iac	1374	3858	5.5654444E-5
			10)	iav	1739	1298	1.872459E-5
			11)	iag	1777	1156	1.6676137E-5
			12)	iai	1786	1133	1.6344346E-5
			13)	iab	1854	954	1.3762141E-5
			14)	iap	2225	278	4.0103514E-6
			15)	iaf	2230	273	3.9382226E-6
		5)	ic	0	0	0.0
			1)	ica	91	113486	0.0016371177
			2)	ico	139	78483	0.0011321742
			3)	ici	272	46213	6.66656E-4
			4)	ich	288	44548	6.426372E-4
			5)	ice	586	20419	2.9455888E-4
			6)	icu	649	17904	2.5827816E-4
			7)	icc	1236	5558	8.017818E-5
			8)	icl	1719	1368	1.973439E-5
			9)	icr	2275	236	3.404471E-6
		6)	is	0	0	0.0
			1)	ist	144	76855	0.001108689
			2)	isc	299	43338	6.2518206E-4
			3)	isp	347	37239	5.3719955E-4
			4)	iso	474	26543	3.82902E-4
			5)	isi	488	25451	3.671491E-4
			6)	iss	496	24784	3.5752714E-4
			7)	isu	672	17215	2.4833885E-4
			8)	ism	914	10650	1.5363397E-4
			9)	isl	1129	6958	1.0037419E-4
			10)	isa	1172	6341	9.147352E-5
			11)	ise	1372	3868	5.57987E-5
			12)	isf	1383	3744	5.4009914E-5
			13)	is_	1860	929	1.3401498E-5
			14)	isr	1869	909	1.3112984E-5
			15)	isd	2197	302	4.3565688E-6
		7)	it	0	0	0.0
			1)	ità	147	75122	0.0010836893
			2)	iti	201	59140	8.5313735E-4
			3)	ito	206	57909	8.353793E-4
			4)	ita	207	57902	8.352783E-4
			5)	itt	280	45532	6.5683207E-4
			6)	itu	425	29550	4.2628017E-4
			7)	ite	564	21655	3.1238905E-4
			8)	itr	1706	1485	2.14222E-5
			9)	it_	1935	701	1.0112432E-5
			10)	itm	2149	364	5.2509636E-6
		8)	ir	0	0	0.0
			1)	ire	174	66823	9.639702E-4
			2)	iri	526	23487	3.38817E-4
			3)	ira	1060	8016	1.15636605E-4
			4)	irc	1199	5970	8.6121574E-5
			5)	irl	1494	2740	3.9526483E-5
			6)	irà	1505	2675	3.8588812E-5
			7)	irr	1621	1892	2.729347E-5
			8)	irm	1701	1505	2.1710715E-5
			9)	iro	1812	1044	1.50604565E-5
			10)	irs	1866	913	1.31706865E-5
			11)	irt	2042	513	7.4003965E-6
			12)	irn	2128	384	5.539478E-6
			13)	irv	2205	295	4.255589E-6
			14)	ir_	2217	286	4.125757E-6
			15)	irò	2229	275	3.967074E-6
			16)	iru	2256	247	3.563154E-6
		9)	iz	0	0	0.0
			1)	izi	215	56881	8.205496E-4
			2)	izz	388	32582	4.7001895E-4
			3)	izo	1959	648	9.347869E-6
		10)	im	0	0	0.0
			1)	imp	233	52513	7.575381E-4
			2)	ime	305	42028	6.0628436E-4
			3)	ima	408	31093	4.4853904E-4
			4)	imi	471	26864	3.8753267E-4
			5)	imo	509	24050	3.4693867E-4
			6)	imm	1110	7330	1.0574056E-4
			7)	imb	1680	1619	2.3355247E-5
			8)	imu	2238	264	3.8083913E-6
		11)	iv	0	0	0.0
			1)	iva	283	45324	6.538315E-4
			2)	ive	292	44196	6.3755934E-4
			3)	ivi	352	36434	5.2558683E-4
			4)	ivo	428	29376	4.2377008E-4
		12)	ie	0	0	0.0
			1)	ien	291	44300	6.390596E-4
			2)	ie_	395	32045	4.6227235E-4
			3)	iet	498	24709	3.5644523E-4
			4)	ier	665	17442	2.516135E-4
			5)	ied	825	12400	1.7887898E-4
			6)	ies	1032	8462	1.2207047E-4
			7)	iem	1395	3647	5.2610616E-5
			8)	ieg	1459	3077	4.4387954E-5
			9)	iec	1678	1626	2.3456229E-5
			10)	iei	1746	1276	1.8407225E-5
			11)	iev	1872	902	1.3012003E-5
			12)	iel	1964	643	9.275741E-6
			13)	iez	2009	576	8.309217E-6
		13)	ig	0	0	0.0
			1)	ign	314	41382	5.969653E-4
			2)	igu	729	15260	2.2013656E-4
			3)	igl	778	13867	2.0004153E-4
			4)	igi	1100	7476	1.0784672E-4
			5)	ige	1253	5325	7.6816985E-5
			6)	igo	1291	4883	7.0440816E-5
			7)	igr	1394	3661	5.281258E-5
			8)	iga	1464	3043	4.389748E-5
			9)	igh	1825	1015	1.464211E-5
			10)	igg	1840	982	1.4166061E-5
		14)	id	0	0	0.0
			1)	ide	340	37745	5.4449897E-4
			2)	ida	790	13581	1.9591577E-4
			3)	idi	852	11780	1.6993504E-4
			4)	idu	995	9124	1.3162031E-4
			5)	ido	1322	4464	6.439643E-5
			6)	idd	1710	1439	2.0758618E-5
			7)	idr	1971	637	9.189186E-6
			8)	ids	2242	262	3.7795398E-6
		15)	iù	0	0	0.0
			1)	iù_	341	37736	5.4436916E-4
		16)	if	0	0	0.0
			1)	ifi	396	31973	4.612337E-4
			2)	ife	835	12170	1.7556107E-4
			3)	iff	926	10407	1.5012852E-4
			4)	ifo	1202	5950	8.583306E-5
			5)	ifl	1554	2392	3.4506334E-5
			6)	ifu	1790	1116	1.6099108E-5
			7)	ifr	1867	912	1.3156261E-5
		17)	ib	0	0	0.0
			1)	ibi	403	31359	4.523763E-4
			2)	ibe	884	11186	1.6136616E-4
			3)	ibu	904	10869	1.567932E-4
			4)	iba	1057	8054	1.1618478E-4
			5)	ibr	1417	3400	4.9047463E-5
			6)	ibo	2319	206	2.9716991E-6
		18)	iu	0	0	0.0
			1)	iun	699	16411	2.3674057E-4
			2)	iut	705	16170	2.3326397E-4
			3)	ius	748	14805	2.1357284E-4
			4)	iur	1210	5857	8.449147E-5
			5)	iud	1312	4580	6.606982E-5
			6)	iug	1735	1310	1.88977E-5
		19)	iò	0	0	0.0
			1)	iò_	751	14731	2.1250534E-4
		20)	ià	0	0	0.0
			1)	ià_	876	11353	1.6377524E-4
		21)	ip	0	0	0.0
			1)	ipa	940	10036	1.4477657E-4
			2)	ipi	1050	8129	1.1726671E-4
			3)	ipe	1105	7366	1.0625989E-4
			4)	ipo	1227	5659	8.1635175E-5
			5)	ipr	1318	4499	6.490133E-5
			6)	ipl	1583	2181	3.1462503E-5
			7)	ipu	2083	442	6.3761704E-6
			8)	ip_	2244	261	3.7651141E-6
		22)	iq	0	0	0.0
			1)	iqu	1927	731	1.05452045E-5
		23)	ik	0	0	0.0
			1)	ika	2210	292	4.2123115E-6
		24)	ii	0	0	0.0
			1)	ii_	2309	212	3.0582535E-6
	6)	d	0	0	0.0
		1)	di	0	0	0.0
			1)	di_	8	418547	0.006037844
			2)	dis	253	49302	7.1121706E-4
			3)	dir	255	49146	7.0896663E-4
			4)	dic	447	28240	4.0738247E-4
			5)	din	515	23778	3.4301486E-4
			6)	div	563	21658	3.1243233E-4
			7)	dia	565	21526	3.1052815E-4
			8)	dif	622	19020	2.7437726E-4
			9)	dim	785	13751	1.9836814E-4
			10)	diz	867	11473	1.6550634E-4
			11)	dit	947	9928	1.432186E-4
			12)	dib	1115	7219	1.04139304E-4
			13)	dip	1259	5245	7.566292E-5
			14)	die	1273	5110	7.3715455E-5
			15)	dio	1310	4595	6.62862E-5
			16)	did	1391	3681	5.3101092E-5
			17)	dig	1612	1971	2.8433104E-5
			18)	dil	1949	674	9.722939E-6
		2)	de	0	0	0.0
			1)	del	13	330298	0.004764788
			2)	dei	184	63576	9.1712986E-4
			3)	der	212	57179	8.248485E-4
			4)	de_	406	31197	4.500393E-4
			5)	den	445	28326	4.0862308E-4
			6)	deg	446	28264	4.077287E-4
			7)	des	520	23644	3.4108182E-4
			8)	dev	537	22867	3.2987303E-4
			9)	dec	686	16871	2.433764E-4
			10)	det	737	15058	2.1722256E-4
			11)	dem	954	9783	1.4112686E-4
			12)	def	1051	8091	1.1671853E-4
			13)	deb	1117	7197	1.0382194E-4
			14)	dep	1126	6997	1.0093679E-4
			15)	dea	1559	2363	3.4087985E-5
			16)	ded	1756	1217	1.7556107E-5
			17)	dee	1903	791	1.1410748E-5
			18)	deu	2046	510	7.3571196E-6
			19)	deo	2064	482	6.9531993E-6
		3)	do	0	0	0.0
			1)	do_	97	110608	0.0015956005
			2)	dov	528	23409	3.3769177E-4
			3)	dot	651	17822	2.5709526E-4
			4)	don	812	12904	1.8614955E-4
			5)	dob	853	11708	1.6889638E-4
			6)	dom	1070	7901	1.1397765E-4
			7)	dop	1073	7853	1.1328521E-4
			8)	doc	1333	4309	6.216045E-5
			9)	dol	1540	2488	3.5891204E-5
			10)	dos	1602	2010	2.8995706E-5
			11)	doz	1644	1753	2.5288295E-5
			12)	dor	1832	1005	1.4497853E-5
			13)	dog	1917	751	1.0833719E-5
			14)	dod	2151	363	5.236538E-6
		4)	da	0	0	0.0
			1)	da_	170	67793	9.779631E-4
			2)	dal	230	52717	7.6048094E-4
			3)	dam	541	22795	3.288344E-4
			4)	dat	576	21092	3.042674E-4
			5)	dar	703	16254	2.3447572E-4
			6)	dan	917	10596	1.5285498E-4
			7)	dai	1278	5058	7.296531E-5
			8)	dag	1306	4655	6.715175E-5
			9)	daz	1380	3789	5.465907E-5
			10)	dav	1381	3782	5.4558088E-5
			11)	dac	1563	2321	3.3482105E-5
			12)	dab	2019	566	8.16496E-6
			13)	das	2113	407	5.87127E-6
			14)	dap	2219	284	4.0969057E-6
		5)	du	0	0	0.0
			1)	dur	707	16099	2.3223973E-4
			2)	due	968	9539	1.3760698E-4
			3)	duz	1141	6742	9.7258235E-5
			4)	dut	1147	6674	9.627728E-5
			5)	duc	1252	5327	7.6845834E-5
			6)	dus	1309	4620	6.664685E-5
			7)	dub	1458	3088	4.4546636E-5
			8)	dua	1558	2364	3.4102413E-5
			9)	dun	1561	2347	3.3857174E-5
			10)	dum	1940	697	1.00547295E-5
			11)	dul	2014	570	8.2226625E-6
			12)	dui	2025	558	8.049554E-6
			13)	duo	2150	364	5.2509636E-6
			14)	dup	2189	310	4.4719745E-6
		6)	dd	0	0	0.0
			1)	ddi	1081	7755	1.1187149E-4
			2)	dde	1542	2469	3.5617115E-5
			3)	ddo	1809	1050	1.514701E-5
		7)	dr	0	0	0.0
			1)	dro	1136	6824	9.8441145E-5
			2)	dra	1670	1664	2.4004405E-5
			3)	dre	1763	1190	1.7166612E-5
			4)	dri	1900	795	1.1468451E-5
			5)	drà	2041	514	7.4148224E-6
		8)	dì	0	0	0.0
			1)	dì_	1714	1403	2.0239291E-5
		9)	dà	0	0	0.0
			1)	dà_	2029	538	7.761039E-6
		10)	ds	0	0	0.0
			1)	ds_	2232	271	3.909371E-6
	7)	n	0	0	0.0
		1)	ne	0	0	0.0
			1)	ne_	9	396761	0.005723565
			2)	nel	122	85914	0.0012393717
			3)	ner	414	30758	4.4370643E-4
			4)	nec	682	16967	2.4476126E-4
			5)	nei	767	14143	2.0402302E-4
			6)	neg	821	12569	1.8131694E-4
			7)	nes	913	10655	1.5370609E-4
			8)	nea	961	9625	1.388476E-4
			9)	nen	1069	7928	1.1436714E-4
			10)	net	1301	4721	6.8103844E-5
			11)	nef	1519	2584	3.7276073E-5
			12)	nev	1530	2539	3.6626916E-5
			13)	nem	1703	1489	2.1479904E-5
			14)	neu	1748	1266	1.8262966E-5
			15)	neo	1750	1263	1.8219689E-5
			16)	nee	1751	1253	1.8075432E-5
			17)	nep	1789	1127	1.625779E-5
			18)	ned	2095	429	6.188636E-6
			19)	neq	2169	336	4.8470433E-6
		2)	no	0	0	0.0
			1)	no_	24	264055	0.0038091848
			2)	non	94	111246	0.0016048042
			3)	nor	133	80261	0.001157823
			4)	nos	334	38617	5.570782E-4
			5)	nom	550	22488	3.244057E-4
			6)	nol	817	12710	1.8335096E-4
			7)	noi	908	10774	1.5542275E-4
			8)	not	1148	6673	9.626286E-5
			9)	nov	1348	4199	6.0573617E-5
			10)	noc	1733	1323	1.9085233E-5
			11)	nop	1766	1186	1.7108909E-5
			12)	nof	2038	522	7.5302282E-6
			13)	nod	2070	474	6.8377935E-6
			14)	noz	2269	238	3.4333225E-6
			15)	nog	2288	229	3.303491E-6
		3)	nt	0	0	0.0
			1)	nte	31	229614	0.0033123484
			2)	nto	57	144191	0.0020800596
			3)	nti	71	125482	0.0018101687
			4)	nta	127	83470	0.0012041152
			5)	ntr	200	59728	8.6161966E-4
			6)	ntu	1389	3706	5.3461736E-5
			7)	ntà	1617	1941	2.8000331E-5
			8)	nt_	2069	475	6.852219E-6
			9)	ntù	2273	237	3.4188968E-6
		4)	ni	0	0	0.0
			1)	ni_	47	162153	0.0023391745
			2)	nit	450	28073	4.0497337E-4
			3)	nio	461	27581	3.978759E-4
			4)	niz	578	20987	3.0275268E-4
			5)	nic	677	17115	2.4689626E-4
			6)	nis	740	14985	2.1616949E-4
			7)	nir	987	9260	1.335822E-4
			8)	nim	1002	9005	1.2990365E-4
			9)	nif	1035	8332	1.2019514E-4
			10)	nia	1152	6622	9.5527146E-5
			11)	nie	1198	5970	8.6121574E-5
			12)	nib	1258	5247	7.569177E-5
			13)	nin	1578	2202	3.1765445E-5
			14)	niv	1663	1690	2.4379475E-5
			15)	nil	1794	1106	1.595485E-5
			16)	nip	2168	341	4.919172E-6
			17)	nid	2194	304	4.38542E-6
		5)	na	0	0	0.0
			1)	na_	93	112838	0.0016277699
			2)	nal	250	49948	7.205361E-4
			3)	nat	442	28586	4.1237375E-4
			4)	naz	542	22779	3.2860358E-4
			5)	nan	558	21935	3.1642825E-4
			6)	nar	673	17182	2.478628E-4
			7)	nam	938	10081	1.4542573E-4
			8)	nac	1400	3584	5.1701798E-5
			9)	nav	1596	2058	2.968814E-5
			10)	nas	1601	2013	2.9038983E-5
			11)	nai	1702	1492	2.1523181E-5
			12)	nau	1844	973	1.403623E-5
			13)	nad	1891	835	1.204548E-5
			14)	nag	1962	645	9.304592E-6
			15)	nab	2003	582	8.395771E-6
			16)	nap	2164	345	4.976875E-6
		6)	nd	0	0	0.0
			1)	ndo	181	64310	9.2771836E-4
			2)	ndi	236	52415	7.561243E-4
			3)	nda	277	45867	6.616647E-4
			4)	nde	315	41081	5.926232E-4
			5)	ndu	1036	8325	1.20094155E-4
			6)	ndr	1788	1128	1.6272217E-5
			7)	nd_	2201	298	4.298866E-6
		7)	nz	0	0	0.0
			1)	nza	185	63508	9.161489E-4
			2)	nzi	229	52797	7.6163496E-4
			3)	nze	714	15863	2.2883527E-4
			4)	nz_	2184	315	4.5441034E-6
			5)	nzo	2198	300	4.3277173E-6
		8)	nc	0	0	0.0
			1)	nch	249	50090	7.2258455E-4
			2)	nci	404	31345	4.5217434E-4
			3)	nco	451	28059	4.047714E-4
			4)	nce	685	16884	2.4356393E-4
			5)	ncl	1000	9057	1.3065379E-4
			6)	nca	1187	6138	8.854509E-5
			7)	ncr	1248	5363	7.736516E-5
			8)	ncu	2298	220	3.1736595E-6
		9)	nn	0	0	0.0
			1)	nno	270	46727	6.7407085E-4
			2)	nni	803	13133	1.8945304E-4
			3)	nna	1045	8211	1.1844962E-4
			4)	nne	1095	7593	1.0953453E-4
			5)	nnu	1474	2945	4.248376E-5
			6)	nn_	1686	1584	2.2850347E-5
		10)	ns	0	0	0.0
			1)	nsi	418	30291	4.3696963E-4
			2)	nse	605	19635	2.832491E-4
			3)	nsa	724	15475	2.2323808E-4
			4)	nso	894	10971	1.5826462E-4
			5)	nsu	964	9614	1.3868892E-4
			6)	nst	1438	3212	4.6335426E-5
			7)	nsì	1631	1833	2.6442352E-5
			8)	nsf	1896	820	1.1829094E-5
			9)	nsn	2248	259	3.7362627E-6
		11)	ng	0	0	0.0
			1)	ngo	592	20119	2.9023114E-4
			2)	ngr	924	10467	1.5099406E-4
			3)	nge	985	9319	1.3443333E-4
			4)	nga	986	9277	1.3382745E-4
			5)	ngi	1283	4975	7.176798E-5
			6)	ngu	1432	3243	4.6782625E-5
			7)	ng_	1715	1394	2.0109459E-5
			8)	ngh	1853	956	1.3790993E-5
			9)	ngl	1986	611	8.814118E-6
		12)	nu	0	0	0.0
			1)	nuo	716	15820	2.2821497E-4
			2)	nut	738	15050	2.1710715E-4
			3)	num	1190	6079	8.769398E-5
			4)	nua	1219	5786	8.346724E-5
			5)	nun	1257	5250	7.573505E-5
			6)	nul	1518	2590	3.7362624E-5
			7)	nui	1640	1766	2.5475829E-5
			8)	nuc	1661	1694	2.4437177E-5
			9)	nue	1749	1265	1.8248542E-5
			10)	nu_	1982	614	8.857395E-6
			11)	nuz	2145	365	5.2653895E-6
		13)	nv	0	0	0.0
			1)	nve	843	12000	1.731087E-4
			2)	nvi	1056	8068	1.1638674E-4
			3)	nvo	1423	3344	4.823962E-5
			4)	nva	2047	508	7.328268E-6
		14)	nf	0	0	0.0
			1)	nfo	873	11373	1.6406376E-4
			2)	nfi	1171	6343	9.150237E-5
			3)	nfr	1240	5466	7.885101E-5
			4)	nfa	1294	4858	7.008017E-5
			5)	nfe	1300	4727	6.81904E-5
			6)	nfl	1343	4257	6.141031E-5
			7)	nfu	1942	693	9.997027E-6
		15)	nq	0	0	0.0
			1)	nqu	878	11332	1.6347232E-4
		16)	né	0	0	0.0
			1)	né_	1342	4268	6.156899E-5
		17)	nl	0	0	0.0
			1)	nla	2322	202	2.9139962E-6
	8)	e	0	0	0.0
		1)	en	0	0	0.0
			1)	ent	11	361172	0.0052101677
			2)	enz	142	77406	0.0011166376
			3)	end	177	65850	9.4993395E-4
			4)	ene	268	47041	6.786005E-4
			5)	ens	437	28960	4.1776898E-4
			6)	eno	613	19230	2.7740668E-4
			7)	eng	655	17679	2.5503238E-4
			8)	eni	689	16760	2.4177514E-4
			9)	enu	773	13945	2.0116672E-4
			10)	ena	820	12579	1.8146119E-4
			11)	enn	1364	3945	5.690948E-5
			12)	en_	1377	3799	5.4803328E-5
			13)	enc	1568	2255	3.253001E-5
			14)	env	2138	373	5.3807953E-6
		2)	el	0	0	0.0
			1)	ell	18	304754	0.004396297
			2)	el_	54	144856	0.0020896527
			3)	ela	243	51199	7.385827E-4
			4)	ele	638	18592	2.6820306E-4
			5)	eli	1122	7098	1.02393795E-4
			6)	elt	1570	2240	3.2313623E-5
			7)	elo	1643	1757	2.5345998E-5
			8)	elu	1861	925	1.3343795E-5
			9)	elg	1877	877	1.26513605E-5
			10)	elv	2318	207	2.9861249E-6
		3)	es	0	0	0.0
			1)	est	46	162463	0.0023436465
			2)	ess	53	145110	0.0020933168
			3)	ese	173	66908	9.6519635E-4
			4)	esi	205	58060	8.3755754E-4
			5)	esp	490	25308	3.6508622E-4
			6)	esc	644	18068	2.6064398E-4
			7)	esa	701	16346	2.3580289E-4
			8)	eso	1144	6708	9.676776E-5
			9)	esì	1608	1983	2.8606211E-5
			10)	esu	1615	1946	2.807246E-5
			11)	es_	2172	335	4.832618E-6
			12)	esb	2257	247	3.563154E-6
		4)	er	0	0	0.0
			1)	er_	50	155598	0.0022446138
			2)	ere	51	154523	0.0022291061
			3)	eri	138	78866	0.0011376992
			4)	era	156	72344	0.0010436146
			5)	erc	239	51838	7.478007E-4
			6)	ero	319	40570	5.8525166E-4
			7)	ers	336	38460	5.5481336E-4
			8)	ern	364	35326	5.096031E-4
			9)	ert	392	32268	4.6548928E-4
			10)	erm	453	27890	4.0233345E-4
			11)	erv	481	25893	3.7352528E-4
			12)	err	485	25777	3.718519E-4
			13)	erà	834	12183	1.757486E-4
			14)	erg	1024	8607	1.2416221E-4
			15)	erò	1099	7479	1.07889995E-4
			16)	erz	1286	4925	7.104669E-5
			17)	erl	1335	4299	6.201619E-5
			18)	erd	1429	3286	4.740293E-5
			19)	erf	1539	2492	3.5948906E-5
			20)	erp	1572	2235	3.2241493E-5
			21)	erb	1738	1301	1.8767867E-5
			22)	eru	2276	236	3.404471E-6
		5)	et	0	0	0.0
			1)	ett	62	136867	0.0019744057
			2)	ete	627	18903	2.7268947E-4
			3)	eti	902	10882	1.5698074E-4
			4)	eta	945	9969	1.4381004E-4
			5)	età	965	9604	1.3854465E-4
			6)	eto	1118	7178	1.0354785E-4
			7)	etr	1324	4422	6.3790554E-5
			8)	etu	1889	837	1.2074332E-5
			9)	etn	1938	700	1.0098007E-5
			10)	et_	2324	202	2.9139962E-6
		6)	ei	0	0	0.0
			1)	ei_	98	107767	0.0015546171
			2)	eic	1874	888	1.2810044E-5
			3)	ein	1989	604	8.7131375E-6
			4)	eit	2246	261	3.7651141E-6
		7)	eu	0	0	0.0
			1)	eur	164	70419	0.0010158451
			2)	eut	1839	985	1.4209339E-5
		8)	ev	0	0	0.0
			1)	evo	240	51813	7.4744003E-4
			2)	eve	467	27153	3.917017E-4
			3)	evi	690	16745	2.4155875E-4
			4)	eva	745	14878	2.1462592E-4
			5)	evu	1772	1164	1.6791542E-5
			6)	ev_	2193	306	4.4142716E-6
		9)	ea	0	0	0.0
			1)	ea_	320	40505	5.84314E-4
			2)	eal	879	11304	1.6306838E-4
			3)	ear	1125	7005	1.010522E-4
			4)	eat	1328	4384	6.3242376E-5
			5)	eaz	1449	3159	4.5570865E-5
			6)	ean	1622	1888	2.7235768E-5
			7)	ead	1807	1064	1.5348971E-5
			8)	eam	1934	704	1.015571E-5
			9)	eag	2013	572	8.251514E-6
		10)	eb	0	0	0.0
			1)	ebb	355	36327	5.240433E-4
			2)	ebi	1718	1370	1.9763242E-5
			3)	ebo	1724	1353	1.9518006E-5
			4)	ebr	2105	416	6.001101E-6
			5)	eba	2239	264	3.8083913E-6
		11)	em	0	0	0.0
			1)	eme	369	34727	5.0096214E-4
			2)	emp	394	32098	4.630369E-4
			3)	emb	416	30578	4.411098E-4
			4)	ema	505	24222	3.494199E-4
			5)	emo	608	19381	2.7958496E-4
			6)	emi	717	15771	2.275081E-4
			7)	emm	1180	6198	8.941064E-5
			8)	emu	2284	231	3.3323424E-6
		12)	ec	0	0	0.0
			1)	eci	373	34434	4.967354E-4
			2)	ece	421	29846	4.3055016E-4
			3)	eco	440	28650	4.13297E-4
			4)	ecc	868	11456	1.652611E-4
			5)	ecn	1256	5252	7.5763906E-5
			6)	eca	1340	4275	6.166997E-5
			7)	ecu	1425	3316	4.7835703E-5
			8)	ech	1976	629	9.07378E-6
			9)	ecl	2048	506	7.2994167E-6
			10)	ecr	2156	354	5.1067063E-6
		13)	eg	0	0	0.0
			1)	egl	386	32947	4.7528435E-4
			2)	egi	454	27831	4.0148234E-4
			3)	egu	568	21429	3.0912884E-4
			4)	egn	629	18849	2.7191048E-4
			5)	ego	657	17642	2.5449862E-4
			6)	ega	712	15940	2.2994605E-4
			7)	egg	972	9506	1.3713093E-4
			8)	egh	1027	8561	1.2349863E-4
			9)	egr	1130	6952	1.0028764E-4
			10)	ege	2017	568	8.1938115E-6
		14)	ed	0	0	0.0
			1)	ede	439	28651	4.1331144E-4
			2)	edi	562	21728	3.1344214E-4
			3)	ed_	791	13563	1.956561E-4
			4)	edo	883	11189	1.6140944E-4
			5)	edu	966	9550	1.3776567E-4
			6)	eda	1587	2145	3.0943178E-5
			7)	edd	1742	1290	1.8609184E-5
			8)	edì	1797	1084	1.5637484E-5
			9)	edr	2146	365	5.2653895E-6
		15)	ez	0	0	0.0
			1)	ezz	504	24312	3.507182E-4
			2)	ezi	881	11279	1.6270774E-4
		16)	eo	0	0	0.0
			1)	eo_	595	19947	2.8774992E-4
			2)	eoc	1264	5214	7.521573E-5
			3)	eol	2007	579	8.352495E-6
			4)	eog	2044	512	7.385971E-6
			5)	eor	2134	379	5.4673496E-6
		17)	ef	0	0	0.0
			1)	eff	771	14032	2.0242177E-4
			2)	efi	921	10491	1.5134027E-4
			3)	efe	1618	1913	2.759641E-5
			4)	efa	1961	646	9.319018E-6
			5)	efo	2143	367	5.294241E-6
		18)	eq	0	0	0.0
			1)	equ	1103	7405	1.0682249E-4
		19)	ee	0	0	0.0
			1)	ee_	1132	6938	1.0008568E-4
			2)	eer	2203	297	4.2844404E-6
		20)	ep	0	0	0.0
			1)	epu	1176	6246	9.010307E-5
			2)	epa	1358	3990	5.7558642E-5
			3)	epi	1476	2920	4.2123116E-5
			4)	epp	1610	1977	2.8519657E-5
			5)	epl	1696	1522	2.1955953E-5
			6)	epo	1717	1370	1.9763242E-5
			7)	epr	1846	970	1.39929525E-5
			8)	epe	1958	649	9.362295E-6
		21)	ex	0	0	0.0
			1)	ex_	1836	1000	1.4425725E-5
			2)	ext	2245	261	3.7651141E-6
	9)	o	0	0	0.0
		1)	on	0	0	0.0
			1)	one	14	328510	0.004738995
			2)	on_	48	160331	0.0023128907
			3)	ono	55	144450	0.0020837958
			4)	oni	103	101516	0.0014644419
			5)	ont	120	88278	0.0012734741
			6)	ond	208	57856	8.3461474E-4
			7)	ona	262	47849	6.902565E-4
			8)	ons	267	47163	6.803604E-4
			9)	onc	383	33315	4.80593E-4
			10)	onf	755	14660	2.1148112E-4
			11)	ong	1055	8069	1.1640117E-4
			12)	onn	1123	7043	1.0160037E-4
			13)	onv	1183	6181	8.9165405E-5
			14)	onu	1647	1747	2.520174E-5
			15)	onq	2076	461	6.650259E-6
		2)	os	0	0	0.0
			1)	ost	81	119392	0.0017223161
			2)	oss	224	52946	7.637844E-4
			3)	osi	415	30621	4.417301E-4
			4)	osc	899	10914	1.5744235E-4
			5)	osa	915	10632	1.533743E-4
			6)	osì	1054	8074	1.164733E-4
			7)	ose	1159	6570	9.477701E-5
			8)	osp	1271	5116	7.3802E-5
			9)	oso	1339	4280	6.17421E-5
			10)	osf	2140	370	5.337518E-6
			11)	osm	2204	295	4.255589E-6
			12)	osl	2258	246	3.5487283E-6
			13)	os_	2277	235	3.3900453E-6
		3)	or	0	0	0.0
			1)	ore	140	78374	0.0011306017
			2)	ori	159	71682	0.0010340648
			3)	ora	180	64979	9.373691E-4
			4)	ort	197	60359	8.707223E-4
			5)	orm	312	41443	5.978453E-4
			6)	orr	359	36061	5.2020606E-4
			7)	oro	375	34314	4.950043E-4
			8)	or_	412	31012	4.4737058E-4
			9)	ord	413	30802	4.4434116E-4
			10)	ors	601	19762	2.8508116E-4
			11)	orn	695	16553	2.3878901E-4
			12)	orz	900	10898	1.5721154E-4
			13)	org	962	9624	1.3883317E-4
			14)	orp	1685	1591	2.2951328E-5
			15)	orc	1890	836	1.2059905E-5
			16)	orv	1905	783	1.1295342E-5
			17)	orb	1957	649	9.362295E-6
			18)	oru	2127	384	5.539478E-6
			19)	orl	2294	222	3.202511E-6
		4)	op	0	0	0.0
			1)	ope	152	72879	0.0010513323
			2)	opo	261	47939	6.915548E-4
			3)	opr	530	23166	3.3418633E-4
			4)	opp	684	16900	2.4379474E-4
			5)	opa	1107	7354	1.0608678E-4
			6)	opi	1356	4013	5.7890433E-5
			7)	opz	2103	419	6.0443786E-6
			8)	opt	2108	412	5.9433983E-6
			9)	opu	2142	367	5.294241E-6
		5)	ol	0	0	0.0
			1)	olt	168	69756	0.0010062809
			2)	oli	176	66029	9.5251616E-4
			3)	olo	286	44820	6.46561E-4
			4)	ole	296	43921	6.3359225E-4
			5)	ola	304	42248	6.09458E-4
			6)	oll	411	31055	4.4799087E-4
			7)	olu	678	17061	2.4611727E-4
			8)	olg	1008	8847	1.2762439E-4
			9)	olp	1486	2848	4.1084462E-5
			10)	olv	1510	2655	3.83003E-5
			11)	ol_	1743	1289	1.859476E-5
			12)	olm	1758	1209	1.7440701E-5
			13)	old	1911	761	1.0977977E-5
		6)	om	0	0	0.0
			1)	ome	216	56820	8.196697E-4
			2)	omp	333	38651	5.575687E-4
			3)	omu	433	29206	4.213177E-4
			4)	omi	561	21862	3.153752E-4
			5)	omm	571	21295	3.071958E-4
			6)	oma	872	11384	1.6422245E-4
			7)	omo	1170	6381	9.205055E-5
			8)	omb	1397	3629	5.2350955E-5
			9)	omc	1946	679	9.795067E-6
			10)	omè	1974	631	9.102632E-6
			11)	om_	2073	467	6.7368132E-6
		7)	ot	0	0	0.0
			1)	ott	294	44115	6.363908E-4
			2)	ote	584	20660	2.9803548E-4
			3)	ota	732	15147	2.1850645E-4
			4)	otr	920	10510	1.5161437E-4
			5)	oti	931	10202	1.4717125E-4
			6)	oto	1268	5142	7.417708E-5
			7)	otu	1655	1730	2.4956504E-5
		8)	ov	0	0	0.0
			1)	ove	381	33335	4.808815E-4
			2)	ova	546	22554	3.2535777E-4
			3)	ovr	719	15584	2.2481049E-4
			4)	ovi	949	9913	1.4300221E-4
			5)	ovv	1013	8781	1.2667228E-4
			6)	ovo	1143	6719	9.6926444E-5
			7)	ovu	1460	3072	4.4315824E-5
		9)	oc	0	0	0.0
			1)	occ	417	30546	4.4064817E-4
			2)	oci	577	21007	3.030412E-4
			3)	oce	640	18505	2.6694802E-4
			4)	ocr	989	9241	1.3330812E-4
			5)	oca	1030	8489	1.2245997E-4
			6)	oco	1239	5506	7.9428035E-5
			7)	ocu	1316	4545	6.556492E-5
			8)	och	1591	2095	3.0221892E-5
			9)	ock	2016	568	8.1938115E-6
			10)	oc_	2162	346	4.9913006E-6
			11)	ocl	2241	262	3.7795398E-6
		10)	od	0	0	0.0
			1)	odo	444	28392	4.0957518E-4
			2)	odi	906	10802	1.5582668E-4
			3)	odu	950	9894	1.4272812E-4
			4)	ode	1184	6178	8.912213E-5
			5)	odd	1398	3610	5.2076866E-5
			6)	oda	1639	1770	2.5533533E-5
		11)	oi	0	0	0.0
			1)	oi_	618	19152	2.7628147E-4
			2)	oic	1379	3793	5.4716773E-5
			3)	oin	1472	2951	4.257031E-5
			4)	oib	2181	318	4.5873803E-6
			5)	oia	2259	246	3.5487283E-6
			6)	oio	2265	241	3.4765997E-6
			7)	oie	2285	230	3.3179167E-6
		12)	og	0	0	0.0
			1)	ogg	656	17660	2.5475828E-4
			2)	ogr	733	15138	2.1837662E-4
			3)	ogn	794	13510	1.9489153E-4
			4)	ogl	847	11934	1.721566E-4
			5)	ogo	978	9365	1.3509691E-4
			6)	ogi	1113	7230	1.04297986E-4
			7)	oga	1138	6822	9.841229E-5
			8)	oge	1163	6516	9.3998024E-5
			9)	ogh	1564	2311	3.333785E-5
		13)	ob	0	0	0.0
			1)	obb	721	15576	2.2469509E-4
			2)	obl	728	15277	2.2038179E-4
			3)	obi	809	13034	1.8802489E-4
			4)	oba	1314	4574	6.5983266E-5
			5)	obr	1909	763	1.1006828E-5
		14)	oz	0	0	0.0
			1)	ozi	1025	8595	1.239891E-4
			2)	ozz	2035	523	7.5446537E-6
		15)	oo	0	0	0.0
			1)	oop	1200	5956	8.5919615E-5
			2)	oor	1498	2719	3.9223545E-5
			3)	oot	2027	543	7.833169E-6
		16)	of	0	0	0.0
			1)	off	1213	5831	8.41164E-5
			2)	ofo	1388	3713	5.3562715E-5
			3)	ofi	1416	3400	4.9047463E-5
			4)	ofe	1551	2408	3.4737146E-5
			5)	ofu	1813	1040	1.5002754E-5
		17)	oe	0	0	0.0
			1)	oer	1599	2028	2.9255369E-5
			2)	oes	1681	1618	2.3340823E-5
			3)	oec	2032	536	7.732188E-6
		18)	oè	0	0	0.0
			1)	oè_	1662	1690	2.4379475E-5
		19)	oq	0	0	0.0
			1)	oqu	1995	592	8.540029E-6
		20)	oa	0	0	0.0
			1)	oat	2058	493	7.111882E-6
			2)	oal	2118	397	5.7270126E-6
		21)	ou	0	0	0.0
			1)	out	2224	278	4.0103514E-6
	10)	c	0	0	0.0
		1)	ch	0	0	0.0
			1)	che	15	315773	0.0045552542
			2)	chi	186	63344	9.137831E-4
			3)	ché	431	29291	4.225439E-4
			4)	ch_	2065	482	6.9531993E-6
		2)	co	0	0	0.0
			1)	con	22	267439	0.0038580012
			2)	com	68	128760	0.0018574563
			3)	col	149	73831	0.0010650656
			4)	cor	179	65168	9.4009563E-4
			5)	co_	258	48367	6.97729E-4
			6)	cos	323	39949	5.7629327E-4
			7)	coo	1016	8768	1.2648475E-4
			8)	cop	1293	4867	7.021E-5
			9)	cog	1384	3741	5.3966636E-5
			10)	coe	1392	3668	5.2913558E-5
			11)	coi	1475	2922	4.2151965E-5
			12)	cod	1654	1735	2.5028632E-5
			13)	cot	2015	570	8.2226625E-6
			14)	coa	2078	454	6.549279E-6
			15)	coc	2106	414	5.9722497E-6
			16)	cof	2182	316	4.558529E-6
			17)	coz	2315	210	3.029402E-6
		3)	ca	0	0	0.0
			1)	ca_	137	78930	0.0011386224
			2)	cat	358	36085	5.205523E-4
			3)	car	464	27216	3.9261053E-4
			4)	can	610	19281	2.781424E-4
			5)	cam	696	16482	2.3776479E-4
			6)	cas	697	16459	2.3743299E-4
			7)	caz	807	13069	1.885298E-4
			8)	cap	944	9974	1.4388218E-4
			9)	cal	981	9357	1.349815E-4
			10)	cau	1192	6066	8.750644E-5
			11)	cac	1290	4907	7.078703E-5
			12)	cad	1378	3798	5.47889E-5
			13)	cab	1571	2239	3.22992E-5
			14)	cav	1929	728	1.0501927E-5
			15)	cao	2154	359	5.178835E-6
			16)	caf	2187	311	4.4864005E-6
		4)	ci	0	0	0.0
			1)	ci_	209	57727	8.327538E-4
			2)	cia	310	41531	5.9911475E-4
			3)	cit	422	29815	4.3010298E-4
			4)	cio	593	20111	2.9011574E-4
			5)	cip	639	18569	2.6787128E-4
			6)	cis	679	17034	2.457278E-4
			7)	ciò	752	14712	2.1223126E-4
			8)	cie	753	14697	2.1201487E-4
			9)	cin	1012	8800	1.2694637E-4
			10)	cir	1114	7226	1.0424029E-4
			11)	cil	1124	7033	1.0145612E-4
			12)	cid	1191	6074	8.762185E-5
			13)	cif	1206	5897	8.5068496E-5
			14)	civ	1428	3287	4.7417358E-5
			15)	cim	1614	1951	2.8144588E-5
			16)	ciu	1616	1944	2.8043609E-5
			17)	cic	1691	1547	2.2316595E-5
			18)	ciz	1712	1429	2.061436E-5
			19)	cib	2079	454	6.549279E-6
		5)	ce	0	0	0.0
			1)	ces	343	37469	5.4051745E-4
			2)	ce_	376	34170	4.92927E-4
			3)	cen	429	29314	4.228757E-4
			4)	cer	456	27755	4.00386E-4
			5)	ced	744	14879	2.1464036E-4
			6)	cet	1003	8984	1.2960071E-4
			7)	cel	1145	6681	9.6378266E-5
			8)	cev	1375	3839	5.5380355E-5
			9)	cem	1452	3124	4.5065965E-5
			10)	cep	1657	1722	2.4841098E-5
			11)	cez	1660	1697	2.4480454E-5
			12)	cec	1947	678	9.780641E-6
			13)	ceg	1965	643	9.275741E-6
			14)	ceu	2186	311	4.4864005E-6
		6)	cc	0	0	0.0
			1)	cco	363	35372	5.1026675E-4
			2)	cce	543	22690	3.273197E-4
			3)	ccu	760	14417	2.0797567E-4
			4)	cci	845	11967	1.7263264E-4
			5)	cca	885	11167	1.6109206E-4
			6)	cch	1058	8030	1.15838564E-4
			7)	ccr	2036	523	7.5446537E-6
		7)	cr	0	0	0.0
			1)	cre	477	26345	3.800457E-4
			2)	cri	681	17012	2.4541043E-4
			3)	cra	998	9095	1.3120196E-4
			4)	cro	1695	1534	2.2129061E-5
			5)	cru	1740	1298	1.872459E-5
		8)	cu	0	0	0.0
			1)	cui	502	24331	3.509923E-4
			2)	cur	590	20181	2.9112556E-4
			3)	cun	611	19259	2.7782502E-4
			4)	cup	793	13539	1.9530988E-4
			5)	cus	838	12115	1.7476766E-4
			6)	cut	1349	4169	6.0140846E-5
			7)	cum	1355	4070	5.87127E-5
			8)	cul	1366	3930	5.6693098E-5
			9)	cuo	1611	1972	2.8447528E-5
			10)	cuz	1699	1507	2.1739566E-5
			11)	cub	2253	253	3.6497083E-6
			12)	cua	2292	223	3.2169366E-6
		9)	cl	0	0	0.0
			1)	clu	837	12141	1.7514272E-4
			2)	cla	1386	3728	5.3779102E-5
			3)	cli	1627	1851	2.6702015E-5
			4)	cle	1628	1846	2.6629887E-5
			5)	clo	1898	809	1.1670411E-5
		10)	cq	0	0	0.0
			1)	cqu	1320	4468	6.4454136E-5
		11)	cn	0	0	0.0
			1)	cno	1501	2704	3.900716E-5
			2)	cni	1527	2551	3.6800022E-5
		12)	cè	0	0	0.0
			1)	cè_	1592	2080	3.0005507E-5
		13)	ck	0	0	0.0
			1)	ck_	1956	652	9.405572E-6
	11)	z	0	0	0.0
		1)	zi	0	0	0.0
			1)	zio	16	313578	0.0045235897
			2)	zia	228	52814	7.618802E-4
			3)	zi_	653	17716	2.5556612E-4
			4)	zie	1072	7875	1.1360258E-4
			5)	zit	1513	2619	3.7780974E-5
			6)	zis	1847	963	1.3891972E-5
			7)	zic	1999	586	8.453474E-6
			8)	zin	2086	441	6.3617445E-6
		2)	za	0	0	0.0
			1)	za_	131	80656	0.0011635212
			2)	zaz	814	12839	1.8521187E-4
			3)	zat	870	11413	1.6464079E-4
			4)	zar	1009	8823	1.2727817E-4
			5)	zan	1638	1780	2.567779E-5
			6)	zam	1692	1545	2.2287744E-5
			7)	zal	2021	564	8.136109E-6
			8)	zab	2155	358	5.1644092E-6
		3)	zz	0	0	0.0
			1)	zza	264	47679	6.8780413E-4
			2)	zzi	1195	5980	8.6265834E-5
			3)	zzo	1275	5099	7.355677E-5
			4)	zze	1737	1303	1.8796718E-5
		4)	ze	0	0	0.0
			1)	ze_	654	17694	2.5524877E-4
			2)	zer	1884	848	1.2233014E-5
			3)	zes	2329	200	2.8851448E-6
		5)	zo	0	0	0.0
			1)	zo_	1001	9019	1.301056E-4
			2)	zon	1443	3181	4.5888228E-5
			3)	zoo	1920	741	1.0689462E-5
		6)	zu	0	0	0.0
			1)	zuc	2179	326	4.702786E-6
	12)	h	0	0	0.0
		1)	he	0	0	0.0
			1)	he_	17	310413	0.0044779326
			2)	her	1440	3204	4.6220022E-5
			3)	het	1577	2205	3.1808722E-5
			4)	hes	1754	1242	1.791675E-5
			5)	hez	1950	673	9.708512E-6
			6)	hen	1968	642	9.261315E-6
			7)	heg	2328	201	2.8995705E-6
		2)	ha	0	0	0.0
			1)	ha_	321	40478	5.8392447E-4
			2)	han	660	17544	2.530849E-4
			3)	har	2220	283	4.08248E-6
		3)	hé	0	0	0.0
			1)	hé_	430	29291	4.225439E-4
		4)	hi	0	0	0.0
			1)	hia	521	23635	3.4095198E-4
			2)	hi_	574	21178	3.05508E-4
			3)	hie	625	18976	2.7374254E-4
			4)	hio	1346	4228	6.0991963E-5
			5)	hiu	1442	3182	4.5902656E-5
			6)	hin	1801	1072	1.5464377E-5
			7)	him	1883	853	1.2305143E-5
			8)	his	2102	422	6.0876555E-6
			9)	hil	2111	408	5.8856954E-6
			10)	hiv	2216	287	4.1401827E-6
			11)	hip	2249	258	3.721837E-6
			12)	hit	2261	245	3.5343026E-6
		5)	ho	0	0	0.0
			1)	ho_	890	11041	1.5927442E-4
			2)	hoc	2233	270	3.8949456E-6
	13)	p	0	0	0.0
		1)	pe	0	0	0.0
			1)	per	28	244405	0.0035257193
			2)	pet	351	36515	5.2675535E-4
			3)	pea	409	31085	4.4842364E-4
			4)	pen	536	22874	3.2997402E-4
			5)	peo	658	17581	2.5361867E-4
			6)	pes	750	14768	2.130391E-4
			7)	pec	1010	8817	1.2719161E-4
			8)	peg	1021	8647	1.2473924E-4
			9)	pei	1216	5819	8.394329E-5
			10)	pee	1430	3273	4.7215395E-5
			11)	ped	1529	2539	3.6626916E-5
			12)	pev	1613	1965	2.8346549E-5
			13)	pel	1656	1725	2.4884375E-5
			14)	pe_	1796	1084	1.5637484E-5
			15)	pez	1913	756	1.0905847E-5
			16)	pef	2176	330	4.760489E-6
			17)	peu	2314	210	3.029402E-6
		2)	pr	0	0	0.0
			1)	pro	45	166453	0.002401205
			2)	pre	85	118111	0.0017038367
			3)	pri	204	58816	8.484634E-4
			4)	pra	850	11794	1.7013699E-4
			5)	pru	2031	536	7.732188E-6
		3)	po	0	0	0.0
			1)	pos	107	98378	0.0014191739
			2)	por	198	60171	8.680103E-4
			3)	po_	251	49841	7.1899255E-4
			4)	pol	302	42334	6.106986E-4
			5)	pon	513	23782	3.4307258E-4
			6)	pot	544	22636	3.265407E-4
			7)	poi	1102	7432	1.07211985E-4
			8)	pop	1111	7281	1.050337E-4
			9)	poc	1276	5088	7.3398085E-5
			10)	pog	1359	3987	5.7515364E-5
			11)	pov	1421	3346	4.8268474E-5
			12)	pom	2012	572	8.251514E-6
		4)	pa	0	0	0.0
			1)	par	118	89797	0.0012953868
			2)	pae	458	27714	3.9979452E-4
			3)	paz	795	13503	1.9479055E-4
			4)	pas	953	9784	1.4114128E-4
			5)	pa_	999	9068	1.3081246E-4
			6)	pac	1031	8486	1.2241669E-4
			7)	pat	1048	8151	1.1758408E-4
			8)	pag	1093	7601	1.0964993E-4
			9)	pal	1178	6231	8.9886686E-5
			10)	pan	1478	2886	4.163264E-5
			11)	pai	1953	660	9.520978E-6
			12)	pau	2062	487	7.0253277E-6
			13)	pad	2122	391	5.6404583E-6
			14)	pav	2196	302	4.3565688E-6
		5)	pp	0	0	0.0
			1)	ppo	309	41759	6.0240383E-4
			2)	ppr	508	24076	3.4731373E-4
			3)	ppl	955	9728	1.4033345E-4
			4)	ppi	1046	8208	1.18406344E-4
			5)	ppa	1222	5726	8.26017E-5
			6)	ppe	1347	4227	6.0977538E-5
			7)	ppu	1371	3870	5.5827553E-5
		6)	pi	0	0	0.0
			1)	più	342	37688	5.436767E-4
			2)	pia	749	14791	2.1337089E-4
			3)	pio	788	13681	1.9735834E-4
			4)	pi_	909	10738	1.5490344E-4
			5)	pie	933	10163	1.4660864E-4
			6)	pit	1006	8909	1.2851878E-4
			7)	pic	1135	6851	9.8830635E-5
			8)	pin	1139	6795	9.80228E-5
			9)	pir	1338	4282	6.177095E-5
			10)	piu	1367	3927	5.664982E-5
			11)	pid	1393	3667	5.2899133E-5
			12)	pis	1652	1740	2.510076E-5
			13)	pil	1723	1357	1.9575707E-5
			14)	piz	1941	695	1.00258785E-5
			15)	pim	1983	612	8.828543E-6
		7)	pl	0	0	0.0
			1)	pli	585	20644	2.9780465E-4
			2)	ple	1068	7934	1.14453695E-4
			3)	plo	1565	2292	3.306376E-5
			4)	pla	1573	2233	3.2212643E-5
			5)	plu	1906	772	1.1136659E-5
		8)	pu	0	0	0.0
			1)	pun	736	15065	2.1732354E-4
			2)	può	860	11580	1.6704989E-4
			3)	pub	916	10613	1.5310022E-4
			4)	pur	994	9162	1.3216848E-4
			5)	put	1116	7217	1.04110455E-4
			6)	pul	1682	1610	2.3225417E-5
			7)	pug	2223	278	4.0103514E-6
		9)	pz	0	0	0.0
			1)	pzi	2096	427	6.1597843E-6
		10)	ps	0	0	0.0
			1)	psi	2264	241	3.4765997E-6
		11)	pt	0	0	0.0
			1)	pta	2293	222	3.202511E-6
	14)	m	0	0	0.0
		1)	me	0	0	0.0
			1)	men	29	238498	0.0034405065
			2)	me_	171	67450	9.730151E-4
			3)	mer	316	41048	5.921471E-4
			4)	mem	572	21273	3.0687844E-4
			5)	met	727	15283	2.2046834E-4
			6)	mes	786	13736	1.9815176E-4
			7)	med	1011	8817	1.2719161E-4
			8)	mez	1362	3951	5.6996036E-5
			9)	meg	1528	2543	3.6684618E-5
			10)	mec	1693	1539	2.220119E-5
		2)	mo	0	0	0.0
			1)	mo_	74	123862	0.001786799
			2)	mod	460	27604	3.982077E-4
			3)	mol	501	24353	3.5130966E-4
			4)	mon	669	17322	2.498824E-4
			5)	moc	1059	8029	1.1582414E-4
			6)	mos	1088	7644	1.1027024E-4
			7)	mot	1104	7398	1.0672151E-4
			8)	mom	1151	6635	9.5714684E-5
			9)	mor	1272	5115	7.378758E-5
			10)	mob	1574	2218	3.1996256E-5
			11)	moz	1649	1744	2.5158462E-5
			12)	mov	1838	989	1.42670415E-5
			13)	mog	2018	567	8.179386E-6
		3)	ma	0	0	0.0
			1)	ma_	125	83696	0.0012073754
			2)	man	307	41883	6.041926E-4
			3)	mat	390	32450	4.6811477E-4
			4)	mag	746	14874	2.1456822E-4
			5)	mar	792	13539	1.9530988E-4
			6)	maz	875	11362	1.6390508E-4
			7)	mal	958	9693	1.3982855E-4
			8)	mas	1218	5797	8.362593E-5
			9)	mai	1280	5008	7.224403E-5
			10)	mam	1406	3505	5.0562165E-5
			11)	mac	1598	2031	2.9298646E-5
			12)	mav	1992	598	8.626584E-6
			13)	mad	2207	293	4.226737E-6
		4)	mi	0	0	0.0
			1)	mi_	252	49423	7.129626E-4
			2)	min	318	40949	5.90719E-4
			3)	mis	448	28179	4.0650248E-4
			4)	mig	725	15380	2.2186764E-4
			5)	mic	777	13885	2.0030118E-4
			6)	mit	828	12327	1.778259E-4
			7)	mil	831	12258	1.7683052E-4
			8)	mio	897	10932	1.5770202E-4
			9)	mia	976	9414	1.3580377E-4
			10)	mie	1484	2860	4.1257572E-5
			11)	mir	1536	2508	3.6179717E-5
			12)	mid	2148	364	5.2509636E-6
			13)	miz	2173	334	4.818192E-6
		5)	mp	0	0	0.0
			1)	mpo	293	44118	6.364341E-4
			2)	mpi	523	23622	3.4076447E-4
			3)	mpr	554	22175	3.1989045E-4
			4)	mpe	615	19207	2.770749E-4
			5)	mpl	704	16179	2.3339379E-4
			6)	mpa	1004	8942	1.2899483E-4
			7)	mpu	1732	1324	1.909966E-5
		6)	mb	0	0	0.0
			1)	mbr	435	29129	4.2020692E-4
			2)	mbi	486	25642	3.6990442E-4
			3)	mba	1462	3054	4.4056163E-5
			4)	mbl	1651	1741	2.5115187E-5
			5)	mbe	1761	1203	1.7354147E-5
			6)	mbo	1820	1027	1.4815219E-5
			7)	mbu	2005	581	8.381346E-6
		7)	mu	0	0	0.0
			1)	mun	466	27179	3.9207676E-4
			2)	mul	1289	4910	7.0830305E-5
			3)	muo	1399	3610	5.2076866E-5
			4)	mut	1811	1046	1.5089307E-5
			5)	mus	2099	424	6.116507E-6
			6)	mur	2300	219	3.1592335E-6
		8)	mm	0	0	0.0
			1)	mmi	506	24198	3.4907367E-4
			2)	mme	841	12039	1.736713E-4
			3)	mma	910	10738	1.5490344E-4
			4)	mmo	1197	5974	8.617928E-5
			5)	mmu	2020	565	8.150534E-6
		9)	mè	0	0	0.0
			1)	mè_	1945	687	9.910473E-6
		10)	mc	0	0	0.0
			1)	mc_	1948	677	9.766215E-6
	15)	a	0	0	0.0
		1)	az	0	0	0.0
			1)	azi	32	221279	0.0031921098
			2)	azz	1580	2199	3.1722167E-5
		2)	ar	0	0	0.0
			1)	are	36	201629	0.0029086445
			2)	ari	123	84241	0.0012152374
			3)	art	246	50683	7.31139E-4
			4)	ara	370	34581	4.9885595E-4
			5)	ard	552	22415	3.233526E-4
			6)	arl	614	19209	2.7710374E-4
			7)	arm	833	12195	1.7592171E-4
			8)	ars	922	10478	1.5115274E-4
			9)	aro	993	9200	1.3271667E-4
			10)	arg	1028	8526	1.2299373E-4
			11)	arà	1052	8089	1.1668968E-4
			12)	arc	1108	7346	1.0597137E-4
			13)	arr	1196	5979	8.6251406E-5
			14)	ar_	1220	5757	8.304889E-5
			15)	arn	1500	2716	3.9180268E-5
			16)	arz	1700	1507	2.1739566E-5
			17)	arb	1705	1488	2.1465477E-5
			18)	arv	1810	1048	1.5118159E-5
			19)	arò	2026	547	7.8908715E-6
		3)	at	0	0	0.0
			1)	ato	56	144193	0.0020800885
			2)	ati	90	116608	0.0016821548
			3)	att	92	112911	0.001628823
			4)	ata	210	57535	8.29984E-4
			5)	ate	254	49216	7.099765E-4
			6)	atu	774	13908	2.0063297E-4
			7)	atr	1330	4379	6.317025E-5
			8)	atl	1966	643	9.275741E-6
			9)	atm	2185	312	4.500826E-6
			10)	at_	2308	213	3.0726792E-6
		4)	al	0	0	0.0
			1)	all	60	140828	0.0020315459
			2)	ale	87	117213	0.0016908825
			3)	ali	99	106460	0.0015357626
			4)	al_	153	72868	0.0010511737
			5)	alt	308	41765	6.024904E-4
			6)	alc	522	23624	3.407933E-4
			7)	alm	692	16646	2.4013061E-4
			8)	alu	893	10988	1.5850987E-4
			9)	alo	991	9230	1.3314944E-4
			10)	ala	1277	5083	7.332596E-5
			11)	als	1413	3415	4.926385E-5
			12)	alv	1514	2608	3.762229E-5
			13)	alg	1726	1350	1.9474728E-5
			14)	ald	1841	979	1.4122784E-5
			15)	alq	1993	595	8.583306E-6
			16)	alb	2060	490	7.068605E-6
			17)	alz	2071	474	6.8377935E-6
			18)	alp	2212	290	4.18346E-6
			19)	alf	2320	204	2.9428477E-6
		5)	am	0	0	0.0
			1)	ame	70	126003	0.0018176845
			2)	amo	136	79186	0.0011423155
			3)	amb	475	26538	3.8282986E-4
			4)	amm	637	18610	2.6846273E-4
			5)	amp	836	12153	1.7531583E-4
			6)	ami	923	10469	1.510229E-4
			7)	ama	1409	3430	4.9480233E-5
		6)	an	0	0	0.0
			1)	ant	100	104841	0.0015124073
			2)	anc	161	71565	0.001032377
			3)	ann	196	60555	8.735497E-4
			4)	ano	203	58934	8.5016567E-4
			5)	and	211	57522	8.2979654E-4
			6)	anz	257	48753	7.032973E-4
			7)	ani	328	39259	5.663395E-4
			8)	ana	862	11538	1.66444E-4
			9)	ane	925	10427	1.5041702E-4
			10)	ans	1363	3950	5.698161E-5
			11)	ang	1448	3163	4.5628567E-5
			12)	an_	1487	2826	4.0767096E-5
			13)	anq	2190	310	4.4719745E-6
			14)	anu	2325	202	2.9139962E-6
		7)	ap	0	0	0.0
			1)	app	242	51241	7.391885E-4
			2)	api	975	9415	1.3581819E-4
			3)	ape	1044	8264	1.19214186E-4
			4)	apr	1407	3488	5.0316925E-5
			5)	apa	1422	3345	4.825405E-5
			6)	apo	1881	857	1.2362846E-5
			7)	apu	2090	434	6.260764E-6
		8)	ac	0	0	0.0
			1)	acc	245	51081	7.368804E-4
			2)	ace	832	12248	1.7668627E-4
			3)	aci	988	9248	1.3340909E-4
			4)	acq	1321	4468	6.4454136E-5
			5)	aco	1446	3169	4.571512E-5
			6)	aca	1795	1088	1.5695188E-5
			7)	acr	1837	996	1.4368022E-5
			8)	acu	1873	896	1.29254495E-5
			9)	ach	1910	763	1.1006828E-5
		9)	as	0	0	0.0
			1)	ass	265	47588	6.864914E-4
			2)	asp	650	17887	2.5803293E-4
			3)	asi	702	16301	2.3515374E-4
			4)	ast	886	11134	1.6061602E-4
			5)	ase	937	10097	1.4565654E-4
			6)	asc	943	9997	1.4421396E-4
			7)	aso	1064	7988	1.1523269E-4
			8)	asa	1466	3024	4.362339E-5
			9)	asf	1483	2877	4.1502808E-5
			10)	asm	1604	2005	2.8923578E-5
			11)	as_	1919	747	1.0776016E-5
		10)	ag	0	0	0.0
			1)	agg	366	34990	5.047561E-4
			2)	agl	720	15580	2.2475279E-4
			3)	agi	839	12102	1.7458011E-4
			4)	agr	969	9535	1.3754929E-4
			5)	agn	1241	5445	7.8548066E-5
			6)	age	1350	4147	5.982348E-5
			7)	aga	1361	3965	5.7197998E-5
			8)	agu	1734	1311	1.8912124E-5
			9)	ago	1769	1171	1.6892523E-5
			10)	agh	2129	384	5.539478E-6
		11)	av	0	0	0.0
			1)	avo	377	34045	4.9112376E-4
			2)	ave	598	19819	2.8590343E-4
			3)	avv	762	14399	2.07716E-4
			4)	avi	787	13715	1.9784881E-4
			5)	ava	891	11011	1.5884165E-4
			6)	avr	1166	6451	9.306035E-5
			7)	avu	1490	2791	4.0262195E-5
		12)	ab	0	0	0.0
			1)	abi	400	31514	4.5461228E-4
			2)	abb	507	24112	3.4783306E-4
			3)	abo	1080	7756	1.1188592E-4
			4)	aba	1785	1141	1.6459751E-5
			5)	abu	1804	1069	1.54211E-5
			6)	abe	2034	524	7.5590797E-6
		13)	ai	0	0	0.0
			1)	ai_	410	31065	4.4813514E-4
			2)	aiu	1079	7779	1.1221771E-4
			3)	aio	1534	2512	3.623742E-5
			4)	aia	1645	1750	2.5245017E-5
			5)	ain	2010	575	8.294792E-6
			6)	aid	2208	293	4.226737E-6
		14)	ae	0	0	0.0
			1)	aes	455	27773	4.0064563E-4
			2)	aer	1437	3217	4.6407557E-5
			3)	ael	1855	941	1.3574607E-5
			4)	aen	2317	208	3.0005506E-6
		15)	af	0	0	0.0
			1)	aff	457	27754	4.0037156E-4
			2)	afo	1522	2576	3.7160666E-5
			3)	afi	1650	1743	2.5144038E-5
			4)	afr	1843	975	1.4065081E-5
			5)	afg	1912	758	1.0934699E-5
			6)	aft	2039	520	7.501377E-6
			7)	af_	2188	311	4.4864005E-6
		16)	ad	0	0	0.0
			1)	ad_	492	25242	3.6413415E-4
			2)	adi	648	17971	2.592447E-4
			3)	ade	742	14898	2.1491444E-4
			4)	ado	756	14590	2.1047132E-4
			5)	adr	1128	6983	1.0073483E-4
			6)	ada	1244	5418	7.815858E-5
			7)	add	1331	4371	6.305484E-5
			8)	adu	1495	2740	3.9526483E-5
		17)	au	0	0	0.0
			1)	aut	819	12677	1.8287491E-4
			2)	aus	903	10874	1.5686532E-4
			3)	aum	1302	4703	6.784418E-5
			4)	aug	1550	2416	3.485255E-5
			5)	aur	1653	1736	2.5043057E-5
			6)	aud	1782	1149	1.6575157E-5
			7)	aul	1808	1059	1.5276843E-5
			8)	auz	2051	504	7.270565E-6
		18)	aq	0	0	0.0
			1)	aq_	1851	958	1.3819844E-5
		19)	ao	0	0	0.0
			1)	aor	1924	739	1.066061E-5
			2)	ao_	2321	203	2.928422E-6
	16)	s	0	0	0.0
		1)	si	0	0	0.0
			1)	si_	49	157307	0.0022692673
			2)	sio	162	71300	0.0010285542
			3)	sia	247	50356	7.264218E-4
			4)	sig	298	43749	6.3111103E-4
			5)	sit	393	32222	4.648257E-4
			6)	sis	493	24981	3.60369E-4
			7)	sid	529	23297	3.360761E-4
			8)	sib	599	19803	2.856726E-4
			9)	sic	606	19559	2.8215273E-4
			10)	sim	694	16583	2.3922179E-4
			11)	siz	766	14151	2.0413843E-4
			12)	sin	1042	8268	1.1927189E-4
			13)	siv	1096	7539	1.08755536E-4
			14)	sie	1204	5935	8.561667E-5
			15)	sil	1445	3172	4.57584E-5
			16)	sif	1672	1659	2.3932276E-5
			17)	sir	2174	333	4.8037664E-6
		2)	st	0	0	0.0
			1)	sta	59	142149	0.0020506023
			2)	sti	114	92185	0.0013298354
			3)	str	117	90222	0.0013015177
			4)	sto	141	78191	0.0011279618
			5)	ste	145	76561	0.0011044479
			6)	stu	1325	4408	6.3588595E-5
			7)	st_	1480	2885	4.1618216E-5
		3)	ss	0	0	0.0
			1)	ssi	96	110737	0.0015974614
			2)	sse	191	62224	8.976263E-4
			3)	sso	219	55668	8.030512E-4
			4)	ssa	275	45981	6.6330924E-4
			5)	ssu	971	9519	1.3731846E-4
			6)	ss_	2299	219	3.1592335E-6
		4)	so	0	0	0.0
			1)	so_	108	97086	0.0014005359
			2)	son	182	64168	9.2566985E-4
			3)	sol	282	45460	6.557934E-4
			4)	sos	594	19953	2.8783648E-4
			5)	soc	603	19734	2.8467725E-4
			6)	sot	856	11653	1.6810297E-4
			7)	sor	959	9653	1.3925151E-4
			8)	sog	1076	7804	1.1257835E-4
			9)	sop	1094	7596	1.095778E-4
			10)	sod	1357	4010	5.7847155E-5
			11)	sov	1537	2506	3.6150865E-5
			12)	sof	1581	2197	3.1693315E-5
			13)	som	1744	1284	1.852263E-5
		5)	se	0	0	0.0
			1)	se_	113	92988	0.0013414193
			2)	sen	178	65825	9.495733E-4
			3)	ser	194	61055	8.807626E-4
			4)	sem	484	25824	3.725299E-4
			5)	seg	519	23678	3.415723E-4
			6)	set	683	16926	2.4416982E-4
			7)	sec	754	14668	2.1159653E-4
			8)	sed	1223	5711	8.238531E-5
			9)	ses	1453	3119	4.4993834E-5
			10)	seb	1722	1358	1.9590134E-5
			11)	sep	1757	1215	1.7527254E-5
			12)	sei	1791	1115	1.6084683E-5
			13)	sel	1864	918	1.3242815E-5
			14)	sev	1871	904	1.3040855E-5
			15)	seu	2104	417	6.015527E-6
			16)	seq	2180	323	4.659509E-6
			17)	sez	2247	260	3.7506884E-6
		6)	su	0	0	0.0
			1)	sul	202	58999	8.5110334E-4
			2)	su_	693	16599	2.394526E-4
			3)	sua	861	11562	1.6679023E-4
			4)	suo	863	11525	1.6625648E-4
			5)	sur	896	10943	1.578607E-4
			6)	sum	1040	8273	1.1934402E-4
			7)	sui	1149	6653	9.597434E-5
			8)	sup	1201	5950	8.583306E-5
			9)	sun	1238	5506	7.9428035E-5
			10)	suc	1323	4458	6.430988E-5
			11)	suf	1376	3823	5.5149543E-5
			12)	sug	1387	3724	5.3721396E-5
			13)	sue	1447	3168	4.5700694E-5
			14)	sus	1477	2913	4.2022137E-5
			15)	sub	1535	2508	3.6179717E-5
			16)	sud	1659	1706	2.4610286E-5
			17)	sut	2059	492	7.0974565E-6
		7)	sp	0	0	0.0
			1)	spe	225	52937	7.636546E-4
			2)	spo	338	37976	5.478313E-4
			3)	spi	874	11369	1.6400607E-4
			4)	spa	979	9364	1.3508249E-4
			5)	spr	980	9360	1.3502478E-4
			6)	spl	1709	1439	2.0758618E-5
			7)	spu	1990	602	8.6842865E-6
		8)	sa	0	0	0.0
			1)	sa_	266	47285	6.821204E-4
			2)	sar	350	36644	5.2861625E-4
			3)	san	798	13386	1.9310275E-4
			4)	sat	842	12011	1.7326737E-4
			5)	sab	946	9934	1.4330515E-4
			6)	sap	1077	7798	1.124918E-4
			7)	sal	1078	7786	1.1231869E-4
			8)	sam	1090	7626	1.1001057E-4
			9)	sag	1471	2951	4.257031E-5
			10)	saz	1658	1708	2.4639137E-5
			11)	sai	1745	1283	1.8508204E-5
			12)	sas	1755	1241	1.7902325E-5
			13)	sac	1773	1160	1.673384E-5
			14)	sau	1858	933	1.3459201E-5
			15)	sav	2120	396	5.7125867E-6
		9)	sc	0	0	0.0
			1)	sco	553	22392	3.2302082E-4
			2)	sci	569	21380	3.08422E-4
			3)	sce	607	19470	2.8086884E-4
			4)	sca	623	19013	2.742763E-4
			5)	scu	698	16444	2.372166E-4
			6)	sch	1086	7685	1.1086169E-4
			7)	scr	1160	6567	9.473373E-5
			8)	scl	1473	2945	4.248376E-5
		10)	sì	0	0	0.0
			1)	sì_	780	13806	1.9916156E-4
		11)	sv	0	0	0.0
			1)	svi	784	13769	1.986278E-4
			2)	svo	1053	8081	1.1657428E-4
			3)	sve	1675	1645	2.3730317E-5
			4)	sva	1918	748	1.0790442E-5
		12)	sm	0	0	0.0
			1)	smo	992	9209	1.328465E-4
			2)	smi	1538	2500	3.606431E-5
			3)	sme	1635	1798	2.5937452E-5
			4)	sma	1862	920	1.3271667E-5
		13)	sl	0	0	0.0
			1)	sla	1106	7360	1.06173335E-4
			2)	slo	2209	292	4.2123115E-6
			3)	sle	2291	224	3.2313624E-6
		14)	sf	0	0	0.0
			1)	sfo	1263	5229	7.5432115E-5
			2)	sfa	1370	3881	5.5986235E-5
			3)	sfr	1516	2597	3.7463607E-5
			4)	sfe	1603	2006	2.8938002E-5
			5)	sfi	1620	1901	2.7423303E-5
			6)	sfu	2068	475	6.852219E-6
		15)	sr	0	0	0.0
			1)	sra	1799	1077	1.5536505E-5
		16)	sb	0	0	0.0
			1)	sba	1821	1021	1.4728665E-5
			2)	sb_	2313	210	3.029402E-6
		17)	sé	0	0	0.0
			1)	sé_	1830	1007	1.4526704E-5
		18)	sq	0	0	0.0
			1)	squ	1967	642	9.261315E-6
		19)	sn	0	0	0.0
			1)	sna	2195	302	4.3565688E-6
		20)	sd	0	0	0.0
			1)	sdi	2215	287	4.1401827E-6
		21)	sh	0	0	0.0
			1)	shi	2237	267	3.851668E-6
		22)	sg	0	0	0.0
			1)	sgr	2254	252	3.6352826E-6
	17)	q	0	0	0.0
		1)	qu	0	0	0.0
			1)	que	64	133815	0.0019303783
			2)	qua	146	76525	0.0011039285
			3)	qui	495	24891	3.5907072E-4
			4)	quo	1533	2519	3.63384E-5
	18)	g	0	0	0.0
		1)	gl	0	0	0.0
			1)	gli	88	117136	0.0016897717
			2)	glo	1467	3015	4.3493557E-5
			3)	gle	2080	448	6.4627247E-6
			4)	gla	2323	202	2.9139962E-6
		2)	gr	0	0	0.0
			1)	gra	214	57008	8.223817E-4
			2)	gru	857	11619	1.676125E-4
			3)	gre	1092	7603	1.0967878E-4
			4)	gri	1112	7260	1.0473076E-4
			5)	gro	1814	1036	1.4945051E-5
		3)	gi	0	0	0.0
			1)	gio	223	52975	7.6420273E-4
			2)	giu	385	32984	4.758181E-4
			3)	gia	687	16870	2.4336197E-4
			4)	gi_	806	13085	1.887606E-4
			5)	già	877	11350	1.6373197E-4
			6)	gis	990	9241	1.3330812E-4
			7)	gin	1185	6175	8.907885E-5
			8)	gic	1245	5417	7.814415E-5
			9)	gim	1295	4850	6.9964764E-5
			10)	git	1512	2634	3.7997357E-5
			11)	gie	1517	2594	3.742033E-5
			12)	gir	1531	2535	3.656921E-5
			13)	gil	1711	1433	2.0672063E-5
			14)	gid	1937	700	1.0098007E-5
			15)	gib	2137	373	5.3807953E-6
			16)	gif	2234	270	3.8949456E-6
			17)	gig	2270	238	3.4333225E-6
		4)	gg	0	0	0.0
			1)	ggi	235	52492	7.572351E-4
			2)	gge	905	10852	1.5654796E-4
			3)	ggr	1823	1016	1.4656536E-5
			4)	ggo	2057	494	7.126308E-6
			5)	gga	2278	234	3.3756196E-6
		5)	gn	0	0	0.0
			1)	gno	248	50337	7.261477E-4
			2)	gni	713	15934	2.2985949E-4
			3)	gna	822	12524	1.8066778E-4
			4)	gne	1760	1204	1.7368573E-5
			5)	gnu	2107	413	5.957824E-6
		6)	ge	0	0	0.0
			1)	gen	479	26120	3.7679993E-4
			2)	ger	664	17483	2.5220495E-4
			3)	get	848	11857	1.7104582E-4
			4)	ge_	1279	5018	7.2388284E-5
			5)	ges	1297	4806	6.933003E-5
			6)	gev	1842	978	1.4108358E-5
			7)	geo	1939	698	1.0069156E-5
			8)	ged	1970	638	9.2036125E-6
			9)	gel	2100	424	6.116507E-6
		7)	go	0	0	0.0
			1)	go_	497	24737	3.5684914E-4
			2)	gol	811	12914	1.8629381E-4
			3)	gov	952	9839	1.419347E-4
			4)	gon	997	9104	1.3133179E-4
			5)	goz	1298	4798	6.921463E-5
			6)	gor	1299	4729	6.821925E-5
			7)	gom	1436	3220	4.6450834E-5
			8)	god	1829	1011	1.4584407E-5
			9)	gog	1904	784	1.1309768E-5
			10)	gos	2024	563	8.121683E-6
		8)	gu	0	0	0.0
			1)	gua	499	24612	3.5504592E-4
			2)	gue	866	11486	1.6569387E-4
			3)	gui	895	10952	1.5799054E-4
			4)	gur	1414	3409	4.9177295E-5
			5)	guo	2045	511	7.371545E-6
			6)	gus	2279	233	3.3611939E-6
		9)	ga	0	0	0.0
			1)	gan	796	13480	1.9445877E-4
			2)	gar	802	13214	1.9062152E-4
			3)	ga_	805	13107	1.8907797E-4
			4)	gat	1014	8776	1.2660016E-4
			5)	gaz	1214	5824	8.401542E-5
			6)	gam	1242	5428	7.830283E-5
			7)	gal	1515	2599	3.7492457E-5
			8)	gas	1908	765	1.103568E-5
			9)	gab	2119	397	5.7270126E-6
		10)	gh	0	0	0.0
			1)	ghi	882	11266	1.6252021E-4
			2)	ghe	1465	3042	4.3883054E-5
			3)	gha	1954	659	9.5065525E-6
		11)	gm	0	0	0.0
			1)	gma	2133	379	5.4673496E-6
	19)	u	0	0	0.0
		1)	un	0	0	0.0
			1)	un_	95	111087	0.0016025105
			2)	una	115	91728	0.0013232429
			3)	uni	175	66349	9.571324E-4
			4)	unt	557	22145	3.1945767E-4
			5)	uno	710	15987	2.3062405E-4
			6)	une	723	15508	2.2371413E-4
			7)	ung	815	12821	1.8495221E-4
			8)	unq	1156	6582	9.495012E-5
			9)	unz	1233	5574	8.040899E-5
			10)	unc	1345	4229	6.1006387E-5
			11)	unu	1793	1107	1.5969277E-5
			12)	unn	2052	502	7.241714E-6
			13)	und	2157	351	5.0634294E-6
		2)	ue	0	0	0.0
			1)	ues	102	102073	0.001472477
			2)	ue_	487	25465	3.6735108E-4
			3)	uel	591	20169	2.9095245E-4
			4)	uen	1007	8884	1.2815814E-4
			5)	uer	1303	4702	6.782976E-5
			6)	uei	1800	1075	1.5507654E-5
			7)	ueg	2139	370	5.337518E-6
			8)	uet	2263	242	3.4910254E-6
		3)	ur	0	0	0.0
			1)	uro	134	80164	0.0011564238
			2)	ura	263	47777	6.892178E-4
			3)	ure	452	27933	4.0295377E-4
			4)	uri	892	11002	1.5871182E-4
			5)	urr	1247	5382	7.763925E-5
			6)	urt	1506	2670	3.8516686E-5
			7)	urg	1520	2578	3.718952E-5
			8)	ur_	1586	2148	3.0986455E-5
			9)	urc	1765	1186	1.7108909E-5
			10)	urd	1925	738	1.0646185E-5
			11)	urb	1926	737	1.0631759E-5
			12)	urn	1981	615	8.871821E-6
			13)	urs	2228	275	3.967074E-6
		4)	ut	0	0	0.0
			1)	utt	166	70009	0.0010099305
			2)	uto	353	36433	5.255724E-4
			3)	uti	527	23480	3.38716E-4
			4)	uta	531	23129	3.3365257E-4
			5)	ute	775	13902	2.0054642E-4
			6)	utu	1061	8013	1.1559333E-4
			7)	utr	1697	1510	2.1782844E-5
			8)	ut_	2271	237	3.4188968E-6
		5)	ua	0	0	0.0
			1)	ual	260	47941	6.915837E-4
			2)	uan	384	33014	4.7625086E-4
			3)	uar	545	22568	3.2555975E-4
			4)	ua_	759	14429	2.0814878E-4
			5)	uaz	800	13269	1.9141493E-4
			6)	uat	1041	8272	1.1932959E-4
			7)	uad	1142	6732	9.7113974E-5
			8)	uas	1585	2169	3.1289397E-5
			9)	uam	1859	931	1.3430349E-5
			10)	uag	1914	754	1.0876996E-5
		6)	ui	0	0	0.0
			1)	ui_	357	36218	5.2247086E-4
			2)	uin	844	11980	1.7282018E-4
			3)	uir	932	10191	1.4701256E-4
			4)	uis	957	9707	1.400305E-4
			5)	uit	977	9369	1.3515461E-4
			6)	uil	1434	3235	4.6667217E-5
			7)	uid	1704	1488	2.1465477E-5
			8)	uiv	1775	1158	1.670499E-5
			9)	uia	1997	588	8.482326E-6
			10)	uim	2114	405	5.8424184E-6
			11)	uip	2131	383	5.5250525E-6
			12)	uie	2167	342	4.9335977E-6
			13)	uic	2221	282	4.0680543E-6
			14)	uio	2326	201	2.8995705E-6
		7)	ul	0	0	0.0
			1)	ull	361	35723	5.153302E-4
			2)	ult	478	26183	3.7770875E-4
			3)	ul_	739	15027	2.1677536E-4
			4)	ula	1121	7127	1.0281214E-4
			5)	ulo	1828	1013	1.4613259E-5
			6)	ule	1848	963	1.3891972E-5
			7)	uli	1876	878	1.2665786E-5
			8)	uls	1899	808	1.1655985E-5
			9)	ulg	2153	361	5.2076866E-6
			10)	uln	2166	343	4.9480236E-6
			11)	ulm	2206	293	4.226737E-6
		8)	uz	0	0	0.0
			1)	uzi	378	33944	4.8966677E-4
			2)	uzz	2067	480	6.924348E-6
		9)	up	0	0	0.0
			1)	upp	462	27457	3.9608713E-4
			2)	upa	826	12396	1.7882128E-4
			3)	upe	1304	4687	6.761337E-5
			4)	upi	1928	729	1.0516353E-5
			5)	upo	2110	408	5.8856954E-6
			6)	upl	2165	344	4.962449E-6
			7)	upr	2286	229	3.303491E-6
		10)	um	0	0	0.0
			1)	ume	566	21448	3.0940294E-4
			2)	uma	782	13797	1.9903173E-4
			3)	umo	1607	1983	2.8606211E-5
			4)	um_	1817	1034	1.4916199E-5
			5)	umi	1831	1006	1.45122785E-5
			6)	umu	2161	346	4.9913006E-6
		11)	uo	0	0	0.0
			1)	uov	634	18641	2.6890993E-4
			2)	uo_	941	10012	1.4443035E-4
			3)	uol	1085	7692	1.10962676E-4
			4)	uog	1162	6547	9.444522E-5
			5)	uon	1251	5328	7.686026E-5
			6)	uom	1337	4290	6.1886356E-5
			7)	uoi	1418	3390	4.8903206E-5
			8)	uot	1489	2796	4.0334326E-5
			9)	uor	1552	2405	3.469387E-5
			10)	uoc	2097	425	6.130933E-6
			11)	uos	2236	267	3.851668E-6
		12)	us	0	0	0.0
			1)	ust	668	17332	2.5002664E-4
			2)	uss	772	14010	2.021044E-4
			3)	usi	929	10243	1.477627E-4
			4)	usa	1015	8774	1.265713E-4
			5)	usc	1250	5355	7.724975E-5
			6)	uso	1261	5238	7.556195E-5
			7)	usp	1479	2885	4.1618216E-5
			8)	use	1606	1985	2.8635062E-5
			9)	us_	1727	1349	1.9460302E-5
			10)	usu	1845	972	1.4021804E-5
		13)	ub	0	0	0.0
			1)	ubb	797	13471	1.9432894E-4
			2)	ubi	1575	2217	3.1981832E-5
			3)	ubr	2022	564	8.136109E-6
			4)	ubo	2116	399	5.755864E-6
			5)	ube	2152	362	5.222112E-6
			6)	uba	2175	330	4.760489E-6
		14)	uò	0	0	0.0
			1)	uò_	859	11581	1.6706431E-4
		15)	ud	0	0	0.0
			1)	udi	1067	7945	1.1461238E-4
			2)	ude	1221	5736	8.274595E-5
			3)	udo	1806	1067	1.5392248E-5
			4)	udd	1885	847	1.2218588E-5
			5)	ud_	1991	600	8.655435E-6
			6)	uda	2061	489	7.054179E-6
		16)	uc	0	0	0.0
			1)	ucc	1229	5650	8.150534E-5
			2)	uce	1410	3429	4.946581E-5
			3)	uci	1441	3197	4.611904E-5
			4)	ucl	1665	1689	2.4365048E-5
			5)	uca	1863	919	1.325724E-5
			6)	uco	1996	591	8.525603E-6
			7)	ucr	2272	237	3.4188968E-6
		17)	uf	0	0	0.0
			1)	uff	1231	5614	8.0986014E-5
			2)	ufr	2135	378	5.4529237E-6
		18)	ug	0	0	0.0
			1)	ugu	1408	3441	4.963892E-5
			2)	ugl	1444	3172	4.57584E-5
			3)	ugg	1595	2073	2.9904526E-5
			4)	ugn	1753	1242	1.791675E-5
			5)	ugi	1768	1181	1.703678E-5
			6)	ugh	1893	824	1.18867965E-5
			7)	uga	2121	391	5.6404583E-6
			8)	ugo	2226	276	3.9815E-6
	20)	v	0	0	0.0
		1)	ve	0	0	0.0
			1)	ver	148	73919	0.0010663351
			2)	ve_	313	41412	5.973981E-4
			3)	ven	330	39202	5.655172E-4
			4)	ved	840	12058	1.7394539E-4
			5)	vel	854	11704	1.6883868E-4
			6)	ves	1087	7684	1.10847264E-4
			7)	vec	1193	6061	8.743432E-5
			8)	vev	1403	3530	5.092281E-5
			9)	vet	1555	2387	3.4434204E-5
			10)	vem	1687	1582	2.2821496E-5
			11)	veg	1798	1080	1.5579782E-5
			12)	vei	1897	817	1.1785817E-5
		2)	vo	0	0	0.0
			1)	vol	150	73403	0.0010588914
			2)	vor	276	45977	6.6325156E-4
			3)	vo_	374	34326	4.951774E-4
			4)	vot	869	11419	1.6472735E-4
			5)	von	1062	7991	1.15275965E-4
			6)	vog	1140	6754	9.7431344E-5
			7)	voc	1307	4652	6.710847E-5
			8)	vos	1676	1636	2.3600485E-5
			9)	voi	1752	1245	1.7960027E-5
		3)	va	0	0	0.0
			1)	va_	256	48889	7.052592E-4
			2)	van	609	19353	2.7918105E-4
			3)	val	709	16030	2.3124437E-4
			4)	vat	757	14527	2.095625E-4
			5)	var	799	13303	1.919054E-4
			6)	vam	1005	8936	1.2890827E-4
			7)	vaz	1174	6289	9.072338E-5
			8)	vag	1633	1817	2.621154E-5
			9)	vas	1671	1661	2.3961129E-5
			10)	vac	1774	1158	1.670499E-5
			11)	vad	1816	1034	1.4916199E-5
			12)	vab	2037	522	7.5302282E-6
			13)	vav	2311	210	3.029402E-6
		4)	vi	0	0	0.0
			1)	vi_	365	35108	5.0645834E-4
			2)	via	516	23751	3.4262537E-4
			3)	vis	535	22899	3.3033467E-4
			4)	vit	573	21199	3.0581094E-4
			5)	vil	670	17321	2.4986797E-4
			6)	vid	951	9878	1.424973E-4
			7)	vie	1029	8522	1.2293602E-4
			8)	viz	1146	6674	9.627728E-5
			9)	vin	1186	6173	8.9049994E-5
			10)	vio	1212	5840	8.424623E-5
			11)	vig	1269	5140	7.414822E-5
			12)	viv	1385	3731	5.382238E-5
			13)	vic	1411	3423	4.9379254E-5
			14)	vir	1725	1350	1.9474728E-5
			15)	vim	1852	957	1.3805418E-5
			16)	vib	2218	284	4.0969057E-6
		5)	vr	0	0	0.0
			1)	vre	743	14889	2.1478461E-4
			2)	vra	1401	3568	5.1470986E-5
			3)	vrà	1404	3519	5.0764123E-5
		6)	vv	0	0	0.0
			1)	vvi	864	11505	1.6596795E-4
			2)	vve	907	10798	1.5576897E-4
			3)	vva	1998	587	8.4679E-6
			4)	vvo	2200	298	4.298866E-6
		7)	vu	0	0	0.0
			1)	vut	1158	6572	9.480586E-5
			2)	vuo	1548	2421	3.492468E-5
			3)	vul	2000	586	8.453474E-6
			4)	vun	2112	407	5.87127E-6
	21)	b	0	0	0.0
		1)	bi	0	0	0.0
			1)	bil	157	71879	0.0010369066
			2)	bia	344	37453	5.4028665E-4
			3)	bie	619	19138	2.7607952E-4
			4)	bit	865	11490	1.6575157E-4
			5)	bis	1207	5891	8.498194E-5
			6)	bio	1266	5171	7.4595424E-5
			7)	bin	1499	2717	3.9194692E-5
			8)	bi_	1526	2553	3.6828875E-5
			9)	biz	1683	1597	2.3037881E-5
			10)	bir	1944	690	9.95375E-6
			11)	big	2088	438	6.318467E-6
			12)	bic	2260	246	3.5487283E-6
		2)	bb	0	0	0.0
			1)	bbi	362	35525	5.1247387E-4
			2)	bbe	405	31244	4.5071734E-4
			3)	bbl	769	14119	2.036768E-4
			4)	bba	1189	6103	8.804019E-5
			5)	bbr	1713	1427	2.0585509E-5
			6)	bbo	1875	881	1.2709063E-5
		3)	be	0	0	0.0
			1)	be_	525	23501	3.3901894E-4
			2)	ber	635	18641	2.6890993E-4
			3)	ben	741	14914	2.1514525E-4
			4)	bel	1579	2202	3.1765445E-5
			5)	bet	2147	365	5.2653895E-6
			6)	bes	2243	262	3.7795398E-6
			7)	bev	2316	210	3.029402E-6
		4)	br	0	0	0.0
			1)	bri	547	22535	3.250837E-4
			2)	bre	1019	8725	1.2586445E-4
			3)	bra	1120	7136	1.0294197E-4
			4)	bro	1468	3015	4.3493557E-5
			5)	bru	2084	442	6.3761704E-6
		5)	bl	0	0	0.0
			1)	ble	680	17032	2.4569893E-4
			2)	bli	764	14254	2.0562428E-4
			3)	blo	1822	1021	1.4728665E-5
		6)	ba	0	0	0.0
			1)	bas	781	13799	1.9906057E-4
			2)	bat	1026	8575	1.2370059E-4
			3)	ban	1215	5822	8.398657E-5
			4)	bal	1344	4253	6.1352606E-5
			5)	ba_	1451	3146	4.5383327E-5
			6)	bar	1545	2441	3.5213194E-5
			7)	bad	1546	2441	3.5213194E-5
			8)	bam	1605	2004	2.8909151E-5
			9)	bab	1667	1686	2.4321771E-5
			10)	bac	1767	1186	1.7108909E-5
			11)	bag	1856	940	1.3560181E-5
		7)	bo	0	0	0.0
			1)	bor	1091	7618	1.0989517E-4
			2)	bol	1497	2724	3.929567E-5
			3)	bon	1764	1190	1.7166612E-5
			4)	bo_	1833	1004	1.4483428E-5
			5)	bov	1972	637	9.189186E-6
			6)	bom	2049	505	7.2849907E-6
			7)	boc	2085	442	6.3761704E-6
			8)	bos	2297	221	3.1880852E-6
		8)	bu	0	0	0.0
			1)	bui	1255	5268	7.5994714E-5
			2)	buo	1288	4911	7.084473E-5
			3)	but	1457	3090	4.457549E-5
			4)	bur	1626	1852	2.6716441E-5
			5)	bus	1679	1621	2.33841E-5
			6)	buz	1771	1166	1.6820395E-5
			7)	bun	1902	792	1.1425173E-5
			8)	bue	1923	740	1.0675036E-5
	22)	f	0	0	0.0
		1)	fo	0	0	0.0
			1)	for	231	52658	7.596298E-4
			2)	fon	630	18768	2.70742E-4
			3)	fos	1456	3091	4.4589913E-5
			4)	fo_	1549	2416	3.485255E-5
			5)	foc	2028	539	7.775466E-6
			6)	fol	2072	473	6.8233676E-6
			7)	fob	2082	444	6.405022E-6
			8)	fog	2307	214	3.087105E-6
		2)	fi	0	0	0.0
			1)	fic	234	52509	7.574804E-4
			2)	fin	271	46505	6.708683E-4
			3)	fid	1254	5295	7.638421E-5
			4)	fis	1274	5100	7.3571195E-5
			5)	fiu	1511	2647	3.818489E-5
			6)	fig	1632	1824	2.6312522E-5
			7)	fil	1666	1689	2.4365048E-5
			8)	fit	1694	1535	2.2143488E-5
			9)	fia	1783	1145	1.6517455E-5
			10)	fir	1784	1142	1.6474178E-5
			11)	fi_	1887	843	1.21608855E-5
			12)	fie	2192	306	4.4142716E-6
			13)	fio	2255	251	3.620857E-6
		3)	fe	0	0	0.0
			1)	fer	424	29709	4.2857384E-4
			2)	fet	974	9445	1.3625096E-4
			3)	fes	1164	6496	9.37095E-5
			4)	fen	1521	2576	3.7160666E-5
			5)	fed	1716	1374	1.9820945E-5
			6)	fe_	1882	854	1.2319569E-5
			7)	feb	1985	612	8.828543E-6
			8)	fez	2054	498	7.184011E-6
			9)	fem	2087	438	6.318467E-6
			10)	fel	2109	412	5.9433983E-6
		4)	fa	0	0	0.0
			1)	fat	491	25274	3.6459576E-4
			2)	far	548	22490	3.2443454E-4
			3)	fav	887	11131	1.6057274E-4
			4)	fac	1066	7960	1.1482876E-4
			5)	fa_	1260	5242	7.5619646E-5
			6)	fas	1431	3266	4.7114416E-5
			7)	fam	1455	3103	4.4763023E-5
			8)	fan	1544	2443	3.5242043E-5
			9)	fal	1669	1671	2.4105386E-5
			10)	faz	1781	1151	1.6604008E-5
			11)	fab	1922	741	1.0689462E-5
			12)	fau	2227	276	3.9815E-6
		5)	ff	0	0	0.0
			1)	ffi	500	24370	3.5155492E-4
			2)	ffe	596	19917	2.8731715E-4
			3)	ffr	1022	8643	1.2468154E-4
			4)	ffa	1313	4577	6.602654E-5
			5)	ffo	1326	4404	6.353089E-5
			6)	ffu	1778	1156	1.6676137E-5
			7)	ffl	2144	366	5.279815E-6
		6)	fr	0	0	0.0
			1)	fro	662	17502	2.5247902E-4
			2)	fra	808	13042	1.881403E-4
			3)	fru	1454	3118	4.497941E-5
			4)	fre	1470	2964	4.275785E-5
			5)	fri	1567	2281	3.2905078E-5
		7)	fu	0	0	0.0
			1)	fut	1084	7700	1.1107808E-4
			2)	fun	1230	5619	8.105815E-5
			3)	fug	1547	2440	3.519877E-5
			4)	fus	1560	2358	3.401586E-5
			5)	fuo	1642	1758	2.5360423E-5
			6)	fum	1932	712	1.0271116E-5
			7)	fur	2222	282	4.0680543E-6
			8)	fu_	2282	232	3.3467682E-6
		8)	fl	0	0	0.0
			1)	fle	1353	4087	5.8957936E-5
			2)	fli	1491	2769	3.994483E-5
			3)	flu	1543	2462	3.5516132E-5
			4)	flo	1878	870	1.255038E-5
			5)	fla	1975	630	9.088207E-6
		9)	fg	0	0	0.0
			1)	fgh	1955	655	9.44885E-6
		10)	ft	0	0	0.0
			1)	fta	1960	647	9.333444E-6
	23)	x	0	0	0.0
		1)	xe	0	0	0.0
			1)	xen	2093	431	6.217487E-6
		2)	xt	0	0	0.0
			1)	xtr	2250	256	3.6929855E-6
	24)	k	0	0	0.0
		1)	ka	0	0	0.0
			1)	ka_	2171	335	4.832618E-6
