e_	3071903	0.04128331794612126	3
s_	2407898	0.03235975182674371	3
_d	1693285	0.022756064572480944	2
es	1339045	0.017995431652354888	2
_l	1323998	0.017793214953085647	2
t_	1317419	0.017704799743110743	2
on	1156499	0.015542195154394943	2
en	1136573	0.015274409552637851	2
de	1064027	0.014299463539134393	2
le	994263	0.013361904835883282	2
_p	991203	0.013320781482406582	2
nt	961921	0.012927260555444266	2
re	839569	0.011282971488587718	2
n_	824208	0.011076534941935572	2
_c	817696	0.010989020145255747	2
_e	784752	0.010546285584165434	2
ti	710741	0.009551651429209896	2
r_	657930	0.008841924167622337	2
qu	641132	0.008616175771641426	2
_s	633323	0.00851123058624942	2
ou	630234	0.008469717501645001	2
_a	621170	0.008347906365725787	2
la	611909	0.008223447745938955	2
me	600942	0.008076062184638643	2
ur	589441	0.007921500194986515	2
ns	581587	0.007815950254396322	2
er	555368	0.007463592997923916	2
a_	537124	0.007218411801574605	2
te	523576	0.007036340169907182	2
ue	517106	0.0069493898114123326	2
io	510817	0.006864871912714634	2
an	509887	0.006852373638618774	2
it	509014	0.006840641387773952	2
ce	496205	0.006668501180361196	2
ai	467568	0.006283648411239556	2
is	466741	0.0062725343545973235	2
co	451707	0.006070492362385334	2
ne	425417	0.005717180936600234	2
et	419784	0.005641479024791657	2
_q	418649	0.005626225754792947	2
ra	406633	0.005464742677872682	2
in	395650	0.005317142092501904	2
_n	394114	0.0052964997817371295	2
po	393655	0.005290331278715625	2
_m	376055	0.005053804801202586	2
ro	367091	0.004933337565723787	2
se	365323	0.00490957740593725	2
tr	362039	0.004865443715474022	2
at	361028	0.004851856882021426	2
em	349021	0.004690494756140798	2
_r	344613	0.004631255624727305	2
eu	343174	0.004611916897389734	2
pr	342170	0.004598424136967968	2
us	338793	0.004553040619095153	2
st	323355	0.004345569269103887	2
pa	319653	0.004295818074799724	2
au	315595	0.004241282594927684	2
un	310792	0.004176735056774552	2
si	305813	0.00410982225384629	2
or	294452	0.0039571417248107435	2
ie	288246	0.003873739263478589	2
u_	287659	0.003865850567893353	2
li	286810	0.0038544408531542298	2
ar	278327	0.0037404377787938264	2
_t	276618	0.003717470520267134	2
no	273905	0.0036810105013186756	2
ve	263480	0.003540908880405413	2
i_	262163	0.0035232097116051474	2
ir	259637	0.003489262786480265	2
à_	253730	0.0034098785874649516	2
ta	251955	0.0033860243546475852	2
ri	246792	0.0033166387749089593	2
ui	237786	0.0031956071012451855	2
ut	236661	0.003180488221290517	2
il	235931	0.0031706777480754876	2
é_	235737	0.0031680705812210824	2
_i	235508	0.003164993049212532	2
oi	234188	0.0031472535633990544	2
so	232841	0.003129151224466664	2
_à	231249	0.003107756329455258	2
té	227688	0.00305990003477208	2
om	224942	0.0030229965286782843	2
l_	222810	0.002994344571288637	2
el	220773	0.0029669693193173836	2
ré	220298	0.0029605857922254124	2
da	216930	0.0029153232253922353	2
nc	214303	0.0028800189608225338	2
_f	213930	0.0028750062121797857	2
du	213622	0.0028708669988233076	2
ma	210973	0.0028352670761567144	2
_u	207897	0.0027939286986095493	2
rt	207894	0.002793888381596337	2
al	205324	0.0027593501402776717	2
ss	204856	0.0027530606862165297	2
di	190018	0.002553652738867754	2
pe	189375	0.0025450114590358855	2
nd	184100	0.0024741207108039944	2
_v	180224	0.00242203112973351	2
su	180040	0.002419558352923146	2
dé	179471	0.002411911559417185	2
ni	175561	0.0023593650521969585	2
ll	174390	0.002343627978039699	2
ci	171996	0.0023114550014961643	2
vo	170997	0.0022980294360964186	2
ée	165420	0.0022230801085344745	2
op	163979	0.0022037145031880948	2
sa	160461	0.0021564360856942953	2
_j	158048	0.0021240077680670815	2
lu	153950	0.0020689347280188754	2
as	152542	0.0020500126098178324	2
ct	151941	0.0020419357681709382	2
av	150953	0.002028658031819638	2
na	150329	0.0020202720930714486	2
mm	146300	0.0019661263443271288	2
és	144178	0.0019376087769815227	2
_é	143799	0.00193251539431235	2
nn	143453	0.0019278654987885141	2
rs	142936	0.0019209175335115685	2
ec	141482	0.0019013772211079346	2
pl	140737	0.001891365162826843	2
mi	140101	0.0018828179560258036	2
ts	135581	0.001822073656119046	2
_o	133710	0.0017969292788788816	2
lo	133464	0.001793623283795461	2
to	131765	0.0017707904153128101	2
ic	131332	0.0017649713264058133	2
je	129840	0.0017449203318348216	2
mo	124958	0.0016793111123337618	2
ac	124674	0.0016754944350829833	2
iq	123702	0.0016624317228021495	2
ch	121684	0.001635311811914575	2
x_	120976	0.001625796996796437	2
mp	120322	0.001617007887916123	2
ux	118091	0.0015870254690904645	2
os	117917	0.0015846870823241425	2
do	113844	0.00152995001738604	2
bl	113600	0.0015266709003114273	2
ér	112529	0.001512277726594583	2
fi	112132	0.0015069424418461355	2
vi	112016	0.001505383517335254	2
ap	111608	0.001499900403538361	2
im	111543	0.0014990268682520912	2
fa	109390	0.0014700926917699563	2
ca	108911	0.0014636554086603687	2
éc	108299	0.0014554307379650289	2
ol	107517	0.0014449214365209837	2
pp	107469	0.0014442763643095844	2
ét	105652	0.0014198576933072441	2
tt	103906	0.0013963931916175984	2
iv	100577	0.0013516547459561834	2
pé	100056	0.0013446530246616214	2
_b	95326	0.0012810865338299924	2
fo	93347	0.0012544907441141798	2
ge	92574	0.0012441023937097718	2
dr	91234	0.001226094127808211	2
uv	90926	0.0012219549144517328	2
tu	90241	0.0012127491964348902	2
ég	87204	0.001171934940059487	2
oc	84969	0.001141898765216212	2
ul	84950	0.001141643424132533	2
ab	84733	0.0011387271601768325	2
va	83533	0.0011226003548918527	2
ex	82331	0.0011064466715980646	2
_g	80763	0.0010853743126923575	2
am	80108	0.0010765717648076394	2
né	79384	0.0010668419256190348	2
id	79075	0.0010626892732581526	2
cu	78796	0.0010589397910293946	2
ag	78719	0.0010579049876902752	2
rm	77298	0.0010388081624319782	2
gr	75930	0.001020423604407101	2
sp	74543	0.0010017837052985453	2
èr	73881	9.92887084382998E-4	1
ot	73633	9.895542112907689E-4	1
if	73130	9.827943920754814E-4	1
lé	72146	9.695704117417979E-4	1
ga	70730	9.505407815055217E-4	1
d_	69504	9.340645621060339E-4	1
gi	69433	9.331103927933392E-4	1
rc	68074	9.148467858080996E-4	1
sé	66967	8.999698079327057E-4	1
iè	66696	8.96327837739181E-4	1
rd	66147	8.889498243213027E-4	1
ia	64921	8.724736049218149E-4	1
mb	63933	8.591958685705149E-4	1
he	63837	8.579057241477165E-4	1
cr	62793	8.43875403549784E-4	1
ff	62284	8.370349503080717E-4	1
c_	60633	8.148471540368202E-4	1
rn	59919	8.052517048922572E-4	1
br	55426	7.448702581044118E-4	1
bi	55305	7.432441385715096E-4	1
ig	53217	7.151834973756447E-4	1
ev	52636	7.073754358168336E-4	1
ad	52249	7.021745411124276E-4	1
cc	51890	6.973499385313377E-4	1
ha	51657	6.942186505051708E-4	1
êt	51570	6.930494571220098E-4	1
ib	50633	6.804571099953213E-4	1
év	50081	6.730387795642306E-4	1
rr	49745	6.685232740844362E-4	1
ob	49507	6.653247910362486E-4	1
ep	47930	6.441314810909042E-4	1
cl	47785	6.421828254523025E-4	1
uc	47372	6.366325166333886E-4	1
él	47213	6.344957149331288E-4	1
pu	45962	6.176835204235372E-4	1
ua	44867	6.029678106009931E-4	1
ud	44848	6.027124695173143E-4	1
rè	44103	5.927004112362225E-4	1
up	42630	5.729047577489098E-4	1
nf	42416	5.700288108064217E-4	1
ép	41903	5.631346015470928E-4	1
pt	41128	5.527193731338767E-4	1
ès	41041	5.515501797507157E-4	1
ys	40202	5.402748550556338E-4	1
jo	39706	5.336091088711755E-4	1
ba	39019	5.243765128455245E-4	1
vr	38987	5.239464647045917E-4	1
rg	38375	5.15721794009252E-4	1
fe	37973	5.103193142387837E-4	1
mé	36570	4.914643910597614E-4	1
ng	36103	4.851883760030235E-4	1
ém	36076	4.848255228841114E-4	1
ef	35552	4.7778348457633686E-4	1
ea	35167	4.7260946788073917E-4	1
éd	34670	4.6593028269187667E-4	1
nv	34596	4.6493579636596957E-4	1
mu	34541	4.6419665112374135E-4	1
od	34174	4.592645365074183E-4	1
ay	34139	4.587941713532731E-4	1
èm	34049	4.575846609568996E-4	1
nu	33625	4.5188652308954003E-4	1
ls	33239	4.466990673895382E-4	1
_h	33043	4.4406502252632477E-4	1
ei	33005	4.435543403589671E-4	1
gn	32750	4.401273942359089E-4	1
gu	32495	4.3670044811285064E-4	1
éf	31696	4.259626835939349E-4	1
bo	31017	4.168375996035171E-4	1
ho	30315	4.074034185118039E-4	1
lè	30096	4.044602765472951E-4	1
og	30010	4.0330452216853817E-4	1
én	29645	3.9839928556102347E-4	1
rv	29143	3.916529053501402E-4	1
_ê	28750	3.863713766193093E-4	1
gé	27754	3.72986128232776E-4	1
ru	27544	3.7016393730790454E-4	1
ju	27260	3.66347260057126E-4	1
um	27166	3.650839936431359E-4	1
sc	26536	3.5661742086852145E-4	1
hé	26414	3.549778623312152E-4	1
bu	26077	3.5044891784701666E-4	1
êm	25871	3.476804829397618E-4	1
af	25204	3.387166670021938E-4	1
oy	25163	3.3816566782162366E-4	1
ié	24950	3.3530315988353974E-4	1
xi	24380	3.276429273731743E-4	1
cé	23999	3.225226666951932E-4	1
fr	23764	3.1936450066021797E-4	1
lt	23529	3.1620633462524275E-4	1
sq	23452	3.151715312861232E-4	1
ip	23338	3.1363948478405014E-4	1
èg	23319	3.1338414370037126E-4	1
mê	23126	3.1079041585037033E-4	1
éa	23098	3.1041412372705417E-4	1
ye	23002	3.0912397930425576E-4	1
uj	22984	3.0888207722498104E-4	1
fé	22882	3.075112987757578E-4	1
be	22739	3.055895211459643E-4	1
ub	22534	3.0283452524311363E-4	1
y_	22179	2.9806367867964037E-4	1
vé	21753	2.9233866280347254E-4	1
pi	21113	2.8373769998481664E-4	1
gl	20952	2.8157402027574846E-4	1
ez	20399	2.741422508402536E-4	1
go	19342	2.599372231850672E-4	1
_y	19047	2.5597271688584293E-4	1
xp	19012	2.555023517316977E-4	1
hu	18048	2.425471514860972E-4	1
f_	17867	2.4011469168894607E-4	1
ja	17025	2.2879904998065188E-4	1
z_	16886	2.2693102836847504E-4	1
xe	16717	2.246598366241737E-4	1
ué	16413	2.2057437928531213E-4	1
ix	15834	2.1279319573530936E-4	1
éb	15408	2.070681798591415E-4	1
hi	15284	2.054017433130269E-4	1
uo	15098	2.0290208849385504E-4	1
dh	15024	2.0190760216794794E-4	1
xt	14767	1.984537780360814E-4	1
éq	14766	1.9844033903167728E-4	1
sm	14686	1.9736521867934527E-4	1
vu	14462	1.943548816928157E-4	1
bj	14112	1.8965123015136324E-4	1
ds	14098	1.8946308408970513E-4	1
rê	14059	1.8893896291794328E-4	1
rl	13787	1.8528355372001454E-4	1
bs	13734	1.8457128648659458E-4	1
tè	13491	1.8130560841638616E-4	1
éj	13385	1.7988107394954626E-4	1
lh	13264	1.7825495441664414E-4	1
of	13237	1.7789210129773208E-4	1
rô	13107	1.761450307251926E-4	1
m_	12998	1.7468017924514027E-4	1
aq	12993	1.7461298422311952E-4	1
ôl	12962	1.7419637508659085E-4	1
p_	12813	1.7219396343037255E-4	1
rq	12774	1.7166984225861067E-4	1
fs	12756	1.7142794017933598E-4	1
ph	12507	1.6808162808270267E-4	1
fl	12334	1.6575668032078474E-4	1
sy	12051	1.619534420744103E-4	1
ps	11421	1.534868692997959E-4	1
ug	11317	1.520892128417643E-4	1
oo	10770	1.447380774326943E-4	1
nq	10544	1.4170086243735642E-4	1
th	10150	1.3640589470212137E-4	1
jà	9984	1.341750199710325E-4	1
fu	9858	1.324817054161096E-4	1
ù_	9661	1.298342215484921E-4	1
où	9661	1.298342215484921E-4	1
sl	9539	1.281946630111858E-4	1
dg	9041	1.2150203881791915E-4	1
xc	8990	1.208166495933075E-4	1
bé	8899	1.1959370019252987E-4	1
dè	8812	1.1842450680936882E-4	1
aî	8690	1.1678494827206254E-4	1
ov	8471	1.1384180630755371E-4	1
uh	8424	1.1321017310055866E-4	1
lq	8410	1.1302202703890057E-4	1
là	8406	1.1296827102128397E-4	1
uf	8178	1.099041780171378E-4	1
ôt	8118	1.090978377528888E-4	1
cè	8026	1.0786144934770701E-4	1
aj	7435	9.991899774485443E-5	1
ît	7367	9.900514544537224E-5	1
pê	7303	9.814504916350664E-5	1
êc	7191	9.663988067024186E-5	1
èt	7191	9.663988067024186E-5	1
ço	7170	9.635766157775471E-5	1
pè	6917	9.295759346350479E-5	1
xa	6860	9.219157021246824E-5	1
uu	6844	9.197654614200184E-5	1
oj	6748	9.068640171920345E-5	1
sf	6653	8.940969630080922E-5	1
oq	6485	8.715194356091203E-5	1
eg	6077	8.166882976401888E-5	1
hn	5946	7.990832018707524E-5	1
éu	5684	7.638730103318797E-5	1
aç	5597	7.521810765002692E-5	1
éo	5521	7.419674331531154E-5	1
o_	5223	7.019192000287487E-5	1
gm	5156	6.929150670779683E-5	1
ya	5037	6.769226518370299E-5	1
dm	4889	6.570329253188881E-5	1
g_	4636	6.230322441763888E-5	1
hè	4500	6.04755198186745E-5	1
eq	4440	5.966917955442551E-5	1
âc	4414	5.931976543991761E-5	1
uà	4372	5.8755327254943314E-5	1
rf	4316	5.800274300831092E-5	1
xé	4295	5.772052391582377E-5	1
rp	4284	5.7572694867378125E-5	1
yp	4213	5.6618525554683485E-5	1
ûr	4146	5.571811225960544E-5	1
tê	4091	5.49789670173772E-5	1
sû	4052	5.445484584561535E-5	1
èv	4008	5.386352965183276E-5	1
ût	3990	5.3621627572558055E-5	1
zo	3936	5.2895921334733963E-5	1
bt	3887	5.223741011893062E-5	1
gè	3842	5.1632654920743874E-5	1
oû	3759	5.051721755519943E-5	1
rb	3715	4.992590136141684E-5	1
tô	3673	4.9361463176442544E-5	1
èl	3603	4.842073286815205E-5	1
oh	3574	4.803100174043171E-5	1
èn	3501	4.704995441892876E-5	1
ed	3494	4.695588138809971E-5	1
aé	3482	4.679461333524992E-5	1
j_	3377	4.5383517872814174E-5	1
tc	3367	4.524912782877268E-5	1
_z	3341	4.4899713714264783E-5	1
yo	3285	4.4147129467632384E-5	1
lg	3257	4.377083734431619E-5	1
nr	3180	4.273603400519665E-5	1
ty	3179	4.27225950007925E-5	1
ny	3137	4.21581568158182E-5	1
ça	3127	4.20237667717767E-5	1
dê	3059	4.110991447229451E-5	1
ej	2977	4.000791611115422E-5	1
cô	2909	3.9094063811672027E-5	1
mè	2900	3.897311277203468E-5	1
mn	2785	3.742762726555744E-5	1
yé	2780	3.7360432243536694E-5	1
cs	2776	3.730667622592009E-5	1
ax	2758	3.70647741466454E-5	1
nç	2734	3.6742238040945796E-5	1
în	2647	3.557304465778476E-5	1
ly	2592	3.4833899415556515E-5	1
sn	2497	3.355719399716227E-5	1
eç	2445	3.285836576814648E-5	1
gt	2423	3.2562707671255184E-5	1
zm	2404	3.2307366587576336E-5	1
çu	2361	3.172948939819789E-5	1
nj	2305	3.097690515156549E-5	1
cq	2303	3.095002714275719E-5	1
râ	2244	3.0157125882912353E-5	1
àd	2208	2.9673321724362956E-5	1
hy	2142	2.8786347433689063E-5	1
tà	2086	2.803376318705667E-5	1
éh	2040	2.7415568984465776E-5	1
yn	2037	2.7375251971253325E-5	1
uq	1947	2.6165741574879833E-5	1
yc	1923	2.5843205469180237E-5	1
cy	1900	2.5534108367884788E-5	1
nm	1870	2.5130938235760292E-5	1
èc	1857	2.4956231178506344E-5	1
ak	1856	2.4942792174102194E-5	1
b_	1808	2.4297719962703E-5	1
gg	1783	2.3961744852599253E-5	1
ze	1765	2.3719842773324555E-5	1
uê	1745	2.3451062685241556E-5	1
dû	1710	2.2980697531096312E-5	1
tâ	1702	2.287318549586311E-5	1
lc	1672	2.2470015363738615E-5	1
q_	1661	2.2322186315292967E-5	1
ât	1586	2.1314260984981723E-5	1
zv	1550	2.083045682643233E-5	1
xq	1542	2.072294479119913E-5	1
dy	1514	2.0346652667882933E-5	1
û_	1510	2.0292896650266332E-5	1
hô	1501	2.0171945610628985E-5	1
âg	1498	2.0131628597416534E-5	1
ôm	1488	1.9997238553375037E-5	1
iz	1444	1.940592235959244E-5	1
k_	1443	1.939248335518829E-5	1
h_	1438	1.932528833316754E-5	1
àv	1407	1.8908679196638895E-5	1
ox	1406	1.8895240192234745E-5	1
vè	1405	1.8881801187830595E-5	1
sà	1405	1.8881801187830595E-5	1
eo	1385	1.8613021099747596E-5	1
oa	1365	1.8344241011664598E-5	1
oî	1363	1.83173630028563E-5	1
éi	1345	1.8075460923581602E-5	1
ao	1345	1.8075460923581602E-5	1
ym	1337	1.79679488883484E-5	1
ki	1324	1.7793241831094453E-5	1
sr	1300	1.7470705725394858E-5	1
nê	1291	1.7349754685757507E-5	1
hr	1284	1.725568165492846E-5	1
éé	1273	1.710785260648281E-5	1
ms	1264	1.698690156684546E-5	1
_â	1239	1.665092645674171E-5	1
èd	1199	1.6113366280575718E-5	1
bv	1174	1.5777391170471972E-5	1
rç	1157	1.5548928095601423E-5	1
mc	1093	1.4688831813735829E-5	1
ck	1093	1.4688831813735829E-5	1
az	1068	1.4352856703632081E-5	1
sè	1064	1.4299100686015482E-5	1
ry	1058	1.4218466659590583E-5	1
ji	1057	1.4205027655186433E-5	1
vê	1051	1.4124393628761534E-5	1
xu	1036	1.3922808562699286E-5	1
fè	1025	1.3774979514253637E-5	1
nz	982	1.319710232487519E-5	1
sv	950	1.2767054183942394E-5	1
tl	922	1.2390762060626198E-5	1
eh	908	1.22026159989681E-5	1
uy	886	1.1906957902076803E-5	1
ht	872	1.1718811840418703E-5	1
gh	866	1.1638177813993804E-5	1
nl	841	1.1302202703890056E-5	1
lm	839	1.1275324695081758E-5	1
sd	831	1.1167812659848559E-5	1
fg	790	1.0616813479278413E-5	1
ka	771	1.0361472395599564E-5	1
xm	768	1.0321155382387116E-5	1
pô	766	1.0294277373578816E-5	1
_k	761	1.0227082351558065E-5	1
bâ	726	9.75671719741282E-6	1
oé	714	9.59544914456302E-6	1
nè	714	9.59544914456302E-6	1
eb	679	9.125083990417775E-6	1
dd	675	9.071327972801175E-6	1
yt	672	9.031010959588726E-6	1
oï	654	8.789108880314028E-6	1
ld	649	8.721913858293279E-6	1
îl	638	8.57408480984763E-6	1
lâ	633	8.50688978782688E-6	1
sj	630	8.46657277461443E-6	1
èq	628	8.43969476580613E-6	1
sb	628	8.43969476580613E-6	1
iu	612	8.224670695339732E-6	1
ks	611	8.211231690935582E-6	1
jé	611	8.211231690935582E-6	1
nh	605	8.130597664510683E-6	1
za	582	7.821500563215235E-6	1
xh	565	7.593037488344688E-6	1
hm	537	7.216745365028491E-6	1
lô	528	7.0957943253911416E-6	1
uz	506	6.800136228499844E-6	1
gâ	504	6.773258219691544E-6	1
uè	502	6.746380210883245E-6	1
ee	485	6.517917136012696E-6	1
sh	482	6.477600122800247E-6	1
lv	464	6.2356980435255484E-6	1
_x	456	6.128186008292349E-6	1
yd	455	6.1147470038882E-6	1
lp	453	6.0878689950799E-6	1
_î	441	5.926600942230101E-6	1
oe	437	5.8728449246135015E-6	1
ël	415	5.577186827722204E-6	1
aë	414	5.563747823318054E-6	1
_w	412	5.536869814509754E-6	1
ln	405	5.442796783680705E-6	1
ah	384	5.160577691193558E-6	1
ke	373	5.0127486427479084E-6	1
°_	363	4.87835859870641E-6	1
lê	361	4.85148058989811E-6	1
n°	359	4.82460258108981E-6	1
yl	356	4.784285567877361E-6	1
lb	354	4.757407559069061E-6	1
eé	349	4.690212537048311E-6	1
êv	346	4.6498955238358615E-6	1
tm	346	4.6498955238358615E-6	1
dc	335	4.502066475390213E-6	1
aï	332	4.4617494621777635E-6	1
éç	328	4.407993444561164E-6	1
nô	323	4.340798422540414E-6	1
gy	319	4.287042404923815E-6	1
tb	318	4.2736034005196646E-6	1
xo	314	4.219847382903065E-6	1
ik	314	4.219847382903065E-6	1
tp	309	4.152652360882316E-6	1
zi	299	4.018262316840817E-6	1
dj	299	4.018262316840817E-6	1
rh	298	4.004823312436667E-6	1
yr	296	3.977945303628367E-6	1
xy	294	3.951067294820067E-6	1
ïn	290	3.8973112772034676E-6	1
my	286	3.843555259586868E-6	1
gs	285	3.830116255182719E-6	1
dv	282	3.789799241970269E-6	1
_ç	280	3.762921233161969E-6	1
we	279	3.749482228757819E-6	1
uï	267	3.5882141759080202E-6	1
ït	256	3.4403851274623716E-6	1
àb	248	3.3328730922291725E-6	1
yg	248	3.3328730922291725E-6	1
nk	248	3.3328730922291725E-6	1
zé	247	3.319434087825023E-6	1
by	235	3.158166034975224E-6	1
ôn	232	3.1178490217627742E-6	1
bb	225	3.023775990933725E-6	1
ûm	220	2.9565809689129755E-6	1
oz	220	2.9565809689129755E-6	1
pç	216	2.902824951296376E-6	1
bd	212	2.8490689336797764E-6	1
uk	211	2.8356299292756267E-6	1
kr	208	2.795312916063177E-6	1
jy	206	2.768434907254877E-6	1
âm	203	2.7281178940424275E-6	1
rk	203	2.7281178940424275E-6	1
zl	196	2.6340448632133785E-6	1
xd	194	2.6071668544050787E-6	1
wa	192	2.580288845596779E-6	1
ku	186	2.4996548191718796E-6	1
rz	184	2.47277681036358E-6	1
hâ	182	2.44589880155528E-6	1
lî	181	2.43245979715113E-6	1
ïs	175	2.3518257707262306E-6	1
ôp	174	2.338386766322081E-6	1
ên	172	2.311508757513781E-6	1
yi	172	2.311508757513781E-6	1
ïk	167	2.2443137354930314E-6	1
rû	166	2.2308747310888817E-6	1
ek	162	2.177118713472282E-6	1
gê	160	2.1502407046639824E-6	1
èb	156	2.096484687047383E-6	1
fû	154	2.069606678239083E-6	1
pâ	154	2.069606678239083E-6	1
ij	153	2.056167673834933E-6	1
ûl	151	2.029289665026633E-6	1
pn	150	2.0158506606224835E-6	1
êl	147	1.9755336474100336E-6	1
np	147	1.9755336474100336E-6	1
ii	147	1.9755336474100336E-6	1
bè	138	1.8545826077726847E-6	1
zu	137	1.8411436033685349E-6	1
dâ	135	1.814265594560235E-6	1
sg	134	1.8008265901560852E-6	1
sk	133	1.7873875857519353E-6	1
cd	128	1.7201925637311858E-6	1
_è	126	1.693314554922886E-6	1
ïq	124	1.6664365461145862E-6	1
ew	123	1.6529975417104364E-6	1
fâ	122	1.6395585373062865E-6	1
w_	121	1.6261195329021366E-6	1
ae	118	1.5858025196896869E-6	1
sê	118	1.5858025196896869E-6	1
fê	112	1.5051684932647875E-6	1
éâ	108	1.451412475648188E-6	1
yb	105	1.4110954624357383E-6	1
çà	103	1.3842174536274385E-6	1
ih	102	1.3707784492232886E-6	1
ow	98	1.3170224316066893E-6	1
mû	95	1.2767054183942396E-6	1
lf	94	1.2632664139900897E-6	1
vô	91	1.22294940077764E-6	1
tn	90	1.2095103963734901E-6	1
cm	88	1.1826323875651903E-6	1
uë	85	1.1423153743527407E-6	1
xl	85	1.1423153743527407E-6	1
bê	84	1.1288763699485908E-6	1
hl	84	1.1288763699485908E-6	1
aa	82	1.101998361140291E-6	1
tg	80	1.0751203523319912E-6	1
îc	80	1.0751203523319912E-6	1
ey	79	1.0616813479278413E-6	1
eû	79	1.0616813479278413E-6	1
td	79	1.0616813479278413E-6	1
ko	77	1.0348033391195415E-6	1
v_	76	1.0213643347153916E-6	1
mg	74	9.944863259070918E-7	1
xs	71	9.541693126946422E-7	1
zn	70	9.407303082904923E-7	1
zè	69	9.272913038863424E-7	1
_ô	68	9.138522994821925E-7	1
km	66	8.869742906738927E-7	1
ïd	65	8.735352862697428E-7	1
py	63	8.46657277461443E-7	1
ë_	63	8.46657277461443E-7	1
zz	61	8.197792686531432E-7	1
âp	59	7.929012598448434E-7	1
ft	58	7.794622554406936E-7	1
ké	56	7.525842466323938E-7	1
bw	53	7.122672334199441E-7	1
ky	53	7.122672334199441E-7	1
bû	52	6.988282290157942E-7	1
ûc	52	6.988282290157942E-7	1
gc	51	6.853892246116443E-7	1
lr	51	6.853892246116443E-7	1
kh	50	6.719502202074944E-7	1
wi	49	6.585112158033446E-7	1
dn	47	6.316332069950448E-7	1
wh	47	6.316332069950448E-7	1
wé	47	6.316332069950448E-7	1
mt	45	6.047551981867451E-7	1
xr	44	5.913161937825952E-7	1
bm	43	5.778771893784453E-7	1
lk	43	5.778771893784453E-7	1
bh	42	5.644381849742954E-7	1
câ	42	5.644381849742954E-7	1
aw	41	5.509991805701455E-7	1
âb	41	5.509991805701455E-7	1
kt	40	5.375601761659956E-7	1
ïf	40	5.375601761659956E-7	1
cp	39	5.241211717618457E-7	1
hk	39	5.241211717618457E-7	1
mh	39	5.241211717618457E-7	1
ïv	39	5.241211717618457E-7	1
tq	38	5.106821673576958E-7	1
nx	37	4.972431629535459E-7	1
âl	37	4.972431629535459E-7	1
mâ	36	4.83804158549396E-7	1
qa	36	4.83804158549396E-7	1
á_	36	4.83804158549396E-7	1
yx	35	4.7036515414524613E-7	1
dî	34	4.5692614974109624E-7	1
kg	33	4.4348714533694635E-7	1
ok	33	4.4348714533694635E-7	1
tz	32	4.3004814093279645E-7	1
wo	32	4.3004814093279645E-7	1
êq	32	4.3004814093279645E-7	1
hs	31	4.1660913652864656E-7	1
xn	31	4.1660913652864656E-7	1
lz	30	4.0317013212449667E-7	1
cf	29	3.897311277203468E-7	1
då	28	3.762921233161969E-7	1
db	27	3.62853118912047E-7	1
år	27	3.62853118912047E-7	1
iâ	26	3.494141145078971E-7	1
ïe	26	3.494141145078971E-7	1
dl	25	3.359751101037472E-7	1
nâ	25	3.359751101037472E-7	1
ïc	25	3.359751101037472E-7	1
ës	24	3.2253610569959737E-7	1
dp	23	3.090971012954475E-7	1
jh	23	3.090971012954475E-7	1
oè	23	3.090971012954475E-7	1
ws	23	3.090971012954475E-7	1
zy	23	3.090971012954475E-7	1
ék	23	3.090971012954475E-7	1
aí	22	2.956580968912976E-7	1
zb	22	2.956580968912976E-7	1
df	21	2.822190924871477E-7	1
sw	21	2.822190924871477E-7	1
ô_	21	2.822190924871477E-7	1
pm	20	2.687800880829978E-7	1
bî	19	2.553410836788479E-7	1
iw	19	2.553410836788479E-7	1
kf	19	2.553410836788479E-7	1
nb	19	2.553410836788479E-7	1
rj	19	2.553410836788479E-7	1
zh	19	2.553410836788479E-7	1
îm	19	2.553410836788479E-7	1
gf	18	2.41902079274698E-7	1
tw	18	2.41902079274698E-7	1
uî	18	2.41902079274698E-7	1
_á	17	2.2846307487054812E-7	1
dà	17	2.2846307487054812E-7	1
rx	17	2.2846307487054812E-7	1
tv	17	2.2846307487054812E-7	1
t­	17	2.2846307487054812E-7	1
ân	17	2.2846307487054812E-7	1
éz	17	2.2846307487054812E-7	1
ïw	17	2.2846307487054812E-7	1
bn	16	2.1502407046639823E-7	1
lö	16	2.1502407046639823E-7	1
pb	16	2.1502407046639823E-7	1
wn	16	2.1502407046639823E-7	1
í_	16	2.1502407046639823E-7	1
eô	15	2.0158506606224833E-7	1
kl	15	2.0158506606224833E-7	1
mv	15	2.0158506606224833E-7	1
ïa	15	2.0158506606224833E-7	1
cê	14	1.8814606165809844E-7	1
dk	14	1.8814606165809844E-7	1
mô	14	1.8814606165809844E-7	1
rw	14	1.8814606165809844E-7	1
vp	14	1.8814606165809844E-7	1
wb	14	1.8814606165809844E-7	1
ww	14	1.8814606165809844E-7	1
èf	14	1.8814606165809844E-7	1
ón	14	1.8814606165809844E-7	1
bk	13	1.7470705725394855E-7	1
pd	13	1.7470705725394855E-7	1
tf	13	1.7470705725394855E-7	1
xf	13	1.7470705725394855E-7	1
xx	13	1.7470705725394855E-7	1
zf	13	1.7470705725394855E-7	1
àm	13	1.7470705725394855E-7	1
âs	13	1.7470705725394855E-7	1
öv	13	1.7470705725394855E-7	1
dt	12	1.6126805284979868E-7	1
eï	12	1.6126805284979868E-7	1
tá	12	1.6126805284979868E-7	1
àp	12	1.6126805284979868E-7	1
ít	12	1.6126805284979868E-7	1
_·	11	1.478290484456488E-7	1
gk	11	1.478290484456488E-7	1
gp	11	1.478290484456488E-7	1
hf	11	1.478290484456488E-7	1
pc	11	1.478290484456488E-7	1
·_	11	1.478290484456488E-7	1
ái	11	1.478290484456488E-7	1
ío	11	1.478290484456488E-7	1
ör	11	1.478290484456488E-7	1
fh	10	1.343900440414989E-7	1
ïl	10	1.343900440414989E-7	1
eà	9	1.20951039637349E-7	1
hd	9	1.20951039637349E-7	1
yv	9	1.20951039637349E-7	1
àh	9	1.20951039637349E-7	1
âi	9	1.20951039637349E-7	1
cn	8	1.0751203523319911E-7	1
ió	8	1.0751203523319911E-7	1
zd	8	1.0751203523319911E-7	1
dô	7	9.407303082904922E-8	1
e­	7	9.407303082904922E-8	1
fd	7	9.407303082904922E-8	1
fk	7	9.407303082904922E-8	1
gd	7	9.407303082904922E-8	1
hc	7	9.407303082904922E-8	1
lá	7	9.407303082904922E-8	1
rí	7	9.407303082904922E-8	1
­i	7	9.407303082904922E-8	1
­t	7	9.407303082904922E-8	1
än	7	9.407303082904922E-8	1
è_	7	9.407303082904922E-8	1
ï_	7	9.407303082904922E-8	1
úi	7	9.407303082904922E-8	1
_ß	6	8.063402642489934E-8	1
gö	6	8.063402642489934E-8	1
hw	6	8.063402642489934E-8	1
kp	6	8.063402642489934E-8	1
lä	6	8.063402642489934E-8	1
sz	6	8.063402642489934E-8	1
sç	6	8.063402642489934E-8	1
vl	6	8.063402642489934E-8	1
yz	6	8.063402642489934E-8	1
yè	6	8.063402642489934E-8	1
zt	6	8.063402642489934E-8	1
àf	6	8.063402642489934E-8	1
ó_	6	8.063402642489934E-8	1
öt	6	8.063402642489934E-8	1
_ó	5	6.719502202074945E-8	1
bc	5	6.719502202074945E-8	1
cb	5	6.719502202074945E-8	1
cà	5	6.719502202074945E-8	1
dw	5	6.719502202074945E-8	1
fc	5	6.719502202074945E-8	1
gb	5	6.719502202074945E-8	1
gî	5	6.719502202074945E-8	1
i­	5	6.719502202074945E-8	1
iú	5	6.719502202074945E-8	1
kn	5	6.719502202074945E-8	1
má	5	6.719502202074945E-8	1
mó	5	6.719502202074945E-8	1
ní	5	6.719502202074945E-8	1
rá	5	6.719502202074945E-8	1
s­	5	6.719502202074945E-8	1
vc	5	6.719502202074945E-8	1
yu	5	6.719502202074945E-8	1
zp	5	6.719502202074945E-8	1
­e	5	6.719502202074945E-8	1
­m	5	6.719502202074945E-8	1
­n	5	6.719502202074945E-8	1
ß_	5	6.719502202074945E-8	1
ás	5	6.719502202074945E-8	1
ór	5	6.719502202074945E-8	1
ôd	5	6.719502202074945E-8	1
ør	5	6.719502202074945E-8	1
ú_	5	6.719502202074945E-8	1
ûn	5	6.719502202074945E-8	1
_°	4	5.375601761659956E-8	1
cæ	4	5.375601761659956E-8	1
cí	4	5.375601761659956E-8	1
hí	4	5.375601761659956E-8	1
jn	4	5.375601761659956E-8	1
ml	4	5.375601761659956E-8	1
mw	4	5.375601761659956E-8	1
tó	4	5.375601761659956E-8	1
vs	4	5.375601761659956E-8	1
yq	4	5.375601761659956E-8	1
yw	4	5.375601761659956E-8	1
ár	4	5.375601761659956E-8	1
â_	4	5.375601761659956E-8	1
ät	4	5.375601761659956E-8	1
æt	4	5.375601761659956E-8	1
íf	4	5.375601761659956E-8	1
ïb	4	5.375601761659956E-8	1
_µ	3	4.031701321244967E-8	1
_ö	3	4.031701321244967E-8	1
bá	3	4.031701321244967E-8	1
cv	3	4.031701321244967E-8	1
cz	3	4.031701321244967E-8	1
dí	3	4.031701321244967E-8	1
dö	3	4.031701321244967E-8	1
gø	3	4.031701321244967E-8	1
há	3	4.031701321244967E-8	1
jä	3	4.031701321244967E-8	1
lü	3	4.031701321244967E-8	1
mr	3	4.031701321244967E-8	1
nw	3	4.031701321244967E-8	1
qû	3	4.031701321244967E-8	1
rä	3	4.031701321244967E-8	1
tj	3	4.031701321244967E-8	1
tk	3	4.031701321244967E-8	1
tí	3	4.031701321244967E-8	1
uâ	3	4.031701321244967E-8	1
vg	3	4.031701321244967E-8	1
vm	3	4.031701321244967E-8	1
wc	3	4.031701321244967E-8	1
wr	3	4.031701321244967E-8	1
wu	3	4.031701321244967E-8	1
wy	3	4.031701321244967E-8	1
xz	3	4.031701321244967E-8	1
xê	3	4.031701321244967E-8	1
­c	3	4.031701321244967E-8	1
µg	3	4.031701321244967E-8	1
är	3	4.031701321244967E-8	1
êp	3	4.031701321244967E-8	1
êá	3	4.031701321244967E-8	1
ía	3	4.031701321244967E-8	1
íu	3	4.031701321244967E-8	1
ïr	3	4.031701321244967E-8	1
ói	3	4.031701321244967E-8	1
ü_	3	4.031701321244967E-8	1
a­	2	2.687800880829978E-8	1
aü	2	2.687800880829978E-8	1
bp	2	2.687800880829978E-8	1
dø	2	2.687800880829978E-8	1
eá	2	2.687800880829978E-8	1
fj	2	2.687800880829978E-8	1
fá	2	2.687800880829978E-8	1
fä	2	2.687800880829978E-8	1
fö	2	2.687800880829978E-8	1
fü	2	2.687800880829978E-8	1
gz	2	2.687800880829978E-8	1
hv	2	2.687800880829978E-8	1
hê	2	2.687800880829978E-8	1
hö	2	2.687800880829978E-8	1
iy	2	2.687800880829978E-8	1
jd	2	2.687800880829978E-8	1
kk	2	2.687800880829978E-8	1
kõ	2	2.687800880829978E-8	1
lj	2	2.687800880829978E-8	1
l´	2	2.687800880829978E-8	1
lí	2	2.687800880829978E-8	1
lû	2	2.687800880829978E-8	1
md	2	2.687800880829978E-8	1
mä	2	2.687800880829978E-8	1
mü	2	2.687800880829978E-8	1
ná	2	2.687800880829978E-8	1
nú	2	2.687800880829978E-8	1
oê	2	2.687800880829978E-8	1
pv	2	2.687800880829978E-8	1
pá	2	2.687800880829978E-8	1
pû	2	2.687800880829978E-8	1
qs	2	2.687800880829978E-8	1
rë	2	2.687800880829978E-8	1
sú	2	2.687800880829978E-8	1
tä	2	2.687800880829978E-8	1
tæ	2	2.687800880829978E-8	1
vb	2	2.687800880829978E-8	1
wl	2	2.687800880829978E-8	1
wm	2	2.687800880829978E-8	1
wä	2	2.687800880829978E-8	1
xg	2	2.687800880829978E-8	1
xv	2	2.687800880829978E-8	1
yk	2	2.687800880829978E-8	1
zs	2	2.687800880829978E-8	1
z­	2	2.687800880829978E-8	1
­o	2	2.687800880829978E-8	1
­p	2	2.687800880829978E-8	1
­é	2	2.687800880829978E-8	1
áb	2	2.687800880829978E-8	1
ác	2	2.687800880829978E-8	1
ád	2	2.687800880829978E-8	1
án	2	2.687800880829978E-8	1
át	2	2.687800880829978E-8	1
âa	2	2.687800880829978E-8	1
ä_	2	2.687800880829978E-8	1
äi	2	2.687800880829978E-8	1
æ_	2	2.687800880829978E-8	1
ç_	2	2.687800880829978E-8	1
èp	2	2.687800880829978E-8	1
éê	2	2.687800880829978E-8	1
ís	2	2.687800880829978E-8	1
íá	2	2.687800880829978E-8	1
ôv	2	2.687800880829978E-8	1
õi	2	2.687800880829978E-8	1
ök	2	2.687800880829978E-8	1
üb	2	2.687800880829978E-8	1
üm	2	2.687800880829978E-8	1
ür	2	2.687800880829978E-8	1
_å	1	1.343900440414989E-8	1
_æ	1	1.343900440414989E-8	1
_ì	1	1.343900440414989E-8	1
_ü	1	1.343900440414989E-8	1
aè	1	1.343900440414989E-8	1
aó	1	1.343900440414989E-8	1
bg	1	1.343900440414989E-8	1
cg	1	1.343900440414989E-8	1
cj	1	1.343900440414989E-8	1
dá	1	1.343900440414989E-8	1
dó	1	1.343900440414989E-8	1
dü	1	1.343900440414989E-8	1
eâ	1	1.343900440414989E-8	1
eñ	1	1.343900440414989E-8	1
fm	1	1.343900440414989E-8	1
fp	1	1.343900440414989E-8	1
fy	1	1.343900440414989E-8	1
få	1	1.343900440414989E-8	1
fí	1	1.343900440414989E-8	1
fî	1	1.343900440414989E-8	1
gó	1	1.343900440414989E-8	1
hh	1	1.343900440414989E-8	1
hå	1	1.343900440414989E-8	1
hæ	1	1.343900440414989E-8	1
hó	1	1.343900440414989E-8	1
hú	1	1.343900440414989E-8	1
iê	1	1.343900440414989E-8	1
jr	1	1.343900440414989E-8	1
js	1	1.343900440414989E-8	1
jt	1	1.343900440414989E-8	1
jw	1	1.343900440414989E-8	1
jz	1	1.343900440414989E-8	1
jö	1	1.343900440414989E-8	1
kb	1	1.343900440414989E-8	1
kä	1	1.343900440414989E-8	1
lx	1	1.343900440414989E-8	1
ló	1	1.343900440414989E-8	1
lú	1	1.343900440414989E-8	1
m­	1	1.343900440414989E-8	1
n­	1	1.343900440414989E-8	1
n´	1	1.343900440414989E-8	1
o­	1	1.343900440414989E-8	1
oã	1	1.343900440414989E-8	1
oë	1	1.343900440414989E-8	1
pf	1	1.343900440414989E-8	1
pó	1	1.343900440414989E-8	1
pú	1	1.343900440414989E-8	1
qi	1	1.343900440414989E-8	1
ró	1	1.343900440414989E-8	1
rö	1	1.343900440414989E-8	1
rú	1	1.343900440414989E-8	1
sâ	1	1.343900440414989E-8	1
sä	1	1.343900440414989E-8	1
sí	1	1.343900440414989E-8	1
sò	1	1.343900440414989E-8	1
só	1	1.343900440414989E-8	1
sö	1	1.343900440414989E-8	1
t¸	1	1.343900440414989E-8	1
tø	1	1.343900440414989E-8	1
tú	1	1.343900440414989E-8	1
uw	1	1.343900440414989E-8	1
u­	1	1.343900440414989E-8	1
uí	1	1.343900440414989E-8	1
vn	1	1.343900440414989E-8	1
vv	1	1.343900440414989E-8	1
vá	1	1.343900440414989E-8	1
vâ	1	1.343900440414989E-8	1
vä	1	1.343900440414989E-8	1
ví	1	1.343900440414989E-8	1
wf	1	1.343900440414989E-8	1
wk	1	1.343900440414989E-8	1
xj	1	1.343900440414989E-8	1
x­	1	1.343900440414989E-8	1
yh	1	1.343900440414989E-8	1
yö	1	1.343900440414989E-8	1
zc	1	1.343900440414989E-8	1
zì	1	1.343900440414989E-8	1
zô	1	1.343900440414989E-8	1
­b	1	1.343900440414989E-8	1
­d	1	1.343900440414989E-8	1
­u	1	1.343900440414989E-8	1
­v	1	1.343900440414989E-8	1
­à	1	1.343900440414989E-8	1
­ê	1	1.343900440414989E-8	1
´a	1	1.343900440414989E-8	1
´e	1	1.343900440414989E-8	1
´o	1	1.343900440414989E-8	1
¸_	1	1.343900440414989E-8	1
ßa	1	1.343900440414989E-8	1
àc	1	1.343900440414989E-8	1
àl	1	1.343900440414989E-8	1
àt	1	1.343900440414989E-8	1
à­	1	1.343900440414989E-8	1
ám	1	1.343900440414989E-8	1
áé	1	1.343900440414989E-8	1
áê	1	1.343900440414989E-8	1
áô	1	1.343900440414989E-8	1
âq	1	1.343900440414989E-8	1
ão	1	1.343900440414989E-8	1
äc	1	1.343900440414989E-8	1
äd	1	1.343900440414989E-8	1
äh	1	1.343900440414989E-8	1
äl	1	1.343900440414989E-8	1
äs	1	1.343900440414989E-8	1
å_	1	1.343900440414989E-8	1
åb	1	1.343900440414989E-8	1
ål	1	1.343900440414989E-8	1
åë	1	1.343900440414989E-8	1
æk	1	1.343900440414989E-8	1
æq	1	1.343900440414989E-8	1
çé	1	1.343900440414989E-8	1
éá	1	1.343900440414989E-8	1
éí	1	1.343900440414989E-8	1
êï	1	1.343900440414989E-8	1
ëá	1	1.343900440414989E-8	1
ëï	1	1.343900440414989E-8	1
ìl	1	1.343900440414989E-8	1
ìá	1	1.343900440414989E-8	1
ìý	1	1.343900440414989E-8	1
ím	1	1.343900440414989E-8	1
ín	1	1.343900440414989E-8	1
ír	1	1.343900440414989E-8	1
íï	1	1.343900440414989E-8	1
íù	1	1.343900440414989E-8	1
îs	1	1.343900440414989E-8	1
ïg	1	1.343900440414989E-8	1
ïé	1	1.343900440414989E-8	1
ïí	1	1.343900440414989E-8	1
ïó	1	1.343900440414989E-8	1
ïý	1	1.343900440414989E-8	1
ño	1	1.343900440414989E-8	1
ñé	1	1.343900440414989E-8	1
òl	1	1.343900440414989E-8	1
óg	1	1.343900440414989E-8	1
ós	1	1.343900440414989E-8	1
óç	1	1.343900440414989E-8	1
óí	1	1.343900440414989E-8	1
ôí	1	1.343900440414989E-8	1
ôü	1	1.343900440414989E-8	1
õì	1	1.343900440414989E-8	1
öb	1	1.343900440414989E-8	1
öm	1	1.343900440414989E-8	1
ös	1	1.343900440414989E-8	1
öõ	1	1.343900440414989E-8	1
øm	1	1.343900440414989E-8	1
ùó	1	1.343900440414989E-8	1
úb	1	1.343900440414989E-8	1
úp	1	1.343900440414989E-8	1
ül	1	1.343900440414989E-8	1
üs	1	1.343900440414989E-8	1
üë	1	1.343900440414989E-8	1
ý_	1	1.343900440414989E-8	1
ýñ	1	1.343900440414989E-8	1
