Portuguese	3	4771150	1856
	1)	o	0	0	0.0
		1)	os	0	0	0.0
			1)	os_	1	79209	0.011618095
			2)	oss	142	6673	9.78772E-4
			3)	ost	170	5862	8.598174E-4
			4)	osi	546	1961	2.8763252E-4
			5)	osa	1059	810	1.18807926E-4
			6)	oso	1072	792	1.1616775E-4
		2)	or	0	0	0.0
			1)	or_	49	15664	0.00229754
			2)	ora	162	6148	9.017668E-4
			3)	orm	190	5281	7.7459833E-4
			4)	ort	205	4927	7.226749E-4
			5)	ore	293	3567	5.231949E-4
			6)	ord	307	3445	5.0530036E-4
			7)	ori	342	3151	4.621775E-4
			8)	orr	553	1925	2.8235218E-4
			9)	orç	580	1817	2.665111E-4
			10)	orn	848	1117	1.638376E-4
			11)	orq	955	954	1.3992934E-4
			12)	org	1155	669	9.812655E-5
			13)	oré	1547	345	5.0603376E-5
			14)	oro	1552	340	4.9869992E-5
			15)	orá	1754	234	3.432229E-5
		3)	on	0	0	0.0
			1)	ont	91	10230	0.0015005001
			2)	ons	114	7775	0.0011404094
			3)	ona	221	4561	6.689913E-4
			4)	onc	369	2845	4.172945E-4
			5)	ond	464	2366	3.470365E-4
			6)	onf	732	1370	2.0094674E-4
			7)	onh	751	1321	1.937596E-4
			8)	onó	925	984	1.4432962E-4
			9)	onv	992	903	1.3244884E-4
			10)	ono	1001	889	1.3039536E-4
			11)	ong	1026	848	1.2438164E-4
			12)	oni	1231	582	8.53657E-5
			13)	onj	1242	574	8.419228E-5
			14)	one	1490	379	5.5590375E-5
			15)	oná	1849	203	2.977532E-5
		4)	om	0	0	0.0
			1)	om_	108	7978	0.0011701847
			2)	omo	166	5996	8.79472E-4
			3)	ome	273	3805	5.581039E-4
			4)	omp	351	3071	4.504434E-4
			5)	omu	434	2464	3.6141078E-4
			6)	omi	613	1713	2.5125677E-4
			7)	oma	945	967	1.4183614E-4
			8)	omí	1123	718	1.05313695E-4
			9)	omb	1330	497	7.28982E-5
			10)	omé	1614	305	4.4736316E-5
		5)	ou	0	0	0.0
			1)	ou_	181	5597	8.209481E-4
			2)	out	448	2413	3.5393029E-4
			3)	ouc	1167	658	9.6513104E-5
			4)	ouv	1269	546	8.0085345E-5
		6)	ob	0	0	0.0
			1)	obr	202	4967	7.285419E-4
			2)	obj	702	1472	2.1590774E-4
			3)	obl	770	1290	1.8921262E-4
			4)	obs	1219	598	8.771252E-5
			5)	oba	1408	434	6.365758E-5
			6)	obt	1642	286	4.1949465E-5
			7)	ob_	1645	284	4.1656112E-5
			8)	obi	1688	262	3.842923E-5
		7)	od	0	0	0.0
			1)	ode	220	4566	6.6972466E-4
			2)	odo	278	3701	5.4284954E-4
			3)	oda	661	1587	2.3277552E-4
			4)	odu	666	1573	2.3072206E-4
			5)	odi	1394	441	6.468432E-5
		8)	ol	0	0	0.0
			1)	olí	327	3242	4.7552504E-4
			2)	olv	486	2235	3.2782188E-4
			3)	olu	530	2030	2.977532E-4
			4)	olo	620	1688	2.4758984E-4
			5)	ole	725	1392	2.0417362E-4
			6)	ola	746	1328	1.9478632E-4
			7)	oli	981	913	1.339156E-4
			8)	olh	1211	606	8.888593E-5
			9)	oló	1513	364	5.3390228E-5
			10)	olt	1557	336	4.9283288E-5
		9)	op	0	0	0.0
			1)	opo	344	3134	4.59684E-4
			2)	ope	376	2799	4.105474E-4
			3)	opi	1149	673	9.871325E-5
			4)	opt	1309	513	7.524502E-5
			5)	opu	1364	470	6.893793E-5
			6)	opç	1750	235	3.4468965E-5
			7)	opõ	1827	210	3.0802054E-5
		10)	oc	0	0	0.0
			1)	oci	371	2833	4.155344E-4
			2)	oce	548	1950	2.860191E-4
			3)	oca	579	1820	2.6695113E-4
			4)	ocu	651	1612	2.3644244E-4
			5)	ocr	1069	797	1.1690113E-4
			6)	oco	1251	560	8.213881E-5
		11)	ov	0	0	0.0
			1)	ova	496	2172	3.1858124E-4
			2)	ovo	740	1348	1.9771986E-4
			3)	ove	763	1309	1.9199947E-4
			4)	ovi	1418	427	6.263085E-5
		12)	oi	0	0	0.0
			1)	ois	502	2150	3.1535438E-4
			2)	oi_	593	1777	2.6064404E-4
			3)	oio	1095	753	1.1044737E-4
			4)	oia	1303	517	7.5831726E-5
		13)	ot	0	0	0.0
			1)	ota	567	1874	2.7487168E-4
			2)	ote	761	1311	1.9229282E-4
			3)	oti	1207	608	8.917928E-5
			4)	oto	1411	430	6.3070875E-5
		14)	og	0	0	0.0
			1)	ogr	608	1727	2.5331022E-4
			2)	ogo	1323	503	7.3778254E-5
			3)	ogi	1387	446	6.54177E-5
			4)	oga	1641	286	4.1949465E-5
		15)	oj	0	0	0.0
			1)	oje	638	1639	2.404027E-4
		16)	oa	0	0	0.0
			1)	oas	1033	844	1.2379492E-4
			2)	oa_	1496	376	5.5150347E-5
			3)	oal	1690	261	3.8282553E-5
		17)	oo	0	0	0.0
			1)	oop	1206	610	8.947263E-5
			2)	oor	1698	254	3.7255817E-5
		18)	of	0	0	0.0
			1)	ofe	1337	489	7.172478E-5
			2)	ofu	1589	318	4.6643112E-5
			3)	ofi	1682	264	3.8722585E-5
		19)	oe	0	0	0.0
			1)	oer	1634	291	4.268285E-5
		20)	oç	0	0	0.0
			1)	oçã	1777	228	3.344223E-5
	2)	_	0	0	0.0
		1)	_d	0	0	0.0
			1)	_de	2	74564	0.010936783
			2)	_do	24	25887	0.0037970133
			3)	_da	26	25266	0.0037059272
			4)	_di	58	13536	0.0019854123
			5)	_du	832	1142	1.675045E-4
			6)	_dú	1575	327	4.79632E-5
		2)	_q	0	0	0.0
			1)	_qu	6	47912	0.0070275622
		3)	_c	0	0	0.0
			1)	_co	8	45534	0.0066787656
			2)	_ca	136	6842	0.0010035603
			3)	_cr	320	3325	4.876992E-4
			4)	_ci	385	2705	3.967598E-4
			5)	_cu	532	2020	2.9628642E-4
			6)	_ce	607	1731	2.5389693E-4
			7)	_ch	692	1487	2.1810789E-4
			8)	_cl	698	1478	2.167878E-4
		4)	_a	0	0	0.0
			1)	_a_	9	43796	0.0064238417
			2)	_as	64	13063	0.0019160345
			3)	_ao	111	7855	0.0011521435
			4)	_ap	117	7629	0.0011189947
			5)	_al	124	7339	0.0010764585
			6)	_ac	126	7250	0.0010634043
			7)	_an	244	4172	6.1193417E-4
			8)	_at	326	3245	4.759651E-4
			9)	_ad	417	2530	3.7109142E-4
			10)	_ag	449	2410	3.5349024E-4
			11)	_au	488	2229	3.269418E-4
			12)	_am	501	2152	3.1564772E-4
			13)	_ab	526	2047	3.002467E-4
			14)	_aq	572	1848	2.710581E-4
			15)	_ai	722	1404	2.0593374E-4
			16)	_ar	769	1295	1.89946E-4
			17)	_af	794	1245	1.8261219E-4
			18)	_av	1090	762	1.11767455E-4
			19)	_aj	1114	730	1.0707381E-4
		5)	_s	0	0	0.0
			1)	_se	14	32906	0.0048265355
			2)	_so	112	7832	0.00114877
			3)	_su	156	6254	9.1731455E-4
			4)	_si	206	4892	7.175412E-4
			5)	_sa	379	2781	4.079072E-4
			6)	_sã	468	2356	3.4556972E-4
			7)	_só	895	1037	1.5210349E-4
			8)	_sé	1331	497	7.28982E-5
		6)	_r	0	0	0.0
			1)	_re	18	28834	0.004229269
			2)	_ra	617	1695	2.486166E-4
			3)	_ri	988	905	1.3274219E-4
			4)	_ru	1420	427	6.263085E-5
			5)	_ro	1631	294	4.3122876E-5
		7)	_e	0	0	0.0
			1)	_e_	22	26382	0.003869618
			2)	_es	31	22227	0.0032601776
			3)	_em	46	15994	0.0023459431
			4)	_ex	121	7400	0.0010854057
			5)	_en	131	7085	0.0010392027
			6)	_eu	360	2959	4.3401562E-4
			7)	_el	392	2674	3.9221282E-4
			8)	_ef	598	1759	2.5800389E-4
			9)	_ec	650	1614	2.367358E-4
			10)	_ev	813	1189	1.743983E-4
			11)	_er	1178	640	9.387293E-5
			12)	_eq	1328	500	7.3338226E-5
		8)	_p	0	0	0.0
			1)	_pr	23	25899	0.0037987735
			2)	_po	25	25649	0.0037621043
			3)	_pa	32	21788	0.0031957866
			4)	_pe	55	14383	0.0021096475
			5)	_pl	864	1089	1.5973065E-4
			6)	_pú	1130	706	1.03553575E-4
			7)	_pu	1315	510	7.480499E-5
			8)	_pô	1680	266	3.9015937E-5
			9)	_pi	1759	233	3.4175613E-5
		9)	_o	0	0	0.0
			1)	_o_	28	24979	0.0036638312
			2)	_os	80	11403	0.0016725516
			3)	_ou	199	5001	7.335289E-4
			4)	_ob	329	3221	4.7244484E-4
			5)	_or	370	2834	4.1568108E-4
			6)	_op	578	1822	2.672445E-4
			7)	_on	1145	686	1.0062005E-4
			8)	_oc	1253	560	8.213881E-5
			9)	_of	1618	303	4.4442964E-5
		10)	_u	0	0	0.0
			1)	_um	36	20360	0.0029863326
			2)	_ut	1020	864	1.2672845E-4
			3)	_un	1174	652	9.563305E-5
			4)	_ur	1574	329	4.8256552E-5
			5)	_us	1714	246	3.6082405E-5
			6)	_ul	1804	218	3.1975465E-5
		11)	_n	0	0	0.0
			1)	_no	37	18846	0.0027642644
			2)	_nã	87	10582	0.0015521302
			3)	_na	92	10184	0.0014937529
			4)	_ne	138	6812	9.9916E-4
			5)	_nu	618	1694	2.484699E-4
			6)	_ní	851	1112	1.6310421E-4
			7)	_nó	994	896	1.314221E-4
			8)	_nú	1286	532	7.803187E-5
			9)	_n_	1520	359	5.2656847E-5
			10)	_ni	1838	207	3.0362025E-5
		12)	_i	0	0	0.0
			1)	_in	53	14922	0.002188706
			2)	_im	218	4629	6.789653E-4
			3)	_is	389	2698	3.9573308E-4
			4)	_ir	909	1008	1.4784986E-4
			5)	_ig	1004	886	1.2995534E-4
			6)	_id	1042	836	1.2262151E-4
			7)	_il	1730	242	3.54957E-5
		13)	_m	0	0	0.0
			1)	_ma	67	12825	0.0018811255
			2)	_me	95	9954	0.0014600174
			3)	_mu	197	5088	7.462898E-4
			4)	_mo	268	3868	5.6734454E-4
			5)	_mi	390	2692	3.94853E-4
			6)	_mé	1508	368	5.3976935E-5
			7)	_má	1752	235	3.4468965E-5
		14)	_t	0	0	0.0
			1)	_te	74	11911	0.0017470632
			2)	_tr	150	6450	9.460631E-4
			3)	_to	154	6295	9.233283E-4
			4)	_ta	163	6143	9.0103346E-4
			5)	_ti	728	1381	2.0256017E-4
			6)	_tu	951	962	1.4110275E-4
			7)	_tê	1031	846	1.2408827E-4
			8)	_tã	1324	503	7.3778254E-5
			9)	_té	1721	245	3.593573E-5
		15)	_é	0	0	0.0
			1)	_é_	88	10527	0.001544063
		16)	_f	0	0	0.0
			1)	_fa	134	6902	0.0010123609
			2)	_fo	135	6860	0.0010062004
			3)	_fi	265	3885	5.6983804E-4
			4)	_fu	380	2766	4.0570708E-4
			5)	_fr	768	1302	1.9097274E-4
			6)	_fe	782	1267	1.8583906E-4
			7)	_fl	1511	366	5.368358E-5
		17)	_à	0	0	0.0
			1)	_à_	149	6454	9.466498E-4
			2)	_às	602	1742	2.555104E-4
		18)	_v	0	0	0.0
			1)	_ve	215	4679	6.862991E-4
			2)	_vi	236	4368	6.4068276E-4
			3)	_vo	479	2275	3.3368892E-4
			4)	_va	587	1801	2.641643E-4
			5)	_vá	1235	581	8.521902E-5
			6)	_ví	1837	207	3.0362025E-5
			7)	_vã	1846	204	2.9921996E-5
		19)	_g	0	0	0.0
			1)	_gr	365	2878	4.2213482E-4
			2)	_go	430	2490	3.6522438E-4
			3)	_ge	669	1570	2.3028202E-4
			4)	_ga	910	1007	1.4770319E-4
			5)	_gl	1451	409	5.9990667E-5
			6)	_gu	1609	308	4.5176348E-5
		20)	_l	0	0	0.0
			1)	_li	397	2655	3.89426E-4
			2)	_le	398	2655	3.89426E-4
			3)	_lu	622	1684	2.4700313E-4
			4)	_la	744	1331	1.9522636E-4
			5)	_lo	790	1250	1.8334556E-4
			6)	_lh	1249	562	8.243217E-5
		21)	_j	0	0	0.0
			1)	_ju	523	2057	3.0171347E-4
			2)	_já	545	1962	2.877792E-4
			3)	_jo	1604	310	4.54697E-5
		22)	_b	0	0	0.0
			1)	_ba	533	2017	2.958464E-4
			2)	_be	594	1776	2.6049739E-4
			3)	_bo	933	979	1.4359625E-4
			4)	_br	1385	450	6.60044E-5
			5)	_bi	1661	277	4.0629377E-5
		23)	_h	0	0	0.0
			1)	_ho	583	1809	2.653377E-4
			2)	_há	625	1676	2.4582972E-4
			3)	_hu	871	1078	1.5811721E-4
			4)	_ha	873	1073	1.5738384E-4
			5)	_hi	1470	393	5.7643847E-5
		24)	_ú	0	0	0.0
			1)	_úl	1047	822	1.20568046E-4
			2)	_ún	1362	472	6.923128E-5
		25)	_â	0	0	0.0
			1)	_âm	1146	685	1.0047337E-4
		26)	_á	0	0	0.0
			1)	_ág	1356	474	6.9524634E-5
			2)	_ár	1384	451	6.615108E-5
		27)	_z	0	0	0.0
			1)	_zo	1500	373	5.4710315E-5
	3)	d	0	0	0.0
		1)	de	0	0	0.0
			1)	de_	3	61546	0.009027349
			2)	des	68	12544	0.0018399094
			3)	der	183	5507	8.077472E-4
			4)	dev	227	4509	6.613641E-4
			5)	dem	285	3653	5.358091E-4
			6)	dep	303	3503	5.138076E-4
			7)	den	403	2594	3.804787E-4
			8)	dec	422	2519	3.69478E-4
			9)	dei	675	1547	2.2690847E-4
			10)	def	707	1450	2.1268085E-4
			11)	deb	759	1313	1.9258619E-4
			12)	det	1036	841	1.233549E-4
			13)	del	1081	778	1.1411428E-4
			14)	deq	1469	393	5.7643847E-5
			15)	deu	1692	259	3.79892E-5
			16)	dez	1808	216	3.1682113E-5
		2)	do	0	0	0.0
			1)	do_	12	37676	0.005526182
			2)	dos	39	17977	0.0026368026
			3)	dor	490	2206	3.2356824E-4
			4)	dom	1034	843	1.2364825E-4
			5)	dop	1289	531	7.78852E-5
			6)	doi	1327	500	7.3338226E-5
			7)	doc	1480	385	5.6470435E-5
			8)	dot	1718	245	3.593573E-5
			9)	dou	1783	225	3.30022E-5
		3)	da	0	0	0.0
			1)	da_	17	29876	0.0043821055
			2)	dad	65	12993	0.0019057671
			3)	das	79	11451	0.0016795921
			4)	dam	431	2484	3.643443E-4
			5)	dar	541	1975	2.89686E-4
			6)	dat	1285	532	7.803187E-5
			7)	dan	1433	417	6.116408E-5
			8)	daq	1655	280	4.1069405E-5
			9)	daç	1694	258	3.7842525E-5
			10)	dag	1725	244	3.5789053E-5
			11)	dav	1845	204	2.9921996E-5
		4)	di	0	0	0.0
			1)	dir	213	4699	6.8923266E-4
			2)	dis	288	3607	5.2906194E-4
			3)	did	433	2474	3.6287753E-4
			4)	dia	531	2023	2.9672647E-4
			5)	dic	581	1817	2.665111E-4
			6)	dif	612	1717	2.5184348E-4
			7)	diz	639	1639	2.404027E-4
			8)	dim	976	922	1.3523569E-4
			9)	div	1045	824	1.208614E-4
			10)	diç	1073	792	1.1616775E-4
			11)	dit	1102	741	1.0868725E-4
			12)	dig	1336	490	7.187146E-5
			13)	din	1339	488	7.1578106E-5
			14)	dio	1549	345	5.0603376E-5
			15)	diá	1671	271	3.9749317E-5
		5)	du	0	0	0.0
			1)	duz	850	1113	1.632509E-4
			2)	dut	1024	852	1.2496834E-4
			3)	dur	1151	673	9.871325E-5
			4)	duç	1185	636	9.3286224E-5
			5)	dua	1203	613	8.991267E-5
			6)	duo	1443	412	6.04307E-5
		6)	dã	0	0	0.0
			1)	dão	855	1104	1.619308E-4
		7)	dm	0	0	0.0
			1)	dmi	1304	517	7.5831726E-5
		8)	dr	0	0	0.0
			1)	dro	1308	514	7.53917E-5
			2)	dra	1850	203	2.977532E-5
		9)	dê	0	0	0.0
			1)	dên	1498	376	5.5150347E-5
		10)	dú	0	0	0.0
			1)	dúv	1597	314	4.6056404E-5
			2)	dús	1687	263	3.8575905E-5
	4)	a	0	0	0.0
		1)	as	0	0	0.0
			1)	as_	4	53491	0.00784587
			2)	ass	175	5718	8.3869597E-4
			3)	ase	551	1942	2.8484568E-4
			4)	aso	699	1476	2.1649445E-4
			5)	ast	958	953	1.3978266E-4
			6)	asp	1089	763	1.1191413E-4
			7)	asi	1094	756	1.108874E-4
			8)	asc	1826	211	3.094873E-5
		2)	ar	0	0	0.0
			1)	ar_	33	21369	0.003134329
			2)	ara	54	14505	0.002127542
			3)	art	233	4375	6.417095E-4
			4)	are	298	3540	5.192346E-4
			5)	ari	334	3208	4.7053804E-4
			6)	arm	779	1277	1.8730582E-4
			7)	arg	838	1138	1.669178E-4
			8)	ará	965	933	1.3684914E-4
			9)	aro	1005	885	1.2980866E-4
			10)	arc	1233	582	8.53657E-5
			11)	ard	1278	541	7.935196E-5
			12)	arr	1419	427	6.263085E-5
			13)	ars	1446	410	6.0137343E-5
			14)	arl	1567	332	4.869658E-5
			15)	arn	1643	286	4.1949465E-5
			16)	arã	1772	230	3.3735585E-5
			17)	arí	1818	213	3.1242085E-5
			18)	arê	1856	200	2.933529E-5
		3)	aç	0	0	0.0
			1)	açã	44	16452	0.002413121
			2)	açõ	207	4887	7.1680784E-4
			3)	aça	1271	546	8.0085345E-5
			4)	aço	1435	417	6.116408E-5
		4)	ad	0	0	0.0
			1)	ado	48	15743	0.0023091275
			2)	ade	69	12419	0.0018215749
			3)	ada	93	10121	0.0014845124
			4)	adã	904	1011	1.482899E-4
			5)	adi	931	980	1.4374292E-4
			6)	adr	1240	576	8.448563E-5
			7)	adm	1305	516	7.568505E-5
			8)	adu	1638	290	4.2536172E-5
		5)	am	0	0	0.0
			1)	ame	63	13083	0.001918968
			2)	am_	119	7608	0.0011159144
			3)	amb	204	4929	7.2296825E-4
			4)	amo	248	4130	6.0577376E-4
			5)	ama	515	2095	3.0728718E-4
			6)	ami	1267	549	8.052537E-5
			7)	amp	1437	415	6.0870727E-5
		6)	an	0	0	0.0
			1)	ant	82	11056	0.0016216548
			2)	and	230	4431	6.4992334E-4
			3)	ano	318	3332	4.8872596E-4
			4)	anç	387	2699	3.9587973E-4
			5)	ani	550	1944	2.8513902E-4
			6)	anc	599	1753	2.5712381E-4
			7)	ans	695	1480	2.1708115E-4
			8)	ana	737	1356	1.9889326E-4
			9)	anh	964	935	1.3714249E-4
			10)	ane	1063	804	1.1792787E-4
			11)	anu	1450	409	5.9990667E-5
			12)	ang	1545	347	5.0896728E-5
			13)	aná	1736	239	3.5055673E-5
		7)	ai	0	0	0.0
			1)	ais	83	10905	0.0015995067
			2)	ain	704	1465	2.14881E-4
			3)	aio	822	1159	1.69998E-4
			4)	ai_	1393	442	6.4830994E-5
			5)	aix	1768	231	3.388226E-5
		8)	al	0	0	0.0
			1)	al_	85	10732	0.0015741317
			2)	ali	174	5752	8.4368297E-4
			3)	alm	367	2856	4.1890793E-4
			4)	alt	406	2587	3.79452E-4
			5)	alg	509	2106	3.089006E-4
			6)	ala	510	2106	3.089006E-4
			7)	alh	516	2094	3.071405E-4
			8)	alq	977	922	1.3523569E-4
			9)	alo	1039	840	1.2320821E-4
			10)	ale	1140	693	1.0164678E-4
			11)	alé	1198	620	9.09394E-5
			12)	alv	1290	530	7.773852E-5
			13)	alc	1482	385	5.6470435E-5
			14)	ald	1606	309	4.5323024E-5
		9)	ao	0	0	0.0
			1)	ao_	184	5487	8.048137E-4
			2)	aos	457	2385	3.4982333E-4
		10)	at	0	0	0.0
			1)	ati	191	5218	7.6535775E-4
			2)	ate	341	3156	4.629109E-4
			3)	ató	427	2508	3.6786453E-4
			4)	ata	467	2356	3.4556972E-4
			5)	até	484	2268	3.326622E-4
			6)	atr	709	1438	2.1092074E-4
			7)	ato	723	1403	2.0578706E-4
			8)	atu	789	1255	1.8407895E-4
			9)	atá	1720	245	3.593573E-5
		11)	ac	0	0	0.0
			1)	act	259	4032	5.9139944E-4
			2)	aci	333	3213	4.7127143E-4
			3)	aco	471	2350	3.4468967E-4
			4)	ace	601	1742	2.555104E-4
			5)	acç	841	1137	1.6677112E-4
			6)	aca	1068	798	1.17047806E-4
			7)	acr	1403	438	6.424428E-5
			8)	acu	1780	227	3.3295553E-5
		12)	ap	0	0	0.0
			1)	apr	359	2967	4.3518902E-4
			2)	ape	508	2109	3.0934063E-4
			3)	apo	682	1521	2.2309489E-4
			4)	apl	826	1150	1.6867791E-4
			5)	apa	942	969	1.4212949E-4
			6)	api	1325	502	7.363158E-5
			7)	apó	1693	259	3.79892E-5
		13)	aí	0	0	0.0
			1)	aís	401	2605	3.8209214E-4
			2)	aí_	1652	281	4.1216084E-5
		14)	aq	0	0	0.0
			1)	aqu	451	2404	3.526102E-4
		15)	ab	0	0	0.0
			1)	aba	452	2403	3.524635E-4
			2)	abe	537	1996	2.927662E-4
			3)	abi	667	1572	2.3057539E-4
			4)	abo	716	1423	2.087206E-4
			5)	abr	1291	530	7.773852E-5
			6)	abs	1462	403	5.911061E-5
		16)	az	0	0	0.0
			1)	aze	558	1896	2.7809854E-4
			2)	az_	922	991	1.4535636E-4
			3)	azo	1316	509	7.465831E-5
			4)	azã	1360	473	6.937796E-5
			5)	azõ	1814	215	3.1535437E-5
		17)	ag	0	0	0.0
			1)	age	686	1496	2.1942797E-4
			2)	agr	780	1276	1.8715915E-4
			3)	ago	967	932	1.3670245E-4
			4)	aga	1461	404	5.9257287E-5
			5)	agi	1644	286	4.1949465E-5
			6)	agu	1803	218	3.1975465E-5
		18)	av	0	0	0.0
			1)	ava	735	1360	1.9947997E-4
			2)	ave	800	1216	1.7835856E-4
			3)	avo	1099	746	1.0942063E-4
			4)	avi	1194	625	9.167278E-5
			5)	avé	1277	541	7.935196E-5
			6)	avr	1342	482	7.069805E-5
		19)	au	0	0	0.0
			1)	aut	827	1149	1.6853125E-4
			2)	aus	963	936	1.3728916E-4
			3)	aum	1298	526	7.715181E-5
			4)	aud	1564	334	4.8989936E-5
			5)	au_	1733	241	3.5349025E-5
			6)	aux	1774	229	3.358891E-5
		20)	af	0	0	0.0
			1)	afi	853	1111	1.6295754E-4
			2)	afe	1522	358	5.2510168E-5
		21)	aj	0	0	0.0
			1)	aju	1105	740	1.08540575E-4
			2)	aja	1707	252	3.6962465E-5
		22)	aú	0	0	0.0
			1)	aúd	1503	371	5.4416963E-5
		23)	ax	0	0	0.0
			1)	axa	1843	205	3.0068672E-5
	5)	ã	0	0	0.0
		1)	ão	0	0	0.0
			1)	ão_	5	49363	0.0072403895
			2)	ãos	885	1053	1.544503E-4
	6)	q	0	0	0.0
		1)	qu	0	0	0.0
			1)	que	7	45552	0.0066814055
			2)	qua	129	7160	0.0010502033
			3)	qui	330	3219	4.721515E-4
			4)	quê	1296	526	7.715181E-5
	7)	e	0	0	0.0
		1)	en	0	0	0.0
			1)	ent	10	43199	0.006336276
			2)	enh	130	7139	0.0010471232
			3)	end	211	4739	6.950997E-4
			4)	ens	287	3614	5.3008867E-4
			5)	enc	375	2812	4.124542E-4
			6)	ena	441	2433	3.568638E-4
			7)	env	483	2269	3.3280888E-4
			8)	enç	535	2007	2.9437963E-4
			9)	eno	538	1992	2.921795E-4
			10)	ene	911	1006	1.4755651E-4
			11)	enq	1341	484	7.09914E-5
			12)	eni	1600	313	4.590973E-5
		2)	es	0	0	0.0
			1)	es_	15	31092	0.004560464
			2)	est	29	24874	0.00364843
			3)	ess	66	12988	0.0019050337
			4)	esp	132	7021	0.0010298154
			5)	ese	140	6778	9.94173E-4
			6)	esa	436	2462	3.6111742E-4
			7)	esc	450	2406	3.5290353E-4
			8)	esm	556	1901	2.7883193E-4
			9)	eso	861	1090	1.5987734E-4
			10)	esi	1044	825	1.2100807E-4
			11)	esu	1143	687	1.0076672E-4
			12)	esf	1259	554	8.125875E-5
			13)	esd	1395	441	6.468432E-5
			14)	esã	1405	436	6.395093E-5
			15)	esí	1555	338	4.957664E-5
			16)	esq	1653	280	4.1069405E-5
		3)	em	0	0	0.0
			1)	em_	20	26424	0.0038757785
			2)	emo	151	6368	9.3403563E-4
			3)	emp	228	4494	6.59164E-4
			4)	ema	291	3598	5.2774185E-4
			5)	eme	453	2396	3.5143679E-4
			6)	emb	715	1424	2.0886726E-4
			7)	emi	1302	519	7.612508E-5
		4)	er	0	0	0.0
			1)	er_	45	16187	0.0023742516
			2)	era	115	7771	0.0011398226
			3)	eri	179	5677	8.326822E-4
			4)	ere	186	5435	7.971865E-4
			5)	erm	345	3111	4.5631043E-4
			6)	erc	358	2998	4.39736E-4
			7)	erá	412	2560	3.754917E-4
			8)	erv	445	2427	3.5598374E-4
			9)	ern	494	2184	3.2034138E-4
			10)	ero	506	2120	3.1095408E-4
			11)	ert	512	2102	3.083139E-4
			12)	err	600	1750	2.566838E-4
			13)	erg	634	1645	2.4128276E-4
			14)	erd	676	1543	2.2632176E-4
			15)	ers	720	1412	2.0710715E-4
			16)	erã	1028	848	1.2438164E-4
			17)	erê	1136	699	1.02526836E-4
			18)	erí	1168	658	9.6513104E-5
			19)	erf	1596	314	4.6056404E-5
		5)	el	0	0	0.0
			1)	ela	97	9535	0.00139856
			2)	el_	231	4421	6.4845657E-4
			3)	ele	264	3893	5.7101145E-4
			4)	elo	309	3424	5.022202E-4
			5)	elh	701	1474	2.162011E-4
			6)	eli	857	1102	1.6163745E-4
			7)	elm	1546	346	5.075005E-5
		6)	ec	0	0	0.0
			1)	ect	127	7243	0.0010623776
			2)	ece	155	6279	9.2098146E-4
			3)	eci	201	4990	7.3191547E-4
			4)	eco	304	3492	5.121942E-4
			5)	ecu	787	1258	1.8451897E-4
			6)	ecç	934	976	1.4315621E-4
			7)	ecl	1273	545	7.993867E-5
			8)	eca	1427	422	6.189746E-5
			9)	ecn	1488	382	5.6030403E-5
			10)	ecí	1525	357	5.236349E-5
		7)	ei	0	0	0.0
			1)	eit	128	7196	0.0010554837
			2)	eir	210	4796	7.0346025E-4
			3)	eia	562	1887	2.7677848E-4
			4)	eis	596	1766	2.590306E-4
			5)	eio	783	1265	1.8554571E-4
			6)	ei_	892	1041	1.5269019E-4
			7)	eix	1103	740	1.08540575E-4
		8)	eg	0	0	0.0
			1)	egu	187	5424	7.9557305E-4
			2)	egi	361	2944	4.3181548E-4
			3)	ega	466	2357	3.457164E-4
			4)	ego	659	1591	2.3336224E-4
			5)	egr	804	1208	1.7718515E-4
			6)	ege	1676	270	3.960264E-5
		9)	ev	0	0	0.0
			1)	eve	192	5187	7.6081074E-4
			2)	evi	517	2086	3.0596709E-4
			3)	eva	786	1262	1.8510569E-4
			4)	evo	1232	582	8.53657E-5
		10)	eu	0	0	0.0
			1)	eu_	243	4174	6.122275E-4
			2)	eur	461	2369	3.474765E-4
			3)	eus	681	1521	2.2309489E-4
			4)	eun	1613	306	4.4882992E-5
		11)	ef	0	0	0.0
			1)	efe	274	3765	5.5223686E-4
			2)	efi	637	1641	2.4069606E-4
			3)	efo	829	1146	1.6809121E-4
			4)	efl	1654	280	4.1069405E-5
			5)	efa	1729	242	3.54957E-5
			6)	efu	1807	216	3.1682113E-5
		12)	ed	0	0	0.0
			1)	edi	313	3361	4.9297954E-4
			2)	eda	819	1168	1.713181E-4
			3)	ede	906	1009	1.4799654E-4
			4)	edu	1181	639	9.372625E-5
			5)	edo	1782	225	3.30022E-5
		13)	ep	0	0	0.0
			1)	epu	429	2496	3.6610442E-4
			2)	epr	1025	850	1.2467499E-4
			3)	epe	1189	632	9.269952E-5
			4)	epa	1201	615	9.020602E-5
			5)	epo	1272	545	7.993867E-5
			6)	epç	1658	279	4.092273E-5
		14)	eq	0	0	0.0
			1)	equ	432	2479	3.6361092E-4
		15)	ej	0	0	0.0
			1)	eja	435	2463	3.612641E-4
			2)	ejo	1647	284	4.1656112E-5
		16)	ex	0	0	0.0
			1)	exi	504	2140	3.138876E-4
			2)	ext	644	1634	2.3966932E-4
			3)	exe	646	1629	2.3893594E-4
			4)	exp	674	1548	2.2705515E-4
			5)	exc	970	930	1.364091E-4
			6)	exa	1460	404	5.9257287E-5
			7)	exo	1767	231	3.388226E-5
		17)	et	0	0	0.0
			1)	ete	543	1964	2.8807254E-4
			2)	eta	816	1170	1.7161145E-4
			3)	eti	879	1063	1.5591706E-4
			4)	etu	1366	470	6.893793E-5
			5)	eto	1428	420	6.160411E-5
			6)	etr	1599	313	4.590973E-5
			7)	etê	1657	279	4.092273E-5
		18)	ez	0	0	0.0
			1)	ez_	623	1681	2.465631E-4
			2)	eza	999	892	1.308354E-4
			3)	eze	1319	507	7.436496E-5
		19)	ea	0	0	0.0
			1)	eal	689	1491	2.186946E-4
			2)	ead	1122	721	1.0575372E-4
			3)	ea_	1649	282	4.136276E-5
			4)	eas	1735	239	3.5055673E-5
			5)	eam	1762	232	3.4028937E-5
			6)	ear	1830	209	3.0655377E-5
			7)	eaç	1854	200	2.933529E-5
		20)	eb	0	0	0.0
			1)	eba	775	1282	1.8803921E-4
			2)	ebe	1621	301	4.4149612E-5
		21)	eo	0	0	0.0
			1)	eoc	1160	667	9.7833195E-5
		22)	eç	0	0	0.0
			1)	eço	1182	638	9.3579576E-5
			2)	eça	1250	561	8.2285485E-5
		23)	ee	0	0	0.0
			1)	een	1320	506	7.421828E-5
		24)	eí	0	0	0.0
			1)	eíc	1836	207	3.0362025E-5
	8)	u	0	0	0.0
		1)	ue	0	0	0.0
			1)	ue_	11	37998	0.005573412
			2)	uer	343	3147	4.615908E-4
			3)	ues	372	2831	4.1524103E-4
			4)	uem	1066	798	1.17047806E-4
			5)	uen	1098	749	1.0986066E-4
			6)	uel	1197	620	9.09394E-5
			7)	uec	1684	263	3.8575905E-5
			8)	uei	1702	252	3.6962465E-5
		2)	um	0	0	0.0
			1)	uma	62	13314	0.0019528503
			2)	um_	77	11541	0.0016927929
			3)	ume	621	1686	2.472965E-4
			4)	umi	1023	854	1.252617E-4
			5)	ump	1442	412	6.04307E-5
		3)	ur	0	0	0.0
			1)	ura	177	5709	8.373759E-4
			2)	uro	336	3189	4.677512E-4
			3)	urs	1077	782	1.1470098E-4
			4)	urí	1313	511	7.495167E-5
			5)	uri	1424	422	6.189746E-5
			6)	ure	1458	404	5.9257287E-5
			7)	urg	1466	394	5.7790523E-5
		4)	ua	0	0	0.0
			1)	ual	224	4517	6.625375E-4
			2)	ua_	381	2764	4.054137E-4
			3)	uan	410	2571	3.7710514E-4
			4)	uas	647	1618	2.373225E-4
			5)	uaç	771	1288	1.8891926E-4
			6)	uai	843	1131	1.6589106E-4
			7)	uad	862	1089	1.5973065E-4
			8)	uar	968	931	1.3655577E-4
			9)	uam	1727	243	3.5642377E-5
		5)	ui	0	0	0.0
			1)	uit	277	3714	5.4475636E-4
			2)	ui_	591	1782	2.6137743E-4
			3)	uir	636	1641	2.4069606E-4
			4)	uin	821	1165	1.7087806E-4
			5)	uiç	912	1004	1.4726316E-4
			6)	uil	993	899	1.3186214E-4
			7)	uid	1292	529	7.7591845E-5
			8)	uis	1603	311	4.5616376E-5
		6)	ut	0	0	0.0
			1)	uta	314	3359	4.926862E-4
			2)	utr	443	2429	3.562771E-4
			3)	uto	489	2213	3.24595E-4
			4)	uti	742	1336	1.9595974E-4
			5)	utu	797	1227	1.79972E-4
		7)	un	0	0	0.0
			1)	und	324	3266	4.790453E-4
			2)	uni	366	2876	4.2184148E-4
			3)	unt	477	2282	3.3471567E-4
			4)	uns	811	1190	1.7454497E-4
			5)	unc	880	1061	1.5562371E-4
			6)	una	1543	347	5.0896728E-5
		8)	ul	0	0	0.0
			1)	ula	362	2921	4.284419E-4
			2)	ult	503	2143	3.1432763E-4
			3)	ulo	905	1009	1.4799654E-4
			4)	ulh	1226	589	8.639243E-5
			5)	ulg	1584	321	4.708314E-5
			6)	uld	1781	225	3.30022E-5
		9)	uç	0	0	0.0
			1)	uçã	473	2335	3.424895E-4
			2)	uçõ	1748	235	3.4468965E-5
		10)	us	0	0	0.0
			1)	ust	582	1812	2.6577772E-4
			2)	us_	657	1598	2.3438896E-4
			3)	usa	1006	882	1.2936864E-4
			4)	usi	1404	436	6.395093E-5
			5)	usã	1512	365	5.3536904E-5
			6)	uss	1592	315	4.620308E-5
			7)	uso	1628	294	4.3122876E-5
			8)	use	1640	286	4.1949465E-5
			9)	usõ	1795	220	3.2268817E-5
			10)	usc	1811	215	3.1535437E-5
		11)	ud	0	0	0.0
			1)	udo	708	1448	2.123875E-4
			2)	uda	874	1071	1.5709049E-4
			3)	ude	1179	639	9.372625E-5
			4)	udi	1363	470	6.893793E-5
		12)	ug	0	0	0.0
			1)	uga	799	1225	1.7967865E-4
			2)	ugu	1659	277	4.0629377E-5
			3)	ugi	1753	234	3.432229E-5
		13)	up	0	0	0.0
			1)	upo	901	1020	1.4960999E-4
			2)	upa	1014	872	1.2790186E-4
			3)	upe	1536	350	5.133676E-5
		14)	uz	0	0	0.0
			1)	uzi	979	915	1.3420895E-4
		15)	ub	0	0	0.0
			1)	ubs	1144	686	1.0062005E-4
			2)	ubl	1598	313	4.590973E-5
		16)	uc	0	0	0.0
			1)	uco	1248	562	8.243217E-5
			2)	uci	1475	389	5.705714E-5
			3)	uce	1776	228	3.344223E-5
			4)	uca	1812	215	3.1535437E-5
		17)	uí	0	0	0.0
			1)	uíd	1317	508	7.4511634E-5
		18)	uê	0	0	0.0
			1)	uên	1322	503	7.3778254E-5
		19)	uo	0	0	0.0
			1)	uos	1400	438	6.424428E-5
		20)	uf	0	0	0.0
			1)	ufi	1468	393	5.7643847E-5
		21)	uv	0	0	0.0
			1)	uvi	1532	352	5.163011E-5
			2)	uve	1731	241	3.5349025E-5
		22)	ux	0	0	0.0
			1)	uxí	1794	220	3.2268817E-5
	9)	n	0	0	0.0
		1)	nt	0	0	0.0
			1)	nte	13	33598	0.004928035
			2)	nto	52	15012	0.0022019069
			3)	nta	84	10760	0.0015782386
			4)	ntr	122	7386	0.0010833523
			5)	nti	246	4146	6.081206E-4
			6)	ntu	1158	667	9.7833195E-5
			7)	ntá	1374	459	6.7324494E-5
			8)	ntã	1666	274	4.018935E-5
			9)	ntí	1840	206	3.021535E-5
		2)	no	0	0	0.0
			1)	no_	81	11168	0.0016380826
			2)	nos	89	10304	0.0015113541
			3)	nov	498	2164	3.1740783E-4
			4)	nom	609	1724	2.528702E-4
			5)	nor	736	1356	1.9889326E-4
			6)	nol	1504	370	5.4270287E-5
			7)	nou	1540	349	5.119008E-5
			8)	not	1672	270	3.960264E-5
		3)	nã	0	0	0.0
			1)	não	86	10634	0.0015597574
		4)	nc	0	0	0.0
			1)	nci	101	8967	0.0013152477
			2)	nce	455	2389	3.5041003E-4
			3)	nco	493	2193	3.2166147E-4
			4)	ncl	772	1287	1.887726E-4
			5)	ncí	957	953	1.3978266E-4
			6)	ncr	1159	667	9.7833195E-5
			7)	nca	1262	551	8.0818725E-5
		5)	na	0	0	0.0
			1)	na_	103	8360	0.0012262152
			2)	nas	299	3519	5.1615445E-4
			3)	nal	337	3185	4.671645E-4
			4)	nad	549	1944	2.8513902E-4
			5)	nac	655	1603	2.3512235E-4
			6)	nan	688	1491	2.186946E-4
			7)	nai	726	1385	2.0314689E-4
			8)	nar	781	1268	1.8598574E-4
			9)	nat	974	923	1.3538236E-4
			10)	nam	1029	847	1.2423495E-4
			11)	naç	1052	816	1.1968798E-4
			12)	nav	1668	274	4.018935E-5
		6)	nh	0	0	0.0
			1)	nho	153	6305	9.2479505E-4
			2)	nha	325	3259	4.7801854E-4
			3)	nhe	747	1328	1.9478632E-4
			4)	nhã	1528	356	5.2216816E-5
			5)	nhu	1706	252	3.6962465E-5
		7)	nd	0	0	0.0
			1)	ndo	157	6253	9.1716787E-4
			2)	nde	198	5033	7.3822256E-4
			3)	nda	284	3656	5.362491E-4
			4)	ndi	426	2510	3.681579E-4
			5)	ndu	1318	508	7.4511634E-5
			6)	ndú	1685	263	3.8575905E-5
			7)	ndê	1769	230	3.3735585E-5
		8)	ns	0	0	0.0
			1)	nst	283	3657	5.3639576E-4
			2)	nsi	460	2370	3.476232E-4
			3)	nse	564	1885	2.764851E-4
			4)	nsa	577	1825	2.6768452E-4
			5)	ns_	589	1798	2.6372427E-4
			6)	nso	859	1094	1.6046404E-4
			7)	nsu	928	981	1.438896E-4
			8)	nsp	1139	695	1.0194013E-4
			9)	nsá	1410	431	6.321755E-5
			10)	nsf	1457	405	5.9403963E-5
			11)	nsc	1463	402	5.8963935E-5
			12)	nsã	1467	394	5.7790523E-5
		9)	ne	0	0	0.0
			1)	nes	339	3157	4.6305754E-4
			2)	nec	463	2367	3.4718317E-4
			3)	ner	995	895	1.3127542E-4
			4)	neg	1080	778	1.1411428E-4
			5)	nem	1152	672	9.8566576E-5
			6)	nen	1200	615	9.020602E-5
			7)	ne_	1487	382	5.6030403E-5
			8)	nei	1524	357	5.236349E-5
			9)	nef	1534	351	5.1483436E-5
			10)	net	1678	266	3.9015937E-5
			11)	nea	1697	256	3.7549173E-5
		10)	ni	0	0	0.0
			1)	nic	363	2909	4.266818E-4
			2)	nid	825	1151	1.688246E-4
			3)	nit	835	1141	1.6735784E-4
			4)	nif	956	954	1.3992934E-4
			5)	nio	986	908	1.3318221E-4
			6)	niz	1003	886	1.2995534E-4
			7)	nis	1009	879	1.289286E-4
			8)	niã	1110	735	1.07807195E-4
			9)	nim	1132	703	1.0311355E-4
			10)	nir	1700	253	3.710914E-5
			11)	nia	1705	252	3.6962465E-5
			12)	niç	1824	211	3.094873E-5
		11)	nç	0	0	0.0
			1)	nça	374	2816	4.130409E-4
			2)	nçã	713	1429	2.0960065E-4
			3)	nçõ	1283	532	7.803187E-5
		12)	nv	0	0	0.0
			1)	nvo	521	2070	3.0362024E-4
			2)	nve	733	1370	2.0094674E-4
			3)	nvi	1314	511	7.495167E-5
		13)	nu	0	0	0.0
			1)	num	711	1436	2.1062739E-4
			2)	nua	950	962	1.4110275E-4
			3)	nun	1275	543	7.964531E-5
		14)	ní	0	0	0.0
			1)	nív	808	1197	1.7557171E-4
			2)	níc	1758	233	3.4175613E-5
		15)	nf	0	0	0.0
			1)	nfo	839	1137	1.6677112E-4
			2)	nfi	1236	580	8.5072345E-5
			3)	nfe	1256	557	8.169878E-5
			4)	nfr	1425	422	6.189746E-5
			5)	nfl	1478	385	5.6470435E-5
		16)	nó	0	0	0.0
			1)	nóm	887	1050	1.5401027E-4
			2)	nós	1002	889	1.3039536E-4
		17)	nq	0	0	0.0
			1)	nqu	1074	791	1.16021074E-4
		18)	nj	0	0	0.0
			1)	nju	1188	632	9.269952E-5
		19)	nú	0	0	0.0
			1)	núm	1266	549	8.052537E-5
		20)	ná	0	0	0.0
			1)	nár	1381	452	6.6297755E-5
			2)	nál	1708	250	3.6669113E-5
		21)	ng	0	0	0.0
			1)	nge	1390	443	6.497767E-5
			2)	ngu	1412	430	6.3070875E-5
			3)	ngo	1514	364	5.3390228E-5
			4)	ngi	1620	301	4.4149612E-5
			5)	ngr	1667	274	4.018935E-5
			6)	nga	1831	208	3.0508701E-5
	10)	t	0	0	0.0
		1)	te	0	0	0.0
			1)	te_	16	30527	0.004477592
			2)	ter	70	12396	0.0018182013
			3)	tem	125	7262	0.0010651643
			4)	tes	152	6325	9.2772854E-4
			5)	ten	176	5716	8.384026E-4
			6)	tec	573	1847	2.709114E-4
			7)	teg	984	912	1.3376892E-4
			8)	tei	1053	814	1.1939463E-4
			9)	tex	1129	711	1.04286955E-4
			10)	tel	1515	362	5.3096875E-5
			11)	tej	1813	215	3.1535437E-5
			12)	tev	1821	211	3.094873E-5
		2)	to	0	0	0.0
			1)	to_	21	26418	0.0038748984
			2)	tos	104	8358	0.0012259218
			3)	tod	247	4137	6.068005E-4
			4)	tor	266	3884	5.6969136E-4
			5)	tom	817	1168	1.713181E-4
			6)	tou	860	1091	1.60024E-4
			7)	tot	1377	455	6.673778E-5
		3)	ta	0	0	0.0
			1)	ta_	59	13400	0.0019654646
			2)	tar	100	8999	0.0013199414
			3)	tam	118	7623	0.0011181146
			4)	tad	160	6180	9.0646045E-4
			5)	tan	196	5123	7.514235E-4
			6)	tas	214	4691	6.8805926E-4
			7)	tal	353	3044	4.464831E-4
			8)	taç	393	2673	3.9206614E-4
			9)	tai	803	1208	1.7718515E-4
			10)	tab	923	988	1.4491634E-4
			11)	tat	1061	808	1.18514574E-4
			12)	tav	1593	315	4.620308E-5
			13)	tag	1761	232	3.4028937E-5
			14)	tax	1839	206	3.021535E-5
		4)	tr	0	0	0.0
			1)	tra	75	11685	0.0017139143
			2)	tro	255	4065	5.9623976E-4
			3)	tre	400	2616	3.837056E-4
			4)	tri	459	2373	3.4806321E-4
			5)	tru	670	1569	2.3013535E-4
			6)	trá	1193	626	9.181946E-5
			7)	trê	1568	330	4.8403228E-5
			8)	tró	1760	232	3.4028937E-5
		5)	ti	0	0	0.0
			1)	tiv	90	10256	0.0015043137
			2)	tic	139	6804	9.979865E-4
			3)	tid	404	2593	3.8033203E-4
			4)	tin	492	2195	3.219548E-4
			5)	tit	495	2174	3.188746E-4
			6)	tir	527	2043	2.9966E-4
			7)	tim	547	1958	2.871925E-4
			8)	til	718	1419	2.0813389E-4
			9)	tig	882	1059	1.5533036E-4
			10)	tip	1170	657	9.636643E-5
			11)	tif	1191	629	9.2259485E-5
			12)	tis	1295	526	7.715181E-5
			13)	tiç	1636	290	4.2536172E-5
			14)	tia	1665	274	4.018935E-5
			15)	tiz	1670	271	3.9749317E-5
		6)	tu	0	0	0.0
			1)	tur	262	3945	5.786386E-4
			2)	tua	378	2781	4.079072E-4
			3)	tud	585	1803	2.6445763E-4
			4)	tui	754	1319	1.9346624E-4
			5)	tul	1169	657	9.636643E-5
			6)	tun	1311	512	7.5098345E-5
			7)	tug	1703	252	3.6962465E-5
			8)	tuc	1802	218	3.1975465E-5
		7)	tã	0	0	0.0
			1)	tão	279	3674	5.3888926E-4
		8)	tó	0	0	0.0
			1)	tór	355	3035	4.4516302E-4
		9)	tá	0	0	0.0
			1)	tá_	641	1635	2.39816E-4
			2)	tár	724	1392	2.0417362E-4
			3)	táv	1213	604	8.859258E-5
			4)	tás	1851	202	2.9628643E-5
		10)	té	0	0	0.0
			1)	tér	752	1320	1.9361291E-4
			2)	té_	996	893	1.3098207E-4
			3)	tég	1439	413	6.0577375E-5
			4)	téc	1723	244	3.5789053E-5
		11)	tâ	0	0	0.0
			1)	tân	949	962	1.4110275E-4
		12)	tê	0	0	0.0
			1)	têm	1011	878	1.2878192E-4
			2)	tên	1133	702	1.0296687E-4
		13)	tõ	0	0	0.0
			1)	tõe	1097	750	1.10007335E-4
	11)	m	0	0	0.0
		1)	me	0	0	0.0
			1)	men	19	26986	0.003958211
			2)	me_	346	3110	4.5616378E-4
			3)	mer	423	2514	3.687446E-4
			4)	mes	465	2364	3.4674312E-4
			5)	mei	499	2161	3.169678E-4
			6)	med	615	1704	2.4993668E-4
			7)	mel	796	1231	1.8055871E-4
			8)	meu	908	1008	1.4784986E-4
			9)	mea	1116	727	1.0663378E-4
			10)	met	1171	655	9.6073076E-5
			11)	mem	1238	578	8.4778985E-5
			12)	meç	1538	350	5.133676E-5
			13)	mec	1766	231	3.388226E-5
		2)	ma	0	0	0.0
			1)	ma_	41	17303	0.0025379427
			2)	mas	133	6932	0.0010167612
			3)	mai	167	5939	8.7111146E-4
			4)	man	306	3466	5.083806E-4
			5)	mar	584	1806	2.6489768E-4
			6)	mat	700	1474	2.162011E-4
			7)	maç	793	1247	1.8290554E-4
			8)	mad	941	969	1.4212949E-4
			9)	mam	1349	478	7.0111346E-5
			10)	mal	1415	428	6.277752E-5
			11)	mag	1744	236	3.461564E-5
		3)	mo	0	0	0.0
			1)	mos	60	13397	0.0019650245
			2)	mo_	106	8266	0.0012124275
			3)	mod	703	1465	2.14881E-4
			4)	mon	926	983	1.4418295E-4
			5)	moc	1148	674	9.885993E-5
			6)	mom	1175	651	9.548637E-5
			7)	mot	1245	564	8.272552E-5
			8)	mor	1348	478	7.0111346E-5
			9)	mov	1533	352	5.163011E-5
			10)	mou	1743	236	3.461564E-5
			11)	moç	1852	202	2.9628643E-5
		4)	mp	0	0	0.0
			1)	mpr	269	3863	5.666111E-4
			2)	mpo	270	3860	5.661711E-4
			3)	mpl	421	2523	3.700647E-4
			4)	mpe	679	1536	2.2529502E-4
			5)	mpa	1032	845	1.239416E-4
		5)	mb	0	0	0.0
			1)	mbé	289	3603	5.2847527E-4
			2)	mbi	542	1969	2.8880592E-4
			3)	mbr	1241	575	8.433896E-5
			4)	mba	1261	552	8.09654E-5
			5)	mbo	1280	537	7.876525E-5
			6)	mbl	1497	376	5.5150347E-5
		6)	mi	0	0	0.0
			1)	min	296	3554	5.212881E-4
			2)	mit	500	2160	3.1682113E-4
			3)	mis	687	1495	2.192813E-4
			4)	mic	791	1248	1.8305221E-4
			5)	mil	878	1063	1.5591706E-4
			6)	mid	989	904	1.3259551E-4
			7)	mia	1284	532	7.803187E-5
			8)	mig	1491	379	5.5590375E-5
			9)	mir	1626	296	4.341623E-5
		7)	mu	0	0	0.0
			1)	mui	311	3399	4.985533E-4
			2)	mun	418	2528	3.7079808E-4
			3)	mul	812	1189	1.743983E-4
			4)	mum	1163	663	9.7246484E-5
			5)	mud	1724	244	3.5789053E-5
		8)	mí	0	0	0.0
			1)	mín	987	906	1.3288886E-4
		9)	má	0	0	0.0
			1)	mát	1594	315	4.620308E-5
		10)	mé	0	0	0.0
			1)	mér	1633	292	4.2829524E-5
			2)	méd	1770	230	3.3735585E-5
		11)	ms	0	0	0.0
			1)	mse	1712	247	3.6229085E-5
	12)	ç	0	0	0.0
		1)	çã	0	0	0.0
			1)	ção	27	25027	0.0036708715
		2)	çõ	0	0	0.0
			1)	çõe	109	7948	0.0011657844
		3)	ça	0	0	0.0
			1)	ça_	415	2546	3.7343823E-4
			2)	ças	1007	880	1.2907527E-4
			3)	çar	1041	836	1.2262151E-4
			4)	çam	1056	812	1.1910128E-4
			5)	çad	1383	451	6.615108E-5
		4)	ço	0	0	0.0
			1)	ço_	710	1437	2.1077406E-4
			2)	ços	907	1008	1.4784986E-4
	13)	c	0	0	0.0
		1)	co	0	0	0.0
			1)	con	30	23968	0.003515541
			2)	com	35	20601	0.0030216817
			3)	cor	250	4111	6.029869E-4
			4)	co_	267	3881	5.692513E-4
			5)	col	348	3073	4.5073673E-4
			6)	cos	491	2200	3.226882E-4
			7)	coo	991	904	1.3259551E-4
			8)	coi	1345	481	7.0551374E-5
			9)	coe	1359	473	6.937796E-5
			10)	cou	1797	220	3.2268817E-5
			11)	cob	1800	219	3.212214E-5
		2)	ci	0	0	0.0
			1)	cia	71	12317	0.0018066139
			2)	cio	193	5187	7.6081074E-4
			3)	cid	350	3072	4.5059004E-4
			4)	cis	456	2387	3.501167E-4
			5)	cie	660	1588	2.329222E-4
			6)	cim	727	1385	2.0314689E-4
			7)	cip	870	1078	1.5811721E-4
			8)	cit	916	1002	1.469698E-4
			9)	cil	1196	622	9.123275E-5
			10)	cin	1224	590	8.6539105E-5
			11)	cir	1556	337	4.9429964E-5
			12)	civ	1601	313	4.590973E-5
			13)	ciê	1602	312	4.5763052E-5
		3)	ca	0	0	0.0
			1)	ca_	137	6813	9.993067E-4
			2)	cas	242	4212	6.178012E-4
			3)	cad	310	3417	5.0119346E-4
			4)	car	323	3304	4.84619E-4
			5)	caç	552	1940	2.845523E-4
			6)	cam	673	1551	2.2749517E-4
			7)	can	697	1478	2.167878E-4
			8)	cau	1055	814	1.1939463E-4
			9)	cap	1067	798	1.17047806E-4
			10)	cal	1082	777	1.139676E-4
			11)	cab	1195	624	9.1526104E-5
			12)	cat	1229	584	8.565905E-5
			13)	cai	1416	428	6.277752E-5
			14)	caz	1517	361	5.29502E-5
		4)	ct	0	0	0.0
			1)	cto	222	4560	6.688446E-4
			2)	cti	261	3994	5.8582576E-4
			3)	ctu	795	1243	1.8231882E-4
			4)	cta	847	1119	1.6413095E-4
			5)	cte	1481	385	5.6470435E-5
			6)	ctr	1656	280	4.1069405E-5
		5)	ce	0	0	0.0
			1)	ces	238	4295	6.2997534E-4
			2)	cer	292	3594	5.271552E-4
			3)	cei	470	2352	3.44983E-4
			4)	cen	586	1803	2.6445763E-4
			5)	ce_	731	1371	2.0109341E-4
			6)	ced	778	1277	1.8730582E-4
			7)	cem	1326	501	7.34849E-5
			8)	cep	1367	469	6.8791254E-5
			9)	ceb	1402	438	6.424428E-5
			10)	cel	1421	426	6.248417E-5
			11)	ceu	1789	222	3.2562173E-5
		6)	cr	0	0	0.0
			1)	cri	382	2759	4.0468032E-4
			2)	cre	524	2053	3.0112674E-4
			3)	cra	1332	495	7.2604846E-5
			4)	crá	1571	330	4.8403228E-5
			5)	crí	1853	201	2.9481967E-5
		7)	cu	0	0	0.0
			1)	cul	420	2524	3.7021138E-4
			2)	cur	738	1350	1.9801321E-4
			3)	cup	966	932	1.3670245E-4
			4)	cus	1010	879	1.289286E-4
			5)	cum	1021	859	1.2599507E-4
			6)	cut	1464	397	5.823055E-5
			7)	cuj	1585	321	4.708314E-5
			8)	cuç	1677	267	3.9162613E-5
			9)	cun	1679	266	3.9015937E-5
		8)	cl	0	0	0.0
			1)	cla	525	2052	3.009801E-4
			2)	clu	658	1598	2.3438896E-4
		9)	cç	0	0	0.0
			1)	cçã	653	1606	2.3556239E-4
			2)	cçõ	1246	563	8.2578845E-5
		10)	cí	0	0	0.0
			1)	cíp	937	975	1.4300954E-4
			2)	cíf	1494	378	5.54437E-5
			3)	cíc	1561	335	4.913661E-5
		11)	ch	0	0	0.0
			1)	che	1108	737	1.0810055E-4
			2)	cha	1141	692	1.015001E-4
			3)	cho	1505	370	5.4270287E-5
		12)	cn	0	0	0.0
			1)	cno	1506	369	5.412361E-5
			2)	cni	1695	257	3.769585E-5
	14)	r	0	0	0.0
		1)	ra	0	0	0.0
			1)	ra_	34	20628	0.003025642
			2)	ran	158	6220	9.1232755E-4
			3)	ram	169	5926	8.6920464E-4
			4)	raç	208	4874	7.14901E-4
			5)	rad	297	3553	5.2114145E-4
			6)	rar	331	3215	4.715648E-4
			7)	rat	354	3038	4.4560304E-4
			8)	ras	356	3033	4.448697E-4
			9)	ral	522	2067	3.0318022E-4
			10)	rab	540	1977	2.8997933E-4
			11)	rav	745	1330	1.9507969E-4
			12)	raz	756	1317	1.9317289E-4
			13)	rac	898	1026	1.5049004E-4
			14)	rai	1128	712	1.0443363E-4
			15)	rap	1274	544	7.979199E-5
			16)	rag	1715	245	3.593573E-5
			17)	rau	1848	203	2.977532E-5
		2)	re	0	0	0.0
			1)	res	38	18566	0.002723195
			2)	rec	107	8070	0.001183679
			3)	re_	148	6456	9.469432E-4
			4)	rel	165	6031	8.846057E-4
			5)	reg	219	4584	6.7236484E-4
			6)	rem	256	4060	5.955064E-4
			7)	ref	271	3814	5.59424E-4
			8)	rei	305	3466	5.083806E-4
			9)	ret	428	2505	3.674245E-4
			10)	ren	446	2426	3.5583708E-4
			11)	rea	472	2345	3.439563E-4
			12)	rev	536	1999	2.9320622E-4
			13)	rep	628	1669	2.44803E-4
			14)	red	818	1168	1.713181E-4
			15)	reo	1137	698	1.0238016E-4
			16)	rez	1204	611	8.961931E-5
			17)	ree	1222	593	8.697913E-5
			18)	req	1389	444	6.5124346E-5
			19)	rer	1441	413	6.0577375E-5
			20)	rej	1493	378	5.54437E-5
			21)	reu	1516	361	5.29502E-5
			22)	reç	1580	324	4.752317E-5
		3)	ri	0	0	0.0
			1)	ria	76	11572	0.0016973399
			2)	rio	110	7881	0.0011559571
			3)	rim	447	2424	3.555437E-4
			4)	rig	534	2008	2.945263E-4
			5)	rid	619	1688	2.4758984E-4
			6)	rin	629	1665	2.442163E-4
			7)	rit	705	1463	2.1458765E-4
			8)	ris	734	1360	1.9947997E-4
			9)	rib	739	1348	1.9771986E-4
			10)	ric	806	1201	1.7615841E-4
			11)	rie	927	981	1.438896E-4
			12)	rir	1101	741	1.0868725E-4
			13)	rif	1166	658	9.6513104E-5
			14)	riz	1199	618	9.064605E-5
			15)	riv	1554	339	4.9723316E-5
			16)	riu	1784	224	3.2855525E-5
			17)	riç	1822	211	3.094873E-5
		4)	ro	0	0	0.0
			1)	ro_	144	6604	9.6865126E-4
			2)	rop	200	4997	7.3294225E-4
			3)	ros	263	3928	5.761451E-4
			4)	roc	424	2512	3.6845123E-4
			5)	rog	604	1738	2.5492368E-4
			6)	rov	614	1704	2.4993668E-4
			7)	rod	640	1636	2.3996267E-4
			8)	rob	757	1316	1.9302621E-4
			9)	rom	792	1247	1.8290554E-4
			10)	rot	815	1172	1.719048E-4
			11)	rol	921	992	1.4550304E-4
			12)	rof	1113	732	1.0736716E-4
			13)	ron	1135	702	1.0296687E-4
			14)	roj	1147	676	9.915328E-5
			15)	rou	1537	350	5.133676E-5
		5)	rm	0	0	0.0
			1)	rma	195	5167	7.5787725E-4
			2)	rmo	482	2269	3.3280888E-4
			3)	rmi	568	1867	2.7384493E-4
			4)	rme	828	1147	1.682379E-4
			5)	rmu	1788	222	3.2562173E-5
		6)	rt	0	0	0.0
			1)	rta	281	3672	5.3859595E-4
			2)	rte	395	2663	3.905994E-4
			3)	rti	396	2659	3.900127E-4
			4)	rtu	883	1059	1.5533036E-4
			5)	rto	946	964	1.413961E-4
			6)	rtâ	1369	469	6.8791254E-5
		7)	rá	0	0	0.0
			1)	rá_	295	3556	5.2158145E-4
			2)	rát	1083	776	1.13820926E-4
			3)	rár	1449	409	5.9990667E-5
			4)	ráv	1489	381	5.5883727E-5
			5)	rác	1805	217	3.182879E-5
			6)	ráf	1829	209	3.0655377E-5
		8)	rd	0	0	0.0
			1)	rda	444	2429	3.562771E-4
			2)	rdo	717	1421	2.0842724E-4
			3)	rde	785	1263	1.8525236E-4
			4)	rdi	1639	289	4.2389493E-5
		9)	rn	0	0	0.0
			1)	rna	576	1829	2.6827122E-4
			2)	rno	798	1226	1.7982534E-4
			3)	rne	1456	405	5.9403963E-5
		10)	rr	0	0	0.0
			1)	rre	624	1676	2.4582972E-4
			2)	rra	1022	855	1.2540836E-4
			3)	rro	1223	590	8.6539105E-5
			4)	rri	1353	476	6.9817994E-5
			5)	rrê	1440	413	6.0577375E-5
		11)	rc	0	0	0.0
			1)	rca	678	1537	2.254417E-4
			2)	rce	846	1119	1.6413095E-4
			3)	rci	1037	840	1.2320821E-4
			4)	rcu	1378	455	6.673778E-5
			5)	rcí	1562	334	4.8989936E-5
		12)	rg	0	0	0.0
			1)	rga	749	1325	1.943463E-4
			2)	rgu	856	1102	1.6163745E-4
			3)	rgi	1254	559	8.199213E-5
			4)	rge	1578	325	4.7669848E-5
			5)	rgo	1650	281	4.1216084E-5
			6)	rgê	1765	231	3.388226E-5
		13)	rã	0	0	0.0
			1)	rão	753	1320	1.9361291E-4
		14)	rê	0	0	0.0
			1)	rên	760	1311	1.9229282E-4
			2)	rês	1569	330	4.8403228E-5
		15)	rç	0	0	0.0
			1)	rça	801	1210	1.774785E-4
			2)	rço	1209	607	8.9032605E-5
		16)	rq	0	0	0.0
			1)	rqu	866	1085	1.5914395E-4
		17)	rv	0	0	0.0
			1)	rvi	893	1039	1.5239684E-4
			2)	rva	1107	738	1.0824722E-4
			3)	rve	1156	668	9.797987E-5
		18)	ró	0	0	0.0
			1)	róp	896	1029	1.5093006E-4
			2)	róx	1282	534	7.8325225E-5
		19)	rs	0	0	0.0
			1)	rso	940	970	1.4227616E-4
			2)	rse	1121	721	1.0575372E-4
			3)	rsa	1590	317	4.6496436E-5
			4)	rsp	1629	294	4.3122876E-5
			5)	rsi	1835	207	3.0362025E-5
		20)	ru	0	0	0.0
			1)	rup	953	961	1.4095606E-4
			2)	rut	1086	768	1.1264751E-4
			3)	rum	1368	469	6.8791254E-5
			4)	ruç	1608	308	4.5176348E-5
			5)	rur	1820	212	3.109541E-5
		21)	rí	0	0	0.0
			1)	ría	1333	493	7.231149E-5
			2)	ríd	1376	456	6.688446E-5
			3)	río	1484	383	5.617708E-5
			4)	rít	1663	276	4.04827E-5
			5)	ríc	1847	203	2.977532E-5
		22)	ré	0	0	0.0
			1)	rém	1518	360	5.2803523E-5
		23)	rl	0	0	0.0
			1)	rla	1588	319	4.6789788E-5
		24)	rb	0	0	0.0
			1)	rba	1737	238	3.4908997E-5
		25)	râ	0	0	0.0
			1)	rân	1749	235	3.4468965E-5
		26)	rf	0	0	0.0
			1)	rfe	1757	233	3.4175613E-5
	15)	s	0	0	0.0
		1)	st	0	0	0.0
			1)	sta	40	17596	0.0025809188
			2)	ste	98	9050	0.0013274219
			3)	sti	212	4702	6.8967266E-4
			4)	str	225	4517	6.625375E-4
			5)	sto	300	3514	5.1542104E-4
			6)	stã	368	2850	4.180279E-4
			7)	stá	575	1832	2.6871127E-4
			8)	stõ	1100	741	1.0868725E-4
			9)	stu	1452	408	5.984399E-5
			10)	stâ	1526	356	5.2216816E-5
			11)	stê	1530	353	5.1776788E-5
			12)	stó	1844	204	2.9921996E-5
		2)	se	0	0	0.0
			1)	se_	47	15895	0.0023314222
			2)	sen	73	12276	0.0018006001
			3)	ser	113	7792	0.0011429029
			4)	seg	232	4401	6.455231E-4
			5)	ses	276	3725	5.4636976E-4
			6)	sem	315	3354	4.919528E-4
			7)	sej	439	2450	3.593573E-4
			8)	seu	442	2431	3.5657044E-4
			9)	sec	1050	820	1.20274686E-4
			10)	seq	1162	664	9.739316E-5
			11)	sei	1258	555	8.140543E-5
			12)	sel	1764	231	3.388226E-5
			13)	sex	1790	221	3.2415497E-5
		3)	so	0	0	0.0
			1)	so_	99	9032	0.0013247817
			2)	sob	252	4097	6.0093345E-4
			3)	sos	386	2703	3.9646644E-4
			4)	sol	440	2440	3.5789053E-4
			5)	soc	478	2280	3.344223E-4
			6)	soa	830	1143	1.6765119E-4
			7)	sou	1531	353	5.1776788E-5
			8)	som	1615	304	4.458964E-5
		4)	ss	0	0	0.0
			1)	sso	105	8313	0.0012193214
			2)	ssa	146	6495	9.5266354E-4
			3)	sse	161	6176	9.058738E-4
			4)	ssi	286	3630	5.3243554E-4
			5)	ssã	690	1487	2.1810789E-4
			6)	ssá	774	1284	1.8833256E-4
			7)	ssí	834	1141	1.6735784E-4
			8)	ssu	845	1122	1.6457097E-4
			9)	ssõ	1455	407	5.9697315E-5
		5)	sã	0	0	0.0
			1)	são	159	6203	9.0983405E-4
		6)	sa	0	0	0.0
			1)	sa_	171	5839	8.564438E-4
			2)	sas	373	2827	4.1465432E-4
			3)	sab	648	1615	2.3688246E-4
			4)	sar	684	1513	2.2192147E-4
			5)	sam	714	1428	2.0945397E-4
			6)	sad	920	992	1.4550304E-4
			7)	sal	1153	671	9.84199E-5
			8)	san	1301	521	7.641843E-5
			9)	sat	1375	458	6.717782E-5
			10)	saú	1502	371	5.4416963E-5
			11)	sag	1610	307	4.5029672E-5
			12)	saf	1778	228	3.344223E-5
		7)	sp	0	0	0.0
			1)	spe	173	5765	8.4558973E-4
			2)	spo	321	3322	4.8725918E-4
			3)	spa	1142	688	1.009134E-4
		8)	si	0	0	0.0
			1)	sid	312	3370	4.9429963E-4
			2)	sit	474	2327	3.413161E-4
			3)	sim	520	2080	3.0508701E-4
			4)	sis	595	1773	2.6005734E-4
			5)	siç	691	1487	2.1810789E-4
			6)	sig	944	967	1.4183614E-4
			7)	siv	1048	821	1.2042137E-4
			8)	sin	1127	714	1.0472698E-4
			9)	sib	1154	670	9.827322E-5
			10)	sia	1445	410	6.0137343E-5
			11)	sil	1704	252	3.6962465E-5
			12)	sio	1710	249	3.6522437E-5
			13)	si_	1798	219	3.212214E-5
		9)	su	0	0	0.0
			1)	sua	364	2878	4.2213482E-4
			2)	sub	788	1257	1.843723E-4
			3)	sum	881	1061	1.5562371E-4
			4)	sul	998	892	1.308354E-4
			5)	sup	1217	598	8.771252E-5
			6)	sus	1230	582	8.53657E-5
			7)	sun	1299	525	7.7005134E-5
			8)	suf	1436	415	6.0870727E-5
			9)	sur	1622	300	4.4002936E-5
			10)	suc	1806	216	3.1682113E-5
		10)	sm	0	0	0.0
			1)	smo	458	2376	3.4850324E-4
			2)	sma	1352	476	6.9817994E-5
		11)	sá	0	0	0.0
			1)	sár	750	1322	1.9390626E-4
			2)	sáv	1413	429	6.29242E-5
		12)	sí	0	0	0.0
			1)	sív	755	1317	1.9317289E-4
			2)	síd	1476	386	5.661711E-5
		13)	sõ	0	0	0.0
			1)	sõe	807	1197	1.7557171E-4
		14)	sc	0	0	0.0
			1)	sco	888	1049	1.538636E-4
			2)	sca	972	924	1.3552904E-4
			3)	sci	1015	867	1.2716849E-4
			4)	scr	1118	726	1.064871E-4
			5)	scu	1134	702	1.0296687E-4
			6)	sce	1264	550	8.067205E-5
		15)	só	0	0	0.0
			1)	só_	943	968	1.419828E-4
		16)	sl	0	0	0.0
			1)	sla	1049	820	1.20274686E-4
		17)	sf	0	0	0.0
			1)	sfo	1212	605	8.873925E-5
			2)	sfe	1587	319	4.6789788E-5
			3)	sfa	1607	308	4.5176348E-5
		18)	sq	0	0	0.0
			1)	squ	1343	481	7.0551374E-5
		19)	sd	0	0	0.0
			1)	sde	1380	452	6.6297755E-5
		20)	sé	0	0	0.0
			1)	sér	1448	409	5.9990667E-5
	16)	p	0	0	0.0
		1)	pa	0	0	0.0
			1)	par	42	17249	0.002530022
			2)	paí	405	2589	3.7974532E-4
			3)	pas	662	1585	2.3248217E-4
			4)	paç	913	1004	1.4726316E-4
			5)	pal	1075	788	1.15581046E-4
			6)	pan	1205	610	8.947263E-5
			7)	pac	1218	598	8.771252E-5
			8)	pap	1371	465	6.820455E-5
			9)	paz	1373	459	6.7324494E-5
			10)	pat	1474	391	5.735049E-5
			11)	pag	1501	372	5.456364E-5
			12)	pad	1664	275	4.0336025E-5
			13)	pai	1785	224	3.2855525E-5
			14)	pa_	1823	211	3.094873E-5
		2)	pr	0	0	0.0
			1)	pro	50	15170	0.0022250817
			2)	pre	72	12314	0.0018061738
			3)	pri	194	5178	7.5949065E-4
			4)	pró	663	1582	2.3204215E-4
			5)	pra	1064	799	1.1719448E-4
			6)	prá	1388	445	6.527102E-5
		3)	po	0	0	0.0
			1)	por	61	13369	0.0019609174
			2)	pos	102	8846	0.0012974999
			3)	pod	251	4100	6.0137344E-4
			4)	pol	282	3666	5.3771585E-4
			5)	pon	308	3443	5.0500705E-4
			6)	poi	419	2526	3.705047E-4
			7)	po_	560	1893	2.7765852E-4
			8)	pou	1119	726	1.064871E-4
			9)	pop	1453	408	5.984399E-5
			10)	pob	1605	309	4.5323024E-5
			11)	pov	1632	293	4.29762E-5
			12)	pot	1791	221	3.2415497E-5
		4)	pe	0	0	0.0
			1)	per	120	7547	0.0011069672
			2)	pel	178	5701	8.3620247E-4
			3)	pen	258	4034	5.916928E-4
			4)	pec	391	2682	3.9338623E-4
			5)	pei	416	2537	3.7211814E-4
			6)	pes	513	2096	3.0743383E-4
			7)	peu	930	980	1.4374292E-4
			8)	pet	973	924	1.3552904E-4
			9)	ped	1057	812	1.1910128E-4
			10)	peq	1527	356	5.2216816E-5
		5)	pu	0	0	0.0
			1)	put	425	2511	3.6830458E-4
			2)	pul	1202	613	8.991267E-5
		6)	pl	0	0	0.0
			1)	pli	592	1780	2.610841E-4
			2)	ple	672	1559	2.2866859E-4
			3)	plo	810	1193	1.74985E-4
			4)	pla	929	980	1.4374292E-4
		7)	pi	0	0	0.0
			1)	pio	872	1073	1.5738384E-4
			2)	pin	1164	662	9.709981E-5
			3)	pid	1334	492	7.216481E-5
			4)	pit	1550	342	5.0163348E-5
		8)	pú	0	0	0.0
			1)	púb	1124	717	1.0516702E-4
		9)	põ	0	0	0.0
			1)	põe	1293	529	7.7591845E-5
		10)	pt	0	0	0.0
			1)	pta	1297	526	7.715181E-5
		11)	pç	0	0	0.0
			1)	pçã	1372	460	6.747117E-5
		12)	pó	0	0	0.0
			1)	pós	1459	404	5.9257287E-5
		13)	pô	0	0	0.0
			1)	pôr	1779	227	3.3295553E-5
	17)	i	0	0	0.0
		1)	ia	0	0	0.0
			1)	ia_	43	17186	0.0025207815
			2)	ias	245	4164	6.1076076E-4
			3)	ial	319	3329	4.882859E-4
			4)	iar	616	1702	2.4964332E-4
			5)	iam	633	1646	2.4142944E-4
			6)	iad	696	1479	2.1693447E-4
			7)	iaç	767	1306	1.9155945E-4
			8)	ian	869	1079	1.582639E-4
			9)	iai	890	1049	1.538636E-4
			10)	iat	990	904	1.3259551E-4
		2)	id	0	0	0.0
			1)	ida	51	15163	0.0022240551
			2)	ido	168	5939	8.7111146E-4
			3)	ide	317	3341	4.9004605E-4
			4)	idi	1165	661	9.695313E-5
		3)	is	0	0	0.0
			1)	is_	56	14321	0.0021005534
			2)	ist	116	7671	0.001125155
			3)	iss	254	4068	5.966798E-4
			4)	isa	627	1673	2.453897E-4
			5)	isc	665	1574	2.3086874E-4
			6)	isp	712	1435	2.104807E-4
			7)	ism	867	1085	1.5914395E-4
			8)	isã	915	1004	1.4726316E-4
			9)	isl	1051	820	1.20274686E-4
			10)	ise	1190	631	9.2552844E-5
			11)	iso	1239	577	8.463231E-5
			12)	isi	1432	417	6.116408E-5
			13)	isõ	1507	368	5.3976935E-5
			14)	isf	1509	367	5.383026E-5
		4)	ic	0	0	0.0
			1)	ica	57	13860	0.0020329356
			2)	ico	237	4340	6.365758E-4
			3)	ici	253	4084	5.990266E-4
			4)	icu	889	1049	1.538636E-4
			5)	icá	1544	347	5.0896728E-5
			6)	ice	1732	241	3.5349025E-5
		5)	it	0	0	0.0
			1)	ito	94	10107	0.0014824589
			2)	ita	164	6046	8.868058E-4
			3)	itu	302	3503	5.138076E-4
			4)	iti	554	1916	2.810321E-4
			5)	itá	721	1406	2.062271E-4
			6)	ite	836	1141	1.6735784E-4
			7)	ité	1495	377	5.5297023E-5
			8)	itó	1623	300	4.4002936E-5
		6)	io	0	0	0.0
			1)	io_	96	9581	0.0014053071
			2)	ion	234	4373	6.414161E-4
			3)	ios	257	4039	5.9242616E-4
			4)	ior	487	2233	3.275285E-4
			5)	iol	1401	438	6.424428E-5
		7)	im	0	0	0.0
			1)	ime	143	6656	9.7627845E-4
			2)	imp	223	4557	6.6840457E-4
			3)	im_	539	1979	2.902727E-4
			4)	ima	555	1911	2.802987E-4
			5)	imi	565	1884	2.7633843E-4
			6)	imo	566	1879	2.7560504E-4
		8)	iv	0	0	0.0
			1)	iva	147	6469	9.4884995E-4
			2)	ivo	280	3673	5.387426E-4
			3)	ive	654	1604	2.3526902E-4
			4)	ivi	764	1309	1.9199947E-4
			5)	ivr	1669	274	4.018935E-5
		9)	in	0	0	0.0
			1)	int	172	5818	8.533636E-4
			2)	ina	209	4811	7.056604E-4
			3)	ind	272	3811	5.5898394E-4
			4)	inc	294	3560	5.221682E-4
			5)	ini	383	2750	4.0336023E-4
			6)	ins	476	2296	3.3676912E-4
			7)	inh	529	2032	2.9804654E-4
			8)	inf	606	1734	2.5433698E-4
			9)	inu	902	1020	1.4960999E-4
			10)	ino	1000	890	1.3054204E-4
			11)	ine	1019	864	1.2672845E-4
			12)	inv	1030	847	1.2423495E-4
			13)	ing	1060	810	1.18807926E-4
			14)	iní	1755	234	3.432229E-5
		10)	ir	0	0	0.0
			1)	ir_	185	5440	7.9791987E-4
			2)	ire	239	4282	6.280686E-4
			3)	ira	349	3072	4.5059004E-4
			4)	iro	402	2603	3.817988E-4
			5)	irm	884	1056	1.5489034E-4
			6)	iri	1079	779	1.14260954E-4
			7)	irá	1252	560	8.213881E-5
			8)	irc	1560	335	4.913661E-5
		11)	iz	0	0	0.0
			1)	iza	226	4510	6.615108E-4
			2)	ize	719	1418	2.079872E-4
			3)	iz_	1265	550	8.067205E-5
			4)	izm	1701	253	3.710914E-5
		12)	il	0	0	0.0
			1)	ili	249	4127	6.053337E-4
			2)	ilh	875	1071	1.5709049E-4
			3)	il_	980	915	1.3420895E-4
			4)	ilo	1065	799	1.1719448E-4
			5)	ila	1519	359	5.2656847E-5
			6)	ilí	1771	230	3.3735585E-5
		13)	if	0	0	0.0
			1)	ifi	377	2791	4.0937398E-4
			2)	ife	844	1125	1.65011E-4
			3)	ifí	1581	323	4.7376492E-5
		14)	ie	0	0	0.0
			1)	ien	409	2577	3.779852E-4
			2)	ied	982	913	1.339156E-4
			3)	ie_	1479	385	5.6470435E-5
		15)	iç	0	0	0.0
			1)	içã	437	2458	3.605307E-4
			2)	içõ	664	1574	2.3086874E-4
			3)	iço	1070	797	1.1690113E-4
			4)	iça	1579	325	4.7669848E-5
		16)	ig	0	0	0.0
			1)	igo	563	1886	2.766318E-4
			2)	iga	631	1654	2.4260285E-4
			3)	igu	900	1021	1.4975666E-4
			4)	ign	917	999	1.4652977E-4
			5)	igi	1084	776	1.13820926E-4
			6)	ige	1183	637	9.34329E-5
			7)	igr	1637	290	4.2536172E-5
			8)	igê	1786	224	3.2855525E-5
		17)	iã	0	0	0.0
			1)	ião	741	1337	1.9610641E-4
		18)	ib	0	0	0.0
			1)	ibu	743	1334	1.9566639E-4
			2)	ibi	776	1279	1.8759919E-4
			3)	ibe	1076	788	1.15581046E-4
		19)	ip	0	0	0.0
			1)	ipa	919	995	1.4594306E-4
			2)	ipo	1234	581	8.521902E-5
		20)	ix	0	0	0.0
			1)	ixa	1054	814	1.1939463E-4
			2)	ixo	1825	211	3.094873E-5
		21)	iõ	0	0	0.0
			1)	iõe	1087	766	1.1235416E-4
		22)	iu	0	0	0.0
			1)	iu_	1106	739	1.083939E-4
		23)	iê	0	0	0.0
			1)	iên	1244	566	8.301887E-5
		24)	iq	0	0	0.0
			1)	iqu	1471	392	5.7497167E-5
		25)	iá	0	0	0.0
			1)	iás	1573	329	4.8256552E-5
			2)	iál	1711	249	3.6522437E-5
			3)	iár	1728	242	3.54957E-5
	18)	õ	0	0	0.0
		1)	õe	0	0	0.0
			1)	ões	78	11515	0.0016889793
			2)	õe_	1551	340	4.9869992E-5
	19)	f	0	0	0.0
		1)	fo	0	0	0.0
			1)	for	123	7373	0.0010814455
			2)	foi	590	1795	2.6328422E-4
			3)	fos	1651	281	4.1216084E-5
		2)	fi	0	0	0.0
			1)	fic	188	5419	7.948397E-4
			2)	fin	414	2558	3.7519837E-4
			3)	fir	924	988	1.4491634E-4
			4)	fim	1255	559	8.199213E-5
			5)	fia	1350	478	7.0111346E-5
			6)	fis	1541	348	5.1043404E-5
			7)	fio	1738	238	3.4908997E-5
			8)	fiz	1816	214	3.138876E-5
		3)	fe	0	0	0.0
			1)	fer	301	3505	5.1410095E-4
			2)	fei	680	1524	2.2353491E-4
			3)	fec	938	972	1.4256951E-4
			4)	fes	1093	757	1.11034075E-4
			5)	fel	1268	548	8.03787E-5
			6)	fen	1321	505	7.4071606E-5
		4)	fu	0	0	0.0
			1)	fun	475	2315	3.39556E-4
			2)	fut	1172	653	9.5779724E-5
			3)	fug	1717	245	3.593573E-5
		5)	fa	0	0	0.0
			1)	faz	514	2096	3.0743383E-4
			2)	fac	519	2083	3.0552704E-4
			3)	fal	858	1096	1.607574E-4
			4)	fav	1125	717	1.0516702E-4
			5)	fas	1358	473	6.937796E-5
			6)	faç	1563	334	4.8989936E-5
			7)	fam	1689	262	3.842923E-5
		6)	fr	0	0	0.0
			1)	fra	1092	757	1.11034075E-4
			2)	fre	1257	557	8.169878E-5
			3)	fro	1407	435	6.3804255E-5
			4)	fri	1686	263	3.8575905E-5
		7)	fí	0	0	0.0
			1)	fíc	1344	481	7.0551374E-5
		8)	fl	0	0	0.0
			1)	fle	1430	419	6.145743E-5
			2)	fli	1660	277	4.0629377E-5
	20)	v	0	0	0.0
		1)	ve	0	0	0.0
			1)	ver	141	6748	9.897727E-4
			2)	vel	216	4657	6.8307226E-4
			3)	ve_	481	2270	3.3295553E-4
			4)	ven	528	2036	2.9863324E-4
			5)	vez	588	1799	2.6387093E-4
			6)	vem	645	1632	2.3937596E-4
			7)	vei	656	1599	2.3453565E-4
			8)	ves	809	1195	1.7527836E-4
			9)	veí	1834	207	3.0362025E-5
		2)	va	0	0	0.0
			1)	va_	229	4465	6.5491034E-4
			2)	vam	485	2256	3.3090208E-4
			3)	vas	559	1893	2.7765852E-4
			4)	val	805	1206	1.768918E-4
			5)	vad	852	1111	1.6295754E-4
			6)	van	1035	841	1.233549E-4
			7)	var	1085	775	1.1367425E-4
			8)	vaç	1186	634	9.299287E-5
			9)	vai	1417	427	6.263085E-5
		3)	vi	0	0	0.0
			1)	vid	322	3307	4.8505902E-4
			2)	vis	462	2367	3.4718317E-4
			3)	vim	729	1374	2.0153345E-4
			4)	via	833	1141	1.6735784E-4
			5)	vio	1058	810	1.18807926E-4
			6)	viç	1131	705	1.034069E-4
			7)	vin	1157	667	9.7833195E-5
			8)	vir	1176	643	9.4312956E-5
			9)	vit	1379	454	6.659111E-5
			10)	viv	1431	418	6.1310755E-5
			11)	vig	1473	391	5.735049E-5
			12)	vil	1521	358	5.2510168E-5
		4)	vo	0	0	0.0
			1)	vo_	335	3191	4.6804454E-4
			2)	vol	388	2698	3.9573308E-4
			3)	vos	480	2270	3.3295553E-4
			4)	vot	824	1154	1.6926462E-4
			5)	vor	1091	757	1.11034075E-4
			6)	voc	1523	357	5.236349E-5
			7)	vou	1747	235	3.4468965E-5
			8)	von	1810	215	3.1535437E-5
		5)	vé	0	0	0.0
			1)	vés	1228	584	8.565905E-5
		6)	vá	0	0	0.0
			1)	vár	1338	488	7.1578106E-5
		7)	vr	0	0	0.0
			1)	vra	1340	486	7.1284754E-5
			2)	vre	1713	246	3.6082405E-5
		8)	vã	0	0	0.0
			1)	vão	1815	214	3.138876E-5
	21)	h	0	0	0.0
		1)	ho	0	0	0.0
			1)	hor	145	6535	9.585306E-4
			2)	ho_	511	2104	3.0860724E-4
			3)	hoj	947	964	1.413961E-4
			4)	hos	1270	546	8.0085345E-5
			5)	hom	1616	304	4.458964E-5
			6)	hoc	1675	270	3.960264E-5
			7)	hou	1746	236	3.461564E-5
		2)	ha	0	0	0.0
			1)	ha_	518	2085	3.058204E-4
			2)	ham	777	1277	1.8730582E-4
			3)	har	876	1067	1.5650377E-4
			4)	had	1214	601	8.815255E-5
			5)	hav	1276	541	7.935196E-5
			6)	has	1510	366	5.368358E-5
			7)	hab	1799	219	3.212214E-5
		3)	há	0	0	0.0
			1)	há_	643	1635	2.39816E-4
		4)	hu	0	0	0.0
			1)	hum	748	1326	1.9449297E-4
		5)	he	0	0	0.0
			1)	hec	894	1037	1.5210349E-4
			2)	he_	1111	734	1.0766052E-4
			3)	her	1161	665	9.753984E-5
			4)	heg	1243	567	8.316555E-5
			5)	hes	1485	383	5.617708E-5
			6)	hei	1570	330	4.8403228E-5
		6)	hõ	0	0	0.0
			1)	hõe	1307	514	7.53917E-5
		7)	hã	0	0	0.0
			1)	hã_	1535	351	5.1483436E-5
		8)	hi	0	0	0.0
			1)	his	1740	237	3.4762317E-5
	22)	l	0	0	0.0
		1)	lo	0	0	0.0
			1)	lo_	180	5620	8.2432164E-4
			2)	los	632	1652	2.423095E-4
			3)	loc	877	1065	1.5621042E-4
			4)	lor	960	950	1.3934264E-4
			5)	log	1012	876	1.2848857E-4
			6)	lon	1150	673	9.871325E-5
			7)	lob	1406	435	6.3804255E-5
			8)	lou	1817	213	3.1242085E-5
		2)	la	0	0	0.0
			1)	lat	189	5375	7.883859E-4
			2)	lar	241	4236	6.2132144E-4
			3)	la_	347	3087	4.527902E-4
			4)	laç	411	2562	3.7578508E-4
			5)	lam	642	1635	2.39816E-4
			6)	lan	840	1137	1.6677112E-4
			7)	lad	849	1117	1.638376E-4
			8)	las	868	1082	1.5870392E-4
			9)	lab	1180	639	9.372625E-5
			10)	lav	1287	531	7.78852E-5
			11)	lac	1559	335	4.913661E-5
			12)	lag	1683	264	3.8722585E-5
		3)	li	0	0	0.0
			1)	lid	260	4024	5.9022603E-4
			2)	lic	316	3352	4.9165945E-4
			3)	liz	332	3215	4.715648E-4
			4)	lim	685	1497	2.1957465E-4
			5)	lis	854	1109	1.6266419E-4
			6)	lib	978	919	1.3479566E-4
			7)	lit	997	893	1.3098207E-4
			8)	lia	1027	848	1.2438164E-4
			9)	lin	1177	643	9.4312956E-5
			10)	lig	1347	480	7.04047E-5
			11)	liá	1529	356	5.2216816E-5
			12)	lio	1558	335	4.913661E-5
			13)	lie	1591	317	4.6496436E-5
			14)	liv	1635	291	4.268285E-5
			15)	lif	1691	259	3.79892E-5
		4)	lm	0	0	0.0
			1)	lme	328	3234	4.7435163E-4
		5)	lí	0	0	0.0
			1)	lít	338	3163	4.639376E-4
			2)	líb	1841	206	3.021535E-5
		6)	lh	0	0	0.0
			1)	lho	384	2708	3.9719982E-4
			2)	lhe	597	1759	2.5800389E-4
			3)	lha	668	1571	2.304287E-4
			4)	lhõ	1312	512	7.5098345E-5
		7)	le	0	0	0.0
			1)	leg	407	2581	3.7857192E-4
			2)	lem	469	2352	3.44983E-4
			3)	lev	762	1310	1.9214615E-4
			4)	lec	773	1287	1.887726E-4
			5)	lei	831	1143	1.6765119E-4
			6)	les	899	1026	1.5049004E-4
			7)	len	962	942	1.3816921E-4
			8)	le_	1220	597	8.7565844E-5
			9)	lex	1422	425	6.2337494E-5
			10)	ler	1548	345	5.0603376E-5
			11)	let	1673	270	3.960264E-5
		8)	lg	0	0	0.0
			1)	lgu	561	1887	2.7677848E-4
			2)	lgo	1539	350	5.133676E-5
			3)	lga	1796	220	3.2268817E-5
		9)	lt	0	0	0.0
			1)	lte	571	1852	2.716448E-4
			2)	lta	671	1560	2.2881526E-4
			3)	lti	863	1089	1.5973065E-4
			4)	ltu	1017	866	1.270218E-4
			5)	lto	1611	307	4.5029672E-5
			6)	ltr	1792	221	3.2415497E-5
		10)	lv	0	0	0.0
			1)	lvi	649	1615	2.3688246E-4
			2)	lve	1013	874	1.2819521E-4
			3)	lva	1842	206	3.021535E-5
		11)	lu	0	0	0.0
			1)	luç	766	1308	1.918528E-4
			2)	lug	823	1156	1.6955797E-4
			3)	lus	1016	866	1.270218E-4
			4)	lui	1115	729	1.0692713E-4
			5)	lut	1187	634	9.299287E-5
			6)	luí	1716	245	3.593573E-5
		12)	lq	0	0	0.0
			1)	lqu	975	923	1.3538236E-4
		13)	lé	0	0	0.0
			1)	lém	1184	636	9.3286224E-5
		14)	ld	0	0	0.0
			1)	lda	1294	528	7.744517E-5
		15)	ló	0	0	0.0
			1)	lóg	1397	440	6.4537635E-5
		16)	lc	0	0	0.0
			1)	lca	1624	299	4.385626E-5
	23)	g	0	0	0.0
		1)	gr	0	0	0.0
			1)	gra	182	5538	8.122942E-4
			2)	gru	1008	880	1.2907527E-4
			3)	gre	1215	601	8.815255E-5
			4)	gri	1646	284	4.1656112E-5
		2)	go	0	0	0.0
			1)	go_	357	3004	4.4061604E-4
			2)	gos	438	2458	3.605307E-4
			3)	gor	683	1518	2.2265485E-4
			4)	gov	1237	579	8.492567E-5
			5)	goc	1382	452	6.6297755E-5
		3)	ga	0	0	0.0
			1)	gar	394	2666	3.9103942E-4
			2)	gad	903	1011	1.482899E-4
			3)	ga_	954	960	1.408094E-4
			4)	gas	959	952	1.3963599E-4
			5)	gaç	1038	840	1.2320821E-4
			6)	gan	1043	828	1.214481E-4
			7)	gam	1071	795	1.1660778E-4
			8)	gat	1612	307	4.5029672E-5
		4)	gu	0	0	0.0
			1)	gun	399	2621	3.84439E-4
			2)	gui	603	1739	2.5507034E-4
			3)	gua	610	1724	2.528702E-4
			4)	gur	611	1717	2.5184348E-4
			5)	gum	814	1186	1.7395827E-4
			6)	gul	932	979	1.4359625E-4
			7)	gue	983	913	1.339156E-4
		5)	ge	0	0	0.0
			1)	gem	706	1455	2.1341424E-4
			2)	gen	758	1313	1.9258619E-4
			3)	ger	865	1087	1.594373E-4
			4)	ges	1361	472	6.923128E-5
			5)	ge_	1492	379	5.5590375E-5
		6)	gi	0	0	0.0
			1)	gia	765	1309	1.9199947E-4
			2)	gis	837	1141	1.6735784E-4
			3)	gic	1138	698	1.0238016E-4
			4)	gir	1221	596	8.741917E-5
			5)	giõ	1288	531	7.78852E-5
			6)	gio	1365	470	6.893793E-5
			7)	giã	1409	433	6.35109E-5
			8)	gid	1423	423	6.2044135E-5
			9)	gim	1444	411	6.0284023E-5
			10)	gin	1709	250	3.6669113E-5
		7)	gn	0	0	0.0
			1)	gni	1260	553	8.111208E-5
			2)	gna	1566	333	4.884326E-5
		8)	gê	0	0	0.0
			1)	gên	1329	498	7.3044874E-5
		9)	gl	0	0	0.0
			1)	glo	1426	422	6.189746E-5
	24)	é	0	0	0.0
		1)	ém	0	0	0.0
			1)	ém_	203	4956	7.2692847E-4
		2)	ér	0	0	0.0
			1)	éri	557	1899	2.785386E-4
			2)	érc	1648	283	4.1509436E-5
		3)	és	0	0	0.0
			1)	és_	1208	607	8.9032605E-5
		4)	ég	0	0	0.0
			1)	égi	1399	438	6.424428E-5
		5)	éd	0	0	0.0
			1)	édi	1617	303	4.4442964E-5
		6)	éc	0	0	0.0
			1)	écn	1722	244	3.5789053E-5
	25)	á	0	0	0.0
		1)	ár	0	0	0.0
			1)	ári	217	4638	6.802854E-4
			2)	áre	1438	413	6.0577375E-5
		2)	áv	0	0	0.0
			1)	áve	505	2130	3.1242083E-4
		3)	át	0	0	0.0
			1)	áti	842	1136	1.6662445E-4
		4)	ám	0	0	0.0
			1)	ámo	1192	627	9.196613E-5
		5)	ás	0	0	0.0
			1)	ás_	1335	491	7.2018134E-5
			2)	ást	1801	218	3.1975465E-5
		6)	ág	0	0	0.0
			1)	águ	1354	474	6.9524634E-5
		7)	ál	0	0	0.0
			1)	álo	1472	391	5.735049E-5
			2)	áli	1619	302	4.429629E-5
		8)	ác	0	0	0.0
			1)	áci	1699	253	3.710914E-5
			2)	áct	1775	228	3.344223E-5
	26)	b	0	0	0.0
		1)	br	0	0	0.0
			1)	bre	235	4369	6.4082944E-4
			2)	bri	694	1482	2.173745E-4
			3)	bra	1109	737	1.0810055E-4
			4)	bro	1434	417	6.116408E-5
		2)	bé	0	0	0.0
			1)	bém	290	3603	5.2847527E-4
		3)	bi	0	0	0.0
			1)	bil	408	2578	3.781319E-4
			2)	bit	939	972	1.4256951E-4
			3)	bie	985	910	1.3347557E-4
			4)	bio	1719	245	3.593573E-5
		4)	ba	0	0	0.0
			1)	bal	454	2394	3.5114342E-4
			2)	bat	635	1645	2.4128276E-4
			3)	bas	677	1539	2.2573506E-4
			4)	ban	1281	535	7.84719E-5
			5)	bar	1465	396	5.8083875E-5
			6)	bai	1787	223	3.270885E-5
		5)	be	0	0	0.0
			1)	ber	569	1864	2.734049E-4
			2)	bem	630	1663	2.4392294E-4
			3)	bel	1112	734	1.0766052E-4
			4)	ben	1391	443	6.497767E-5
			5)	be_	1726	244	3.5789053E-5
		6)	bl	0	0	0.0
			1)	ble	626	1674	2.455364E-4
			2)	bli	891	1042	1.5283686E-4
		7)	bo	0	0	0.0
			1)	bor	652	1610	2.3614909E-4
			2)	boa	1499	374	5.485699E-5
			3)	bom	1542	348	5.1043404E-5
		8)	bj	0	0	0.0
			1)	bje	693	1483	2.1752117E-4
		9)	bu	0	0	0.0
			1)	bui	1104	740	1.08540575E-4
			2)	but	1763	232	3.4028937E-5
			3)	buí	1855	200	2.933529E-5
		10)	bs	0	0	0.0
			1)	bst	1225	590	8.6539105E-5
			2)	bse	1392	442	6.4830994E-5
			3)	bso	1630	294	4.3122876E-5
		11)	bv	0	0	0.0
			1)	bvi	1739	238	3.4908997E-5
		12)	bt	0	0	0.0
			1)	bte	1751	235	3.4468965E-5
	27)	ê	0	0	0.0
		1)	ên	0	0	0.0
			1)	ênc	240	4278	6.2748184E-4
		2)	êm	0	0	0.0
			1)	êm_	971	924	1.3552904E-4
		3)	ês	0	0	0.0
			1)	ês_	1173	652	9.563305E-5
	28)	í	0	0	0.0
		1)	ít	0	0	0.0
			1)	íti	275	3761	5.516501E-4
		2)	ív	0	0	0.0
			1)	íve	352	3063	4.4926998E-4
		3)	ís	0	0	0.0
			1)	íse	570	1863	2.7325822E-4
			2)	ís_	1120	725	1.0634043E-4
			3)	íst	1734	239	3.5055673E-5
		4)	íc	0	0	0.0
			1)	íci	784	1264	1.8539904E-4
			2)	ícu	1756	233	3.4175613E-5
			3)	íco	1828	209	3.0655377E-5
		5)	íp	0	0	0.0
			1)	ípi	935	975	1.4300954E-4
		6)	ín	0	0	0.0
			1)	íni	948	962	1.4110275E-4
		7)	íd	0	0	0.0
			1)	ídi	1279	540	7.920528E-5
			2)	ídu	1454	407	5.9697315E-5
			3)	ído	1565	333	4.884326E-5
			4)	ída	1819	212	3.109541E-5
		8)	íf	0	0	0.0
			1)	ífi	1306	515	7.553837E-5
		9)	ía	0	0	0.0
			1)	íam	1447	409	5.9990667E-5
		10)	íl	0	0	0.0
			1)	íli	1477	385	5.6470435E-5
		11)	ío	0	0	0.0
			1)	íod	1486	382	5.6030403E-5
		12)	íb	0	0	0.0
			1)	íbr	1832	207	3.0362025E-5
	29)	ó	0	0	0.0
		1)	ór	0	0	0.0
			1)	óri	340	3156	4.629109E-4
		2)	ós	0	0	0.0
			1)	ós_	802	1208	1.7718515E-4
		3)	óp	0	0	0.0
			1)	ópr	897	1028	1.507834E-4
		4)	óm	0	0	0.0
			1)	ómi	918	996	1.4608975E-4
		5)	óx	0	0	0.0
			1)	óxi	1247	562	8.243217E-5
		6)	óg	0	0	0.0
			1)	ógi	1386	449	6.585773E-5
		7)	ón	0	0	0.0
			1)	óni	1583	321	4.708314E-5
	30)	z	0	0	0.0
		1)	ze	0	0	0.0
			1)	zer	413	2559	3.7534503E-4
			2)	zes	1096	750	1.10007335E-4
			3)	zem	1355	474	6.9524634E-5
			4)	ze_	1833	207	3.0362025E-5
		2)	za	0	0	0.0
			1)	zaç	507	2117	3.1051403E-4
			2)	zad	820	1166	1.7102475E-4
			3)	za_	952	961	1.4095606E-4
			4)	zar	961	944	1.3846256E-4
		3)	zi	0	0	0.0
			1)	zir	1310	512	7.5098345E-5
			2)	zid	1582	322	4.7229816E-5
		4)	zã	0	0	0.0
			1)	zão	1357	473	6.937796E-5
		5)	zo	0	0	0.0
			1)	zon	1370	467	6.84979E-5
			2)	zo_	1429	419	6.145743E-5
		6)	zm	0	0	0.0
			1)	zme	1627	295	4.3269552E-5
		7)	zõ	0	0	0.0
			1)	zõe	1809	215	3.1535437E-5
	31)	j	0	0	0.0
		1)	je	0	0	0.0
			1)	jec	497	2169	3.1814122E-4
			2)	je_	936	975	1.4300954E-4
			3)	jei	1674	270	3.960264E-5
		2)	já	0	0	0.0
			1)	já_	544	1963	2.8792588E-4
		3)	ja	0	0	0.0
			1)	ja_	574	1845	2.7061804E-4
			2)	jam	969	930	1.364091E-4
		4)	ju	0	0	0.0
			1)	jud	914	1004	1.4726316E-4
			2)	jun	1062	805	1.18074546E-4
			3)	jus	1078	779	1.14260954E-4
			4)	jur	1210	607	8.9032605E-5
			5)	jul	1745	236	3.461564E-5
		5)	jo	0	0	0.0
			1)	jo_	1483	384	5.6323755E-5
	32)	à	0	0	0.0
		1)	às	0	0	0.0
			1)	às_	605	1737	2.54777E-4
	33)	x	0	0	0.0
		1)	xi	0	0	0.0
			1)	xis	730	1372	2.012401E-4
			2)	xim	1046	822	1.20568046E-4
			3)	xig	1227	585	8.5805725E-5
		2)	xe	0	0	0.0
			1)	xem	1018	864	1.2672845E-4
			2)	xer	1346	480	7.04047E-5
			3)	xec	1625	296	4.341623E-5
		3)	xt	0	0	0.0
			1)	xto	1117	726	1.064871E-4
			2)	xtr	1300	522	7.6565106E-5
			3)	xte	1553	339	4.9723316E-5
		4)	xc	0	0	0.0
			1)	xce	1216	600	8.800587E-5
			2)	xcl	1576	326	4.7816524E-5
		5)	xp	0	0	0.0
			1)	xpr	1396	440	6.4537635E-5
			2)	xpl	1398	439	6.439096E-5
			3)	xpe	1572	329	4.8256552E-5
			4)	xpo	1742	236	3.461564E-5
		6)	xa	0	0	0.0
			1)	xar	1414	428	6.277752E-5
			2)	xa_	1577	326	4.7816524E-5
		7)	xo	0	0	0.0
			1)	xo_	1696	256	3.7549173E-5
		8)	xí	0	0	0.0
			1)	xíl	1773	229	3.358891E-5
	34)	â	0	0	0.0
		1)	ân	0	0	0.0
			1)	ânc	886	1052	1.5430362E-4
			2)	âni	1662	276	4.04827E-5
		2)	âm	0	0	0.0
			1)	âmb	1088	765	1.1220748E-4
	35)	ú	0	0	0.0
		1)	úl	0	0	0.0
			1)	últ	1040	837	1.227682E-4
		2)	úb	0	0	0.0
			1)	úbl	1126	716	1.05020335E-4
		3)	úm	0	0	0.0
			1)	úme	1263	550	8.067205E-5
		4)	ún	0	0	0.0
			1)	úni	1351	476	6.9817994E-5
		5)	úd	0	0	0.0
			1)	úde	1586	319	4.6789788E-5
			2)	údo	1741	236	3.461564E-5
		6)	úv	0	0	0.0
			1)	úvi	1595	314	4.6056404E-5
		7)	ús	0	0	0.0
			1)	úst	1681	264	3.8722585E-5
	36)	ô	0	0	0.0
		1)	ôr	0	0	0.0
			1)	ôr_	1793	220	3.2268817E-5
