Italian	3	26618874
	1)	r	0.06645766	1769028
		1)	ri	0.51269114	906925
			1)	rip	0.041604873	37732
			2)	rin	0.056698933	51421
			3)	ric	0.17731911	160813
			4)	rit	0.075629085	68589
			5)	rig	0.08572266	77743
			6)	rie	0.016939882	15363
			7)	rid	0.03925845	35604
			8)	rib	0.01218419	11050
			9)	ril	0.022311952	20235
			10)	ris	0.28090787	254759
			11)	riu	0.033997748	30833
			12)	rif	0.08243569	74762
			13)	riv	0.036340863	32958
			14)	rim	0.029984133	27193
			15)	ria	0.006929	6284
			16)	riq	4.1238795E-4	374
			17)	rio	0.0013044251	1183
			18)	Esc	1.8744908E-5	17
		2)	re	0.3403929	602138
			1)	res	0.13465334	81036
			2)	rec	0.06753438	40643
			3)	rel	0.34418222	207133
			4)	rea	0.10103986	60807
			5)	reg	0.20257157	121910
			6)	rei	0.00533223	3209
			7)	red	0.016435366	9891
			8)	ret	0.030564362	18394
			9)	ren	0.04250497	25580
			10)	req	0.011500269	6921
			11)	rev	0.01874838	11283
			12)	ref	0.005505041	3313
			13)	rep	0.017188093	10344
			14)	rem	0.002216639	1334
			15)	Esc	2.326308E-5	14
		3)	ra	0.11649792	206079
			1)	rag	0.26647705	54902
			2)	rap	0.3455436	71192
			3)	rac	0.09505943	19585
			4)	rat	0.038067456	7843
			5)	ras	0.011673114	2405
			6)	ral	0.020953361	4317
			7)	rav	0.0057079345	1176
			8)	ram	0.02172995	4477
			9)	raf	0.10769843	22189
			10)	raz	0.028034888	5776
			11)	rad	0.04780395	9849
			12)	rar	0.007397017	1524
			13)	rab	0.0021695974	447
			14)	ran	0.0016162773	333
			15)	Esc	6.79516E-5	14
		4)	ru	0.023844087	42179
			1)	rus	0.11093148	4666
			2)	rur	0.17507489	7364
			3)	ruo	0.61487806	25863
			4)	rub	0.042912845	1805
			5)	rum	0.052589037	2212
			6)	rul	0.0014740146	62
			7)	rua	0.0019732777	83
			8)	Esc	1.66421E-4	7
		5)	ro	0.00657113	11624
			1)	rou	0.018708982	191
			2)	rot	0.28670782	2927
			3)	rov	0.1336076	1364
			4)	ros	0.14271721	1457
			5)	rog	0.0062689786	64
			6)	rom	0.3151141	3217
			7)	roc	0.013223627	135
			8)	roa	0.051131357	522
			9)	rod	0.0052894503	54
			10)	rob	0.026251348	268
			11)	Esc	9.795278E-4	10
		6)	Esc	2.8265356E-6	5
	2)	s	0.10672022	2840772
		1)	se	0.17510445	497387
			1)	ses	0.020137914	10014
			2)	sen	0.21472798	106778
			3)	seg	0.108932555	54169
			4)	sem	0.15523125	77192
			5)	sed	0.04415902	21959
			6)	ser	0.14533524	72271
			7)	set	0.16837096	83726
			8)	sec	0.11304902	56216
			9)	sev	0.0078005753	3879
			10)	sep	0.011494738	5716
			11)	sez	0.002497632	1242
			12)	sei	2.9360247E-4	146
			13)	sel	0.0061254324	3046
			14)	seq	0.0018159113	903
			15)	Esc	2.8153663E-5	14
		2)	sp	0.056684066	161012
			1)	spe	0.64394003	103684
			2)	spi	0.13716114	22085
			3)	spa	0.11746111	18913
			4)	spo	0.064987734	10464
			5)	spr	0.024389032	3927
			6)	spu	0.007831569	1261
			7)	spl	0.0041859453	674
			8)	Esc	4.347421E-5	7
		3)	st	0.17714457	503182
			1)	sta	0.5338263	268568
			2)	ste	0.11405884	57383
			3)	str	0.22358379	112485
			4)	sti	0.06549394	32950
			5)	sto	0.031731267	15964
			6)	stu	0.031293977	15744
			7)	Esc	1.19260585E-5	6
		4)	si	0.17557761	498731
			1)	sil	0.0043356805	2162
			2)	sig	0.28012264	139684
			3)	sit	0.10790069	53805
			4)	sia	0.2916818	145448
			5)	sic	0.12729894	63478
			6)	sin	0.059927445	29883
			7)	sis	0.09413159	46939
			8)	sif	0.0030181308	1505
			9)	sim	0.028262138	14093
			10)	sid	8.1419345E-4	406
			11)	sir	0.0010047067	501
			12)	sie	0.0014779817	737
			13)	Esc	2.4064831E-5	12
		5)	sa	0.0665791	189119
			1)	sar	0.49034536	92613
			2)	san	0.16018172	30254
			3)	sap	0.14641055	27653
			4)	sal	0.16443853	31058
			5)	sag	0.010880327	2055
			6)	sat	0.007475923	1412
			7)	sac	0.013707624	2589
			8)	sab	0.0045003784	850
			9)	sau	6.1946386E-4	117
			10)	sah	9.953779E-4	188
			11)	sad	3.865031E-4	73
			12)	Esc	5.824019E-5	11
		6)	sì	0.0029878374	8487
			1)	sì”	0.99680513	312
			2)	Esc	0.0031948881	1
		7)	su	0.04956494	140790
			1)	sug	0.042501617	5979
			2)	sul	0.27791324	39096
			3)	suc	0.15731072	22130
			4)	suf	0.091713645	12902
			5)	sub	0.08482552	11933
			6)	sud	0.051891923	7300
			7)	sus	0.08869965	12478
			8)	sum	0.002004592	282
			9)	sup	0.17284276	24315
			10)	suo	0.014878054	2093
			11)	sui	0.008743433	1230
			12)	sur	0.0044428017	625
			13)	sua	0.001002296	141
			14)	sun	0.0011302488	159
			15)	Esc	9.951876E-5	14
		8)	so	0.17663199	501726
			1)	sor	0.026337562	13211
			2)	sov	0.024838367	12459
			3)	sol	0.29704168	148997
			4)	sot	0.11498735	57678
			5)	sos	0.21195447	106317
			6)	soc	0.1634121	81968
			7)	sop	0.07386519	37051
			8)	sof	0.018361134	9210
			9)	sod	0.033829544	16969
			10)	sog	0.022358319	11215
			11)	som	0.009164618	4597
			12)	sob	3.269518E-4	164
			13)	son	0.0028727897	1441
			14)	soi	6.2200584E-4	312
			15)	Esc	2.7910519E-5	14
		9)	sc	0.048011348	136377
			1)	sco	0.35741782	48745
			2)	sca	0.2601242	35476
			3)	scu	0.047352638	6458
			4)	sch	0.039096355	5332
			5)	sci	0.094551295	12895
			6)	sce	0.13986552	19075
			7)	scr	0.060257662	8218
			8)	scl	0.0012758375	174
			9)	Esc	5.8659196E-5	8
		10)	sf	0.016845532	47850
			1)	sfr	0.19761367	9457
			2)	sfo	0.42502508	20340
			3)	sfi	0.273508	13089
			4)	sfa	0.026976764	1291
			5)	sfe	0.039639752	1897
			6)	sfu	0.037111335	1776
			7)	Esc	1.2537613E-4	6
		11)	sv	0.04355054	123706
			1)	svo	0.3201254	39418
			2)	svi	0.6029984	74249
			3)	sve	0.03786962	4663
			4)	sva	0.036464635	4490
			5)	svu	0.0025013604	308
			6)	Esc	4.0606497E-5	5
		12)	sé	0.001662374	4722
		13)	sq	0.0012230172	3474
			1)	squ	0.9997122	3474
			2)	Esc	2.8776977E-4	1
		14)	sb	0.0023397158	6646
			1)	sba	0.78997576	5217
			2)	sbo	0.06450636	426
			3)	sbl	0.09236826	610
			4)	sbr	0.021199273	140
			5)	sbi	0.031193215	206
			6)	Esc	7.571169E-4	5
		15)	sm	0.0023108479	6564
			1)	sma	0.447152	2936
			2)	smi	0.12732257	836
			3)	sme	0.36049345	2367
			4)	smo	0.05056351	332
			5)	smu	0.013706976	90
			6)	Esc	7.6149864E-4	5
		16)	sè	4.928682E-5	140
		17)	sn	3.1966023E-4	908
			1)	sna	0.17905405	159
			2)	sne	0.7252252	644
			3)	sno	0.09234234	82
			4)	Esc	0.0033783785	3
		18)	sl	0.001836286	5216
			1)	sle	0.27729914	1384
			2)	sla	0.24263674	1211
			3)	slo	0.45501903	2271
			4)	sli	0.024243638	121
			5)	Esc	8.014426E-4	4
		19)	sh	2.3904108E-4	679
			1)	sha	0.53125	323
			2)	sho	0.46546054	283
			3)	Esc	0.0032894737	2
		20)	sg	5.868652E-4	1667
			1)	sgr	0.33353364	555
			2)	sga	0.052283652	87
			3)	sgo	0.26622596	443
			4)	sgu	0.3455529	575
			5)	Esc	0.0024038462	4
		21)	sr	2.5558737E-4	726
			1)	sra	0.9985337	681
			2)	Esc	0.0014662757	1
		22)	sk	2.7002135E-4	767
		23)	sd	1.0385437E-4	295
			1)	sde	0.7421875	190
			2)	sdo	0.25	64
			3)	Esc	0.0078125	2
		24)	sy	1.8658582E-5	53
		25)	sw	2.2883167E-5	65
		26)	s’	7.0761795E-5	201
			1)	s’i	0.995	199
			2)	Esc	0.005	1
		27)	Esc	9.153267E-6	26
	3)	d	0.083109416	2212279
		1)	di	0.33501887	738664
			1)	dic	0.06870836	50746
			2)	dis	0.27711892	204672
			3)	div	0.08800914	65001
			4)	dif	0.08554357	63180
			5)	dir	0.282199	208424
			6)	dil	0.0026334638	1945
			7)	dib	0.03207681	23691
			8)	din	0.018881055	13945
			9)	die	0.0114031015	8422
			10)	dim	0.069783404	51540
			11)	dip	0.022177963	16380
			12)	dia	0.026361717	19470
			13)	dig	0.008789947	6492
			14)	dio	7.392654E-4	546
			15)	dit	0.0048742774	3600
			16)	did	4.8607378E-4	359
			17)	dik	1.1644107E-4	86
			18)	diu	7.311416E-5	54
			19)	Esc	2.4371388E-5	18
		2)	da	0.090177394	198827
			1)	dav	0.07098624	14111
			2)	dat	0.22471514	44670
			3)	dal	0.39510024	78540
			4)	dan	0.08362804	16624
			5)	dar	0.12539175	24926
			6)	daz	0.034655534	6889
			7)	dac	0.042035364	8356
			8)	dap	0.0061523756	1223
			9)	dad	7.0930907E-4	141
			10)	dau	0.0038332872	762
			11)	das	0.004592902	913
			12)	dam	0.00385844	767
			13)	daf	0.0022235077	442
			14)	dai	0.0013683125	272
			15)	dag	2.917725E-4	58
			16)	dab	3.7729205E-4	75
			17)	Esc	8.048897E-5	16
		3)	de	0.38239458	843120
			1)	des	0.07713412	65029
			2)	del	0.4204224	354443
			3)	dep	0.0386151	32555
			4)	det	0.06685851	56366
			5)	dec	0.088183105	74344
			6)	dev	0.13286418	112013
			7)	deb	0.036303293	30606
			8)	def	0.040314853	33988
			9)	den	0.01809827	15258
			10)	ded	0.0075842403	6394
			11)	dem	0.050923772	42932
			12)	deu	0.0038371938	3235
			13)	deg	0.0035157474	2964
			14)	der	0.014914645	12574
			15)	dea	6.2865925E-5	53
			16)	deo	1.7199169E-4	145
			17)	dei	1.7555013E-4	148
			18)	Esc	2.0164543E-5	17
		4)	do	0.14416945	317871
			1)	dor	0.011437256	3635
			2)	dom	0.10988261	34923
			3)	dop	0.095714256	30420
			4)	dov	0.3670022	116641
			5)	doc	0.052240096	16603
			6)	dob	0.20636144	65586
			7)	dot	0.023135664	7353
			8)	dol	0.0139418105	4431
			9)	don	0.09583697	30459
			10)	dog	0.014146328	4496
			11)	dos	0.005764251	1832
			12)	dod	0.0038449315	1222
			13)	doz	6.5131E-4	207
			14)	Esc	4.0903527E-5	13
		5)	du	0.037708808	83142
			1)	due	0.5228862	43444
			2)	dur	0.28499728	23679
			3)	dub	0.1443943	11997
			4)	dup	0.019028705	1581
			5)	dut	0.0044893785	373
			6)	dum	0.0115905395	963
			7)	dus	0.0043690195	363
			8)	duf	7.943672E-4	66
			9)	dun	0.0024673527	205
			10)	duo	0.003358007	279
			11)	dua	0.0014924475	124
			12)	Esc	1.3239453E-4	11
		6)	dr	0.0037249818	8213
			1)	dra	0.55472755	4541
			2)	dri	0.018323967	150
			3)	dro	0.41974103	3436
			4)	dre	0.0067187883	55
			5)	Esc	4.8863917E-4	4
		7)	dà	0.001224577	2700
		8)	dé	5.1250816E-5	113
		9)	dò	3.220184E-5	71
		10)	d’	0.005258424	11594
			1)	d’o	0.119889595	1390
			2)	d’u	0.021476626	249
			3)	d’e	0.12696221	1472
			4)	d’a	0.5041401	5845
			5)	d’i	0.22710022	2633
			6)	Esc	4.3125753E-4	5
		11)	dx	2.3448381E-4	517
			1)	dxb	0.9980695	517
			2)	Esc	0.0019305019	1
		12)	Esc	4.9890173E-6	11
	4)	e	0.044627544	1187935
		1)	eu	0.30305502	359903
			1)	eur	0.9989467	359445
			2)	euf	8.5875316E-4	309
			3)	eut	1.8620215E-4	67
			4)	Esc	8.33741E-6	3
		2)	es	0.25000528	296902
			1)	esp	0.22980155	68229
			2)	esa	0.08870881	26338
			3)	esi	0.15452807	45880
			4)	est	0.16889635	50146
			5)	ess	0.10203972	30296
			6)	ese	0.18788227	55783
			7)	eso	0.023159001	6876
			8)	esc	0.040669713	12075
			9)	esb	3.1323257E-4	93
			10)	esu	0.0039676125	1178
			11)	Esc	3.368092E-5	10
		3)	er	0.03639493	43222
			1)	era	0.69166684	29806
			2)	err	0.16473673	7099
			3)	ero	0.10544636	4544
			4)	ere	0.018077182	779
			5)	eru	0.0019028613	82
			6)	erg	0.0049892096	215
			7)	erb	0.0064047524	276
			8)	eri	0.0065903976	284
			9)	Esc	1.85645E-4	8
		4)	ef	0.05456545	64801
			1)	eff	0.99998456	64791
			2)	Esc	1.5434005E-5	1
		5)	en	0.059887182	71121
			1)	eno	0.10148804	7209
			2)	ent	0.5049484	35868
			3)	ene	0.35125926	24951
			4)	enc	0.008770571	623
			5)	enu	0.011248293	799
			6)	enn	0.0027874368	198
			7)	enf	0.012290062	873
			8)	end	0.005856433	416
			9)	enz	0.0012247829	87
			10)	Esc	1.2670168E-4	9
		6)	ed	0.0040696105	4833
			1)	edi	0.6248163	2976
			2)	edu	0.37476382	1785
			3)	Esc	4.1990343E-4	2
		7)	el	0.066281684	78715
			1)	ele	0.72740215	57224
			2)	ela	0.14357625	11295
			3)	eli	0.09979789	7851
			4)	elo	0.017122373	1347
			5)	elu	0.008364159	658
			6)	ell	0.002923642	230
			7)	elv	7.2455476E-4	57
			8)	Esc	8.8980414E-5	7
		8)	ec	0.083618574	99304
			1)	ecc	0.25791535	25603
			2)	eco	0.72193736	71666
			3)	ecu	0.015986864	1587
			4)	eca	0.0012491312	124
			5)	ecl	0.0017729603	176
			6)	ech	0.0010778793	107
			7)	Esc	6.044183E-5	6
		9)	ev	0.03974964	47206
			1)	eve	0.21775065	10275
			2)	evi	0.7046644	33251
			3)	evo	0.06597156	3113
			4)	eva	0.011528599	544
			5)	Esc	8.476911E-5	4
		10)	eb	0.0020908013	2483
			1)	ebb	0.72839504	1770
			2)	ebr	0.2707819	658
			3)	Esc	8.2304527E-4	2
		11)	em	0.054029908	64165
			1)	emo	0.014384565	923
			2)	eme	0.75289094	48310
			3)	ema	0.030732786	1972
			4)	emb	0.0254652	1634
			5)	emi	0.17297323	11099
			6)	emp	0.002322102	149
			7)	emu	0.0011220896	72
			8)	Esc	1.0909204E-4	7
		12)	eq	0.017161747	20381
			1)	equ	0.99995095	20381
			2)	Esc	4.90629E-5	1
		13)	eg	0.001577995	1874
			1)	egr	0.11444142	210
			2)	egu	0.2506812	460
			3)	ego	0.25776568	473
			4)	egi	0.3133515	575
			5)	ege	0.06103542	112
			6)	Esc	0.0027247956	5
		14)	et	0.009215356	10944
			1)	età	0.18844844	2049
			2)	ett	0.061988413	674
			3)	eti	0.41662833	4530
			4)	etn	0.27536097	2994
			5)	ete	0.057113953	621
			6)	Esc	4.598547E-4	5
		15)	ex	0.003483546	4137
			1)	ext	0.9061863	1333
			2)	exp	0.053704962	79
			3)	exc	0.03806934	56
			4)	Esc	0.002039429	3
		16)	ep	0.0031652525	3759
			1)	epi	0.79851973	2913
			2)	epo	0.20093201	733
			3)	Esc	5.482456E-4	2
		17)	ee	1.6588315E-4	197
			1)	eeu	0.99375	159
			2)	Esc	0.00625	1
		18)	eo	7.148974E-4	849
			1)	eol	0.99717516	353
			2)	Esc	0.0028248588	1
		19)	ei	6.231143E-5	74
		20)	ea	5.4733016E-5	65
		21)	ey	1.1451831E-4	136
			1)	eye	0.9925926	134
			2)	Esc	0.0074074073	1
		22)	e’	0.0105171595	12490
		23)	Esc	1.8525021E-5	22
	5)	i	0.04138139	1101526
		1)	in	0.6477032	713436
			1)	int	0.37214315	265478
			2)	inv	0.09136276	65176
			3)	ini	0.04847794	34583
			4)	ina	0.01794986	12805
			5)	inf	0.106555305	76014
			6)	inn	0.034071796	24306
			7)	ind	0.11779623	84033
			8)	inc	0.098832875	70505
			9)	ins	0.06836647	48771
			10)	inu	0.005399677	3852
			11)	ine	0.011446979	8166
			12)	ing	0.015956523	11383
			13)	inq	0.007634123	5446
			14)	ino	0.003910981	2790
			15)	in”	7.429462E-5	53
			16)	Esc	2.1026779E-5	15
		2)	is	0.059208196	65217
			1)	isc	0.21165465	13802
			2)	ist	0.573593	37404
			3)	iso	0.05983745	3902
			4)	isp	0.06883913	4489
			5)	isr	0.05285999	3447
			6)	iss	9.2010427E-4	60
			7)	isl	0.032188315	2099
			8)	Esc	1.073455E-4	7
		3)	ir	0.015552626	17131
			1)	irr	0.46940207	8031
			2)	irl	0.31416214	5375
			3)	irt	0.0061955694	106
			4)	ira	0.19106902	3269
			5)	iro	0.018878952	323
			6)	Esc	2.9224384E-4	5
		4)	id	0.01762165	19410
			1)	ide	0.79933006	15511
			2)	idr	0.13311002	2583
			3)	ido	0.061685134	1197
			4)	idi	0.005668642	110
			5)	Esc	2.0613243E-4	4
		5)	im	0.2250242	247861
			1)	imp	0.8913118	220884
			2)	imm	0.09275318	22986
			3)	imb	0.014974639	3711
			4)	imi	9.442375E-4	234
			5)	Esc	1.6140812E-5	4
		6)	ip	0.00301411	3320
			1)	ipo	0.9548387	3108
			2)	ipe	0.04454685	145
			3)	Esc	6.144393E-4	2
		7)	il	0.012832664	14135
			1)	ill	0.99252933	13950
			2)	ila	0.007328353	103
			3)	Esc	1.4229811E-4	2
		8)	ig	0.0051875375	5714
			1)	ign	0.8949764	5113
			2)	igi	0.10467355	598
			3)	Esc	3.5007877E-4	2
		9)	iv	9.832173E-4	1083
			1)	ivi	0.93339586	995
			2)	ivo	0.064727955	69
			3)	Esc	0.0018761726	2
		10)	ie	0.005665074	6240
			1)	ier	0.99983966	6236
			2)	Esc	1.603335E-4	1
		11)	it	0.0061389795	6762
			1)	ita	0.664739	4483
			2)	itt	0.26364174	1778
			3)	ite	0.049673785	335
			4)	iti	0.021352313	144
			5)	Esc	5.931198E-4	4
		12)	io	2.6418857E-4	291
			1)	ion	0.9928058	138
			2)	Esc	0.007194245	1
		13)	ib	2.532942E-4	279
			1)	ibe	0.4618182	127
			2)	ibr	0.53090906	146
			3)	Esc	0.0072727273	2
		14)	ic	5.2656138E-5	58
		15)	ii	7.8076344E-5	86
		16)	iu	4.0581543E-4	447
			1)	iug	0.9975186	402
			2)	Esc	0.0024813896	1
		17)	Esc	1.4525832E-5	16
	6)	v	0.030807089	820050
		1)	ve	0.24011539	196867
			1)	ven	0.28297406	55410
			2)	ver	0.50939417	99746
			3)	ved	0.10363459	20293
			4)	vec	0.02566224	5025
			5)	vei	0.020468509	4008
			6)	ves	0.014733445	2885
			7)	vel	0.018614698	3645
			8)	veg	0.005765705	1129
			9)	vet	0.017807806	3487
			10)	vee	8.9370983E-4	175
			11)	Esc	5.106913E-5	10
		2)	va	0.16826628	137959
			1)	vac	0.023615321	2875
			2)	vad	0.03296288	4013
			3)	var	0.17366913	21143
			4)	val	0.5432017	66131
			5)	van	0.17311879	21076
			6)	vas	0.035772078	4355
			7)	vag	0.017076958	2079
			8)	vap	5.1748357E-4	63
			9)	Esc	6.57122E-5	8
		3)	vi	0.2691963	220710
			1)	vit	0.1693444	37376
			2)	vis	0.22034797	48633
			3)	vio	0.102827236	22695
			4)	vie	0.10563182	23314
			5)	vic	0.07173213	15832
			6)	via	0.09935209	21928
			7)	viv	0.06599157	14565
			8)	vig	0.09272348	20465
			9)	vin	0.047877304	10567
			10)	vir	0.015622309	3448
			11)	vil	0.0037651216	831
			12)	viz	0.002269947	501
			13)	vib	8.3367317E-4	184
			14)	vid	0.0016175072	357
			15)	Esc	6.343165E-5	14
		4)	vo	0.30546114	250443
			1)	vol	0.31536445	78966
			2)	vor	0.26505217	66368
			3)	vot	0.26493233	66338
			4)	vog	0.12237416	30642
			5)	voc	0.025839072	6470
			6)	von	0.0032428633	812
			7)	voi	0.0019728749	494
			8)	vos	3.0351922E-4	76
			9)	vod	8.8260195E-4	221
			10)	Esc	3.5943067E-5	9
		5)	vu	0.0166377	13641
			1)	vuo	0.78064185	10630
			2)	vul	0.21921128	2985
			3)	Esc	1.4687523E-4	2
		6)	vè	3.1589795E-4	259
		7)	Esc	7.3180995E-6	6
	7)	t	0.039185353	1043070
		1)	tu	0.21339405	222535
			1)	tut	0.92606646	206022
			2)	tur	0.063123114	14043
			3)	tun	0.0044230684	984
			4)	tub	0.0032723513	728
			5)	tum	0.0030925518	688
			6)	Esc	2.247494E-5	5
		2)	tr	0.27885976	290805
			1)	tra	0.70428497	204680
			2)	tri	0.029588364	8599
			3)	tro	0.18003173	52321
			4)	tre	0.07946088	23093
			5)	tru	0.0066168653	1923
			6)	Esc	1.7204538E-5	5
		3)	te	0.2877854	300113
			1)	ter	0.33216357	99669
			2)	ten	0.1738419	52163
			3)	tem	0.25097647	75308
			4)	tel	0.024308471	7294
			5)	tes	0.1044891	31353
			6)	tec	0.084836364	25456
			7)	tea	0.0017863094	536
			8)	ted	0.01891955	5677
			9)	teo	0.005812171	1744
			10)	tet	0.0025594882	768
			11)	tep	2.69946E-4	81
			12)	Esc	3.6659334E-5	11
		4)	ta	0.15375188	160338
			1)	tal	0.7488846	120017
			2)	tas	0.08214725	13165
			3)	tan	0.039766382	6373
			4)	tar	0.039335832	6304
			5)	tag	0.026731394	4284
			6)	tap	0.008766949	1405
			7)	tab	0.028859174	4625
			8)	tav	0.011275357	1807
			9)	tac	0.0072818715	1167
			10)	tat	0.004093323	656
			11)	tax	7.924573E-4	127
			12)	tam	8.9229445E-4	143
			13)	tai	0.0010919687	175
			14)	Esc	8.111768E-5	13
		5)	to	0.034444533	35920
			1)	tor	0.28749964	10306
			2)	toc	0.085753344	3074
			3)	tol	0.10592239	3797
			4)	tog	0.038301673	1373
			5)	tot	0.29946718	10735
			6)	ton	0.1173041	4205
			7)	tos	0.05459313	1957
			8)	tou	0.0021201216	76
			9)	top	0.0055513713	199
			10)	tom	0.0032080787	115
			11)	Esc	2.7896336E-4	10
		6)	ti	0.03143831	32785
			1)	tip	0.5024426	16456
			2)	tit	0.228383	7480
			3)	tir	0.045218613	1481
			4)	tie	0.068850756	2255
			5)	tim	0.11406937	3736
			6)	tig	0.0058622374	192
			7)	tib	0.024914509	816
			8)	tin	0.0018930142	62
			9)	tif	0.008091109	265
			10)	Esc	2.7479237E-4	9
		7)	th	1.7452409E-4	182
			1)	tha	0.9894737	94
			2)	Esc	0.010526316	1
		8)	ts	1.4383854E-4	150
			1)	tsu	0.9930556	143
			2)	Esc	0.0069444445	1
		9)	Esc	7.671389E-6	8
	8)	m	0.04996083	1329901
		1)	mi	0.17014605	226176
			1)	mig	0.2674947	60495
			2)	mil	0.1792628	40541
			3)	min	0.2394563	54154
			4)	mis	0.24901615	56316
			5)	mir	0.044717316	10113
			6)	mic	0.007879587	1782
			7)	mio	0.0021976177	497
			8)	mie	0.0028431953	643
			9)	mit	0.004412922	998
			10)	mix	0.0018085021	409
			11)	mia	4.510201E-4	102
			12)	mid	4.0680246E-4	92
			13)	Esc	5.3061187E-5	12
		2)	mo	0.3078135	409178
			1)	mod	0.29888508	122270
			2)	moz	0.004803379	1965
			3)	mor	0.036456794	14914
			4)	mom	0.077961415	31893
			5)	mol	0.28954232	118448
			6)	mon	0.16338578	66839
			7)	mot	0.08092411	33105
			8)	mov	0.008922308	3650
			9)	mos	0.019013071	7778
			10)	mob	0.019167071	7841
			11)	mog	9.117865E-4	373
			12)	Esc	2.6889145E-5	11
		3)	ma	0.2120499	281879
			1)	mat	0.17902946	50436
			2)	man	0.27166432	76533
			3)	mag	0.24318914	68511
			4)	mas	0.07249422	20423
			5)	mai	0.050383538	14194
			6)	mar	0.09635488	27145
			7)	mal	0.057450864	16185
			8)	map	0.0012672201	357
			9)	mac	0.016974362	4782
			10)	mae	7.9511857E-4	224
			11)	mad	0.0064106435	1806
			12)	maf	0.00175707	495
			13)	mam	0.0013737093	387
			14)	mao	3.5851327E-4	101
			15)	mau	4.4370454E-4	125
			16)	Esc	5.3244545E-5	15
		4)	me	0.2949135	392030
			1)	mem	0.2990215	117072
			2)	mes	0.08677529	33974
			3)	men	0.08621592	33755
			4)	mer	0.25628006	100338
			5)	met	0.09194237	35997
			6)	mez	0.040922873	16022
			7)	med	0.0818483	32045
			8)	meg	0.031406045	12296
			9)	mec	0.024719233	9678
			10)	mel	6.4109603E-4	251
			11)	mea	1.9922506E-4	78
			12)	Esc	2.8095843E-5	11
		5)	mu	0.014873185	19771
			1)	mul	0.3816344	7514
			2)	mut	0.18492559	3641
			3)	muo	0.18116716	3567
			4)	muc	0.029254913	576
			5)	mun	0.04164762	820
			6)	mus	0.11214384	2208
			7)	mur	0.06887095	1356
			8)	Esc	3.5552846E-4	7
		6)	mg	1.2111592E-4	161
		7)	mt	7.7484096E-5	103
		8)	Esc	5.2659097E-6	7
	9)	a	0.08218961	2187795
		1)	au	0.04552455	99590
			1)	aug	0.12828831	12772
			2)	aut	0.4737688	47167
			3)	aum	0.22352019	22253
			4)	aus	0.14395773	14332
			5)	aud	0.027381299	2726
			6)	aul	0.0020490773	204
			7)	aur	9.642717E-4	96
			8)	Esc	7.031148E-5	7
		2)	ab	0.024051351	52615
			1)	abb	0.7245073	38083
			2)	abi	0.12736854	6695
			3)	abu	0.067822084	3565
			4)	abn	0.0010273191	54
			5)	abr	0.010444411	549
			6)	abo	0.064397685	3385
			7)	abd	0.001065368	56
			8)	abe	0.0032151283	169
			9)	Esc	1.5219543E-4	8
		3)	av	0.068064205	148898
			1)	avr	0.20710798	30839
			2)	avu	0.08749992	13029
			3)	ave	0.24442087	36395
			4)	avv	0.3038421	45243
			5)	ava	0.15080287	22455
			6)	avo	6.581466E-4	98
			7)	avi	0.005621109	837
			8)	Esc	4.701047E-5	7
		4)	al	0.18786475	410975
			1)	alc	0.19521345	80181
			2)	alz	0.001660438	682
			3)	alt	0.3284429	134903
			4)	all	0.391598	160843
			5)	alm	0.019947167	8193
			6)	ali	0.04825983	19822
			7)	alq	0.0056289337	2312
			8)	alb	0.0048839278	2006
			9)	ale	5.0640927E-4	208
			10)	alg	0.0014778385	607
			11)	alp	7.985684E-4	328
			12)	ala	7.4744056E-4	307
			13)	alf	4.0171886E-4	165
			14)	alu	3.992842E-4	164
			15)	Esc	3.408524E-5	14
		5)	ad	0.09487564	207551
			1)	ade	0.41573045	42000
			2)	ado	0.41703704	42132
			3)	add	0.09854791	9956
			4)	adi	0.011185129	1130
			5)	adu	0.012481811	1261
			6)	ada	0.04495828	4542
			7)	Esc	5.9390062E-5	6
		6)	ap	0.07711243	168692
			1)	app	0.8733187	147321
			2)	ape	0.0736791	12429
			3)	apr	0.04697939	7925
			4)	apo	0.0014049356	237
			5)	apa	7.054318E-4	119
			6)	api	0.003876911	654
			7)	Esc	3.556799E-5	6
		7)	as	0.070969656	155254
			1)	ass	0.62962174	97711
			2)	asc	0.04984213	7735
			3)	ast	0.02777885	4311
			4)	asp	0.25207165	39119
			5)	asi	0.039731942	6166
			6)	asf	4.7683486E-4	74
			7)	asm	4.3172884E-4	67
			8)	Esc	4.5106E-5	7
		8)	ac	0.06739361	147431
			1)	acc	0.89183503	131444
			2)	acq	0.096562766	14232
			3)	acr	0.0010855848	160
			4)	acu	0.008440422	1244
			5)	act	6.1064144E-4	90
			6)	aci	0.00142483	210
			7)	Esc	4.070943E-5	6
		9)	an	0.089684136	196194
			1)	ann	0.36777025	72126
			2)	anc	0.33262798	65234
			3)	ant	0.06247801	12253
			4)	ana	0.06748523	13235
			5)	and	0.046354983	9091
			6)	anz	0.046910774	9200
			7)	ans	0.00650632	1276
			8)	ang	0.006924438	1358
			9)	ani	0.057684954	11313
			10)	ano	0.0030695961	602
			11)	ane	0.0021313808	418
			12)	Esc	5.6088968E-5	11
		10)	at	0.07970064	174354
			1)	att	0.98140275	171085
			2)	atl	0.003499171	610
			3)	ato	0.0040154424	700
			4)	atm	0.005116821	892
			5)	ati	0.0017094312	298
			6)	atr	0.0037458339	653
			7)	ate	4.703804E-4	82
			8)	Esc	4.0154424E-5	7
		11)	ar	0.03201392	70034
			1)	are	0.11932322	8350
			2)	arm	0.24070422	16844
			3)	art	0.16263683	11381
			4)	arr	0.21346709	14938
			5)	arg	0.15852125	11093
			6)	arb	0.019563291	1369
			7)	arc	0.02510789	1757
			8)	aro	0.003886936	272
			9)	ari	0.009917403	694
			10)	ara	0.029109148	2037
			11)	ard	0.014361656	1005
			12)	ars	0.0032295864	226
			13)	Esc	1.7148246E-4	12
		12)	am	0.044667903	97716
			1)	amm	0.22210962	21697
			2)	amb	0.46015805	44951
			3)	amo	0.004309727	421
			4)	amp	0.19649693	19195
			5)	ame	0.063366294	6190
			6)	ami	0.042124767	4115
			7)	ama	0.010359724	1012
			8)	amn	9.929775E-4	97
			9)	Esc	8.189505E-5	8
		13)	af	0.0481475	105328
			1)	aff	0.95722234	100807
			2)	afr	0.030851185	3249
			3)	afg	0.008783424	925
			4)	aft	0.0031050593	327
			5)	Esc	3.7982376E-5	4
		14)	az	0.013671535	29908
			1)	azi	0.9755877	29173
			2)	azz	0.013209377	395
			3)	azo	0.009162961	274
			4)	aze	0.0019061633	57
			5)	Esc	1.3376585E-4	4
		15)	ag	0.033993702	74365
			1)	agg	0.31865394	23654
			2)	agr	0.3485471	25873
			3)	age	0.15880159	11788
			4)	agi	0.15688863	11646
			5)	ago	0.015303579	1136
			6)	agn	7.813447E-4	58
			7)	agu	9.2953077E-4	69
			8)	Esc	9.430022E-5	7
		16)	ae	0.0060257516	13182
			1)	aer	0.9999241	13180
			2)	Esc	7.586678E-5	1
		17)	ai	0.016097011	35214
			1)	aiu	0.9981211	35061
			2)	air	0.0018219603	64
			3)	Esc	5.693626E-5	2
		18)	ah	1.3347894E-4	292
			1)	ahi	0.9958159	238
			2)	Esc	0.0041841003	1
		19)	Esc	8.228154E-6	18
	10)	b	0.013043339	347199
		1)	bu	0.0927374	32057
			1)	buo	0.7381287	23612
			2)	bur	0.17327832	5543
			3)	bud	0.013004471	416
			4)	bui	0.008284098	265
			5)	but	0.008627966	276
			6)	buc	0.010034699	321
			7)	bus	0.013879771	444
			8)	bug	0.004439026	142
			9)	buf	0.0020006876	64
			10)	bul	0.028009629	896
			11)	Esc	3.1260744E-4	10
		2)	ba	0.30203804	104407
			1)	bac	0.009936125	1036
			2)	bas	0.6037347	62949
			3)	ban	0.14196382	14802
			4)	bat	0.04702396	4903
			5)	bal	0.025904898	2701
			6)	bar	0.048769493	5085
			7)	bag	0.0062148734	648
			8)	bam	0.1118869	11666
			9)	bad	0.0026566666	277
			10)	bav	9.782672E-4	102
			11)	bai	8.2481344E-4	86
			12)	Esc	1.054994E-4	11
		3)	be	0.20144066	69633
			1)	ben	0.8806628	61118
			2)	bel	0.07815562	5424
			3)	bei	0.002334294	162
			4)	bev	0.012161383	844
			5)	ber	0.010014409	695
			6)	bes	0.012752161	885
			7)	bef	0.0030403459	211
			8)	beh	7.6368876E-4	53
			9)	Esc	1.15273775E-4	8
		4)	bo	0.032420628	11207
			1)	boz	0.05644944	628
			2)	bor	0.17591012	1957
			3)	boo	0.008719102	97
			4)	bov	0.20979775	2334
			5)	bol	0.052224718	581
			6)	bos	0.10391011	1156
			7)	bom	0.14220224	1582
			8)	boi	0.039730337	442
			9)	bot	0.041348316	460
			10)	boc	0.08988764	1000
			11)	bon	0.05905618	657
			12)	box	0.0050337077	56
			13)	bod	0.0145617975	162
			14)	Esc	0.0011685393	13
		5)	bi	0.26782382	92580
			1)	bis	0.3078802	28486
			2)	bia	0.039590158	3663
			3)	bil	0.49788702	46066
			4)	bio	0.09928342	9186
			5)	bib	0.0059336596	549
			6)	big	0.009251754	856
			7)	bip	7.349524E-4	68
			8)	bin	0.0038585002	357
			9)	biv	0.001491521	138
			10)	bir	0.012396918	1147
			11)	bie	0.012796818	1184
			12)	bic	0.0044421386	411
			13)	biz	0.0024318278	225
			14)	bim	7.1333617E-4	66
			15)	bit	0.0011456611	106
			16)	Esc	1.6212185E-4	15
		6)	br	0.08437116	29165
			1)	bre	0.5825676	16990
			2)	bri	0.27821973	8114
			3)	bra	0.04776437	1393
			4)	bru	0.077972844	2274
			5)	bro	0.013304073	388
			6)	Esc	1.7144425E-4	5
		7)	bl	0.017591668	6081
			1)	blo	0.8090894	4878
			2)	blu	0.12207663	736
			3)	bla	0.068336375	412
			4)	Esc	4.9759494E-4	3
		8)	b­	4.078976E-4	141
		9)	bh	1.5332321E-4	53
		10)	bg	9.864757E-4	341
		11)	Esc	2.8928907E-5	10
	11)	c	0.112564795	2996348
		1)	co	0.6245495	1870309
			1)	com	0.31132415	582254
			2)	con	0.44298837	828499
			3)	col	0.06712899	125548
			4)	cor	0.032203183	60228
			5)	coi	0.008066301	15086
			6)	cos	0.090812996	169843
			7)	coe	0.010749365	20104
			8)	coo	0.024730384	46252
			9)	cod	0.004111215	7689
			10)	cof	8.5015374E-4	1590
			11)	cou	7.966849E-5	149
			12)	cog	0.0020794012	3889
			13)	coa	9.292875E-4	1738
			14)	coc	1.7751637E-4	332
			15)	cop	0.00344339	6440
			16)	cot	2.865927E-4	536
			17)	cov	2.9942521E-5	56
			18)	Esc	9.089694E-6	17
		2)	ci	0.07189648	215305
			1)	cit	0.35153475	75690
			2)	cio	0.047809467	10294
			3)	ciò	0.2651303	57086
			4)	cin	0.061217856	13181
			5)	cia	0.027950007	6018
			6)	cir	0.123973005	26693
			7)	cis	6.0841657E-4	131
			8)	cif	0.017825212	3838
			9)	cie	0.007909415	1703
			10)	civ	0.07024193	15124
			11)	cic	0.010970077	2362
			12)	cib	0.007231333	1557
			13)	cim	0.0022293127	480
			14)	cip	0.003576189	770
			15)	cil	0.0014304756	308
			16)	cig	2.879529E-4	62
			17)	Esc	7.4310425E-5	16
		3)	ca	0.09623218	288182
			1)	cat	0.059588585	17172
			2)	car	0.1737688	50076
			3)	cas	0.19109502	55069
			4)	can	0.075311616	21703
			5)	cau	0.092086084	26537
			6)	cam	0.18705235	53904
			7)	cap	0.14939828	43053
			8)	cal	0.04804703	13846
			9)	cag	2.3249681E-4	67
			10)	cac	0.0050073564	1443
			11)	cab	0.0016691189	481
			12)	cad	0.009851619	2839
			13)	cav	0.0033417079	963
			14)	cao	0.002526234	728
			15)	caf	9.7162847E-4	280
			16)	Esc	5.2051524E-5	15
		4)	ch	0.048642363	145667
			1)	chi	0.99309903	144483
			2)	cha	0.0023919663	348
			3)	cho	0.0013678198	199
			4)	che	0.0031136803	453
			5)	Esc	2.7493865E-5	4
		5)	cr	0.06098336	182624
			1)	cre	0.6094223	111286
			2)	cri	0.34265015	62571
			3)	cru	0.030655663	5598
			4)	cro	0.016746163	3058
			5)	cra	4.983325E-4	91
			6)	Esc	2.7380907E-5	5
		6)	cu	0.05004987	149882
			1)	cui	0.7902455	118344
			2)	cuo	0.02569513	3848
			3)	cur	0.04423195	6624
			4)	cul	0.121965066	18265
			5)	cus	0.006604076	989
			6)	cub	0.0069646626	1043
			7)	cup	8.7475625E-4	131
			8)	cum	0.0016493496	247
			9)	cuc	0.0017094474	256
			10)	Esc	6.009776E-5	9
		7)	ce	0.033172123	99339
			1)	cer	0.37887254	37630
			2)	cen	0.49588707	49252
			3)	cel	0.039427713	3916
			4)	cec	0.03619577	3595
			5)	ced	0.01526364	1516
			6)	ces	0.027436292	2725
			7)	cet	0.0029701674	295
			8)	cem	0.0023559972	234
			9)	cep	8.8601606E-4	88
			10)	cef	6.0410186E-4	60
			11)	Esc	1.0068364E-4	10
		8)	cl	0.0096128	28787
			1)	cli	0.53680736	15452
			2)	cla	0.3931909	11318
			3)	clo	0.046899427	1350
			4)	clu	0.0148688555	428
			5)	cle	0.008059753	232
			6)	Esc	1.7370158E-4	5
		9)	cè	0.0036919136	11056
		10)	cf	2.5044637E-5	75
			1)	cfr	0.9868421	75
			2)	Esc	0.013157895	1
		11)	c’	9.4468374E-4	2829
			1)	c’è	0.9230495	2591
			2)	c’e	0.07623798	214
			3)	Esc	7.1250444E-4	2
		12)	cs	1.956821E-4	586
		13)	Esc	4.0071423E-6	12
	12)	g	0.024173638	643475
		1)	gr	0.27593842	177488
			1)	gra	0.6458461	114628
			2)	gru	0.31371665	55680
			3)	gro	0.012705299	2255
			4)	gre	0.02368651	4204
			5)	gri	0.004017241	713
			6)	Esc	2.8171395E-5	5
		2)	gi	0.3256511	209464
			1)	gio	0.26249194	54954
			2)	giu	0.47631058	99718
			3)	già	0.23590074	49387
			4)	gia	0.012992286	2720
			5)	gig	0.0027751904	581
			6)	gir	0.0077046165	1613
			7)	gin	0.0011177188	234
			8)	giù	3.7734947E-4	79
			9)	git	2.8659453E-4	60
			10)	Esc	4.298918E-5	9
		3)	ge	0.14588413	93835
			1)	gen	0.67587334	63403
			2)	ges	0.23495613	22041
			3)	geo	0.04811905	4514
			4)	ger	0.009519342	893
			5)	get	0.025615878	2403
			6)	gel	0.003315247	311
			7)	gem	0.0025264102	237
			8)	Esc	7.4619704E-5	7
		4)	ga	0.09683217	62284
			1)	gar	0.8360181	51691
			2)	gal	0.018243572	1128
			3)	gas	0.10986576	6793
			4)	gam	0.023273492	1439
			5)	gab	0.006663432	412
			6)	gat	0.0041242116	255
			7)	gay	0.0016982048	105
			8)	Esc	1.1321365E-4	7
		5)	gu	0.04430549	28498
			1)	gua	0.340766	9689
			2)	gui	0.27689657	7873
			3)	gue	0.36556116	10394
			4)	gus	0.016635599	473
			5)	Esc	1.406816E-4	4
		6)	go	0.08005087	51490
			1)	god	0.103297	5298
			2)	gov	0.8766207	44961
			3)	gol	0.0055762446	286
			4)	goo	0.0015012965	77
			5)	goc	0.0034510323	177
			6)	gom	0.0057322234	294
			7)	gon	0.0036850006	189
			8)	Esc	1.3648151E-4	7
		7)	gl	0.030667769	19726
			1)	glo	0.97090983	19091
			2)	gli	0.025682755	505
			3)	gla	0.003254844	64
			4)	Esc	1.5257082E-4	3
		8)	gh	6.576329E-4	423
			1)	ghe	0.3277512	137
			2)	ghi	0.66746414	279
			3)	Esc	0.004784689	2
		9)	Esc	1.2437502E-5	8
	13)	è	0.019932887	530591
	14)	p	0.1292951	3441690
		1)	pa	0.1754955	603992
			1)	pae	0.2266028	136852
			2)	pac	0.043235216	26111
			3)	par	0.5737231	346488
			4)	pas	0.07756872	46846
			5)	pat	0.017230501	10406
			6)	pai	0.0025632153	1548
			7)	pag	0.023968048	14475
			8)	pan	0.0053019477	3202
			9)	pav	2.9804828E-4	180
			10)	pal	0.0150034195	9061
			11)	paz	0.007335299	4430
			12)	pau	0.0036676496	2215
			13)	pad	0.0024373727	1472
			14)	pap	3.5765793E-4	216
			15)	pak	6.821994E-4	412
			16)	Esc	2.4837356E-5	15
		2)	pr	0.37685108	1296985
			1)	pro	0.5634126	730718
			2)	pre	0.28146806	365050
			3)	pri	0.13595435	176326
			4)	pra	0.017969852	23306
			5)	pru	0.0011912565	1545
			6)	Esc	3.855199E-6	5
		3)	pi	0.08040503	276725
			1)	pie	0.077025674	21310
			2)	più	0.6738102	186417
			3)	piu	0.033271767	9205
			4)	pia	0.120172344	33247
			5)	pic	0.06303382	17439
			6)	pio	0.0043518962	1204
			7)	pil	0.020931754	5791
			8)	pis	0.0013012314	360
			9)	pir	0.0038024876	1052
			10)	pin	5.63867E-4	156
			11)	pig	4.3374381E-4	120
			12)	pii	2.6747535E-4	74
			13)	piz	3.614532E-4	100
			14)	piè	2.2410098E-4	62
			15)	pit	3.9398397E-4	109
			16)	Esc	5.4217977E-5	15
		4)	po	0.19915837	685431
			1)	pot	0.1567755	106832
			2)	pol	0.24368793	166057
			3)	pos	0.36569405	249196
			4)	por	0.07430958	50637
			5)	poi	0.055466935	37797
			6)	pon	0.012233044	8336
			7)	poc	0.013142891	8956
			8)	pov	0.02151789	14663
			9)	pop	0.050687302	34540
			10)	pom	0.0035425345	2414
			11)	poe	3.727439E-4	254
			12)	poz	2.377343E-4	162
			13)	pog	9.832222E-4	670
			14)	pod	1.3060712E-4	89
			15)	po’	0.001196009	815
			16)	Esc	2.2012435E-5	15
		5)	pl	0.0037781429	13003
			1)	plu	0.3878828	4091
			2)	ple	0.35953352	3792
			3)	pla	0.25229922	2661
			4)	Esc	2.8444108E-4	3
		6)	pe	0.10810957	372074
			1)	pes	0.09091471	33815
			2)	pet	0.020188631	7509
			3)	per	0.7310737	271917
			4)	pen	0.1276597	47482
			5)	peg	0.013843556	5149
			6)	pec	0.0072511304	2697
			7)	pel	0.002223465	827
			8)	pez	0.0020755925	772
			9)	ped	0.0047453637	1765
			10)	Esc	2.4197321E-5	9
		7)	pu	0.05506099	189500
			1)	pur	0.12300163	23297
			2)	pub	0.2548151	48263
			3)	pun	0.32700998	61937
			4)	può	0.2786953	52786
			5)	pug	0.0011615383	220
			6)	pul	0.013542481	2565
			7)	puz	4.1181812E-4	78
			8)	pus	3.537412E-4	67
			9)	pue	5.754894E-4	109
			10)	put	3.801398E-4	72
			11)	Esc	5.2797197E-5	10
		8)	ps	4.0707362E-4	1401
			1)	psi	0.8480742	1189
			2)	pse	0.15049928	211
			3)	Esc	0.0014265336	2
		9)	ph	3.138041E-5	108
			1)	pha	0.9883721	85
			2)	Esc	0.011627907	1
		10)	pn	1.0837863E-4	373
			1)	pne	0.99731904	372
			2)	Esc	0.0026809652	1
		11)	pt	3.0508728E-4	1050
		12)	pp	2.0629712E-5	71
			1)	ppm	0.98214287	55
			2)	Esc	0.017857144	1
		13)	pò	2.649901E-4	912
		14)	Esc	3.777271E-6	13
	15)	n	0.02542279	676726
		1)	na	0.13322848	88260
			1)	nat	0.3194329	28120
			2)	nav	0.08456112	7444
			3)	naz	0.51698834	45511
			4)	nas	0.062296238	5484
			5)	nau	0.0070429733	620
			6)	nar	0.0037373197	329
			7)	nan	0.0058615715	516
			8)	Esc	7.951744E-5	7
		2)	nu	0.2059441	136432
			1)	num	0.206527	28174
			2)	nuo	0.61490417	83884
			3)	nut	0.034716826	4736
			4)	nul	0.06241845	8515
			5)	nuc	0.0782668	10677
			6)	nud	0.0016859946	230
			7)	nuv	4.3982465E-4	60
			8)	nub	9.822751E-4	134
			9)	Esc	5.8643287E-5	8
		3)	no	0.23344266	154649
			1)	non	0.2069085	31681
			2)	nom	0.20643826	31609
			3)	nor	0.3003213	45984
			4)	nov	0.045488387	6965
			5)	not	0.18516026	28351
			6)	noi	0.018783145	2876
			7)	noc	0.012376238	1895
			8)	nos	0.00688367	1054
			9)	nol	0.0013780402	211
			10)	noz	0.0052443896	803
			11)	nod	0.0038271637	586
			12)	nob	0.00327856	502
			13)	no”	0.0038271637	586
			14)	Esc	8.490295E-5	13
		4)	ne	0.38384473	254286
			1)	nel	0.34762776	78567
			2)	neg	0.16995783	38412
			3)	nec	0.36528635	82558
			4)	nes	0.07083346	16009
			5)	net	0.014579065	3295
			6)	neb	7.4333325E-4	168
			7)	ner	0.008225336	1859
			8)	neo	0.00762359	1723
			9)	nef	0.0015087895	341
			10)	nep	9.6013874E-4	217
			11)	neu	0.0072386498	1636
			12)	nea	2.6990075E-4	61
			13)	nev	9.3801576E-4	212
			14)	nem	0.0037255154	842
			15)	new	4.1591265E-4	94
			16)	Esc	6.636904E-5	15
		5)	né	0.028295578	18745
		6)	nn	0.005648549	3742
		7)	ni	0.006806336	4509
			1)	nie	0.6545291	2912
			2)	nip	0.03910991	174
			3)	nit	0.11283434	502
			4)	nig	0.07282536	324
			5)	nic	0.09260508	412
			6)	nid	0.026747584	119
			7)	Esc	0.0013486177	6
		8)	nè	7.381455E-4	489
		9)	nl	0.0018581946	1231
		10)	n’	9.057E-5	60
			1)	n’è	0.98214287	55
			2)	Esc	0.017857144	1
		11)	n 	8.60415E-5	57
		12)	Esc	1.6604501E-5	11
	16)	f	0.036804073	979683
		1)	fr	0.06360848	62304
			1)	fra	0.3078277	18538
			2)	fro	0.48865864	29428
			3)	fre	0.111553915	6718
			4)	fru	0.087476335	5268
			5)	fri	0.004400385	265
			6)	Esc	8.3026134E-5	5
		2)	fa	0.34885636	341702
			1)	far	0.27472883	87358
			2)	fat	0.2834621	90135
			3)	fac	0.09754732	31018
			4)	fav	0.19400966	61691
			5)	fal	0.025929386	8245
			6)	fas	0.04344941	13816
			7)	fan	0.023155617	7363
			8)	fai	5.2204705E-4	166
			9)	fau	0.0030756749	978
			10)	fam	0.044153858	14040
			11)	fab	0.008028832	2553
			12)	fag	2.73603E-4	87
			13)	fax	3.1448618E-4	100
			14)	faz	0.0013051176	415
			15)	Esc	4.4028064E-5	14
		3)	fi	0.21550457	211085
			1)	fin	0.72916746	153516
			2)	fis	0.10689858	22506
			3)	fir	0.033172473	6984
			4)	fig	0.033120226	6973
			5)	fid	0.05080841	10697
			6)	fia	0.008934339	1881
			7)	fil	0.019445606	4094
			8)	fit	0.00412756	869
			9)	fio	0.0037238286	784
			10)	fiu	0.0040990612	863
			11)	fie	0.0046215374	973
			12)	fic	4.13231E-4	87
			13)	fib	0.0014059353	296
			14)	Esc	6.174716E-5	13
		4)	fo	0.23239495	227629
			1)	for	0.57709736	131326
			2)	fon	0.3426348	77971
			3)	fos	0.06461947	14705
			4)	fol	0.0043065	980
			5)	foo	3.5594538E-4	81
			6)	foc	0.0051546167	1173
			7)	fog	0.0016522896	376
			8)	fot	0.0027728586	631
			9)	fom	0.0013666545	311
			10)	Esc	3.9549486E-5	9
		5)	fl	0.016103245	15773
			1)	flo	0.18274176	2878
			2)	fle	0.53266877	8389
			3)	flu	0.23322116	3673
			4)	fla	0.051114358	805
			5)	Esc	2.5398438E-4	4
		6)	fe	0.038541406	37751
			1)	fed	0.15168613	5726
			2)	feb	0.07655832	2890
			3)	fer	0.47447616	17911
			4)	fem	0.0499351	1885
			5)	fen	0.14010967	5289
			6)	fes	0.026225861	990
			7)	fec	0.017404435	657
			8)	fel	0.04834565	1825
			9)	fet	0.010410871	393
			10)	fee	0.0015629553	59
			11)	feu	0.0015099738	57
			12)	feg	0.0014569922	55
			13)	Esc	3.178892E-4	12
		7)	fu	0.084775575	83037
			1)	fum	0.023883428	1939
			2)	fut	0.48545316	39412
			3)	fuo	0.107346095	8715
			4)	fun	0.32343015	26258
			5)	fus	0.016271278	1321
			6)	fug	0.021481536	1744
			7)	fur	0.015162713	1231
			8)	ful	0.005678319	461
			9)	fuc	0.0011824699	96
			10)	Esc	1.1085655E-4	9
		8)	ft	2.0725028E-4	203
			1)	fta	0.9950739	202
			2)	Esc	0.0049261083	1
		9)	Esc	8.167499E-6	8
	17)	o	0.024027312	639580
		1)	os	0.053646713	34306
			1)	oss	0.55804664	19141
			2)	ost	0.30606413	10498
			3)	ose	0.010116618	347
			4)	osp	0.0722449	2478
			5)	osc	0.030408163	1043
			6)	osi	0.0032653061	112
			7)	osa	0.015860058	544
			8)	oso	0.003760933	129
			9)	Esc	2.3323615E-4	8
		2)	or	0.19437355	124298
			1)	ord	0.06572804	8165
			2)	ori	0.19616982	24369
			3)	orm	0.05951346	7393
			4)	ora	0.36379445	45192
			5)	org	0.26495686	32914
			6)	ore	0.02513202	3122
			7)	oro	0.002197643	273
			8)	orc	9.1769703E-4	114
			9)	orr	0.00620653	771
			10)	orb	0.005007084	622
			11)	ors	0.0012074962	150
			12)	ort	0.0061179805	760
			13)	orf	0.0024391422	303
			14)	orn	4.990984E-4	62
			15)	Esc	1.12699636E-4	14
		3)	op	0.10639426	68037
			1)	opp	0.44758153	30453
			2)	opi	0.1154338	7854
			3)	ope	0.38766003	26376
			4)	opt	0.019297756	1313
			5)	opa	0.0013374683	91
			6)	opz	0.026675876	1815
			7)	opu	0.0019106689	130
			8)	Esc	1.0288217E-4	7
		4)	on	0.12361919	79052
			1)	ono	0.90217954	71154
			2)	ond	0.0084951	670
			3)	one	0.07547959	5953
			4)	onl	0.008583854	677
			5)	onn	0.0044884556	354
			6)	onc	6.973589E-4	55
			7)	Esc	7.607552E-5	6
		5)	ob	0.08648589	55306
			1)	obi	0.73479885	40580
			2)	obb	0.2486691	13733
			3)	obs	0.011878463	656
			4)	obe	0.0045811757	253
			5)	Esc	7.2429655E-5	4
		6)	oc	0.10980172	70216
			1)	occ	0.9918758	69591
			2)	ocu	0.0034777157	244
			3)	oce	0.004603697	323
			4)	Esc	4.27588E-5	3
		7)	ol	0.039871458	25497
			1)	ola	0.106561884	2712
			2)	olt	0.80502945	20488
			3)	oli	0.07634578	1943
			4)	ole	0.011905697	303
			5)	Esc	1.5717093E-4	4
		8)	ot	0.055857886	35720
			1)	ott	0.999972	35702
			2)	Esc	2.8008852E-5	1
		9)	og	0.14271127	91261
			1)	ogg	0.6084341	55519
			2)	ogn	0.391544	35728
			3)	Esc	2.191805E-5	2
		10)	od	0.008633577	5521
			1)	odi	0.9829919	5086
			2)	odo	0.01662157	86
			3)	Esc	3.865481E-4	2
		11)	ov	0.032546755	20813
			1)	ovv	0.79047984	16457
			2)	ovu	0.07867813	1638
			3)	ove	0.0941928	1961
			4)	ovi	0.029156059	607
			5)	ova	0.0037465775	78
			6)	ovo	0.0034583793	72
			7)	Esc	2.881983E-4	6
		12)	om	0.011712641	7490
			1)	omi	0.13667913	1024
			2)	omo	0.26254672	1967
			3)	omb	0.3517085	2635
			4)	oma	0.16177256	1212
			5)	ome	0.07875067	590
			6)	omn	0.007741591	58
			7)	Esc	8.0085424E-4	6
		13)	of	0.033727404	21568
			1)	off	0.9999536	21565
			2)	Esc	4.6369285E-5	1
		14)	oz	5.035341E-4	322
			1)	ozo	0.9967213	304
			2)	Esc	0.0032786885	1
		15)	ou	9.069869E-5	58
			1)	out	0.98214287	55
			2)	Esc	0.017857144	1
		16)	Esc	2.3456558E-5	15
	18)	l	0.043864705	1167629
		1)	le	0.1603148	178730
			1)	let	0.090633325	16194
			2)	leg	0.4082865	72951
			3)	les	0.105487026	18848
			4)	lem	0.04144373	7405
			5)	lec	0.03676487	6569
			6)	leu	0.121622376	21731
			7)	len	0.04971009	8882
			8)	lea	0.03219235	5752
			9)	lef	0.029511519	5273
			10)	lei	0.0039233025	701
			11)	lel	0.025224429	4507
			12)	lev	0.016622266	2970
			13)	lez	0.0106393695	1901
			14)	led	0.005042647	901
			15)	leq	0.009206609	1645
			16)	ler	0.0066601	1190
			17)	lex	0.0040240437	719
			18)	lep	0.002261076	404
			19)	leo	6.380264E-4	114
			20)	Esc	1.0633773E-4	19
		2)	lo	0.10692646	119209
			1)	lon	0.23244114	27677
			2)	lop	0.07222582	8600
			3)	log	0.044922777	5349
			4)	lor	0.12108742	14418
			5)	loc	0.17735636	21118
			6)	lob	0.09747966	11607
			7)	lot	0.20323169	24199
			8)	lol	0.0048710434	580
			9)	los	0.011774488	1402
			10)	lod	0.018619142	2217
			11)	lof	0.004745068	565
			12)	lom	0.009456542	1126
			13)	lov	7.5585156E-4	90
			14)	loi	9.154202E-4	109
			15)	Esc	1.1757691E-4	14
		3)	li	0.24067761	268324
			1)	lin	0.27859497	74737
			2)	lie	0.04126532	11070
			3)	lim	0.1894328	50818
			4)	liv	0.19198625	51503
			5)	lir	0.0140235	3762
			6)	lid	0.01746414	4685
			7)	lib	0.20268467	54373
			8)	lit	0.009691945	2600
			9)	lis	0.034056004	9136
			10)	lic	0.010840068	2908
			11)	lip	0.0020464915	549
			12)	liq	0.0055803237	1497
			13)	lif	3.2057974E-4	86
			14)	lig	0.001043748	280
			15)	lil	9.132795E-4	245
			16)	Esc	5.591507E-5	15
		4)	la	0.2564382	285895
			1)	lat	0.09906213	28318
			2)	lac	0.06735791	19255
			3)	lan	0.041957457	11994
			4)	lav	0.3949227	112893
			5)	lar	0.04489245	12833
			6)	lap	0.04490644	12837
			7)	lam	0.04956605	14169
			8)	lau	0.02997261	8568
			9)	las	0.079465196	22716
			10)	lag	0.026887193	7686
			11)	lad	0.036374323	10398
			12)	lae	0.0010214754	292
			13)	lab	0.018029742	5154
			14)	laz	0.009857938	2818
			15)	laf	0.008346714	2386
			16)	law	4.2678084E-4	122
			17)	lal	0.038777586	11085
			18)	lai	0.007916435	2263
			19)	lao	1.924012E-4	55
			20)	Esc	6.646587E-5	19
		5)	lu	0.12612872	140617
			1)	lug	0.031930573	4485
			2)	luo	0.22218268	31208
			3)	lun	0.52628845	73923
			4)	luc	0.07758025	10897
			5)	lut	0.018275535	2567
			6)	lus	0.032414693	4553
			7)	lul	0.025544457	3588
			8)	lur	0.005681292	798
			9)	luf	0.0075109815	1055
			10)	lui	0.0028335268	398
			11)	lue	0.03900015	5478
			12)	luz	7.9737435E-4	112
			13)	lup	0.0015021963	211
			14)	lum	0.006571219	923
			15)	lud	4.98359E-4	70
			16)	lub	5.8379193E-4	82
			17)	luk	6.8346376E-4	96
			18)	Esc	1.2103004E-4	17
		6)	lh	0.0029285953	3265
			1)	lho	0.31664073	1018
			2)	lha	0.61586314	1980
			3)	lhi	0.06656299	214
			4)	Esc	9.3312596E-4	3
		7)	là	0.003386945	3776
		8)	lì	9.041421E-4	1008
		9)	lé	7.803607E-5	87
			1)	lél	0.984127	62
			2)	Esc	0.015873017	1
		10)	lf	1.1122383E-4	124
			1)	lfm	0.98550725	68
			2)	Esc	0.014492754	1
		11)	ls	5.1127085E-5	57
		12)	l’	0.0984878	109801
			1)	l’o	0.1516635	16420
			2)	l’i	0.20082943	21743
			3)	l’e	0.18021354	19511
			4)	l’a	0.29337004	31762
			5)	l’u	0.16742098	18126
			6)	l’h	0.0064470842	698
			7)	Esc	5.541906E-5	6
		13)	lt	4.135015E-4	461
		14)	lv	1.2378136E-4	138
		15)	lx	0.0030156008	3362
			1)	lxb	0.9997026	3361
			2)	Esc	2.97442E-4	1
		16)	Esc	1.3454495E-5	15
	19)	q	0.012554964	334199
		1)	qu	0.999997	334183
			1)	qua	0.6103712	203972
			2)	quo	0.031788543	10623
			3)	que	0.34256697	114478
			4)	qui	0.0152613735	5100
			5)	Esc	1.1969704E-5	4
		2)	Esc	2.9923635E-6	1
	20)	u	0.011486098	305747
		1)	un	0.43216124	132097
			1)	uno	0.06160024	8130
			2)	una	0.19725716	26034
			3)	uni	0.44049856	58137
			4)	une	0.10089407	13316
			5)	unu	0.04437036	5856
			6)	ung	0.019889377	2625
			7)	und	0.00506895	669
			8)	un’	0.1274587	16822
			9)	unx	0.002894378	382
			10)	Esc	6.819215E-5	9
		2)	uf	0.021615095	6607
			1)	uff	0.99984866	6607
			2)	Esc	1.5133173E-4	1
		3)	ut	0.102441885	31313
			1)	uti	0.9158147	28665
			2)	ute	0.077092655	2413
			3)	uto	0.0069968053	219
			4)	Esc	9.584665E-5	3
		4)	ul	0.13934164	42592
			1)	ult	0.9999765	42547
			2)	Esc	2.3502867E-5	1
		5)	ug	0.011195227	3422
			1)	ugu	0.9674845	3273
			2)	uga	0.031924326	108
			3)	Esc	5.9119123E-4	2
		6)	ur	0.03962495	12112
			1)	urg	0.7030669	8505
			2)	urb	0.22129454	2677
			3)	urn	0.031330083	379
			4)	ura	0.03290072	398
			5)	urt	0.0050425725	61
			6)	url	0.0058692237	71
			7)	Esc	4.9599074E-4	6
		7)	us	0.05864571	17926
			1)	uso	0.25602058	4582
			2)	usa	0.44437614	7953
			3)	usu	0.06202157	1110
			4)	usc	0.18271218	3270
			5)	usi	0.042129967	754
			6)	use	0.012404313	222
			7)	Esc	3.352517E-4	6
		8)	uo	0.030484254	9318
			1)	uom	0.96124446	8929
			2)	uov	0.03854021	358
			3)	Esc	2.1530844E-4	2
		9)	um	0.1463133	44723
			1)	uma	0.9775507	43719
			2)	umi	0.020235673	905
			3)	umo	0.0021465465	96
			4)	Esc	6.707958E-5	3
		10)	uc	0.013298829	4065
			1)	ucc	0.741078	3011
			2)	ucr	0.25842974	1050
			3)	Esc	4.922471E-4	2
		11)	ud	0.0027055675	827
			1)	udi	0.99872124	781
			2)	Esc	0.0012787724	1
		12)	ub	0.0012955318	396
			1)	ubi	0.99680513	312
			2)	Esc	0.0031948881	1
		13)	ui	4.4820164E-4	137
			1)	uig	0.9925926	134
			2)	Esc	0.0074074073	1
		14)	uz	3.8277073E-4	117
			1)	uzb	0.9913793	115
			2)	Esc	0.00862069	1
		15)	Esc	4.5801626E-5	14
	21)	h	1.8678476E-4	4972
		1)	ho	0.28626692	1184
			1)	hoc	0.78796846	799
			2)	hot	0.085798815	87
			3)	hoo	0.06410257	65
			4)	hol	0.058185406	59
			5)	Esc	0.003944773	4
		2)	he	0.10638298	440
			1)	hed	0.99659866	293
			2)	Esc	0.0034013605	1
		3)	ha	0.31431335	1300
			1)	han	0.4626301	489
			2)	hab	0.28476822	301
			3)	hai	0.17880794	189
			4)	har	0.07000946	74
			5)	Esc	0.0037842952	4
		4)	hu	0.26257253	1086
			1)	hut	0.9818182	54
			2)	Esc	0.018181818	1
		5)	hi	0.02925532	121
		6)	Esc	0.0012088974	5
	22)	z	7.113749E-4	18936
		1)	ze	0.07464185	1412
			1)	zer	0.8434269	1142
			2)	zel	0.15509601	210
			3)	Esc	0.0014771048	2
		2)	zo	0.77210975	14606
			1)	zon	0.9460629	13769
			2)	zoo	0.02452934	357
			3)	zop	0.0037790297	55
			4)	zol	0.025353855	369
			5)	Esc	2.7483853E-4	4
		3)	zi	0.015911615	301
			1)	zin	0.6791444	127
			2)	zit	0.31016043	58
			3)	Esc	0.010695187	2
		4)	zu	0.12137231	2296
			1)	zuc	0.9994827	1932
			2)	Esc	5.173306E-4	1
		5)	za	0.015700163	297
			1)	zap	0.5328467	73
			2)	zai	0.45255473	62
			3)	Esc	0.01459854	2
		6)	Esc	2.6431252E-4	5
	23)	j	4.744754E-5	1263
		1)	ju	0.60318726	757
			1)	jur	0.101071976	66
			2)	jus	0.09341501	61
			3)	jug	0.8009188	523
			4)	Esc	0.0045941807	3
		2)	ja	0.08047809	101
		3)	jo	0.1505976	189
			1)	joi	0.98734176	78
			2)	Esc	0.012658228	1
		4)	je	0.09003984	113
			1)	jea	0.9852941	67
			2)	Esc	0.014705882	1
		5)	ji	0.07171315	90
			1)	jih	0.9885057	86
			2)	Esc	0.011494253	1
		6)	Esc	0.003984064	5
	24)	k	7.3068455E-5	1945
		1)	km	0.18794914	340
			1)	kmh	0.9814815	53
			2)	Esc	0.018518519	1
		2)	ko	0.2233278	404
			1)	kos	0.99705017	338
			2)	Esc	0.0029498525	1
		3)	ki	0.10005528	181
			1)	kil	0.5263158	70
			2)	kir	0.45864663	61
			3)	Esc	0.015037594	2
		4)	kn	0.15257049	276
			1)	kno	0.99636364	274
			2)	Esc	0.0036363637	1
		5)	kg	0.0525152	95
		6)	ka	0.14925373	270
			1)	kar	0.48305085	57
			2)	kam	0.5	59
			3)	Esc	0.016949153	2
		7)	ke	0.13045882	236
			1)	key	0.38	57
			2)	ken	0.6066667	91
			3)	Esc	0.013333334	2
		8)	Esc	0.0038695412	7
	25)	é	4.0009207E-5	1065
		1)	él	0.66780823	195
			1)	éli	0.9947644	190
			2)	Esc	0.005235602	1
		2)	éq	0.32534248	95
			1)	équ	0.9895833	95
			2)	Esc	0.010416667	1
		3)	Esc	0.006849315	2
	26)	x	5.4810735E-5	1459
		1)	xe	0.9992816	1391
			1)	xen	0.9992806	1389
			2)	Esc	7.1942445E-4	1
		2)	Esc	7.183908E-4	1
	27)	y	7.7388695E-6	206
		1)	ye	0.6449704	109
			1)	yem	0.98245615	56
			2)	Esc	0.01754386	1
		2)	yo	0.34319526	58
		3)	Esc	0.01183432	2
	28)	à	3.9445695E-6	105
	29)	w	5.090373E-5	1355
		1)	wo	0.08049536	104
			1)	wor	0.98717946	77
			2)	Esc	0.012820513	1
		2)	wh	0.121517025	157
			1)	whi	0.9935065	153
			2)	Esc	0.0064935065	1
		3)	we	0.5619195	726
			1)	wel	0.17960426	118
			2)	web	0.8173516	537
			3)	Esc	0.00304414	2
		4)	wi	0.11996904	155
			1)	wit	0.9814815	53
			2)	Esc	0.018518519	1
		5)	wa	0.1122291	145
		6)	Esc	0.003869969	5
	30)	 	0.0011721383	31201
		1)	  	0.99996793	31189
		2)	Esc	3.2061558E-5	1
	31)	–	3.4900047E-5	929
	32)	“	6.8748213E-6	183
	33)	Esc	1.2021545E-6	32
