Italian	3	2469246	1355
	1)	_	0	0	0.0
		1)	_d	0	0	0.0
			1)	_di	1	27103	0.00782868
			2)	_de	2	26545	0.0076675024
			3)	_da	74	6121	0.001768046
			4)	_do	193	3089	8.922552E-4
			5)	_du	590	1034	2.986701E-4
			6)	_d_	1092	374	1.08029606E-4
		2)	_c	0	0	0.0
			1)	_co	6	21945	0.0063387956
			2)	_ch	19	13834	0.00399594
			3)	_ci	181	3246	9.376045E-4
			4)	_ca	207	2919	8.4315083E-4
			5)	_cu	419	1527	4.4107274E-4
			6)	_cr	423	1505	4.3471807E-4
			7)	_ce	572	1065	3.076244E-4
		3)	_i	0	0	0.0
			1)	_in	12	18340	0.0052974946
			2)	_il	43	8425	0.0024335545
			3)	_i_	130	4137	0.0011949692
			4)	_im	247	2527	7.29922E-4
			5)	_is	892	545	1.5742282E-4
			6)	_id	1177	312	9.012095E-5
			7)	_io	1349	203	5.863639E-5
		4)	_p	0	0	0.0
			1)	_pr	20	13566	0.0039185286
			2)	_pe	31	11194	0.003233378
			3)	_po	47	7877	0.0022752653
			4)	_pa	83	5955	0.001720097
			5)	_pi	229	2685	7.755601E-4
			6)	_pu	303	2132	6.158265E-4
		5)	_l	0	0	0.0
			1)	_la	22	13271	0.003833318
			2)	_le	73	6172	0.0017827773
			3)	_l_	220	2778	8.024231E-4
			4)	_lo	239	2600	7.5100793E-4
			5)	_li	264	2403	6.9410464E-4
			6)	_lu	520	1172	3.3853127E-4
		6)	_e	0	0	0.0
			1)	_e_	25	12932	0.003735398
			2)	_es	105	4941	0.0014272039
			3)	_eu	200	2975	8.593264E-4
			4)	_ec	553	1101	3.1802297E-4
			5)	_el	697	813	2.348344E-4
			6)	_ed	732	756	2.1837E-4
			7)	_em	806	659	1.9035162E-4
			8)	_ef	825	638	1.8428579E-4
			9)	_en	826	637	1.8399695E-4
			10)	_ev	920	518	1.4962388E-4
			11)	_er	1069	390	1.1265119E-4
			12)	_eq	1346	208	6.0080634E-5
		7)	_u	0	0	0.0
			1)	_un	32	11127	0.0032140252
			2)	_ul	984	462	1.3344834E-4
			3)	_ut	1152	330	9.532024E-5
			4)	_um	1182	310	8.954325E-5
			5)	_us	1355	200	5.776984E-5
		8)	_q	0	0	0.0
			1)	_qu	33	11072	0.0031981384
		9)	_a	0	0	0.0
			1)	_al	36	10197	0.0029453954
			2)	_a_	63	6740	0.0019468437
			3)	_an	137	3972	0.0011473091
			4)	_ad	316	2043	5.901189E-4
			5)	_av	343	1855	5.3581526E-4
			6)	_at	351	1838	5.3090486E-4
			7)	_as	357	1798	5.1935087E-4
			8)	_ap	360	1788	5.164624E-4
			9)	_ac	382	1673	4.8324472E-4
			10)	_am	429	1486	4.2922993E-4
			11)	_ai	467	1354	3.911018E-4
			12)	_ab	513	1202	3.4719674E-4
			13)	_au	547	1111	3.2091147E-4
			14)	_af	573	1065	3.076244E-4
			15)	_ag	610	976	2.8191681E-4
			16)	_ar	638	915	2.6429704E-4
			17)	_az	1081	383	1.1062925E-4
		10)	_s	0	0	0.0
			1)	_si	40	9442	0.0027273141
			2)	_so	54	7296	0.0021074438
			3)	_se	66	6473	0.0018697209
			4)	_su	86	5788	0.0016718592
			5)	_st	112	4712	0.0013610575
			6)	_sa	342	1859	5.369707E-4
			7)	_sp	374	1712	4.945098E-4
			8)	_sv	470	1338	3.8648024E-4
			9)	_sc	474	1321	3.8156981E-4
			10)	_sf	1003	444	1.2824904E-4
		11)	_r	0	0	0.0
			1)	_ri	41	9439	0.0027264478
			2)	_re	79	6048	0.00174696
			3)	_ra	299	2147	6.2015926E-4
			4)	_ru	885	550	1.5886707E-4
		12)	_n	0	0	0.0
			1)	_no	42	8562	0.0024731269
			2)	_ne	55	7248	0.0020935792
			3)	_nu	464	1370	3.9572341E-4
			4)	_na	607	984	2.8422763E-4
			5)	_n_	1324	219	6.3257976E-5
		13)	_è	0	0	0.0
			1)	_è_	101	5195	0.0015005716
		14)	_m	0	0	0.0
			1)	_ma	117	4604	0.0013298617
			2)	_mo	134	4005	0.001156841
			3)	_me	144	3793	0.0010956051
			4)	_mi	149	3748	0.0010826068
		15)	_f	0	0	0.0
			1)	_fa	168	3448	9.95952E-4
			2)	_fo	283	2291	6.617535E-4
			3)	_fi	309	2097	6.057168E-4
			4)	_fr	541	1118	3.2293343E-4
			5)	_fu	681	845	2.4407759E-4
			6)	_fe	1121	349	1.0080837E-4
		16)	_t	0	0	0.0
			1)	_tr	176	3332	9.6244557E-4
			2)	_te	208	2905	8.39107E-4
			3)	_tu	214	2828	8.1686553E-4
			4)	_ta	312	2071	5.982067E-4
			5)	_ti	1085	379	1.0947385E-4
			6)	_to	1107	360	1.03985716E-4
		17)	_h	0	0	0.0
			1)	_ha	221	2774	8.012677E-4
			2)	_ho	930	509	1.4702424E-4
		18)	_g	0	0	0.0
			1)	_gi	249	2519	7.276111E-4
			2)	_gr	326	1972	5.696106E-4
			3)	_gl	333	1921	5.548793E-4
			4)	_ge	611	970	2.8018374E-4
			5)	_go	878	563	1.626221E-4
			6)	_ga	916	522	1.5077929E-4
			7)	_gu	1234	270	7.798929E-5
		19)	_v	0	0	0.0
			1)	_vo	254	2477	7.154795E-4
			2)	_vi	267	2395	6.9179386E-4
			3)	_ve	304	2117	6.114938E-4
			4)	_va	435	1471	4.2489718E-4
		20)	_o	0	0	0.0
			1)	_or	451	1409	4.0698855E-4
			2)	_on	460	1380	3.986119E-4
			3)	_oc	597	1007	2.9087116E-4
			4)	_og	606	990	2.859607E-4
			5)	_o_	639	914	2.6400818E-4
			6)	_op	659	885	2.5563154E-4
			7)	_ob	790	674	1.9468437E-4
			8)	_os	976	471	1.3604798E-4
			9)	_ot	1156	329	9.503139E-5
			10)	_ov	1245	263	7.596734E-5
			11)	_ol	1348	203	5.863639E-5
		21)	_b	0	0	0.0
			1)	_ba	616	949	2.741179E-4
			2)	_be	756	724	2.0912683E-4
			3)	_bi	824	639	1.8457464E-4
			4)	_bu	1161	325	9.387599E-5
			5)	_br	1254	256	7.39454E-5
		22)	_z	0	0	0.0
			1)	_zo	1316	224	6.4702224E-5
	2)	t	0	0	0.0
		1)	to	0	0	0.0
			1)	to_	3	26296	0.0075955787
			2)	tor	187	3152	9.104527E-4
			3)	tol	889	547	1.5800052E-4
			4)	ton	1190	302	8.723246E-5
			5)	tos	1301	231	6.672417E-5
		2)	ti	0	0	0.0
			1)	ti_	21	13560	0.0039167954
			2)	tiv	109	4742	0.0013697229
			3)	tic	122	4472	0.0012917337
			4)	tit	369	1735	5.0115335E-4
			5)	tim	530	1146	3.310212E-4
			6)	tio	615	963	2.7816178E-4
			7)	tin	648	904	2.6111968E-4
			8)	tir	782	692	1.9988365E-4
			9)	tia	957	484	1.3980301E-4
			10)	til	980	465	1.3431488E-4
			11)	tie	1059	395	1.14095434E-4
			12)	tiz	1122	348	1.0051952E-4
			13)	tif	1139	334	9.647563E-5
			14)	tip	1268	247	7.1345756E-5
			15)	tis	1298	233	6.7301866E-5
		3)	te	0	0	0.0
			1)	te_	24	13177	0.0038061661
			2)	ter	67	6447	0.0018622108
			3)	ten	132	4012	0.0011588631
			4)	tem	368	1737	5.0173106E-4
			5)	tes	473	1324	3.8243635E-4
			6)	teg	683	837	2.4176679E-4
			7)	tec	983	463	1.3373718E-4
			8)	tel	1065	392	1.1322889E-4
			9)	tez	1166	322	9.300945E-5
		4)	ta	0	0	0.0
			1)	ta_	38	9836	0.0028411208
			2)	tat	120	4522	0.0013061761
			3)	tan	151	3725	0.0010759633
			4)	tar	159	3586	0.0010358132
			5)	tal	218	2785	8.0444507E-4
			6)	tam	496	1231	3.5557337E-4
			7)	taz	628	933	2.6949632E-4
			8)	tav	868	584	1.6868794E-4
			9)	tab	871	579	1.6724369E-4
			10)	tad	899	538	1.5540088E-4
			11)	tag	1167	322	9.300945E-5
			12)	tas	1169	320	9.243174E-5
		5)	tt	0	0	0.0
			1)	tti	84	5920	0.0017099873
			2)	tto	85	5791	0.0016727258
			3)	tta	139	3930	0.0011351773
			4)	tte	289	2229	6.438449E-4
			5)	ttu	380	1685	4.8671092E-4
			6)	ttr	940	500	1.444246E-4
		6)	tr	0	0	0.0
			1)	tra	91	5678	0.0016400858
			2)	tro	162	3496	0.0010098169
			3)	tri	265	2402	6.938158E-4
			4)	tre	274	2361	6.81973E-4
			5)	tru	543	1116	3.223557E-4
		7)	tà	0	0	0.0
			1)	tà_	102	5157	0.0014895954
		8)	tu	0	0	0.0
			1)	tut	189	3133	9.049646E-4
			2)	tur	291	2216	6.4008986E-4
			3)	tua	463	1377	3.9774535E-4
			4)	tui	999	447	1.291156E-4
			5)	tun	1097	366	1.0571881E-4
			6)	tuz	1214	280	8.087778E-5
	3)	r	0	0	0.0
		1)	re	0	0	0.0
			1)	re_	4	23361	0.0067478064
			2)	res	108	4897	0.0014144946
			3)	rev	240	2590	7.4811943E-4
			4)	ren	319	2020	5.834754E-4
			5)	rel	354	1807	5.2195054E-4
			6)	reg	386	1652	4.771789E-4
			7)	ret	399	1592	4.5984794E-4
			8)	reb	416	1536	4.4367238E-4
			9)	rea	518	1185	3.422863E-4
			10)	rem	551	1104	3.1888954E-4
			11)	rec	631	925	2.671855E-4
			12)	rez	705	800	2.3107936E-4
			13)	rei	743	740	2.1374841E-4
			14)	red	808	657	1.8977393E-4
			15)	rer	1034	417	1.2045012E-4
			16)	reo	1195	297	8.578821E-5
			17)	rep	1264	251	7.250115E-5
		2)	ro	0	0	0.0
			1)	ro_	68	6323	0.0018263935
			2)	rop	92	5648	0.0016314203
			3)	rog	388	1645	4.7515694E-4
			4)	rov	494	1234	3.564399E-4
			5)	ron	540	1118	3.2293343E-4
			6)	roc	584	1048	3.0271398E-4
			7)	rob	670	865	2.4985455E-4
			8)	ros	719	781	2.2559123E-4
			9)	rol	729	768	2.2183619E-4
			10)	rod	746	736	2.1259302E-4
			11)	rof	895	540	1.5597857E-4
			12)	rom	998	448	1.2940445E-4
			13)	rot	1101	364	1.0514111E-4
		3)	ra	0	0	0.0
			1)	ra_	76	6114	0.001766024
			2)	rat	136	3973	0.0011475979
			3)	ran	184	3188	9.2085125E-4
			4)	raz	292	2213	6.392233E-4
			5)	ral	361	1787	5.1617355E-4
			6)	ram	431	1483	4.2836336E-4
			7)	rar	452	1403	4.0525544E-4
			8)	rap	598	1003	2.8971577E-4
			9)	ras	666	869	2.5100997E-4
			10)	rag	679	846	2.4436644E-4
			11)	rad	715	787	2.2732433E-4
			12)	rav	909	526	1.5193468E-4
			13)	raf	1054	398	1.14961986E-4
			14)	rac	1187	305	8.8099005E-5
		4)	ri	0	0	0.0
			1)	ri_	90	5723	0.0016530841
			2)	rit	157	3630	0.0010485227
			3)	ris	161	3518	0.0010161715
			4)	ric	201	2969	8.575933E-4
			5)	rio	261	2410	6.961266E-4
			6)	ria	271	2377	6.865946E-4
			7)	rim	338	1891	5.462139E-4
			8)	rie	426	1498	4.326961E-4
			9)	rin	480	1290	3.7261547E-4
			10)	rif	539	1122	3.2408882E-4
			11)	rig	612	969	2.7989488E-4
			12)	rib	712	791	2.2847972E-4
			13)	riv	776	700	2.0219444E-4
			14)	rid	821	640	1.8486349E-4
			15)	rip	988	454	1.3113754E-4
			16)	rir	1048	402	1.1611738E-4
			17)	riu	1203	291	8.405512E-5
			18)	riz	1207	287	8.289972E-5
			19)	ril	1228	272	7.856698E-5
		5)	rr	0	0	0.0
			1)	rre	275	2353	6.7966216E-4
			2)	rri	1038	414	1.1958357E-4
			3)	rro	1091	376	1.086073E-4
			4)	rra	1147	330	9.532024E-5
			5)	rrà	1328	216	6.239143E-5
		6)	rt	0	0	0.0
			1)	rta	282	2292	6.620424E-4
			2)	rti	335	1904	5.499689E-4
			3)	rte	415	1539	4.4453892E-4
			4)	rto	777	698	2.0161674E-4
			5)	rtu	1019	430	1.2420517E-4
			6)	rtà	1221	276	7.9722384E-5
		7)	rm	0	0	0.0
			1)	rma	359	1793	5.179066E-4
			2)	rme	619	943	2.7238482E-4
			3)	rmi	635	917	2.6487472E-4
		8)	rà	0	0	0.0
			1)	rà_	367	1743	5.034642E-4
		9)	rs	0	0	0.0
			1)	rso	489	1260	3.6395E-4
			2)	rsi	510	1207	3.4864098E-4
			3)	rse	711	791	2.2847972E-4
			4)	rsa	1140	334	9.647563E-5
		10)	rn	0	0	0.0
			1)	rno	565	1081	3.12246E-4
			2)	rna	717	784	2.2645778E-4
			3)	rni	861	593	1.7128758E-4
			4)	rne	1020	429	1.2391631E-4
		11)	rd	0	0	0.0
			1)	rdi	618	944	2.7267364E-4
			2)	rda	644	910	2.628528E-4
			3)	rdo	751	733	2.1172647E-4
		12)	rc	0	0	0.0
			1)	rca	690	828	2.3916714E-4
			2)	rch	698	812	2.3454556E-4
			3)	rci	716	785	2.2674663E-4
			4)	rce	1194	298	8.607707E-5
			5)	rco	1253	256	7.39454E-5
		13)	rl	0	0	0.0
			1)	rla	723	776	2.2414699E-4
			2)	rlo	1183	307	8.867671E-5
		14)	ru	0	0	0.0
			1)	rut	799	664	1.9179587E-4
			2)	rup	837	618	1.7850881E-4
			3)	ruo	1200	293	8.463282E-5
			4)	rum	1222	275	7.9433536E-5
			5)	rur	1309	228	6.585762E-5
			6)	ruz	1333	214	6.181373E-5
		15)	rv	0	0	0.0
			1)	rvi	827	631	1.8226384E-4
			2)	rve	828	630	1.81975E-4
			3)	rva	1046	403	1.16406234E-4
		16)	rg	0	0	0.0
			1)	rga	1010	437	1.2622711E-4
			2)	rgo	1076	387	1.1178464E-4
			3)	rge	1114	353	1.0196377E-4
			4)	rgi	1343	210	6.0658334E-5
		17)	rò	0	0	0.0
			1)	rò_	1017	431	1.24494E-4
		18)	rz	0	0	0.0
			1)	rza	1162	324	9.358714E-5
			2)	rzi	1293	236	6.816841E-5
			3)	rzo	1320	220	6.3546824E-5
	4)	l	0	0	0.0
		1)	la	0	0	0.0
			1)	la_	5	22322	0.006447692
			2)	laz	376	1704	4.9219903E-4
			3)	lat	385	1655	4.7804543E-4
			4)	lar	392	1633	4.7169076E-4
			5)	lav	562	1084	3.1311254E-4
			6)	lam	581	1050	3.0329166E-4
			7)	lan	737	748	2.1605921E-4
			8)	las	962	480	1.3864762E-4
			9)	lab	1142	333	9.6186785E-5
			10)	lac	1219	278	8.030008E-5
		2)	le	0	0	0.0
			1)	le_	10	19011	0.005491312
			2)	leg	397	1600	4.6215873E-4
			3)	lem	517	1188	3.4315285E-4
			4)	les	795	669	1.9324012E-4
			5)	let	829	628	1.813973E-4
			6)	len	970	473	1.3662568E-4
			7)	lev	991	453	1.308487E-4
			8)	lei	1050	401	1.1582853E-4
			9)	ler	1269	247	7.1345756E-5
			10)	leu	1305	230	6.643532E-5
		3)	ll	0	0	0.0
			1)	lla	27	12082	0.0034898762
			2)	lle	65	6528	0.0018856076
			3)	ll_	179	3264	9.428038E-4
			4)	llo	258	2459	7.102802E-4
			5)	lli	548	1108	3.2004493E-4
			6)	llu	652	897	2.5909775E-4
		4)	li	0	0	0.0
			1)	li_	37	9972	0.0028804042
			2)	lit	138	3964	0.0011449982
			3)	lin	430	1485	4.2894107E-4
			4)	lic	440	1454	4.1998675E-4
			5)	liz	528	1148	3.315989E-4
			6)	lio	558	1091	3.1513447E-4
			7)	lia	579	1055	3.047359E-4
			8)	lim	595	1013	2.9260424E-4
			9)	lib	772	706	2.0392754E-4
			10)	lis	891	545	1.5742282E-4
			11)	lie	910	526	1.5193468E-4
			12)	liv	945	497	1.4355805E-4
			13)	lid	1180	310	8.954325E-5
			14)	lig	1303	231	6.672417E-5
		5)	lo	0	0	0.0
			1)	lo_	113	4708	0.0013599021
			2)	lor	421	1506	4.350069E-4
			3)	log	893	543	1.5684513E-4
			4)	lon	955	486	1.4038071E-4
			5)	loc	958	484	1.3980301E-4
			6)	lob	1229	272	7.856698E-5
			7)	lot	1284	240	6.932381E-5
			8)	los	1354	200	5.776984E-5
		6)	lt	0	0	0.0
			1)	ltr	298	2161	6.242031E-4
			2)	lta	443	1436	4.1478747E-4
			3)	lto	578	1056	3.0502476E-4
			4)	lti	624	935	2.70074E-4
			5)	lte	838	617	1.7821995E-4
			6)	ltu	1108	358	1.0340802E-4
			7)	ltà	1109	357	1.03119164E-4
		7)	lu	0	0	0.0
			1)	lun	509	1208	3.4892984E-4
			2)	lup	671	865	2.4985455E-4
			3)	luz	819	643	1.8573004E-4
			4)	lut	833	625	1.8053075E-4
			5)	lus	866	587	1.6955448E-4
			6)	luo	934	503	1.4529115E-4
			7)	lud	1307	229	6.6146466E-5
		8)	lm	0	0	0.0
			1)	lme	554	1098	3.1715643E-4
		9)	lc	0	0	0.0
			1)	lcu	629	931	2.689186E-4
		10)	lg	0	0	0.0
			1)	lge	1246	262	7.5678494E-5
	5)	i	0	0	0.0
		1)	io	0	0	0.0
			1)	ion	7	21437	0.0061920607
			2)	io_	72	6188	0.001787399
			3)	ior	324	1987	5.7394337E-4
			4)	ios	1335	214	6.181373E-5
			5)	iod	1342	211	6.0947183E-5
		2)	in	0	0	0.0
			1)	in_	39	9558	0.0027608208
			2)	int	148	3776	0.0010906946
			3)	ina	209	2899	8.3737384E-4
			4)	ini	225	2721	7.859587E-4
			5)	ine	301	2145	6.1958155E-4
			6)	inc	352	1831	5.288829E-4
			7)	ind	387	1652	4.771789E-4
			8)	ino	488	1262	3.645277E-4
			9)	inf	586	1044	3.0155858E-4
			10)	inv	642	911	2.631416E-4
			11)	ing	727	772	2.2299158E-4
			12)	ins	781	693	2.0017251E-4
			13)	inu	966	478	1.3806993E-4
			14)	inn	1127	342	9.8786426E-5
			15)	inq	1175	313	9.0409805E-5
		3)	il	0	0	0.0
			1)	il_	45	8306	0.0023991815
			2)	ili	192	3091	8.928329E-4
			3)	ile	330	1929	5.571901E-4
			4)	ilu	665	872	2.518765E-4
			5)	ila	956	485	1.4009187E-4
			6)	ill	1338	213	6.152488E-5
		4)	ia	0	0	0.0
			1)	ia_	71	6189	0.0017876878
			2)	iam	114	4688	0.0013541251
			3)	iar	273	2365	6.8312837E-4
			4)	ial	310	2089	6.03406E-4
			5)	iat	400	1591	4.595591E-4
			6)	ian	465	1365	3.9427917E-4
			7)	ias	1249	259	7.481194E-5
			8)	iac	1288	239	6.903496E-5
		5)	ic	0	0	0.0
			1)	ica	80	6031	0.0017420496
			2)	ico	128	4196	0.0012120113
			3)	ich	279	2342	6.7648484E-4
			4)	ici	293	2204	6.3662365E-4
			5)	ice	682	838	2.4205564E-4
			6)	icu	685	835	2.4118909E-4
			7)	icc	1213	282	8.145547E-5
		6)	it	0	0	0.0
			1)	ità	140	3879	0.0011204461
			2)	iti	175	3337	9.638898E-4
			3)	ito	194	3075	8.882113E-4
			4)	ita	199	2984	8.6192606E-4
			5)	itt	295	2176	6.2853587E-4
			6)	itu	461	1379	3.9832306E-4
			7)	ite	566	1077	3.110906E-4
		7)	is	0	0	0.0
			1)	ist	146	3786	0.0010935831
			2)	isc	305	2116	6.1120495E-4
			3)	isp	336	1902	5.493912E-4
			4)	iso	408	1572	4.5407095E-4
			5)	isi	478	1298	3.7492628E-4
			6)	iss	559	1091	3.1513447E-4
			7)	isu	710	792	2.2876858E-4
			8)	ism	911	526	1.5193468E-4
			9)	isa	1149	330	9.532024E-5
			10)	isl	1217	279	8.058893E-5
			11)	ise	1280	244	7.0479204E-5
		8)	ir	0	0	0.0
			1)	ire	165	3483	0.0010060618
			2)	iri	557	1092	3.1542333E-4
			3)	ira	1185	306	8.838786E-5
			4)	irc	1209	284	8.203318E-5
		9)	iz	0	0	0.0
			1)	izi	183	3213	9.280725E-4
			2)	izz	371	1730	4.997091E-4
		10)	im	0	0	0.0
			1)	imp	244	2559	7.391651E-4
			2)	ime	320	2018	5.828977E-4
			3)	ima	441	1453	4.196979E-4
			4)	imi	469	1338	3.8648024E-4
			5)	imo	512	1207	3.4864098E-4
			6)	imm	1232	271	7.8278135E-5
		11)	iv	0	0	0.0
			1)	iva	259	2432	7.0248125E-4
			2)	ive	287	2261	6.5308803E-4
			3)	ivi	355	1806	5.2166166E-4
			4)	ivo	453	1403	4.0525544E-4
		12)	ie	0	0	0.0
			1)	ien	277	2349	6.785068E-4
			2)	ie_	424	1504	4.344292E-4
			3)	iet	491	1246	3.5990612E-4
			4)	ier	658	892	2.576535E-4
			5)	ied	822	639	1.8457464E-4
			6)	ies	1071	389	1.12362344E-4
		13)	ig	0	0	0.0
			1)	ign	323	1991	5.750988E-4
			2)	igu	734	753	2.1750345E-4
			3)	igl	852	601	1.7359837E-4
			4)	igi	1223	275	7.9433536E-5
			5)	ige	1256	255	7.365655E-5
			6)	igo	1261	252	7.279E-5
		14)	id	0	0	0.0
			1)	ide	325	1978	5.7134376E-4
			2)	idi	834	623	1.7995306E-4
			3)	ida	854	599	1.7302067E-4
			4)	idu	992	452	1.3055984E-4
		15)	iù	0	0	0.0
			1)	iù_	350	1842	5.320602E-4
		16)	if	0	0	0.0
			1)	ifi	412	1558	4.5002706E-4
			2)	ife	763	721	2.0826027E-4
			3)	iff	907	528	1.5251238E-4
			4)	ifo	1106	360	1.03985716E-4
		17)	ib	0	0	0.0
			1)	ibi	422	1506	4.350069E-4
			2)	ibu	851	604	1.7446492E-4
			3)	ibe	876	563	1.626221E-4
			4)	iba	1029	422	1.21894365E-4
		18)	iu	0	0	0.0
			1)	iut	694	819	2.365675E-4
			2)	ius	752	733	2.1172647E-4
			3)	iun	755	724	2.0912683E-4
			4)	iur	1116	353	1.0196377E-4
			5)	iud	1128	340	9.820873E-5
		19)	iò	0	0	0.0
			1)	iò_	749	734	2.1201532E-4
		20)	ià	0	0	0.0
			1)	ià_	830	627	1.8110845E-4
		21)	ip	0	0	0.0
			1)	ipi	922	514	1.4846849E-4
			2)	ipa	923	514	1.4846849E-4
			3)	ipe	1062	394	1.13806585E-4
			4)	ipo	1208	287	8.289972E-5
			5)	ipr	1295	235	6.787956E-5
	6)	d	0	0	0.0
		1)	di	0	0	0.0
			1)	di_	8	20798	0.006007486
			2)	dis	243	2563	7.4032054E-4
			3)	dir	268	2392	6.909273E-4
			4)	dic	427	1495	4.3182957E-4
			5)	din	506	1213	3.503741E-4
			6)	div	564	1082	3.1253483E-4
			7)	dia	571	1065	3.076244E-4
			8)	dif	591	1026	2.963593E-4
			9)	diz	813	654	1.8890738E-4
			10)	dim	817	645	1.8630773E-4
			11)	dit	931	508	1.467354E-4
			12)	dib	1082	382	1.103404E-4
			13)	dip	1241	265	7.654504E-5
			14)	die	1266	249	7.192345E-5
		2)	de	0	0	0.0
			1)	del	13	17081	0.004933833
			2)	dei	186	3170	9.1565197E-4
			3)	der	198	3009	8.6914725E-4
			4)	de_	420	1522	4.396285E-4
			5)	deg	445	1429	4.127655E-4
			6)	den	459	1382	3.991896E-4
			7)	des	523	1161	3.3535392E-4
			8)	dev	546	1111	3.2091147E-4
			9)	dec	660	883	2.5505386E-4
			10)	det	731	756	2.1837E-4
			11)	dem	961	481	1.3893646E-4
			12)	dep	1002	445	1.285379E-4
			13)	deb	1044	407	1.1756163E-4
			14)	def	1088	378	1.09185E-4
		3)	do	0	0	0.0
			1)	do_	98	5358	0.001547654
			2)	dov	508	1211	3.4979638E-4
			3)	don	775	703	2.0306099E-4
			4)	dot	779	696	2.0103905E-4
			5)	dob	921	515	1.4875735E-4
			6)	dom	1078	386	1.1149579E-4
			7)	dop	1110	356	1.02830316E-4
			8)	doc	1332	215	6.210258E-5
		4)	da	0	0	0.0
			1)	da_	166	3478	0.0010046175
			2)	dal	248	2523	7.2876655E-4
			3)	dam	585	1045	3.018474E-4
			4)	dat	617	945	2.729625E-4
			5)	dar	699	812	2.3454556E-4
			6)	dan	926	512	1.478908E-4
			7)	dai	1248	261	7.5389646E-5
			8)	dag	1330	216	6.239143E-5
		5)	du	0	0	0.0
			1)	dur	722	779	2.2501353E-4
			2)	due	971	473	1.3662568E-4
			3)	dut	1132	339	9.791988E-5
			4)	duz	1236	267	7.7122735E-5
			5)	duc	1250	259	7.481194E-5
			6)	dus	1339	213	6.152488E-5
		6)	dd	0	0	0.0
			1)	ddi	1012	436	1.2593826E-4
		7)	dr	0	0	0.0
			1)	dro	1155	329	9.503139E-5
	7)	n	0	0	0.0
		1)	ne	0	0	0.0
			1)	ne_	9	19370	0.0055950093
			2)	nel	121	4487	0.0012960664
			3)	ner	439	1457	4.208533E-4
			4)	nec	692	827	2.3887829E-4
			5)	nei	773	705	2.0363869E-4
			6)	neg	832	626	1.8081961E-4
			7)	nea	975	471	1.3604798E-4
			8)	nes	978	469	1.3547028E-4
			9)	nen	1061	395	1.14095434E-4
			10)	net	1287	239	6.903496E-5
		2)	no	0	0	0.0
			1)	no_	26	12647	0.003653076
			2)	non	97	5383	0.0015548753
			3)	nor	135	3993	0.0011533749
			4)	nos	313	2068	5.973402E-4
			5)	nom	500	1224	3.5355144E-4
			6)	noi	873	574	1.6579944E-4
			7)	nol	883	552	1.5944477E-4
			8)	not	1144	332	9.5897936E-5
			9)	nov	1278	244	7.0479204E-5
		3)	nt	0	0	0.0
			1)	nte	28	11988	0.0034627244
			2)	nto	52	7336	0.0021189977
			3)	nti	82	6022	0.0017394499
			4)	nta	126	4246	0.0012264537
			5)	ntr	197	3013	8.7030267E-4
		4)	ni	0	0	0.0
			1)	ni_	48	7813	0.0022567788
			2)	nit	417	1532	4.42517E-4
			3)	nio	533	1134	3.27555E-4
			4)	niz	537	1126	3.252442E-4
			5)	nic	680	845	2.4407759E-4
			6)	nis	820	641	1.8515234E-4
			7)	nir	953	487	1.4066957E-4
			8)	nif	1016	433	1.250717E-4
			9)	nim	1055	398	1.14961986E-4
			10)	nia	1160	326	9.416484E-5
			11)	nie	1271	246	7.105691E-5
			12)	nib	1318	222	6.412452E-5
		5)	na	0	0	0.0
			1)	na_	95	5544	0.0016013801
			2)	nal	235	2652	7.660281E-4
			3)	nat	433	1477	4.266303E-4
			4)	nan	519	1184	3.4199745E-4
			5)	naz	580	1052	3.0386937E-4
			6)	nar	662	875	2.5274305E-4
			7)	nam	887	549	1.5857822E-4
		6)	nz	0	0	0.0
			1)	nza	167	3451	9.968186E-4
			2)	nzi	219	2782	8.0357847E-4
			3)	nze	707	795	2.2963512E-4
		7)	nd	0	0	0.0
			1)	ndo	190	3106	8.971656E-4
			2)	ndi	238	2623	7.5765146E-4
			3)	nda	294	2177	6.2882475E-4
			4)	nde	307	2105	6.0802756E-4
			5)	ndu	1079	385	1.11206944E-4
		8)	nc	0	0	0.0
			1)	nch	253	2487	7.18368E-4
			2)	nci	428	1488	4.298076E-4
			3)	nco	436	1470	4.2460833E-4
			4)	nce	675	853	2.4638837E-4
			5)	ncl	1035	417	1.2045012E-4
			6)	nca	1148	330	9.532024E-5
			7)	ncr	1235	267	7.7122735E-5
		9)	nn	0	0	0.0
			1)	nno	290	2223	6.421118E-4
			2)	nni	810	656	1.8948509E-4
			3)	nna	1024	425	1.2276092E-4
			4)	nne	1057	397	1.1467314E-4
		10)	ns	0	0	0.0
			1)	nsi	438	1458	4.2114215E-4
			2)	nse	589	1035	2.9895894E-4
			3)	nsa	646	907	2.6198622E-4
			4)	nso	886	549	1.5857822E-4
			5)	nsu	1093	373	1.0774076E-4
		11)	ng	0	0	0.0
			1)	ngo	599	998	2.8827152E-4
			2)	nga	942	499	1.4413576E-4
			3)	ngr	990	453	1.308487E-4
			4)	nge	1025	425	1.2276092E-4
			5)	ngi	1350	202	5.834754E-5
		12)	nu	0	0	0.0
			1)	nuo	641	911	2.631416E-4
			2)	nut	740	742	2.1432611E-4
			3)	num	1220	277	8.001123E-5
			4)	nua	1270	246	7.105691E-5
			5)	nun	1277	244	7.0479204E-5
		13)	nq	0	0	0.0
			1)	nqu	744	739	2.1345957E-4
		14)	nv	0	0	0.0
			1)	nve	745	738	2.1317072E-4
			2)	nvi	1063	393	1.1351774E-4
		15)	nf	0	0	0.0
			1)	nfo	1026	424	1.2247206E-4
			2)	nfi	1191	302	8.723246E-5
			3)	nfr	1231	271	7.8278135E-5
			4)	nfe	1244	263	7.596734E-5
			5)	nfa	1279	244	7.0479204E-5
			6)	nfl	1341	211	6.0947183E-5
	8)	e	0	0	0.0
		1)	en	0	0	0.0
			1)	ent	11	18372	0.0053067375
			2)	enz	131	4133	0.0011938137
			3)	end	180	3261	9.4193727E-4
			4)	ene	308	2100	6.065833E-4
			5)	ens	457	1387	4.0063384E-4
			6)	eng	626	934	2.6978517E-4
			7)	eno	637	916	2.6458586E-4
			8)	eni	708	794	2.2934627E-4
			9)	enu	768	712	2.0566063E-4
			10)	ena	803	660	1.9064048E-4
			11)	enn	1262	252	7.279E-5
		2)	el	0	0	0.0
			1)	ell	14	16157	0.0046669366
			2)	el_	57	7104	0.0020519847
			3)	ela	288	2232	6.447114E-4
			4)	ele	677	851	2.4581066E-4
			5)	eli	1134	338	9.763103E-5
		3)	es	0	0	0.0
			1)	est	46	8038	0.00232177
			2)	ess	58	7079	0.0020447636
			3)	ese	173	3343	9.656229E-4
			4)	esi	213	2830	8.1744324E-4
			5)	esp	483	1273	3.6770504E-4
			6)	esc	620	942	2.7209596E-4
			7)	esa	667	869	2.5100997E-4
			8)	eso	1199	295	8.5210515E-5
		4)	er	0	0	0.0
			1)	ere	51	7609	0.0021978535
			2)	er_	53	7306	0.0021103323
			3)	eri	133	4007	0.0011574188
			4)	era	155	3668	0.0010594989
			5)	erc	281	2311	6.675305E-4
			6)	ero	331	1924	5.5574585E-4
			7)	ers	332	1923	5.55457E-4
			8)	ern	334	1907	5.5083545E-4
			9)	ert	395	1609	4.6475837E-4
			10)	erv	403	1581	4.566706E-4
			11)	erm	454	1392	4.020781E-4
			12)	err	561	1088	3.1426793E-4
			13)	erà	839	616	1.7793111E-4
			14)	erg	959	484	1.3980301E-4
			15)	erò	1118	351	1.01386075E-4
			16)	erz	1315	224	6.4702224E-5
			17)	erl	1336	214	6.181373E-5
		5)	et	0	0	0.0
			1)	ett	61	6796	0.0019630191
			2)	ete	654	896	2.588089E-4
			3)	eta	936	503	1.4529115E-4
			4)	età	993	452	1.3055984E-4
			5)	eti	1030	422	1.21894365E-4
			6)	eto	1216	280	8.087778E-5
			7)	etr	1281	243	7.0190355E-5
		6)	ei	0	0	0.0
			1)	ei_	96	5418	0.001564985
		7)	eu	0	0	0.0
			1)	eur	177	3281	9.4771426E-4
		8)	ev	0	0	0.0
			1)	evo	241	2590	7.4811943E-4
			2)	eve	472	1325	3.827252E-4
			3)	evi	704	801	2.3136822E-4
			4)	eva	753	731	2.1114877E-4
		9)	ea	0	0	0.0
			1)	ea_	318	2021	5.837642E-4
			2)	eal	842	610	1.7619801E-4
			3)	ear	1117	353	1.0196377E-4
			4)	eat	1329	216	6.239143E-5
		10)	eb	0	0	0.0
			1)	ebb	340	1890	5.45925E-4
		11)	ec	0	0	0.0
			1)	eci	373	1714	4.9508753E-4
			2)	eco	404	1580	4.5638173E-4
			3)	ece	418	1528	4.413616E-4
			4)	ecc	906	531	1.5337893E-4
			5)	eca	1325	218	6.296913E-5
			6)	ecu	1351	202	5.834754E-5
			7)	ecn	1353	201	5.805869E-5
		12)	eg	0	0	0.0
			1)	egi	378	1696	4.8988825E-4
			2)	egl	384	1656	4.783343E-4
			3)	egu	582	1050	3.0329166E-4
			4)	egn	672	860	2.4841033E-4
			5)	ego	686	835	2.4118909E-4
			6)	ega	703	803	2.3194592E-4
			7)	egh	985	460	1.3287064E-4
			8)	egr	1073	389	1.12362344E-4
			9)	egg	1075	388	1.12073496E-4
		13)	em	0	0	0.0
			1)	eme	390	1643	4.7457925E-4
			2)	emp	409	1570	4.5349327E-4
			3)	emb	466	1359	3.9254606E-4
			4)	ema	492	1241	3.5846187E-4
			5)	emo	574	1061	3.06469E-4
			6)	emi	742	741	2.1403727E-4
			7)	emm	1259	253	7.307885E-5
		14)	ed	0	0	0.0
			1)	ede	455	1389	4.0121155E-4
			2)	edi	605	991	2.8624956E-4
			3)	ed_	738	747	2.1577036E-4
			4)	edo	857	595	1.7186528E-4
			5)	edu	1053	399	1.15250834E-4
		15)	ez	0	0	0.0
			1)	ezz	545	1114	3.21778E-4
			2)	ezi	877	563	1.626221E-4
		16)	eo	0	0	0.0
			1)	eo_	678	850	2.4552183E-4
			2)	eoc	1206	288	8.318857E-5
		17)	ef	0	0	0.0
			1)	eff	741	742	2.1432611E-4
			2)	efi	929	510	1.473131E-4
		18)	ee	0	0	0.0
			1)	ee_	915	523	1.5106813E-4
		19)	ep	0	0	0.0
			1)	epu	1049	402	1.1611738E-4
		20)	eq	0	0	0.0
			1)	equ	1087	378	1.09185E-4
	9)	o	0	0	0.0
		1)	on	0	0	0.0
			1)	one	15	16022	0.004627942
			2)	on_	49	7730	0.0022328044
			3)	ono	56	7156	0.002067005
			4)	oni	107	4921	0.001421427
			5)	ont	123	4415	0.0012752692
			6)	ond	215	2816	8.133994E-4
			7)	ona	255	2476	7.1519066E-4
			8)	ons	269	2381	6.8774994E-4
			9)	onc	353	1816	5.2455015E-4
			10)	onf	783	688	1.9872826E-4
			11)	onn	1068	390	1.1265119E-4
			12)	onv	1086	378	1.09185E-4
			13)	ong	1133	338	9.763103E-5
		2)	os	0	0	0.0
			1)	ost	78	6091	0.0017593806
			2)	oss	236	2645	7.6400617E-4
			3)	osi	413	1556	4.4944938E-4
			4)	osc	875	564	1.6291095E-4
			5)	osa	896	540	1.5597857E-4
			6)	osì	1077	386	1.1149579E-4
			7)	ose	1138	335	9.676448E-5
			8)	osp	1285	239	6.903496E-5
			9)	oso	1310	228	6.585762E-5
		3)	or	0	0	0.0
			1)	ore	141	3848	0.0011114917
			2)	ori	171	3381	9.765992E-4
			3)	ora	195	3048	8.804124E-4
			4)	ort	211	2877	8.310192E-4
			5)	orr	315	2045	5.9069664E-4
			6)	orm	327	1970	5.690329E-4
			7)	oro	394	1623	4.6880226E-4
			8)	ord	407	1577	4.555152E-4
			9)	or_	450	1416	4.0901048E-4
			10)	ors	542	1117	3.2264457E-4
			11)	orn	674	855	2.4696608E-4
			12)	orz	882	552	1.5944477E-4
			13)	org	989	453	1.308487E-4
		4)	ol	0	0	0.0
			1)	oli	147	3782	0.0010924278
			2)	olt	163	3491	0.0010083726
			3)	olo	286	2262	6.533769E-4
			4)	ole	302	2133	6.1611534E-4
			5)	ola	321	2017	5.8260886E-4
			6)	oll	396	1602	4.6273644E-4
			7)	olu	649	901	2.6025315E-4
			8)	olg	1042	409	1.1813932E-4
		5)	op	0	0	0.0
			1)	ope	158	3591	0.0010372575
			2)	opo	284	2280	6.585762E-4
			3)	opr	526	1154	3.33332E-4
			4)	opp	669	867	2.5043226E-4
			5)	opa	1198	295	8.5210515E-5
		6)	om	0	0	0.0
			1)	ome	223	2736	7.902914E-4
			2)	omp	346	1850	5.34371E-4
			3)	omu	393	1630	4.7082422E-4
			4)	omi	484	1270	3.668385E-4
			5)	omm	656	895	2.5852004E-4
			6)	oma	903	533	1.5395663E-4
			7)	omo	1011	436	1.2593826E-4
		7)	ot	0	0	0.0
			1)	ott	339	1890	5.45925E-4
			2)	ote	583	1049	3.0300283E-4
			3)	ota	807	658	1.9006278E-4
			4)	otr	884	550	1.5886707E-4
			5)	oti	954	486	1.4038071E-4
			6)	oto	1337	213	6.152488E-5
		8)	ov	0	0	0.0
			1)	ove	356	1802	5.205063E-4
			2)	ova	524	1159	3.3477624E-4
			3)	ovr	687	833	2.4061139E-4
			4)	ovo	1043	408	1.17850475E-4
			5)	ovv	1067	390	1.1265119E-4
			6)	ovi	1096	368	1.0629651E-4
		9)	oc	0	0	0.0
			1)	occ	358	1796	5.1877316E-4
			2)	oci	511	1207	3.4864098E-4
			3)	oce	647	906	2.616974E-4
			4)	oca	925	512	1.478908E-4
			5)	ocr	982	464	1.3402604E-4
			6)	ocu	1283	241	6.961266E-5
			7)	oco	1312	227	6.556877E-5
		10)	od	0	0	0.0
			1)	odo	477	1299	3.752151E-4
			2)	odi	874	572	1.6522175E-4
			3)	odu	986	458	1.3229293E-4
			4)	ode	1120	349	1.0080837E-4
		11)	oi	0	0	0.0
			1)	oi_	594	1015	2.9318195E-4
		12)	og	0	0	0.0
			1)	ogr	604	992	2.8653842E-4
			2)	ogg	653	896	2.588089E-4
			3)	ogn	815	650	1.8775198E-4
			4)	ogl	897	539	1.5568972E-4
			5)	ogo	950	489	1.4124726E-4
			6)	oge	1006	440	1.2709365E-4
			7)	ogi	1099	365	1.0542996E-4
			8)	oga	1163	324	9.358714E-5
		13)	ob	0	0	0.0
			1)	obl	718	784	2.2645778E-4
			2)	obi	726	774	2.2356928E-4
			3)	obb	770	708	2.0450524E-4
			4)	oba	1286	239	6.903496E-5
		14)	oz	0	0	0.0
			1)	ozi	1008	438	1.2651595E-4
		15)	oo	0	0	0.0
			1)	oop	1188	305	8.8099005E-5
		16)	of	0	0	0.0
			1)	off	1233	270	7.798929E-5
			2)	ofo	1276	245	7.076806E-5
	10)	c	0	0	0.0
		1)	ch	0	0	0.0
			1)	che	16	15995	0.004620143
			2)	chi	196	3038	8.775239E-4
			3)	ché	458	1387	4.0063384E-4
		2)	co	0	0	0.0
			1)	con	23	13257	0.0038292739
			2)	com	69	6313	0.001823505
			3)	col	143	3813	0.0011013821
			4)	cor	170	3419	9.875754E-4
			5)	co_	252	2494	7.2038994E-4
			6)	cos	314	2064	5.9618475E-4
			7)	coo	994	450	1.2998215E-4
			8)	coe	1179	311	8.98321E-5
		3)	ca	0	0	0.0
			1)	ca_	129	4156	0.0012004573
			2)	cat	364	1770	5.112631E-4
			3)	car	444	1432	4.1363208E-4
			4)	cam	668	869	2.5100997E-4
			5)	can	706	798	2.3050167E-4
			6)	cas	735	752	2.172146E-4
			7)	caz	796	669	1.9324012E-4
			8)	cal	894	541	1.5626742E-4
			9)	cap	948	492	1.4211381E-4
			10)	cau	1113	354	1.0225262E-4
			11)	cac	1225	273	7.885583E-5
		4)	ci	0	0	0.0
			1)	ci_	217	2797	8.079112E-4
			2)	cia	272	2367	6.837061E-4
			3)	cit	448	1422	4.1074358E-4
			4)	cip	575	1060	3.0618015E-4
			5)	cis	622	937	2.706517E-4
			6)	cio	713	790	2.2819087E-4
			7)	cie	733	754	2.177923E-4
			8)	ciò	750	734	2.1201532E-4
			9)	cin	1013	434	1.2536056E-4
			10)	cil	1105	362	1.0456341E-4
			11)	cir	1111	356	1.02830316E-4
			12)	cif	1242	265	7.654504E-5
			13)	cid	1282	242	6.990151E-5
		5)	ce	0	0	0.0
			1)	ces	341	1862	5.378372E-4
			2)	ce_	377	1701	4.913325E-4
			3)	cen	446	1424	4.1132126E-4
			4)	cer	486	1265	3.6539425E-4
			5)	ced	771	708	2.0450524E-4
			6)	cet	1000	446	1.2882675E-4
			7)	cel	1251	257	7.4234245E-5
		6)	cc	0	0	0.0
			1)	cco	366	1750	5.054861E-4
			2)	cce	592	1022	2.9520388E-4
			3)	ccu	623	937	2.706517E-4
			4)	cci	853	601	1.7359837E-4
			5)	cca	941	500	1.444246E-4
			6)	cch	1168	321	9.27206E-5
		7)	cr	0	0	0.0
			1)	cre	479	1294	3.7377086E-4
			2)	cri	724	776	2.2414699E-4
			3)	cra	972	473	1.3662568E-4
		8)	cu	0	0	0.0
			1)	cui	515	1194	3.4488595E-4
			2)	cun	587	1042	3.0098087E-4
			3)	cur	634	923	2.6660782E-4
			4)	cup	636	917	2.6487472E-4
			5)	cus	862	591	1.7070989E-4
			6)	cul	1189	305	8.8099005E-5
			7)	cut	1326	218	6.296913E-5
			8)	cum	1327	218	6.296913E-5
		9)	cl	0	0	0.0
			1)	clu	855	599	1.7302067E-4
		10)	cq	0	0	0.0
			1)	cqu	951	488	1.4095841E-4
	11)	h	0	0	0.0
		1)	he	0	0	0.0
			1)	he_	17	15826	0.0045713275
		2)	ha	0	0	0.0
			1)	ha_	328	1955	5.647002E-4
			2)	han	695	819	2.365675E-4
		3)	hé	0	0	0.0
			1)	hé_	456	1387	4.0063384E-4
		4)	hi	0	0	0.0
			1)	hia	536	1127	3.2553307E-4
			2)	hi_	567	1074	3.1022404E-4
			3)	hie	630	927	2.6776321E-4
		5)	ho	0	0	0.0
			1)	ho_	935	503	1.4529115E-4
	12)	z	0	0	0.0
		1)	zi	0	0	0.0
			1)	zio	18	15523	0.0044838064
			2)	zia	204	2938	8.48639E-4
			3)	zi_	655	895	2.5852004E-4
			4)	zie	1102	363	1.0485226E-4
		2)	za	0	0	0.0
			1)	za_	127	4243	0.0012255872
			2)	zaz	761	721	2.0826027E-4
			3)	zat	888	548	1.5828936E-4
			4)	zar	979	465	1.3431488E-4
		3)	zz	0	0	0.0
			1)	zza	263	2403	6.9410464E-4
			2)	zzi	1204	290	8.3766274E-5
			3)	zzo	1290	238	6.8746114E-5
		4)	ze	0	0	0.0
			1)	ze_	650	899	2.5967543E-4
		5)	zo	0	0	0.0
			1)	zo_	1004	441	1.273825E-4
			2)	zon	1272	246	7.105691E-5
	13)	p	0	0	0.0
		1)	pe	0	0	0.0
			1)	per	29	11897	0.003436439
			2)	pet	362	1785	5.1559584E-4
			3)	pea	414	1551	4.4800513E-4
			4)	pen	516	1189	3.434417E-4
			5)	peo	709	792	2.2876858E-4
			6)	pes	714	789	2.2790203E-4
			7)	pec	981	464	1.3402604E-4
			8)	peg	1033	418	1.2073897E-4
			9)	pei	1212	282	8.145547E-5
		2)	pr	0	0	0.0
			1)	pro	44	8392	0.0024240226
			2)	pre	77	6110	0.0017648686
			3)	pri	203	2948	8.5152744E-4
			4)	pra	890	545	1.5742282E-4
		3)	po	0	0	0.0
			1)	pos	104	5023	0.0014508895
			2)	por	206	2922	8.4401737E-4
			3)	po_	237	2639	7.6227303E-4
			4)	pol	257	2460	7.1056903E-4
			5)	pon	468	1345	3.8850217E-4
			6)	pot	501	1221	3.5268487E-4
			7)	pop	1094	369	1.0658536E-4
			8)	poi	1115	353	1.0196377E-4
			9)	poc	1224	273	7.885583E-5
		4)	pa	0	0	0.0
			1)	par	115	4657	0.0013451708
			2)	pae	532	1141	3.2957696E-4
			3)	paz	645	909	2.6256393E-4
			4)	pat	1018	431	1.24494E-4
			5)	pas	1021	429	1.2391631E-4
			6)	pac	1027	423	1.2218322E-4
			7)	pa_	1098	366	1.0571881E-4
			8)	pag	1174	313	9.0409805E-5
			9)	pal	1247	261	7.5389646E-5
		5)	pp	0	0	0.0
			1)	ppo	276	2349	6.785068E-4
			2)	ppr	490	1254	3.622169E-4
			3)	ppl	913	524	1.5135699E-4
			4)	ppi	1060	395	1.14095434E-4
			5)	ppa	1215	280	8.087778E-5
			6)	ppu	1334	214	6.181373E-5
		6)	pi	0	0	0.0
			1)	più	349	1842	5.320602E-4
			2)	pio	728	770	2.2241389E-4
			3)	pia	794	669	1.9324012E-4
			4)	pi_	905	532	1.5366777E-4
			5)	pit	933	507	1.4644655E-4
			6)	pie	965	478	1.3806993E-4
			7)	pin	1192	301	8.694361E-5
			8)	pic	1197	296	8.549936E-5
			9)	pir	1294	235	6.787956E-5
		7)	pl	0	0	0.0
			1)	pli	521	1171	3.3824242E-4
			2)	ple	1066	392	1.1322889E-4
		8)	pu	0	0	0.0
			1)	pun	736	748	2.1605921E-4
			2)	può	850	604	1.7446492E-4
			3)	pur	932	507	1.4644655E-4
			4)	pub	960	483	1.3951417E-4
			5)	put	1005	440	1.2709365E-4
	14)	m	0	0	0.0
		1)	me	0	0	0.0
			1)	men	30	11825	0.0034156418
			2)	me_	178	3274	9.456923E-4
			3)	mer	345	1850	5.34371E-4
			4)	mem	601	997	2.8798266E-4
			5)	met	758	723	2.0883797E-4
			6)	mes	836	619	1.7879767E-4
			7)	med	1157	327	9.445369E-5
		2)	mo	0	0	0.0
			1)	mo_	81	6023	0.0017397387
			2)	mod	442	1444	4.1709826E-4
			3)	mol	525	1157	3.3419853E-4
			4)	mon	684	835	2.4118909E-4
			5)	moc	1058	397	1.1467314E-4
			6)	mot	1131	339	9.791988E-5
			7)	mos	1141	333	9.6186785E-5
			8)	mom	1164	324	9.358714E-5
		3)	ma	0	0	0.0
			1)	ma_	124	4415	0.0012752692
			2)	man	329	1947	5.623894E-4
			3)	mat	410	1567	4.526267E-4
			4)	mar	762	721	2.0826027E-4
			5)	mag	765	718	2.0739374E-4
			6)	maz	914	524	1.5135699E-4
			7)	mal	1070	389	1.12362344E-4
			8)	mas	1239	265	7.654504E-5
			9)	mai	1240	265	7.654504E-5
		4)	mi	0	0	0.0
			1)	mi_	230	2664	7.694943E-4
			2)	min	317	2023	5.8434193E-4
			3)	mis	499	1228	3.5470683E-4
			4)	mic	739	745	2.1519266E-4
			5)	mig	812	654	1.8890738E-4
			6)	mit	858	594	1.7157642E-4
			7)	mil	867	585	1.6897678E-4
			8)	mio	879	556	1.6060016E-4
			9)	mia	947	496	1.4326921E-4
		5)	mp	0	0	0.0
			1)	mpo	296	2169	6.265139E-4
			2)	mpi	550	1106	3.1946722E-4
			3)	mpr	569	1072	3.0964636E-4
			4)	mpe	613	964	2.7845064E-4
			5)	mpl	663	875	2.5274305E-4
			6)	mpa	1028	423	1.2218322E-4
		6)	mu	0	0	0.0
			1)	mun	425	1503	4.3414035E-4
			2)	mul	1265	251	7.250115E-5
		7)	mb	0	0	0.0
			1)	mbi	447	1423	4.110324E-4
			2)	mbr	485	1269	3.6654965E-4
		8)	mm	0	0	0.0
			1)	mmi	505	1217	3.5152948E-4
			2)	mma	787	678	1.9583976E-4
			3)	mme	943	498	1.438469E-4
			4)	mmo	1296	234	6.7590714E-5
	15)	a	0	0	0.0
		1)	az	0	0	0.0
			1)	azi	34	10854	0.0031351694
		2)	ar	0	0	0.0
			1)	are	35	10269	0.0029661926
			2)	ari	119	4544	0.0013125308
			3)	art	226	2704	7.8104826E-4
			4)	ara	372	1720	4.9682066E-4
			5)	ard	576	1057	3.0531362E-4
			6)	arl	596	1009	2.9144884E-4
			7)	arm	900	538	1.5540088E-4
			8)	ars	902	536	1.5482318E-4
			9)	aro	995	450	1.2998215E-4
			10)	arà	1031	422	1.21894365E-4
			11)	arg	1126	343	9.907528E-5
			12)	arc	1129	340	9.820873E-5
			13)	ar_	1196	297	8.578821E-5
			14)	arr	1291	238	6.8746114E-5
		3)	at	0	0	0.0
			1)	ato	62	6753	0.0019505987
			2)	ati	88	5774	0.0016678154
			3)	att	93	5645	0.0016305537
			4)	ata	205	2934	8.474836E-4
			5)	ate	260	2424	7.0017047E-4
			6)	atu	788	677	1.955509E-4
		4)	al	0	0	0.0
			1)	all	64	6695	0.0019338455
			2)	ale	70	6239	0.0018021303
			3)	ali	89	5760	0.0016637715
			4)	al_	160	3535	0.0010210819
			5)	alt	322	2001	5.779873E-4
			6)	alc	495	1233	3.5615108E-4
			7)	alm	621	939	2.712294E-4
			8)	alo	946	497	1.4355805E-4
			9)	alu	977	470	1.3575912E-4
			10)	ala	1300	232	6.701302E-5
			11)	als	1321	220	6.3546824E-5
		5)	am	0	0	0.0
			1)	ame	75	6116	0.0017666018
			2)	amo	150	3747	0.001082318
			3)	amb	437	1467	4.237418E-4
			4)	amm	502	1221	3.5268487E-4
			5)	amp	792	672	1.9410667E-4
			6)	ami	1074	389	1.12362344E-4
		6)	an	0	0	0.0
			1)	ant	99	5322	0.0015372555
			2)	anc	172	3371	9.737107E-4
			3)	ann	212	2840	8.2033174E-4
			4)	ano	216	2812	8.1224396E-4
			5)	and	224	2734	7.8971375E-4
			6)	anz	242	2568	7.417648E-4
			7)	ani	389	1644	4.748681E-4
			8)	ana	880	555	1.603113E-4
			9)	ane	917	521	1.5049044E-4
			10)	ans	1347	205	5.9214086E-5
		7)	ap	0	0	0.0
			1)	app	228	2688	7.764267E-4
			2)	api	987	455	1.314264E-4
			3)	ape	1056	398	1.14961986E-4
		8)	as	0	0	0.0
			1)	ass	270	2380	6.874611E-4
			2)	asp	689	830	2.3974484E-4
			3)	asi	767	713	2.0594949E-4
			4)	ast	816	649	1.8746314E-4
			5)	asc	843	610	1.7619801E-4
			6)	ase	924	513	1.4817965E-4
			7)	aso	1104	363	1.0485226E-4
		9)	ac	0	0	0.0
			1)	acc	285	2272	6.562654E-4
			2)	ace	870	581	1.6782139E-4
			3)	acq	952	488	1.4095841E-4
			4)	aci	964	479	1.3835877E-4
			5)	aco	1344	210	6.0658334E-5
		10)	ab	0	0	0.0
			1)	abi	370	1735	5.0115335E-4
			2)	abb	552	1101	3.1802297E-4
			3)	abo	1158	327	9.445369E-5
		11)	av	0	0	0.0
			1)	avo	398	1597	4.612922E-4
			2)	ave	614	964	2.7845064E-4
			3)	avi	759	723	2.0883797E-4
			4)	avv	780	695	2.007502E-4
			5)	ava	912	526	1.5193468E-4
			6)	avr	1151	330	9.532024E-5
		12)	ag	0	0	0.0
			1)	agg	402	1586	4.5811484E-4
			2)	agl	693	825	2.3830059E-4
			3)	agi	898	539	1.5568972E-4
			4)	agr	1143	333	9.6186785E-5
		13)	ai	0	0	0.0
			1)	ai_	434	1472	4.2518604E-4
			2)	aiu	996	450	1.2998215E-4
		14)	af	0	0	0.0
			1)	aff	475	1320	3.8128096E-4
		15)	ae	0	0	0.0
			1)	aes	531	1146	3.310212E-4
		16)	ad	0	0	0.0
			1)	ad_	560	1089	3.145568E-4
			2)	adi	657	893	2.5794233E-4
			3)	ado	786	682	1.9699516E-4
			4)	ade	797	669	1.9324012E-4
			5)	adr	1130	340	9.820873E-5
			6)	add	1226	273	7.885583E-5
			7)	ada	1322	220	6.3546824E-5
		17)	au	0	0	0.0
			1)	aut	774	704	2.0334985E-4
			2)	aus	848	605	1.7475378E-4
	16)	s	0	0	0.0
		1)	si	0	0	0.0
			1)	si_	50	7716	0.0022287604
			2)	sio	174	3338	9.6417865E-4
			3)	sia	256	2462	7.1114674E-4
			4)	sig	311	2082	6.0138403E-4
			5)	sit	406	1577	4.555152E-4
			6)	sis	471	1325	3.827252E-4
			7)	sid	497	1230	3.5528452E-4
			8)	sib	608	982	2.8364992E-4
			9)	sim	643	910	2.628528E-4
			10)	sic	651	897	2.5909775E-4
			11)	siz	748	735	2.1230416E-4
			12)	sin	1040	410	1.1842817E-4
			13)	siv	1103	363	1.0485226E-4
			14)	sie	1201	292	8.434397E-5
		2)	st	0	0	0.0
			1)	sta	60	6910	0.001995948
			2)	str	106	4935	0.0014254708
			3)	sti	116	4609	0.001331306
			4)	sto	142	3837	0.0011083144
			5)	ste	153	3692	0.0010664313
		3)	ss	0	0	0.0
			1)	ssi	100	5310	0.0015337893
			2)	sse	191	3097	8.94566E-4
			3)	sso	234	2652	7.660281E-4
			4)	ssa	266	2397	6.9237157E-4
			5)	ssu	1022	427	1.2333861E-4
		4)	so	0	0	0.0
			1)	so_	110	4735	0.001367701
			2)	son	202	2955	8.535494E-4
			3)	sol	278	2346	6.7764026E-4
			4)	soc	498	1228	3.5470683E-4
			5)	sos	676	852	2.4609952E-4
			6)	sot	846	606	1.7504262E-4
			7)	sor	864	589	1.7013219E-4
			8)	sop	1084	380	1.09762696E-4
			9)	sog	1159	326	9.416484E-5
		5)	se	0	0	0.0
			1)	se_	111	4729	0.0013659679
			2)	sen	169	3447	9.956632E-4
			3)	ser	182	3222	9.3067216E-4
			4)	sem	507	1211	3.4979638E-4
			5)	seg	549	1106	3.1946722E-4
			6)	set	696	815	2.3541211E-4
			7)	sec	769	711	2.0537179E-4
			8)	sed	1218	278	8.030008E-5
		6)	su	0	0	0.0
			1)	sul	227	2700	7.7989284E-4
			2)	su_	757	723	2.0883797E-4
			3)	suo	784	687	1.984394E-4
			4)	sua	844	607	1.7533147E-4
			5)	sur	963	479	1.3835877E-4
			6)	sui	1135	337	9.7342185E-5
			7)	sum	1173	313	9.0409805E-5
			8)	sup	1273	246	7.105691E-5
			9)	sun	1302	231	6.672417E-5
			10)	suc	1319	221	6.383567E-5
			11)	suf	1345	208	6.0080634E-5
		7)	sp	0	0	0.0
			1)	spe	231	2663	7.6920545E-4
			2)	spo	344	1854	5.3552643E-4
			3)	spi	904	532	1.5366777E-4
			4)	spa	938	502	1.450023E-4
			5)	spr	1023	427	1.2333861E-4
		8)	sa	0	0	0.0
			1)	sa_	246	2536	7.325216E-4
			2)	sar	348	1845	5.3292676E-4
			3)	sab	845	607	1.7533147E-4
			4)	san	860	593	1.7128758E-4
			5)	sat	901	537	1.5511202E-4
			6)	sap	1041	410	1.1842817E-4
			7)	sal	1080	384	1.10918096E-4
			8)	sam	1083	381	1.1005155E-4
		9)	sc	0	0	0.0
			1)	sci	529	1147	3.3131003E-4
			2)	sco	568	1072	3.0964636E-4
			3)	sca	600	997	2.8798266E-4
			4)	sce	633	923	2.6660782E-4
			5)	scu	702	808	2.3339016E-4
			6)	sch	1100	364	1.0514111E-4
			7)	scr	1154	329	9.503139E-5
		10)	sv	0	0	0.0
			1)	svi	664	872	2.518765E-4
			2)	svo	1052	399	1.15250834E-4
		11)	sì	0	0	0.0
			1)	sì_	798	665	1.9208473E-4
		12)	sm	0	0	0.0
			1)	smo	1009	437	1.2622711E-4
		13)	sl	0	0	0.0
			1)	sla	1186	305	8.8099005E-5
		14)	sf	0	0	0.0
			1)	sfo	1304	230	6.643532E-5
	17)	q	0	0	0.0
		1)	qu	0	0	0.0
			1)	que	59	6999	0.0020216557
			2)	qua	125	4277	0.001235408
			3)	qui	462	1378	3.980342E-4
	18)	u	0	0	0.0
		1)	un	0	0	0.0
			1)	un_	87	5779	0.0016692596
			2)	una	118	4572	0.0013206186
			3)	uni	185	3184	9.196959E-4
			4)	unt	570	1065	3.076244E-4
			5)	uno	688	831	2.400337E-4
			6)	une	721	779	2.2501353E-4
			7)	ung	863	589	1.7013219E-4
			8)	unq	1090	377	1.0889615E-4
			9)	unz	1171	318	9.1854046E-5
			10)	unc	1340	212	6.123603E-5
		2)	ue	0	0	0.0
			1)	ues	103	5123	0.0014797745
			2)	ue_	449	1417	4.0929933E-4
			3)	uel	563	1082	3.1253483E-4
			4)	uen	949	491	1.4182496E-4
		3)	ur	0	0	0.0
			1)	uro	152	3704	0.0010698974
			2)	ura	232	2659	7.6805E-4
			3)	ure	481	1288	3.720378E-4
			4)	uri	700	811	2.342567E-4
			5)	urr	1227	272	7.856698E-5
		4)	ut	0	0	0.0
			1)	utt	156	3648	0.0010537219
			2)	uto	337	1901	5.491023E-4
			3)	uta	503	1218	3.5181834E-4
			4)	uti	535	1129	3.2611075E-4
			5)	ute	814	650	1.8775198E-4
			6)	utu	1136	336	9.705334E-5
		5)	ua	0	0	0.0
			1)	ual	250	2518	7.273223E-4
			2)	uan	379	1692	4.887329E-4
			3)	uar	555	1093	3.1571218E-4
			4)	ua_	640	911	2.631416E-4
			5)	uaz	835	620	1.790865E-4
			6)	uat	997	448	1.2940445E-4
			7)	uad	1137	336	9.705334E-5
		6)	ui	0	0	0.0
			1)	ui_	347	1847	5.3350447E-4
			2)	uin	789	675	1.9497321E-4
			3)	uir	881	552	1.5944477E-4
			4)	uit	928	510	1.473131E-4
			5)	uis	937	502	1.450023E-4
		7)	ul	0	0	0.0
			1)	ull	381	1677	4.844001E-4
			2)	ult	476	1309	3.781036E-4
			3)	ul_	818	644	1.860189E-4
			4)	ula	1047	402	1.1611738E-4
		8)	uz	0	0	0.0
			1)	uzi	405	1579	4.560929E-4
		9)	up	0	0	0.0
			1)	upp	411	1561	4.5089363E-4
			2)	upa	691	827	2.3887829E-4
			3)	upe	1331	215	6.210258E-5
		10)	um	0	0	0.0
			1)	ume	556	1092	3.1542333E-4
			2)	uma	967	476	1.3749223E-4
		11)	uo	0	0	0.0
			1)	uov	577	1056	3.0502476E-4
			2)	uo_	869	583	1.6839908E-4
			3)	uol	1051	399	1.15250834E-4
			4)	uog	1095	368	1.0629651E-4
			5)	uom	1211	282	8.145547E-5
			6)	uon	1230	271	7.8278135E-5
		12)	us	0	0	0.0
			1)	ust	625	934	2.6978517E-4
			2)	uss	778	696	2.0103905E-4
			3)	usi	908	527	1.5222353E-4
			4)	usa	1037	414	1.1958357E-4
			5)	uso	1252	256	7.39454E-5
			6)	usc	1255	255	7.365655E-5
		13)	ub	0	0	0.0
			1)	ubb	805	659	1.9035162E-4
		14)	uò	0	0	0.0
			1)	uò_	849	604	1.7446492E-4
		15)	ud	0	0	0.0
			1)	udi	919	518	1.4962388E-4
			2)	ude	1306	229	6.6146466E-5
		16)	uf	0	0	0.0
			1)	uff	1202	291	8.405512E-5
		17)	uc	0	0	0.0
			1)	ucc	1210	283	8.174433E-5
	19)	g	0	0	0.0
		1)	gl	0	0	0.0
			1)	gli	94	5545	0.0016016689
		2)	gr	0	0	0.0
			1)	gra	188	3136	9.058311E-4
			2)	gru	840	613	1.7706456E-4
			3)	gre	1181	310	8.954325E-5
			4)	gri	1274	246	7.105691E-5
		3)	gi	0	0	0.0
			1)	gio	210	2891	8.3506305E-4
			2)	giu	365	1766	5.101077E-4
			3)	gia	730	765	2.2096964E-4
			4)	gi_	802	661	1.9092932E-4
			5)	già	831	627	1.8110845E-4
			6)	gis	1072	389	1.12362344E-4
			7)	gic	1125	344	9.936413E-5
			8)	gin	1205	289	8.347742E-5
		4)	gg	0	0	0.0
			1)	ggi	251	2507	7.24145E-4
			2)	gge	1014	433	1.250717E-4
		5)	gn	0	0	0.0
			1)	gno	280	2339	6.756183E-4
			2)	gni	754	729	2.1057107E-4
			3)	gna	856	598	1.7273183E-4
		6)	go	0	0	0.0
			1)	go_	482	1285	3.7117122E-4
			2)	gov	823	639	1.8457464E-4
			3)	gol	847	606	1.7504262E-4
			4)	gon	1039	414	1.1958357E-4
			5)	goz	1289	239	6.903496E-5
			6)	gor	1299	233	6.7301866E-5
		7)	gu	0	0	0.0
			1)	gua	514	1195	3.451748E-4
			2)	gui	939	502	1.450023E-4
			3)	gue	944	498	1.438469E-4
		8)	ge	0	0	0.0
			1)	gen	522	1169	3.3766474E-4
			2)	ger	725	775	2.2385814E-4
			3)	get	791	673	1.9439551E-4
			4)	ges	1178	311	8.98321E-5
			5)	ge_	1317	223	6.4413376E-5
		9)	ga	0	0	0.0
			1)	gar	766	714	2.0623833E-4
			2)	ga_	800	664	1.9179587E-4
			3)	gan	809	657	1.8977393E-4
			4)	gat	969	474	1.3691452E-4
			5)	gaz	1258	253	7.307885E-5
		10)	gh	0	0	0.0
			1)	ghi	872	577	1.66666E-4
			2)	ghe	1257	253	7.307885E-5
	20)	v	0	0	0.0
		1)	ve	0	0	0.0
			1)	ver	145	3791	0.0010950273
			2)	ve_	300	2146	6.198704E-4
			3)	ven	306	2115	6.1091606E-4
			4)	ved	841	612	1.7677572E-4
			5)	vel	859	593	1.7128758E-4
			6)	ves	1032	421	1.2160552E-4
			7)	vec	1184	306	8.838786E-5
		2)	vo	0	0	0.0
			1)	vol	154	3677	0.0010620985
			2)	vor	297	2168	6.262251E-4
			3)	vo_	375	1707	4.9306557E-4
			4)	vot	1007	439	1.268048E-4
			5)	von	1064	392	1.1322889E-4
			6)	vog	1193	299	8.6365915E-5
			7)	voc	1263	251	7.250115E-5
		3)	va	0	0	0.0
			1)	va_	222	2739	7.91158E-4
			2)	van	673	856	2.472549E-4
			3)	val	701	810	2.3396786E-4
			4)	vat	760	722	2.0854913E-4
			5)	var	793	670	1.9352896E-4
			6)	vam	1001	445	1.285379E-4
			7)	vaz	1153	329	9.503139E-5
		4)	vi	0	0	0.0
			1)	vi_	383	1669	4.8208932E-4
			2)	vis	534	1131	3.2668846E-4
			3)	via	544	1115	3.2206686E-4
			4)	vil	588	1035	2.9895894E-4
			5)	vit	602	995	2.8740495E-4
			6)	vid	927	510	1.473131E-4
			7)	viz	974	471	1.3604798E-4
			8)	vie	1119	349	1.0080837E-4
			9)	vio	1237	266	7.683389E-5
			10)	vin	1238	266	7.683389E-5
			11)	vig	1275	245	7.076806E-5
			12)	viv	1352	201	5.805869E-5
		5)	vr	0	0	0.0
			1)	vre	747	735	2.1230416E-4
			2)	vrà	1323	219	6.3257976E-5
		6)	vv	0	0	0.0
			1)	vvi	865	587	1.6955448E-4
			2)	vve	973	472	1.3633682E-4
		7)	vu	0	0	0.0
			1)	vut	1112	354	1.0225262E-4
	21)	b	0	0	0.0
		1)	bi	0	0	0.0
			1)	bil	164	3486	0.0010069284
			2)	bia	363	1778	5.135739E-4
			3)	bie	527	1152	3.3275428E-4
			4)	bit	804	660	1.9064048E-4
			5)	bis	1243	264	7.625619E-5
			6)	bio	1297	234	6.7590714E-5
		2)	bb	0	0	0.0
			1)	bbi	391	1637	4.7284615E-4
			2)	bbe	401	1587	4.584037E-4
			3)	bbl	811	655	1.8919623E-4
			4)	bba	1172	316	9.127635E-5
		3)	be	0	0	0.0
			1)	be_	493	1241	3.5846187E-4
			2)	ber	627	934	2.6978517E-4
			3)	ben	785	683	1.9728401E-4
		4)	br	0	0	0.0
			1)	bri	603	995	2.8740495E-4
			2)	bra	1145	332	9.5897936E-5
			3)	bre	1170	320	9.243174E-5
		5)	bl	0	0	0.0
			1)	ble	661	877	2.5332076E-4
			2)	bli	801	663	1.9150703E-4
		6)	ba	0	0	0.0
			1)	bas	764	721	2.0826027E-4
			2)	bat	1015	433	1.250717E-4
			3)	ban	1089	378	1.09185E-4
			4)	bal	1313	227	6.556877E-5
		7)	bo	0	0	0.0
			1)	bor	1124	346	9.9941826E-5
		8)	bu	0	0	0.0
			1)	bui	1165	323	9.3298295E-5
			2)	buo	1260	253	7.307885E-5
	22)	f	0	0	0.0
		1)	fi	0	0	0.0
			1)	fic	233	2655	7.6689466E-4
			2)	fin	262	2410	6.961266E-4
			3)	fid	1176	313	9.0409805E-5
			4)	fis	1311	228	6.585762E-5
		2)	fo	0	0	0.0
			1)	for	245	2546	7.354101E-4
			2)	fon	593	1019	2.9433734E-4
		3)	fe	0	0	0.0
			1)	fer	432	1482	4.2807453E-4
			2)	fet	968	475	1.3720337E-4
			3)	fes	1123	346	9.9941826E-5
		4)	fa	0	0	0.0
			1)	fat	487	1264	3.651054E-4
			2)	far	538	1124	3.246665E-4
			3)	fav	918	519	1.4991274E-4
			4)	fac	1045	406	1.1727278E-4
			5)	fa_	1267	248	7.1634604E-5
		5)	ff	0	0	0.0
			1)	ffi	504	1218	3.5181834E-4
			2)	ffe	609	980	2.8307224E-4
			3)	ffr	1036	417	1.2045012E-4
			4)	ffo	1308	229	6.6146466E-5
			5)	ffa	1314	226	6.527992E-5
		6)	fr	0	0	0.0
			1)	fro	632	925	2.671855E-4
			2)	fra	720	781	2.2559123E-4
		7)	fu	0	0	0.0
			1)	fun	1146	331	9.560909E-5
			2)	fut	1150	330	9.532024E-5
		8)	fl	0	0	0.0
			1)	fle	1292	237	6.845726E-5
