French	2	1586606	331
	1)	e	0	0	0.0
		1)	e_	1	77151	0.041488912
		2)	es	4	33447	0.017986542
		3)	en	8	28454	0.015301494
		4)	er	27	13751	0.007394772
		5)	et	40	10402	0.0055938056
		6)	em	53	8555	0.004600558
		7)	eu	56	8264	0.004444069
		8)	el	82	5615	0.0030195364
		9)	ec	125	3277	0.0017622476
		10)	ex	166	2056	0.0011056397
		11)	ev	193	1325	7.125353E-4
		12)	ep	202	1212	6.517681E-4
		13)	ef	221	932	5.011946E-4
		14)	ea	224	895	4.8129744E-4
		15)	ei	230	827	4.4472958E-4
		16)	ez	251	665	3.5761207E-4
	2)	s	0	0	0.0
		1)	s_	2	59704	0.03210657
		2)	se	47	9044	0.004863524
		3)	st	55	8306	0.004466655
		4)	si	59	7329	0.003941261
		5)	so	84	5579	0.003000177
		6)	ss	95	4865	0.0026162146
		7)	su	102	4467	0.002402185
		8)	sa	110	3860	0.0020757632
		9)	sp	172	1920	0.001032504
		10)	sé	185	1572	8.453626E-4
		11)	sc	240	748	4.0224634E-4
		12)	sq	261	601	3.2319524E-4
		13)	sy	307	302	1.6240428E-4
		14)	sm	314	279	1.5003573E-4
		15)	sl	328	218	1.1723222E-4
	3)	_	0	0	0.0
		1)	_d	3	41701	0.022425234
		2)	_l	6	32163	0.017296055
		3)	_p	11	24442	0.013143991
		4)	_c	13	21179	0.011389271
		5)	_e	16	19658	0.010571335
		6)	_s	21	15642	0.008411681
		7)	_a	22	15500	0.008335318
		8)	_q	38	10829	0.00582343
		9)	_n	42	10189	0.005479262
		10)	_m	45	9302	0.0050022667
		11)	_r	52	8684	0.0046699294
		12)	_t	68	6664	0.0035836492
		13)	_i	73	6153	0.0033088527
		14)	_f	85	5546	0.0029824309
		15)	_à	86	5504	0.0029598447
		16)	_u	88	5357	0.0028807938
		17)	_v	94	4945	0.0026592356
		18)	_j	104	4352	0.0023403424
		19)	_é	117	3486	0.00187464
		20)	_o	124	3388	0.0018219394
		21)	_b	161	2203	0.0011846907
		22)	_g	169	1968	0.0010583166
		23)	_h	239	752	4.043974E-4
		24)	_ê	243	716	3.8503794E-4
		25)	_y	278	492	2.6457914E-4
	4)	t	0	0	0.0
		1)	t_	5	32707	0.017588597
		2)	ti	17	17602	0.009465695
		3)	te	29	12971	0.0069753174
		4)	tr	46	9286	0.0049936622
		5)	ta	71	6458	0.0034728702
		6)	té	83	5586	0.0030039412
		7)	to	120	3455	0.0018579694
		8)	ts	130	3012	0.0016197406
		9)	tt	148	2600	0.0013981825
		10)	tu	155	2380	0.0012798747
		11)	tè	310	295	1.5863993E-4
	5)	o	0	0	0.0
		1)	on	7	28963	0.015575215
		2)	ou	18	16603	0.00892847
		3)	or	61	7232	0.0038890983
		4)	oi	78	5846	0.0031437594
		5)	om	87	5480	0.0029469384
		6)	op	106	4009	0.0021558898
		7)	os	136	2867	0.001541765
		8)	ol	147	2610	0.00140356
		9)	oc	162	2144	0.0011529628
		10)	ot	181	1693	9.104319E-4
		11)	ob	197	1270	6.8295834E-4
		12)	og	215	968	5.205541E-4
		13)	od	229	836	4.4956943E-4
		14)	oy	252	660	3.5492325E-4
		15)	of	309	299	1.6079098E-4
		16)	oj	311	291	1.5648888E-4
		17)	où	323	229	1.231476E-4
		18)	oo	325	228	1.2260985E-4
	6)	d	0	0	0.0
		1)	de	9	26156	0.0140657155
		2)	da	89	5354	0.0028791805
		3)	du	93	4977	0.002676444
		4)	di	97	4684	0.0025188795
		5)	dé	100	4622	0.0024855381
		6)	do	135	2879	0.0015482182
		7)	dr	160	2244	0.001206739
		8)	d_	168	2000	0.001075525
		9)	ds	290	396	2.1295395E-4
		10)	dh	306	309	1.6616861E-4
		11)	dè	331	202	1.08628024E-4
	7)	l	0	0	0.0
		1)	le	10	24568	0.013211749
		2)	la	25	15028	0.008081495
		3)	li	65	7125	0.0038315577
		4)	l_	76	5862	0.0031523637
		5)	ll	103	4415	0.0023742213
		6)	lu	115	3607	0.0019397093
		7)	lo	126	3234	0.0017391238
		8)	lé	180	1694	9.109697E-4
		9)	ls	235	780	4.1945474E-4
		10)	lè	237	771	4.146149E-4
		11)	lt	254	649	3.4900787E-4
		12)	lh	320	238	1.2798747E-4
		13)	là	327	222	1.1938327E-4
		14)	lq	329	209	1.1239236E-4
	8)	n	0	0	0.0
		1)	nt	12	23959	0.012884252
		2)	n_	15	20198	0.0108617265
		3)	ns	26	14509	0.007802396
		4)	ne	39	10709	0.0057588983
		5)	no	62	7223	0.0038842584
		6)	nc	75	6044	0.0032502364
		7)	nd	99	4658	0.0025048978
		8)	ni	105	4134	0.00222311
		9)	na	108	3951	0.0021246995
		10)	nn	123	3423	0.001840761
		11)	né	176	1819	9.7819E-4
		12)	nf	222	925	4.9743033E-4
		13)	ng	231	823	4.4257852E-4
		14)	nv	233	814	4.3773866E-4
		15)	nu	234	787	4.2321908E-4
		16)	nq	297	344	1.8499029E-4
	9)	r	0	0	0.0
		1)	re	14	20962	0.011272578
		2)	r_	19	16467	0.0088553345
		3)	ra	41	10366	0.005574446
		4)	ro	48	9000	0.004839862
		5)	ri	70	6478	0.0034836254
		6)	ré	79	5814	0.0031265512
		7)	rt	90	5329	0.0028657364
		8)	rs	121	3433	0.0018461386
		9)	rm	175	1826	9.819543E-4
		10)	rd	182	1650	8.873081E-4
		11)	rc	186	1559	8.383717E-4
		12)	rn	188	1534	8.2492764E-4
		13)	rr	200	1240	6.668255E-4
		14)	rg	205	1157	6.221912E-4
		15)	rè	214	973	5.232429E-4
		16)	ru	216	959	5.1571423E-4
		17)	rv	245	708	3.8073584E-4
		18)	rô	286	414	2.2263367E-4
		19)	rê	295	350	1.8821687E-4
		20)	rq	305	315	1.6939518E-4
		21)	rl	308	301	1.6186651E-4
	10)	q	0	0	0.0
		1)	qu	20	16397	0.008817691
	11)	u	0	0	0.0
		1)	ur	23	15193	0.008170226
		2)	ue	30	12919	0.0069473535
		3)	us	49	8900	0.0047860863
		4)	un	57	7751	0.004168197
		5)	u_	60	7258	0.0039030802
		6)	ut	72	6157	0.0033110036
		7)	ui	81	5782	0.0031093427
		8)	ux	134	2907	0.0015632756
		9)	uv	154	2416	0.0012992342
		10)	ul	158	2330	0.0012529866
		11)	uc	194	1316	7.0769544E-4
		12)	ud	206	1140	6.1304925E-4
		13)	ua	210	1053	5.662639E-4
		14)	up	211	1040	5.59273E-4
		15)	uj	253	649	3.4900787E-4
		16)	um	259	618	3.3233722E-4
		17)	ub	277	493	2.6511692E-4
		18)	ué	284	419	2.2532248E-4
		19)	uo	285	414	2.2263367E-4
		20)	ug	298	343	1.8445254E-4
		21)	uf	326	222	1.1938327E-4
	12)	m	0	0	0.0
		1)	me	24	15103	0.008121827
		2)	ma	91	5259	0.002828093
		3)	mm	112	3689	0.0019838058
		4)	mi	122	3432	0.0018456009
		5)	mo	127	3127	0.0016815834
		6)	mp	129	3026	0.0016272693
		7)	mb	190	1458	7.840577E-4
		8)	mu	223	909	4.888261E-4
		9)	mé	246	696	3.7428268E-4
		10)	mê	266	578	3.1082673E-4
		11)	m_	312	282	1.5164902E-4
	13)	a	0	0	0.0
		1)	a_	28	13611	0.0073194853
		2)	an	33	12568	0.006758599
		3)	ai	35	11708	0.0062961234
		4)	at	50	8854	0.004761349
		5)	au	54	8357	0.0044940813
		6)	ar	64	7131	0.0038347843
		7)	al	92	5180	0.0027856098
		8)	as	111	3732	0.0020069296
		9)	av	113	3675	0.0019762772
		10)	ac	132	2962	0.0015928525
		11)	ap	143	2679	0.0014406657
		12)	am	159	2254	0.0012121167
		13)	ab	164	2097	0.001127688
		14)	ag	174	1836	9.87332E-4
		15)	ad	196	1280	6.88336E-4
		16)	ay	264	584	3.140533E-4
		17)	af	275	527	2.8340082E-4
		18)	aq	315	279	1.5003573E-4
		19)	aî	318	244	1.3121405E-4
	14)	c	0	0	0.0
		1)	ce	31	12813	0.006890351
		2)	co	37	11505	0.0061869575
		3)	ci	101	4476	0.0024070248
		4)	ct	109	3881	0.0020870562
		5)	ch	131	3007	0.0016170518
		6)	ca	142	2737	0.0014718559
		7)	cu	156	2358	0.001268044
		8)	cr	184	1578	8.4858923E-4
		9)	c_	187	1544	8.303053E-4
		10)	cl	195	1283	6.8994926E-4
		11)	cc	208	1098	5.904632E-4
		12)	cé	273	546	2.9361833E-4
	15)	i	0	0	0.0
		1)	it	32	12584	0.006767203
		2)	io	34	12426	0.0066822367
		3)	is	36	11645	0.006262244
		4)	in	43	9941	0.005345897
		5)	ie	63	7175	0.003858446
		6)	i_	67	6716	0.0036116128
		7)	ir	69	6530	0.003511589
		8)	il	80	5801	0.0031195602
		9)	ic	119	3460	0.0018606582
		10)	iq	128	3105	0.0016697525
		11)	im	137	2854	0.0015347741
		12)	iv	150	2508	0.0013487083
		13)	id	167	2048	0.0011013376
		14)	if	171	1924	0.001034655
		15)	iè	177	1785	9.59906E-4
		16)	ia	179	1719	9.2441373E-4
		17)	ib	198	1270	6.8295834E-4
		18)	ig	203	1202	6.463905E-4
		19)	ip	250	668	3.5922535E-4
		20)	ié	262	594	3.1943092E-4
		21)	ix	304	317	1.7047071E-4
	16)	p	0	0	0.0
		1)	po	44	9806	0.005273299
		2)	pr	51	8770	0.004716177
		3)	pa	58	7607	0.0040907594
		4)	pe	98	4681	0.0025172662
		5)	pl	116	3489	0.0018762533
		6)	pp	146	2616	0.0014067866
		7)	pé	149	2531	0.0013610768
		8)	pu	209	1071	5.759436E-4
		9)	pt	217	957	5.146387E-4
		10)	pi	280	489	2.6296586E-4
		11)	ph	293	358	1.9251897E-4
		12)	p_	303	329	1.7692386E-4
		13)	ps	317	244	1.3121405E-4
	17)	v	0	0	0.0
		1)	ve	66	6741	0.003625057
		2)	vo	96	4815	0.0025893264
		3)	vi	144	2652	0.0014261461
		4)	va	170	1934	0.0010400326
		5)	vr	218	955	5.1356317E-4
		6)	vé	271	548	2.9469383E-4
		7)	vu	292	364	1.9574554E-4
	18)	à	0	0	0.0
		1)	à_	74	6091	0.0032755113
	19)	é	0	0	0.0
		1)	é_	77	5850	0.0031459106
		2)	ée	107	3967	0.0021333038
		3)	és	118	3484	0.0018735646
		4)	éc	139	2829	0.0015213301
		5)	ér	145	2651	0.0014256084
		6)	ét	151	2499	0.0013438684
		7)	ég	153	2443	0.0013137538
		8)	év	201	1237	6.652122E-4
		9)	él	207	1135	6.103604E-4
		10)	ép	213	987	5.3077156E-4
		11)	éf	226	845	4.544093E-4
		12)	ém	227	843	4.5333378E-4
		13)	én	236	774	4.1622817E-4
		14)	éd	248	684	3.6782955E-4
		15)	éa	274	544	2.925428E-4
		16)	éb	287	413	2.2209591E-4
		17)	éj	294	357	1.919812E-4
		18)	éq	302	330	1.7746162E-4
	20)	j	0	0	0.0
		1)	je	114	3658	0.0019671351
		2)	jo	212	1023	5.50131E-4
		3)	ju	228	843	4.5333378E-4
		4)	ja	291	394	2.1187842E-4
		5)	jà	316	257	1.3820497E-4
	21)	x	0	0	0.0
		1)	x_	133	2922	0.001571342
		2)	xi	255	636	3.4201695E-4
		3)	xp	281	458	2.462952E-4
		4)	xe	282	456	2.452197E-4
		5)	xt	296	347	1.8660359E-4
		6)	xc	321	235	1.2637419E-4
		7)	xa	324	228	1.2260985E-4
	22)	b	0	0	0.0
		1)	bl	138	2832	0.0015229434
		2)	bi	189	1491	8.018039E-4
		3)	br	204	1173	6.307954E-4
		4)	ba	219	949	5.103366E-4
		5)	bo	238	763	4.103128E-4
		6)	bu	263	590	3.1727986E-4
		7)	be	272	547	2.9415608E-4
		8)	bj	289	398	2.1402947E-4
		9)	bs	300	335	1.8015044E-4
	23)	f	0	0	0.0
		1)	fi	140	2794	0.0015025084
		2)	fa	141	2794	0.0015025084
		3)	fo	152	2466	0.0013261223
		4)	ff	183	1605	8.631088E-4
		5)	fe	225	867	4.6624008E-4
		6)	fr	258	621	3.339505E-4
		7)	fé	267	574	3.0867566E-4
		8)	f_	279	491	2.640414E-4
		9)	fs	301	332	1.7853714E-4
		10)	fl	313	280	1.505735E-4
		11)	fu	319	240	1.29063E-4
	24)	g	0	0	0.0
		1)	ge	157	2336	0.0012562132
		2)	gi	163	2099	0.0011287634
		3)	gr	165	2088	0.0011228481
		4)	ga	178	1745	9.3839556E-4
		5)	gn	242	721	3.8772676E-4
		6)	gu	244	710	3.8181138E-4
		7)	gé	257	627	3.3717707E-4
		8)	go	269	563	3.0276028E-4
		9)	gl	283	441	2.3715326E-4
	25)	è	0	0	0.0
		1)	èr	173	1872	0.0010066914
		2)	ès	220	934	5.022702E-4
		3)	èm	232	818	4.3988973E-4
		4)	èg	268	564	3.0329803E-4
	26)	h	0	0	0.0
		1)	he	191	1429	7.684626E-4
		2)	ha	192	1399	7.523297E-4
		3)	hé	247	695	3.7374493E-4
		4)	ho	256	634	3.4094142E-4
		5)	hi	276	508	2.7318334E-4
		6)	hu	299	343	1.8445254E-4
	27)	ê	0	0	0.0
		1)	êt	199	1255	6.748919E-4
		2)	êm	249	671	3.6083863E-4
	28)	y	0	0	0.0
		1)	ys	241	725	3.898778E-4
		2)	ye	260	608	3.269596E-4
		3)	y_	265	578	3.1082673E-4
	29)	z	0	0	0.0
		1)	z_	270	548	2.9469383E-4
	30)	ô	0	0	0.0
		1)	ôl	288	412	2.2155815E-4
		2)	ôt	330	206	1.10779074E-4
	31)	ù	0	0	0.0
		1)	ù_	322	229	1.231476E-4
