French	6	221484	563
	1)	e	0	0	0.0
		1)	em	0	0	0.0
			1)	eme	0	0	0.0
				1)	emen	0	0	0.0
					1)	ement	0	0	0.0
						1)	ement_	1	4474	0.0024059494
						2)	ements	83	526	2.8286307E-4
						3)	ementa	224	324	1.7423504E-4
			2)	emb	0	0	0.0
				1)	embr	0	0	0.0
					1)	embre	0	0	0.0
						1)	embres	162	393	2.1134065E-4
				2)	embl	0	0	0.0
					1)	emble	0	0	0.0
						1)	emble_	369	262	1.4089377E-4
			3)	ema	0	0	0.0
				1)	eman	0	0	0.0
					1)	emand	0	0	0.0
						1)	emande	299	290	1.5595111E-4
			4)	emp	0	0	0.0
				1)	empl	0	0	0.0
					1)	emplo	0	0	0.0
						1)	emploi	448	236	1.2691195E-4
		2)	eu	0	0	0.0
			1)	eur	0	0	0.0
				1)	euro	0	0	0.0
					1)	europ	0	0	0.0
						1)	europé	8	1411	7.5878284E-4
						2)	europe	426	244	1.3121405E-4
		3)	es	0	0	0.0
			1)	est	0	0	0.0
				1)	esti	0	0	0.0
					1)	estio	0	0	0.0
						1)	estion	41	731	3.931044E-4
			2)	esp	0	0	0.0
				1)	espo	0	0	0.0
					1)	espon	0	0	0.0
						1)	espons	274	299	1.6079098E-4
		4)	el	0	0	0.0
			1)	ell	0	0	0.0
				1)	elle	0	0	0.0
					1)	elles	0	0	0.0
						1)	elles_	59	627	3.3717707E-4
					2)	ellem	0	0	0.0
						1)	elleme	246	311	1.6724413E-4
			2)	elo	0	0	0.0
				1)	elop	0	0	0.0
					1)	elopp	0	0	0.0
						1)	eloppe	174	374	2.0112317E-4
		5)	er	0	0	0.0
			1)	ert	0	0	0.0
				1)	erta	0	0	0.0
					1)	ertai	0	0	0.0
						1)	ertain	123	446	2.3984208E-4
			2)	ern	0	0	0.0
				1)	erne	0	0	0.0
					1)	ernem	0	0	0.0
						1)	erneme	208	342	1.8391477E-4
			3)	era	0	0	0.0
				1)	erai	0	0	0.0
					1)	erait	0	0	0.0
						1)	erait_	349	271	1.4573363E-4
			4)	ers	0	0	0.0
				1)	erso	0	0	0.0
					1)	erson	0	0	0.0
						1)	ersonn	445	237	1.274497E-4
			5)	erm	0	0	0.0
				1)	erme	0	0	0.0
					1)	ermet	0	0	0.0
						1)	ermett	461	229	1.231476E-4
		6)	en	0	0	0.0
			1)	ent	0	0	0.0
				1)	entr	0	0	0.0
					1)	entre	0	0	0.0
						1)	entre_	136	432	2.323134E-4
						2)	entrep	400	252	1.3551615E-4
				2)	enti	0	0	0.0
					1)	entio	0	0	0.0
						1)	ention	159	397	2.134917E-4
				3)	enta	0	0	0.0
					1)	entat	0	0	0.0
						1)	entati	238	315	1.6939518E-4
					2)	entai	0	0	0.0
						1)	entair	422	246	1.3228957E-4
					3)	ental	0	0	0.0
						1)	entale	451	235	1.2637419E-4
			2)	end	0	0	0.0
				1)	endr	0	0	0.0
					1)	endre	0	0	0.0
						1)	endre_	158	400	2.15105E-4
				2)	ende	0	0	0.0
					1)	endem	0	0	0.0
						1)	endeme	306	288	1.548756E-4
				3)	enda	0	0	0.0
					1)	endan	0	0	0.0
						1)	endant	350	271	1.4573363E-4
			3)	enc	0	0	0.0
				1)	enco	0	0	0.0
					1)	encor	0	0	0.0
						1)	encore	288	294	1.5810218E-4
				2)	ence	0	0	0.0
					1)	ences	0	0	0.0
						1)	ences_	379	257	1.3820497E-4
			4)	env	0	0	0.0
				1)	envi	0	0	0.0
					1)	envir	0	0	0.0
						1)	enviro	452	232	1.247609E-4
		7)	ec	0	0	0.0
			1)	ect	0	0	0.0
				1)	ecti	0	0	0.0
					1)	ectiv	0	0	0.0
						1)	ective	161	396	2.1295395E-4
					2)	ectio	0	0	0.0
						1)	ection	386	255	1.3712943E-4
				2)	ecte	0	0	0.0
					1)	ecteu	0	0	0.0
						1)	ecteur	554	201	1.0809026E-4
		8)	ev	0	0	0.0
			1)	evo	0	0	0.0
				1)	evon	0	0	0.0
					1)	evons	0	0	0.0
						1)	evons_	219	327	1.7584833E-4
		9)	et	0	0	0.0
			1)	ett	0	0	0.0
				1)	ettr	0	0	0.0
					1)	ettre	0	0	0.0
						1)	ettre_	333	279	1.5003573E-4
		10)	ep	0	0	0.0
			1)	epr	0	0	0.0
				1)	epri	0	0	0.0
					1)	epris	0	0	0.0
						1)	eprise	348	272	1.462714E-4
	2)	_	0	0	0.0
		1)	_n	0	0	0.0
			1)	_no	0	0	0.0
				1)	_nou	0	0	0.0
					1)	_nous	0	0	0.0
						1)	_nous_	2	3476	0.0018692624
					2)	_nouv	0	0	0.0
						1)	_nouve	104	485	2.6081482E-4
				2)	_not	0	0	0.0
					1)	_notr	0	0	0.0
						1)	_notre	117	459	2.46833E-4
				3)	_nom	0	0	0.0
					1)	_nomb	0	0	0.0
						1)	_nombr	340	277	1.4896021E-4
			2)	_ne	0	0	0.0
				1)	_nes	0	0	0.0
					1)	_nest	0	0	0.0
						1)	_nest_	323	284	1.5272455E-4
			3)	_né	0	0	0.0
				1)	_néc	0	0	0.0
					1)	_néce	0	0	0.0
						1)	_néces	332	280	1.505735E-4
			4)	_na	0	0	0.0
				1)	_nat	0	0	0.0
					1)	_nati	0	0	0.0
						1)	_natio	428	244	1.3121405E-4
			5)	_ni	0	0	0.0
				1)	_niv	0	0	0.0
					1)	_nive	0	0	0.0
						1)	_nivea	432	243	1.3067629E-4
		2)	_d	0	0	0.0
			1)	_da	0	0	0.0
				1)	_dan	0	0	0.0
					1)	_dans	0	0	0.0
						1)	_dans_	4	2667	0.0014342126
				2)	_dau	0	0	0.0
					1)	_daut	0	0	0.0
						1)	_dautr	502	216	1.161567E-4
			2)	_du	0	0	0.0
				1)	_dun	0	0	0.0
					1)	_dune	0	0	0.0
						1)	_dune_	91	507	2.726456E-4
			3)	_do	0	0	0.0
				1)	_doi	0	0	0.0
					1)	_doit	0	0	0.0
						1)	_doit_	140	428	2.3016235E-4
					2)	_doiv	0	0	0.0
						1)	_doive	468	226	1.2153432E-4
				2)	_don	0	0	0.0
					1)	_donc	0	0	0.0
						1)	_donc_	173	376	2.021987E-4
					2)	_dont	0	0	0.0
						1)	_dont_	223	325	1.7477281E-4
				3)	_dom	0	0	0.0
					1)	_doma	0	0	0.0
						1)	_domai	385	256	1.376672E-4
			4)	_di	0	0	0.0
				1)	_dir	0	0	0.0
					1)	_dire	0	0	0.0
						1)	_direc	152	405	2.1779381E-4
						2)	_dire_	335	279	1.5003573E-4
				2)	_dis	0	0	0.0
					1)	_disp	0	0	0.0
						1)	_dispo	342	275	1.4788468E-4
			5)	_dé	0	0	0.0
				1)	_dév	0	0	0.0
					1)	_déve	0	0	0.0
						1)	_dével	167	389	2.091896E-4
				2)	_déb	0	0	0.0
					1)	_déba	0	0	0.0
						1)	_débat	289	294	1.5810218E-4
				3)	_déj	0	0	0.0
					1)	_déjà	0	0	0.0
						1)	_déjà_	380	257	1.3820497E-4
				4)	_déc	0	0	0.0
					1)	_déci	0	0	0.0
						1)	_décis	437	240	1.29063E-4
			6)	_de	0	0	0.0
				1)	_dem	0	0	0.0
					1)	_dema	0	0	0.0
						1)	_deman	176	371	1.9950989E-4
				2)	_dev	0	0	0.0
					1)	_devo	0	0	0.0
						1)	_devon	221	326	1.7531058E-4
					2)	_devr	0	0	0.0
						1)	_devra	474	224	1.204588E-4
				3)	_deu	0	0	0.0
					1)	_deux	0	0	0.0
						1)	_deux_	412	249	1.3390285E-4
				4)	_der	0	0	0.0
					1)	_dern	0	0	0.0
						1)	_derni	435	242	1.3013852E-4
			7)	_dr	0	0	0.0
				1)	_dro	0	0	0.0
					1)	_droi	0	0	0.0
						1)	_droit	184	363	1.9520779E-4
		3)	_p	0	0	0.0
			1)	_po	0	0	0.0
				1)	_pou	0	0	0.0
					1)	_pour	0	0	0.0
						1)	_pour_	5	2524	0.0013573125
						2)	_pourr	296	292	1.5702665E-4
					2)	_pouv	0	0	0.0
						1)	_pouvo	334	279	1.5003573E-4
				2)	_pol	0	0	0.0
					1)	_poli	0	0	0.0
						1)	_polit	22	865	4.6516454E-4
				3)	_poi	0	0	0.0
					1)	_poin	0	0	0.0
						1)	_point	146	421	2.2639801E-4
				4)	_pos	0	0	0.0
					1)	_poss	0	0	0.0
						1)	_possi	326	282	1.5164902E-4
					2)	_posi	0	0	0.0
						1)	_posit	357	267	1.4358258E-4
			2)	_pl	0	0	0.0
				1)	_plu	0	0	0.0
					1)	_plus	0	0	0.0
						1)	_plus_	12	1258	6.765052E-4
			3)	_pa	0	0	0.0
				1)	_par	0	0	0.0
					1)	_part	0	0	0.0
						1)	_parti	35	795	4.2752118E-4
				2)	_pay	0	0	0.0
					1)	_pays	0	0	0.0
						1)	_pays_	138	431	2.3177563E-4
			4)	_pr	0	0	0.0
				1)	_pro	0	0	0.0
					1)	_prop	0	0	0.0
						1)	_propo	43	698	3.753582E-4
					2)	_prog	0	0	0.0
						1)	_progr	60	627	3.3717707E-4
					3)	_prob	0	0	0.0
						1)	_probl	190	353	1.8983016E-4
					4)	_proj	0	0	0.0
						1)	_proje	325	282	1.5164902E-4
					5)	_prod	0	0	0.0
						1)	_produ	509	213	1.1454341E-4
				2)	_pré	0	0	0.0
					1)	_prés	0	0	0.0
						1)	_prése	97	500	2.6888124E-4
						2)	_prési	337	278	1.4949797E-4
				3)	_pri	0	0	0.0
					1)	_prin	0	0	0.0
						1)	_princ	200	348	1.8714134E-4
				4)	_pre	0	0	0.0
					1)	_prem	0	0	0.0
						1)	_premi	331	280	1.505735E-4
			5)	_pe	0	0	0.0
				1)	_peu	0	0	0.0
					1)	_peut	0	0	0.0
						1)	_peut_	189	357	1.919812E-4
				2)	_per	0	0	0.0
					1)	_perm	0	0	0.0
						1)	_perme	347	274	1.4734692E-4
					2)	_pers	0	0	0.0
						1)	_perso	446	237	1.274497E-4
				3)	_pen	0	0	0.0
					1)	_pens	0	0	0.0
						1)	_pense	367	263	1.4143153E-4
			6)	_pu	0	0	0.0
				1)	_pub	0	0	0.0
					1)	_publ	0	0	0.0
						1)	_publi	485	220	1.1830775E-4
		4)	_e	0	0	0.0
			1)	_eu	0	0	0.0
				1)	_eur	0	0	0.0
					1)	_euro	0	0	0.0
						1)	_europ	11	1402	7.53943E-4
			2)	_en	0	0	0.0
				1)	_ent	0	0	0.0
					1)	_entr	0	0	0.0
						1)	_entre	62	624	3.355638E-4
				2)	_enc	0	0	0.0
					1)	_enco	0	0	0.0
						1)	_encor	312	288	1.548756E-4
			3)	_el	0	0	0.0
				1)	_ell	0	0	0.0
					1)	_elle	0	0	0.0
						1)	_elle_	207	344	1.8499029E-4
		5)	_c	0	0	0.0
			1)	_ce	0	0	0.0
				1)	_cet	0	0	0.0
					1)	_cett	0	0	0.0
						1)	_cette	14	1158	6.2272896E-4
				2)	_ces	0	0	0.0
					1)	_cest	0	0	0.0
						1)	_cest_	71	559	3.0060924E-4
				3)	_cel	0	0	0.0
					1)	_cela	0	0	0.0
						1)	_cela_	93	503	2.7049452E-4
				4)	_cer	0	0	0.0
					1)	_cert	0	0	0.0
						1)	_certa	132	444	2.3876654E-4
			2)	_co	0	0	0.0
				1)	_com	0	0	0.0
					1)	_comm	0	0	0.0
						1)	_comme	19	898	4.8291072E-4
						2)	_commu	49	658	3.5384772E-4
						3)	_commi	112	462	2.4844627E-4
					2)	_comp	0	0	0.0
						1)	_compt	354	269	1.4465812E-4
						2)	_compr	423	246	1.3228957E-4
				2)	_con	0	0	0.0
					1)	_cont	0	0	0.0
						1)	_contr	20	896	4.818352E-4
					2)	_conc	0	0	0.0
						1)	_conce	55	638	3.4309246E-4
						2)	_concu	393	254	1.3659167E-4
					3)	_cons	0	0	0.0
						1)	_const	101	493	2.6511692E-4
						2)	_consi	343	275	1.4788468E-4
				3)	_col	0	0	0.0
					1)	_coll	0	0	0.0
						1)	_collè	277	298	1.6025323E-4
			3)	_ci	0	0	0.0
				1)	_cit	0	0	0.0
					1)	_cito	0	0	0.0
						1)	_citoy	344	275	1.4788468E-4
			4)	_cl	0	0	0.0
				1)	_cla	0	0	0.0
					1)	_clai	0	0	0.0
						1)	_clair	441	239	1.2852524E-4
			5)	_ca	0	0	0.0
				1)	_cad	0	0	0.0
					1)	_cadr	0	0	0.0
						1)	_cadre	496	217	1.1669446E-4
		6)	_m	0	0	0.0
			1)	_ma	0	0	0.0
				1)	_mai	0	0	0.0
					1)	_mais	0	0	0.0
						1)	_mais_	15	951	5.114121E-4
				2)	_mar	0	0	0.0
					1)	_marc	0	0	0.0
						1)	_march	233	319	1.7154623E-4
				3)	_mat	0	0	0.0
					1)	_mati	0	0	0.0
						1)	_matiè	251	310	1.6670638E-4
				4)	_man	0	0	0.0
					1)	_mani	0	0	0.0
						1)	_maniè	311	288	1.548756E-4
			2)	_me	0	0	0.0
				1)	_mem	0	0	0.0
					1)	_memb	0	0	0.0
						1)	_membr	107	480	2.58126E-4
				2)	_mes	0	0	0.0
					1)	_mesu	0	0	0.0
						1)	_mesur	229	322	1.7315953E-4
			3)	_mo	0	0	0.0
				1)	_mon	0	0	0.0
					1)	_mons	0	0	0.0
						1)	_monsi	131	444	2.3876654E-4
			4)	_mê	0	0	0.0
				1)	_mêm	0	0	0.0
					1)	_même	0	0	0.0
						1)	_même_	144	425	2.2854906E-4
		7)	_v	0	0	0.0
			1)	_vo	0	0	0.0
				1)	_vou	0	0	0.0
					1)	_vous	0	0	0.0
						1)	_vous_	28	849	4.5656034E-4
					2)	_voud	0	0	0.0
						1)	_voudr	169	382	2.0542527E-4
		8)	_s	0	0	0.0
			1)	_so	0	0	0.0
				1)	_son	0	0	0.0
					1)	_sont	0	0	0.0
						1)	_sont_	32	811	4.3612538E-4
				2)	_soc	0	0	0.0
					1)	_soci	0	0	0.0
						1)	_socia	192	352	1.8929239E-4
				3)	_soi	0	0	0.0
					1)	_soit	0	0	0.0
						1)	_soit_	280	297	1.5971546E-4
				4)	_som	0	0	0.0
					1)	_somm	0	0	0.0
						1)	_somme	392	254	1.3659167E-4
			2)	_sé	0	0	0.0
				1)	_séc	0	0	0.0
					1)	_sécu	0	0	0.0
						1)	_sécur	353	269	1.4465812E-4
			3)	_sa	0	0	0.0
				1)	_san	0	0	0.0
					1)	_sans	0	0	0.0
						1)	_sans_	361	266	1.4304482E-4
			4)	_se	0	0	0.0
				1)	_sei	0	0	0.0
					1)	_sein	0	0	0.0
						1)	_sein_	407	250	1.3444062E-4
				2)	_seu	0	0	0.0
					1)	_seul	0	0	0.0
						1)	_seule	436	240	1.29063E-4
			5)	_su	0	0	0.0
				1)	_suj	0	0	0.0
					1)	_suje	0	0	0.0
						1)	_sujet	462	229	1.231476E-4
				2)	_sui	0	0	0.0
					1)	_suis	0	0	0.0
						1)	_suis_	467	226	1.2153432E-4
		9)	_r	0	0	0.0
			1)	_ra	0	0	0.0
				1)	_rap	0	0	0.0
					1)	_rapp	0	0	0.0
						1)	_rappo	34	799	4.2967222E-4
				2)	_rai	0	0	0.0
					1)	_rais	0	0	0.0
						1)	_raiso	473	224	1.204588E-4
			2)	_ré	0	0	0.0
				1)	_rég	0	0	0.0
					1)	_régi	0	0	0.0
						1)	_régio	69	562	3.0222253E-4
				2)	_réf	0	0	0.0
					1)	_réfo	0	0	0.0
						1)	_réfor	518	211	1.1346788E-4
			3)	_re	0	0	0.0
				1)	_res	0	0	0.0
					1)	_resp	0	0	0.0
						1)	_respo	315	287	1.5433783E-4
			4)	_rè	0	0	0.0
				1)	_règ	0	0	0.0
					1)	_règl	0	0	0.0
						1)	_règle	463	229	1.231476E-4
		10)	_a	0	0	0.0
			1)	_av	0	0	0.0
				1)	_ave	0	0	0.0
					1)	_avec	0	0	0.0
						1)	_avec_	39	740	3.9794424E-4
				2)	_avo	0	0	0.0
					1)	_avon	0	0	0.0
						1)	_avons	156	402	2.1618052E-4
			2)	_au	0	0	0.0
				1)	_aus	0	0	0.0
					1)	_auss	0	0	0.0
						1)	_aussi	81	529	2.8447635E-4
				2)	_aut	0	0	0.0
					1)	_autr	0	0	0.0
						1)	_autre	226	324	1.7423504E-4
					2)	_auto	0	0	0.0
						1)	_autor	527	208	1.118546E-4
				3)	_auj	0	0	0.0
					1)	_aujo	0	0	0.0
						1)	_aujou	438	240	1.29063E-4
			3)	_ai	0	0	0.0
				1)	_ain	0	0	0.0
					1)	_ains	0	0	0.0
						1)	_ainsi	424	246	1.3228957E-4
			4)	_at	0	0	0.0
				1)	_att	0	0	0.0
					1)	_atte	0	0	0.0
						1)	_atten	479	221	1.1884551E-4
			5)	_ac	0	0	0.0
				1)	_acc	0	0	0.0
					1)	_acco	0	0	0.0
						1)	_accor	480	221	1.1884551E-4
			6)	_am	0	0	0.0
				1)	_ame	0	0	0.0
					1)	_amen	0	0	0.0
						1)	_amend	513	212	1.1400565E-4
			7)	_ap	0	0	0.0
				1)	_app	0	0	0.0
					1)	_appr	0	0	0.0
						1)	_appro	541	205	1.1024131E-4
		11)	_ê	0	0	0.0
			1)	_êt	0	0	0.0
				1)	_êtr	0	0	0.0
					1)	_être	0	0	0.0
						1)	_être_	45	682	3.6675401E-4
		12)	_t	0	0	0.0
			1)	_to	0	0	0.0
				1)	_tou	0	0	0.0
					1)	_tout	0	0	0.0
						1)	_tout_	47	671	3.6083863E-4
						2)	_toute	80	530	2.8501413E-4
					2)	_tous	0	0	0.0
						1)	_tous_	177	370	1.9897212E-4
			2)	_tr	0	0	0.0
				1)	_tra	0	0	0.0
					1)	_tran	0	0	0.0
						1)	_trans	109	468	2.5167284E-4
					2)	_trav	0	0	0.0
						1)	_trava	134	440	2.366155E-4
					3)	_trai	0	0	0.0
						1)	_trait	427	244	1.3121405E-4
				2)	_trè	0	0	0.0
					1)	_très	0	0	0.0
						1)	_très_	151	405	2.1779381E-4
			3)	_ta	0	0	0.0
				1)	_tan	0	0	0.0
					1)	_tant	0	0	0.0
						1)	_tant_	556	201	1.0809026E-4
		13)	_q	0	0	0.0
			1)	_qu	0	0	0.0
				1)	_que	0	0	0.0
					1)	_ques	0	0	0.0
						1)	_quest	50	656	3.527722E-4
					2)	_quel	0	0	0.0
						1)	_quell	247	311	1.6724413E-4
						2)	_quelq	523	209	1.1239236E-4
				2)	_qui	0	0	0.0
					1)	_quil	0	0	0.0
						1)	_quil_	77	541	2.909295E-4
		14)	_f	0	0	0.0
			1)	_fa	0	0	0.0
				1)	_fai	0	0	0.0
					1)	_fait	0	0	0.0
						1)	_fait_	53	645	3.468568E-4
					2)	_fair	0	0	0.0
						1)	_faire	108	472	2.538239E-4
				2)	_fau	0	0	0.0
					1)	_faut	0	0	0.0
						1)	_faut_	225	324	1.7423504E-4
			2)	_fi	0	0	0.0
				1)	_fin	0	0	0.0
					1)	_fina	0	0	0.0
						1)	_finan	206	345	1.8552806E-4
		15)	_i	0	0	0.0
			1)	_in	0	0	0.0
				1)	_int	0	0	0.0
					1)	_inte	0	0	0.0
						1)	_inter	79	531	2.8555188E-4
					2)	_inté	0	0	0.0
						1)	_intér	370	262	1.4089377E-4
				2)	_ini	0	0	0.0
					1)	_init	0	0	0.0
						1)	_initi	512	212	1.1400565E-4
				3)	_ins	0	0	0.0
					1)	_inst	0	0	0.0
						1)	_insti	563	200	1.075525E-4
			2)	_im	0	0	0.0
				1)	_imp	0	0	0.0
					1)	_impo	0	0	0.0
						1)	_impor	88	512	2.753344E-4
		16)	_l	0	0	0.0
			1)	_lu	0	0	0.0
				1)	_lun	0	0	0.0
					1)	_luni	0	0	0.0
						1)	_lunio	87	512	2.753344E-4
			2)	_le	0	0	0.0
				1)	_leu	0	0	0.0
					1)	_leur	0	0	0.0
						1)	_leur_	185	362	1.9467002E-4
						2)	_leuro	477	223	1.1992104E-4
			3)	_lo	0	0	0.0
				1)	_lor	0	0	0.0
					1)	_lors	0	0	0.0
						1)	_lors_	486	220	1.1830775E-4
			4)	_lé	0	0	0.0
				1)	_lég	0	0	0.0
					1)	_légi	0	0	0.0
						1)	_légis	534	207	1.1131683E-4
		17)	_é	0	0	0.0
			1)	_ég	0	0	0.0
				1)	_éga	0	0	0.0
					1)	_égal	0	0	0.0
						1)	_égale	98	498	2.678057E-4
			2)	_éc	0	0	0.0
				1)	_éco	0	0	0.0
					1)	_écon	0	0	0.0
						1)	_écono	210	340	1.8283924E-4
		18)	_b	0	0	0.0
			1)	_bi	0	0	0.0
				1)	_bie	0	0	0.0
					1)	_bien	0	0	0.0
						1)	_bien_	102	492	2.6457914E-4
		19)	_g	0	0	0.0
			1)	_gr	0	0	0.0
				1)	_gra	0	0	0.0
					1)	_gran	0	0	0.0
						1)	_grand	183	363	1.9520779E-4
				2)	_gro	0	0	0.0
					1)	_grou	0	0	0.0
						1)	_group	222	325	1.7477281E-4
			2)	_go	0	0	0.0
				1)	_gou	0	0	0.0
					1)	_gouv	0	0	0.0
						1)	_gouve	388	255	1.3712943E-4
		20)	_o	0	0	0.0
			1)	_ob	0	0	0.0
				1)	_obj	0	0	0.0
					1)	_obje	0	0	0.0
						1)	_objec	408	250	1.3444062E-4
		21)	_j	0	0	0.0
			1)	_jo	0	0	0.0
				1)	_jou	0	0	0.0
					1)	_jour	0	0	0.0
						1)	_jour_	537	206	1.10779074E-4
			2)	_ju	0	0	0.0
				1)	_jur	0	0	0.0
					1)	_juri	0	0	0.0
						1)	_jurid	550	202	1.08628024E-4
	3)	a	0	0	0.0
		1)	at	0	0	0.0
			1)	ati	0	0	0.0
				1)	atio	0	0	0.0
					1)	ation	0	0	0.0
						1)	ation_	3	3165	0.0017020183
						2)	ations	25	855	4.5978694E-4
						3)	ationa	166	392	2.108029E-4
				2)	ativ	0	0	0.0
					1)	ative	0	0	0.0
						1)	ative_	214	332	1.7853714E-4
				3)	atiè	0	0	0.0
					1)	atièr	0	0	0.0
						1)	atière	250	310	1.6670638E-4
				4)	atiq	0	0	0.0
					1)	atiqu	0	0	0.0
						1)	atique	298	291	1.5648888E-4
		2)	ap	0	0	0.0
			1)	app	0	0	0.0
				1)	appo	0	0	0.0
					1)	appor	0	0	0.0
						1)	apport	18	904	4.861373E-4
		3)	al	0	0	0.0
			1)	ale	0	0	0.0
				1)	alem	0	0	0.0
					1)	aleme	0	0	0.0
						1)	alemen	56	636	3.4201695E-4
			2)	ali	0	0	0.0
				1)	alit	0	0	0.0
					1)	alité	0	0	0.0
						1)	alité_	240	314	1.6885743E-4
				2)	alim	0	0	0.0
					1)	alime	0	0	0.0
						1)	alimen	547	203	1.0916578E-4
		4)	ai	0	0	0.0
			1)	air	0	0	0.0
				1)	aire	0	0	0.0
					1)	aires	0	0	0.0
						1)	aires_	63	614	3.3018616E-4
			2)	aie	0	0	0.0
				1)	aien	0	0	0.0
					1)	aient	0	0	0.0
						1)	aient_	194	351	1.8875464E-4
			3)	ain	0	0	0.0
				1)	aine	0	0	0.0
					1)	aines	0	0	0.0
						1)	aines_	268	302	1.6240428E-4
				2)	ains	0	0	0.0
					1)	ainsi	0	0	0.0
						1)	ainsi_	419	248	1.333651E-4
		5)	au	0	0	0.0
			1)	aus	0	0	0.0
				1)	auss	0	0	0.0
					1)	aussi	0	0	0.0
						1)	aussi_	82	527	2.8340082E-4
			2)	aut	0	0	0.0
				1)	autr	0	0	0.0
					1)	autre	0	0	0.0
						1)	autres	187	360	1.9359449E-4
				2)	auto	0	0	0.0
					1)	autor	0	0	0.0
						1)	autori	371	261	1.4035602E-4
				3)	auta	0	0	0.0
					1)	autai	0	0	0.0
						1)	autair	418	248	1.333651E-4
			3)	auj	0	0	0.0
				1)	aujo	0	0	0.0
					1)	aujou	0	0	0.0
						1)	aujour	364	265	1.4250707E-4
		6)	av	0	0	0.0
			1)	avo	0	0	0.0
				1)	avon	0	0	0.0
					1)	avons	0	0	0.0
						1)	avons_	103	491	2.640414E-4
				2)	avoi	0	0	0.0
					1)	avoir	0	0	0.0
						1)	avoir_	157	401	2.1564275E-4
			2)	ava	0	0	0.0
				1)	avai	0	0	0.0
					1)	avail	0	0	0.0
						1)	avail_	387	255	1.3712943E-4
		7)	ac	0	0	0.0
			1)	acc	0	0	0.0
				1)	acco	0	0	0.0
					1)	accor	0	0	0.0
						1)	accord	215	330	1.7746162E-4
			2)	act	0	0	0.0
				1)	acti	0	0	0.0
					1)	actio	0	0	0.0
						1)	action	241	314	1.6885743E-4
		8)	ar	0	0	0.0
			1)	art	0	0	0.0
				1)	arti	0	0	0.0
					1)	artic	0	0	0.0
						1)	articu	218	328	1.763861E-4
			2)	arc	0	0	0.0
				1)	arch	0	0	0.0
					1)	arché	0	0	0.0
						1)	arché_	546	203	1.0916578E-4
		9)	an	0	0	0.0
			1)	ani	0	0	0.0
				1)	aniè	0	0	0.0
					1)	anièr	0	0	0.0
						1)	anière	309	288	1.548756E-4
		10)	ab	0	0	0.0
			1)	abl	0	0	0.0
				1)	able	0	0	0.0
					1)	ables	0	0	0.0
						1)	ables_	310	288	1.548756E-4
			2)	abi	0	0	0.0
				1)	abil	0	0	0.0
					1)	abili	0	0	0.0
						1)	abilit	314	287	1.5433783E-4
		11)	am	0	0	0.0
			1)	ame	0	0	0.0
				1)	amen	0	0	0.0
					1)	amend	0	0	0.0
						1)	amende	322	284	1.5272455E-4
	4)	t	0	0	0.0
		1)	ti	0	0	0.0
			1)	tio	0	0	0.0
				1)	tion	0	0	0.0
					1)	tions	0	0	0.0
						1)	tions_	6	1990	0.0010701474
					2)	tiona	0	0	0.0
						1)	tional	285	294	1.5810218E-4
					3)	tionn	0	0	0.0
						1)	tionne	389	254	1.3659167E-4
			2)	tiq	0	0	0.0
				1)	tiqu	0	0	0.0
					1)	tique	0	0	0.0
						1)	tique_	16	921	4.9527927E-4
						2)	tiques	172	376	2.021987E-4
			3)	tic	0	0	0.0
				1)	ticu	0	0	0.0
					1)	ticul	0	0	0.0
						1)	ticuli	242	313	1.6831966E-4
			4)	tiè	0	0	0.0
				1)	tièr	0	0	0.0
					1)	tière	0	0	0.0
						1)	tière_	262	305	1.6401756E-4
			5)	tiv	0	0	0.0
				1)	tive	0	0	0.0
					1)	tives	0	0	0.0
						1)	tives_	293	292	1.5702665E-4
			6)	tia	0	0	0.0
				1)	tiat	0	0	0.0
					1)	tiati	0	0	0.0
						1)	tiativ	302	288	1.548756E-4
			7)	tit	0	0	0.0
				1)	titu	0	0	0.0
					1)	titut	0	0	0.0
						1)	tituti	402	251	1.3497839E-4
		2)	ta	0	0	0.0
			1)	tat	0	0	0.0
				1)	tati	0	0	0.0
					1)	tatio	0	0	0.0
						1)	tation	76	541	2.909295E-4
			2)	tai	0	0	0.0
				1)	tair	0	0	0.0
					1)	taire	0	0	0.0
						1)	taire_	121	449	2.4145536E-4
						2)	taires	405	250	1.3444062E-4
			3)	tan	0	0	0.0
				1)	tanc	0	0	0.0
					1)	tance	0	0	0.0
						1)	tance_	524	208	1.118546E-4
		3)	te	0	0	0.0
			1)	teu	0	0	0.0
				1)	teur	0	0	0.0
					1)	teurs	0	0	0.0
						1)	teurs_	110	464	2.495218E-4
			2)	tem	0	0	0.0
				1)	teme	0	0	0.0
					1)	temen	0	0	0.0
						1)	tement	196	350	1.8821687E-4
				2)	temp	0	0	0.0
					1)	temps	0	0	0.0
						1)	temps_	481	220	1.1830775E-4
			3)	ten	0	0	0.0
				1)	teni	0	0	0.0
					1)	tenir	0	0	0.0
						1)	tenir_	535	206	1.10779074E-4
		4)	tr	0	0	0.0
			1)	tra	0	0	0.0
				1)	trav	0	0	0.0
					1)	trava	0	0	0.0
						1)	travai	153	403	2.1671828E-4
				2)	tran	0	0	0.0
					1)	trans	0	0	0.0
						1)	transp	338	277	1.4896021E-4
			2)	tru	0	0	0.0
				1)	truc	0	0	0.0
					1)	truct	0	0	0.0
						1)	tructu	439	239	1.2852524E-4
			3)	tre	0	0	0.0
				1)	trep	0	0	0.0
					1)	trepr	0	0	0.0
						1)	trepri	488	219	1.1776998E-4
		5)	tu	0	0	0.0
			1)	tut	0	0	0.0
				1)	tuti	0	0	0.0
					1)	tutio	0	0	0.0
						1)	tution	401	251	1.3497839E-4
			2)	tue	0	0	0.0
				1)	tuel	0	0	0.0
					1)	tuell	0	0	0.0
						1)	tuelle	552	201	1.0809026E-4
		6)	to	0	0	0.0
			1)	toy	0	0	0.0
				1)	toye	0	0	0.0
					1)	toyen	0	0	0.0
						1)	toyens	429	243	1.3067629E-4
			2)	tou	0	0	0.0
				1)	tout	0	0	0.0
					1)	toute	0	0	0.0
						1)	toute_	538	205	1.1024131E-4
		7)	té	0	0	0.0
			1)	tér	0	0	0.0
				1)	téri	0	0	0.0
					1)	térie	0	0	0.0
						1)	térieu	558	200	1.075525E-4
	5)	l	0	0	0.0
		1)	le	0	0	0.0
			1)	lem	0	0	0.0
				1)	leme	0	0	0.0
					1)	lemen	0	0	0.0
						1)	lement	7	1632	8.776284E-4
			2)	leu	0	0	0.0
				1)	leur	0	0	0.0
					1)	leurs	0	0	0.0
						1)	leurs_	145	424	2.280113E-4
					2)	leuro	0	0	0.0
						1)	leurop	521	209	1.1239236E-4
		2)	li	0	0	0.0
			1)	lit	0	0	0.0
				1)	liti	0	0	0.0
					1)	litiq	0	0	0.0
						1)	litiqu	24	856	4.603247E-4
			2)	lis	0	0	0.0
				1)	lisa	0	0	0.0
					1)	lisat	0	0	0.0
						1)	lisati	391	254	1.3659167E-4
			3)	lim	0	0	0.0
				1)	lime	0	0	0.0
					1)	limen	0	0	0.0
						1)	liment	532	207	1.1131683E-4
		3)	lu	0	0	0.0
			1)	lun	0	0	0.0
				1)	luni	0	0	0.0
					1)	lunio	0	0	0.0
						1)	lunion	86	512	2.753344E-4
			2)	lut	0	0	0.0
				1)	luti	0	0	0.0
					1)	lutio	0	0	0.0
						1)	lution	253	309	1.6616861E-4
		4)	la	0	0	0.0
			1)	lat	0	0	0.0
				1)	lati	0	0	0.0
					1)	latio	0	0	0.0
						1)	lation	168	382	2.0542527E-4
		5)	ll	0	0	0.0
			1)	lle	0	0	0.0
				1)	llem	0	0	0.0
					1)	lleme	0	0	0.0
						1)	llemen	231	320	1.72084E-4
			2)	llè	0	0	0.0
				1)	llèg	0	0	0.0
					1)	llègu	0	0	0.0
						1)	llègue	281	296	1.591777E-4
		6)	lo	0	0	0.0
			1)	lop	0	0	0.0
				1)	lopp	0	0	0.0
					1)	loppe	0	0	0.0
						1)	loppem	257	307	1.6509308E-4
		7)	lè	0	0	0.0
			1)	lèg	0	0	0.0
				1)	lègu	0	0	0.0
					1)	lègue	0	0	0.0
						1)	lègues	495	217	1.1669446E-4
		8)	lé	0	0	0.0
			1)	lég	0	0	0.0
				1)	légi	0	0	0.0
					1)	légis	0	0	0.0
						1)	législ	531	207	1.1131683E-4
	6)	u	0	0	0.0
		1)	ur	0	0	0.0
			1)	uro	0	0	0.0
				1)	urop	0	0	0.0
					1)	uropé	0	0	0.0
						1)	uropée	9	1409	7.5770734E-4
					2)	urope	0	0	0.0
						1)	urope_	425	244	1.3121405E-4
			2)	uri	0	0	0.0
				1)	urit	0	0	0.0
					1)	urité	0	0	0.0
						1)	urité_	316	286	1.5380007E-4
			3)	urr	0	0	0.0
				1)	urre	0	0	0.0
					1)	urren	0	0	0.0
						1)	urrenc	394	253	1.360539E-4
			4)	urd	0	0	0.0
				1)	urdh	0	0	0.0
					1)	urdhu	0	0	0.0
						1)	urdhui	497	216	1.161567E-4
		2)	ue	0	0	0.0
			1)	ues	0	0	0.0
				1)	uest	0	0	0.0
					1)	uesti	0	0	0.0
						1)	uestio	57	634	3.4094142E-4
			2)	uel	0	0	0.0
				1)	uell	0	0	0.0
					1)	uelle	0	0	0.0
						1)	uelle_	113	461	2.479085E-4
		3)	un	0	0	0.0
			1)	uni	0	0	0.0
				1)	unio	0	0	0.0
					1)	union	0	0	0.0
						1)	union_	75	543	2.9200502E-4
			2)	una	0	0	0.0
				1)	unau	0	0	0.0
					1)	unaut	0	0	0.0
						1)	unauta	381	256	1.376672E-4
		4)	ut	0	0	0.0
			1)	uti	0	0	0.0
				1)	utio	0	0	0.0
					1)	ution	0	0	0.0
						1)	ution_	118	454	2.4414418E-4
						2)	utions	494	217	1.1669446E-4
			2)	utr	0	0	0.0
				1)	utre	0	0	0.0
					1)	utres	0	0	0.0
						1)	utres_	186	360	1.9359449E-4
			3)	uta	0	0	0.0
				1)	utai	0	0	0.0
					1)	utair	0	0	0.0
						1)	utaire	404	250	1.3444062E-4
		5)	ud	0	0	0.0
			1)	udr	0	0	0.0
				1)	udra	0	0	0.0
					1)	udrai	0	0	0.0
						1)	udrais	195	350	1.8821687E-4
		6)	uv	0	0	0.0
			1)	uve	0	0	0.0
				1)	uver	0	0	0.0
					1)	uvern	0	0	0.0
						1)	uverne	205	345	1.8552806E-4
				2)	uvel	0	0	0.0
					1)	uvell	0	0	0.0
						1)	uvelle	413	248	1.333651E-4
				3)	uven	0	0	0.0
					1)	uvent	0	0	0.0
						1)	uvent_	542	204	1.0970355E-4
		7)	uj	0	0	0.0
			1)	ujo	0	0	0.0
				1)	ujou	0	0	0.0
					1)	ujour	0	0	0.0
						1)	ujourd	362	265	1.4250707E-4
		8)	ua	0	0	0.0
			1)	uat	0	0	0.0
				1)	uati	0	0	0.0
					1)	uatio	0	0	0.0
						1)	uation	377	257	1.3820497E-4
		9)	ul	0	0	0.0
			1)	ult	0	0	0.0
				1)	ultu	0	0	0.0
					1)	ultur	0	0	0.0
						1)	ulture	469	225	1.2099656E-4
		10)	uc	0	0	0.0
			1)	uct	0	0	0.0
				1)	uctu	0	0	0.0
					1)	uctur	0	0	0.0
						1)	ucture	505	214	1.1508117E-4
		11)	um	0	0	0.0
			1)	ume	0	0	0.0
				1)	umen	0	0	0.0
					1)	ument	0	0	0.0
						1)	ument_	510	212	1.1400565E-4
	7)	r	0	0	0.0
		1)	ro	0	0	0.0
			1)	rop	0	0	0.0
				1)	ropé	0	0	0.0
					1)	ropée	0	0	0.0
						1)	ropéen	10	1409	7.5770734E-4
				2)	ropo	0	0	0.0
					1)	ropos	0	0	0.0
						1)	roposi	141	427	2.2962458E-4
			2)	rog	0	0	0.0
				1)	rogr	0	0	0.0
					1)	rogra	0	0	0.0
						1)	rogram	72	546	2.9361833E-4
			3)	rob	0	0	0.0
				1)	robl	0	0	0.0
					1)	roblè	0	0	0.0
						1)	roblèm	201	347	1.8660359E-4
			4)	rou	0	0	0.0
				1)	roup	0	0	0.0
					1)	roupe	0	0	0.0
						1)	roupe_	447	236	1.2691195E-4
			5)	ron	0	0	0.0
				1)	ronn	0	0	0.0
					1)	ronne	0	0	0.0
						1)	ronnem	490	218	1.1723222E-4
		2)	ra	0	0	0.0
			1)	rat	0	0	0.0
				1)	rati	0	0	0.0
					1)	ratio	0	0	0.0
						1)	ration	30	823	4.4257852E-4
			2)	rap	0	0	0.0
				1)	rapp	0	0	0.0
					1)	rappo	0	0	0.0
						1)	rappor	33	800	4.3021E-4
			3)	rav	0	0	0.0
				1)	rava	0	0	0.0
					1)	ravai	0	0	0.0
						1)	ravail	154	403	2.1671828E-4
			4)	ram	0	0	0.0
				1)	ramm	0	0	0.0
					1)	ramme	0	0	0.0
						1)	ramme_	212	333	1.7907491E-4
			5)	rai	0	0	0.0
				1)	rais	0	0	0.0
					1)	raiso	0	0	0.0
						1)	raison	453	232	1.247609E-4
		3)	ré	0	0	0.0
			1)	rés	0	0	0.0
				1)	rése	0	0	0.0
					1)	résen	0	0	0.0
						1)	résent	61	625	3.3610157E-4
				2)	rési	0	0	0.0
					1)	résid	0	0	0.0
						1)	réside	230	321	1.7262176E-4
			2)	rég	0	0	0.0
				1)	régi	0	0	0.0
					1)	régio	0	0	0.0
						1)	région	66	580	3.1190223E-4
			3)	réf	0	0	0.0
				1)	réfo	0	0	0.0
					1)	réfor	0	0	0.0
						1)	réform	511	212	1.1400565E-4
		4)	re	0	0	0.0
			1)	ren	0	0	0.0
				1)	renc	0	0	0.0
					1)	rence	0	0	0.0
						1)	rence_	96	501	2.6941902E-4
				2)	rend	0	0	0.0
					1)	rendr	0	0	0.0
						1)	rendre	319	285	1.5326231E-4
			2)	rem	0	0	0.0
				1)	reme	0	0	0.0
					1)	remen	0	0	0.0
						1)	rement	115	459	2.46833E-4
			3)	res	0	0	0.0
				1)	resp	0	0	0.0
					1)	respo	0	0	0.0
						1)	respon	216	329	1.7692386E-4
			4)	rep	0	0	0.0
				1)	repr	0	0	0.0
					1)	repri	0	0	0.0
						1)	repris	301	289	1.5541336E-4
			5)	rec	0	0	0.0
				1)	rect	0	0	0.0
					1)	recti	0	0	0.0
						1)	rectiv	365	264	1.419693E-4
		5)	ri	0	0	0.0
			1)	rin	0	0	0.0
				1)	rinc	0	0	0.0
					1)	rinci	0	0	0.0
						1)	rincip	198	348	1.8714134E-4
			2)	ris	0	0	0.0
				1)	rise	0	0	0.0
					1)	rises	0	0	0.0
						1)	rises_	339	277	1.4896021E-4
		6)	rn	0	0	0.0
			1)	rne	0	0	0.0
				1)	rnem	0	0	0.0
					1)	rneme	0	0	0.0
						1)	rnemen	202	347	1.8660359E-4
		7)	rt	0	0	0.0
			1)	rti	0	0	0.0
				1)	rtic	0	0	0.0
					1)	rticu	0	0	0.0
						1)	rticul	217	328	1.763861E-4
			2)	rta	0	0	0.0
				1)	rtan	0	0	0.0
					1)	rtant	0	0	0.0
						1)	rtant_	290	293	1.5756441E-4
				2)	rtai	0	0	0.0
					1)	rtain	0	0	0.0
						1)	rtaine	529	207	1.1131683E-4
		8)	rr	0	0	0.0
			1)	rre	0	0	0.0
				1)	rren	0	0	0.0
					1)	rrenc	0	0	0.0
						1)	rrence	395	253	1.360539E-4
		9)	ru	0	0	0.0
			1)	ruc	0	0	0.0
				1)	ruct	0	0	0.0
					1)	ructu	0	0	0.0
						1)	ructur	440	239	1.2852524E-4
		10)	rs	0	0	0.0
			1)	rso	0	0	0.0
				1)	rson	0	0	0.0
					1)	rsonn	0	0	0.0
						1)	rsonne	456	231	1.2422314E-4
		11)	rd	0	0	0.0
			1)	rdh	0	0	0.0
				1)	rdhu	0	0	0.0
					1)	rdhui	0	0	0.0
						1)	rdhui_	498	216	1.161567E-4
		12)	rm	0	0	0.0
			1)	rma	0	0	0.0
				1)	rmat	0	0	0.0
					1)	rmati	0	0	0.0
						1)	rmatio	548	202	1.08628024E-4
	8)	c	0	0	0.0
		1)	ce	0	0	0.0
			1)	cet	0	0	0.0
				1)	cett	0	0	0.0
					1)	cette	0	0	0.0
						1)	cette_	13	1158	6.2272896E-4
			2)	cer	0	0	0.0
				1)	cert	0	0	0.0
					1)	certa	0	0	0.0
						1)	certai	124	446	2.3984208E-4
				2)	cern	0	0	0.0
					1)	cerne	0	0	0.0
						1)	cerne_	352	271	1.4573363E-4
		2)	ct	0	0	0.0
			1)	cti	0	0	0.0
				1)	ctio	0	0	0.0
					1)	ction	0	0	0.0
						1)	ction_	46	680	3.6567848E-4
						2)	ctions	466	227	1.2207209E-4
				2)	ctiv	0	0	0.0
					1)	ctive	0	0	0.0
						1)	ctive_	264	303	1.6294203E-4
			2)	cte	0	0	0.0
				1)	cteu	0	0	0.0
					1)	cteur	0	0	0.0
						1)	cteurs	536	206	1.10779074E-4
		3)	co	0	0	0.0
			1)	com	0	0	0.0
				1)	comm	0	0	0.0
					1)	commu	0	0	0.0
						1)	commun	48	668	3.5922535E-4
					2)	comme	0	0	0.0
						1)	comme_	51	653	3.511589E-4
					3)	commi	0	0	0.0
						1)	commis	111	462	2.4844627E-4
				2)	comp	0	0	0.0
					1)	compt	0	0	0.0
						1)	compte	417	248	1.333651E-4
			2)	con	0	0	0.0
				1)	conc	0	0	0.0
					1)	conce	0	0	0.0
						1)	concer	90	508	2.7318334E-4
					2)	concu	0	0	0.0
						1)	concur	376	258	1.3874272E-4
				2)	cono	0	0	0.0
					1)	conom	0	0	0.0
						1)	conomi	142	427	2.2962458E-4
				3)	cont	0	0	0.0
					1)	contr	0	0	0.0
						1)	contre	237	316	1.6993294E-4
						2)	contrô	330	280	1.505735E-4
				4)	cons	0	0	0.0
					1)	const	0	0	0.0
						1)	consti	476	223	1.1992104E-4
					2)	consi	0	0	0.0
						1)	consid	478	222	1.1938327E-4
			3)	col	0	0	0.0
				1)	coll	0	0	0.0
					1)	collè	0	0	0.0
						1)	collèg	276	298	1.6025323E-4
			4)	cou	0	0	0.0
				1)	cour	0	0	0.0
					1)	cours	0	0	0.0
						1)	cours_	431	243	1.3067629E-4
		4)	ca	0	0	0.0
			1)	cat	0	0	0.0
				1)	cati	0	0	0.0
					1)	catio	0	0	0.0
						1)	cation	106	480	2.58126E-4
			2)	cad	0	0	0.0
				1)	cadr	0	0	0.0
					1)	cadre	0	0	0.0
						1)	cadre_	465	228	1.2260985E-4
		5)	ci	0	0	0.0
			1)	cit	0	0	0.0
				1)	cito	0	0	0.0
					1)	citoy	0	0	0.0
						1)	citoye	284	295	1.5863993E-4
			2)	cis	0	0	0.0
				1)	cisi	0	0	0.0
					1)	cisio	0	0	0.0
						1)	cision	356	267	1.4358258E-4
		6)	cu	0	0	0.0
			1)	cur	0	0	0.0
				1)	curi	0	0	0.0
					1)	curit	0	0	0.0
						1)	curité	321	285	1.5326231E-4
				2)	curr	0	0	0.0
					1)	curre	0	0	0.0
						1)	curren	351	271	1.4573363E-4
			2)	cul	0	0	0.0
				1)	cult	0	0	0.0
					1)	cultu	0	0	0.0
						1)	cultur	471	225	1.2099656E-4
	9)	i	0	0	0.0
		1)	it	0	0	0.0
			1)	iti	0	0	0.0
				1)	itiq	0	0	0.0
					1)	itiqu	0	0	0.0
						1)	itique	17	917	4.931282E-4
				2)	itio	0	0	0.0
					1)	ition	0	0	0.0
						1)	ition_	54	639	3.4363024E-4
						2)	itions	178	369	1.9843435E-4
				3)	itia	0	0	0.0
					1)	itiat	0	0	0.0
						1)	itiati	307	288	1.548756E-4
			2)	ito	0	0	0.0
				1)	itoy	0	0	0.0
					1)	itoye	0	0	0.0
						1)	itoyen	283	295	1.5863993E-4
			3)	itu	0	0	0.0
				1)	itut	0	0	0.0
					1)	ituti	0	0	0.0
						1)	itutio	403	251	1.3497839E-4
		2)	iq	0	0	0.0
			1)	iqu	0	0	0.0
				1)	ique	0	0	0.0
					1)	iques	0	0	0.0
						1)	iques_	36	781	4.1999252E-4
		3)	im	0	0	0.0
			1)	imp	0	0	0.0
				1)	impo	0	0	0.0
					1)	impor	0	0	0.0
						1)	import	65	600	3.226575E-4
		4)	is	0	0	0.0
			1)	isa	0	0	0.0
				1)	isat	0	0	0.0
					1)	isati	0	0	0.0
						1)	isatio	125	445	2.3930431E-4
			2)	iss	0	0	0.0
				1)	issi	0	0	0.0
					1)	issio	0	0	0.0
						1)	ission	150	407	2.1886933E-4
				2)	isse	0	0	0.0
					1)	issem	0	0	0.0
						1)	isseme	320	285	1.5326231E-4
			3)	isi	0	0	0.0
				1)	isio	0	0	0.0
					1)	ision	0	0	0.0
						1)	ision_	434	242	1.3013852E-4
		5)	ic	0	0	0.0
			1)	ica	0	0	0.0
				1)	icat	0	0	0.0
					1)	icati	0	0	0.0
						1)	icatio	126	445	2.3930431E-4
		6)	il	0	0	0.0
			1)	ili	0	0	0.0
				1)	ilit	0	0	0.0
					1)	ilité	0	0	0.0
						1)	ilité_	137	431	2.3177563E-4
			2)	ill	0	0	0.0
				1)	ille	0	0	0.0
					1)	illeu	0	0	0.0
						1)	illeur	313	287	1.5433783E-4
		7)	io	0	0	0.0
			1)	ion	0	0	0.0
				1)	iona	0	0	0.0
					1)	ional	0	0	0.0
						1)	ionale	243	312	1.677819E-4
		8)	in	0	0	0.0
			1)	ini	0	0	0.0
				1)	init	0	0	0.0
					1)	initi	0	0	0.0
						1)	initia	275	298	1.6025323E-4
			2)	inc	0	0	0.0
				1)	inci	0	0	0.0
					1)	incip	0	0	0.0
						1)	incipe	363	265	1.4250707E-4
			3)	ina	0	0	0.0
				1)	inan	0	0	0.0
					1)	inanc	0	0	0.0
						1)	inanci	416	248	1.333651E-4
			4)	ins	0	0	0.0
				1)	inst	0	0	0.0
					1)	insti	0	0	0.0
						1)	instit	484	220	1.1830775E-4
		9)	ir	0	0	0.0
			1)	ire	0	0	0.0
				1)	irec	0	0	0.0
					1)	irect	0	0	0.0
						1)	irecti	279	297	1.5971546E-4
			2)	iro	0	0	0.0
				1)	iron	0	0	0.0
					1)	ironn	0	0	0.0
						1)	ironne	492	218	1.1723222E-4
		10)	ia	0	0	0.0
			1)	iat	0	0	0.0
				1)	iati	0	0	0.0
					1)	iativ	0	0	0.0
						1)	iative	308	288	1.548756E-4
		11)	iv	0	0	0.0
			1)	ive	0	0	0.0
				1)	iven	0	0	0.0
					1)	ivent	0	0	0.0
						1)	ivent_	375	258	1.3874272E-4
				2)	ivea	0	0	0.0
					1)	iveau	0	0	0.0
						1)	iveau_	483	220	1.1830775E-4
		12)	iè	0	0	0.0
			1)	ièr	0	0	0.0
				1)	ière	0	0	0.0
					1)	ières	0	0	0.0
						1)	ières_	406	250	1.3444062E-4
					2)	ièrem	0	0	0.0
						1)	ièreme	507	214	1.1508117E-4
		13)	if	0	0	0.0
			1)	ifi	0	0	0.0
				1)	ific	0	0	0.0
					1)	ifica	0	0	0.0
						1)	ificat	525	208	1.118546E-4
			2)	iff	0	0	0.0
				1)	iffé	0	0	0.0
					1)	iffér	0	0	0.0
						1)	iffére	539	205	1.1024131E-4
		14)	ib	0	0	0.0
			1)	ibi	0	0	0.0
				1)	ibil	0	0	0.0
					1)	ibili	0	0	0.0
						1)	ibilit	545	204	1.0970355E-4
	10)	p	0	0	0.0
		1)	po	0	0	0.0
			1)	pol	0	0	0.0
				1)	poli	0	0	0.0
					1)	polit	0	0	0.0
						1)	politi	21	867	4.6624008E-4
			2)	pos	0	0	0.0
				1)	posi	0	0	0.0
					1)	posit	0	0	0.0
						1)	positi	29	844	4.5387153E-4
				2)	poss	0	0	0.0
					1)	possi	0	0	0.0
						1)	possib	269	301	1.6186651E-4
			3)	por	0	0	0.0
				1)	port	0	0	0.0
					1)	porta	0	0	0.0
						1)	portan	67	579	3.1136448E-4
			4)	poi	0	0	0.0
				1)	poin	0	0	0.0
					1)	point	0	0	0.0
						1)	point_	258	306	1.6455533E-4
			5)	pon	0	0	0.0
				1)	pons	0	0	0.0
					1)	ponsa	0	0	0.0
						1)	ponsab	272	299	1.6079098E-4
		2)	pé	0	0	0.0
			1)	pée	0	0	0.0
				1)	péen	0	0	0.0
					1)	péenn	0	0	0.0
						1)	péenne	26	854	4.5924916E-4
			2)	pér	0	0	0.0
				1)	péra	0	0	0.0
					1)	pérat	0	0	0.0
						1)	pérati	543	204	1.0970355E-4
		3)	pr	0	0	0.0
			1)	pro	0	0	0.0
				1)	prop	0	0	0.0
					1)	propo	0	0	0.0
						1)	propos	44	689	3.7051836E-4
				2)	prog	0	0	0.0
					1)	progr	0	0	0.0
						1)	progra	73	546	2.9361833E-4
				3)	prob	0	0	0.0
					1)	probl	0	0	0.0
						1)	problè	203	347	1.8660359E-4
				4)	proj	0	0	0.0
					1)	proje	0	0	0.0
						1)	projet	324	283	1.5218678E-4
			2)	pré	0	0	0.0
				1)	prés	0	0	0.0
					1)	prése	0	0	0.0
						1)	présen	52	646	3.4739455E-4
					2)	prési	0	0	0.0
						1)	présid	294	292	1.5702665E-4
			3)	pri	0	0	0.0
				1)	prin	0	0	0.0
					1)	princ	0	0	0.0
						1)	princi	199	348	1.8714134E-4
				2)	pris	0	0	0.0
					1)	prise	0	0	0.0
						1)	prises	355	267	1.4358258E-4
			4)	pre	0	0	0.0
				1)	pren	0	0	0.0
					1)	prend	0	0	0.0
						1)	prendr	397	252	1.3551615E-4
		4)	pp	0	0	0.0
			1)	ppo	0	0	0.0
				1)	ppor	0	0	0.0
					1)	pport	0	0	0.0
						1)	pport_	64	606	3.2588406E-4
						2)	pporte	442	238	1.2798747E-4
			2)	ppe	0	0	0.0
				1)	ppem	0	0	0.0
					1)	ppeme	0	0	0.0
						1)	ppemen	252	309	1.6616861E-4
		5)	pa	0	0	0.0
			1)	par	0	0	0.0
				1)	part	0	0	0.0
					1)	parti	0	0	0.0
						1)	partic	119	450	2.4199313E-4
		6)	pe	0	0	0.0
			1)	pem	0	0	0.0
				1)	peme	0	0	0.0
					1)	pemen	0	0	0.0
						1)	pement	236	316	1.6993294E-4
			2)	per	0	0	0.0
				1)	perm	0	0	0.0
					1)	perme	0	0	0.0
						1)	permet	345	274	1.4734692E-4
				2)	pers	0	0	0.0
					1)	perso	0	0	0.0
						1)	person	443	237	1.274497E-4
			3)	pen	0	0	0.0
				1)	pend	0	0	0.0
					1)	penda	0	0	0.0
						1)	pendan	346	274	1.4734692E-4
				2)	pens	0	0	0.0
					1)	pense	0	0	0.0
						1)	pense_	457	231	1.2422314E-4
	11)	o	0	0	0.0
		1)	ol	0	0	0.0
			1)	oli	0	0	0.0
				1)	olit	0	0	0.0
					1)	oliti	0	0	0.0
						1)	olitiq	23	856	4.603247E-4
			2)	oll	0	0	0.0
				1)	ollè	0	0	0.0
					1)	ollèg	0	0	0.0
						1)	ollègu	282	295	1.5863993E-4
			3)	olu	0	0	0.0
				1)	olut	0	0	0.0
					1)	oluti	0	0	0.0
						1)	olutio	291	293	1.5756441E-4
		2)	op	0	0	0.0
			1)	opé	0	0	0.0
				1)	opée	0	0	0.0
					1)	opéen	0	0	0.0
						1)	opéenn	27	854	4.5924916E-4
						2)	opéen_	120	450	2.4199313E-4
			2)	opo	0	0	0.0
				1)	opos	0	0	0.0
					1)	oposi	0	0	0.0
						1)	oposit	143	426	2.2908681E-4
			3)	opp	0	0	0.0
				1)	oppe	0	0	0.0
					1)	oppem	0	0	0.0
						1)	oppeme	255	308	1.6563085E-4
		3)	os	0	0	0.0
			1)	osi	0	0	0.0
				1)	osit	0	0	0.0
					1)	ositi	0	0	0.0
						1)	ositio	40	739	3.974065E-4
		4)	og	0	0	0.0
			1)	ogr	0	0	0.0
				1)	ogra	0	0	0.0
					1)	ogram	0	0	0.0
						1)	ogramm	74	546	2.9361833E-4
		5)	on	0	0	0.0
			1)	onc	0	0	0.0
				1)	once	0	0	0.0
					1)	oncer	0	0	0.0
						1)	oncern	100	493	2.6511692E-4
				2)	oncu	0	0	0.0
					1)	oncur	0	0	0.0
						1)	oncurr	373	258	1.3874272E-4
				3)	onct	0	0	0.0
					1)	oncti	0	0	0.0
						1)	onctio	504	215	1.1561893E-4
			2)	ons	0	0	0.0
				1)	onsi	0	0	0.0
					1)	onsie	0	0	0.0
						1)	onsieu	128	444	2.3876654E-4
				2)	onst	0	0	0.0
					1)	onsti	0	0	0.0
						1)	onstit	475	223	1.1992104E-4
				3)	onsa	0	0	0.0
					1)	onsab	0	0	0.0
						1)	onsabi	514	211	1.1346788E-4
			3)	ont	0	0	0.0
				1)	ontr	0	0	0.0
					1)	ontre	0	0	0.0
						1)	ontre_	235	316	1.6993294E-4
					2)	ontrô	0	0	0.0
						1)	ontrôl	327	280	1.505735E-4
			4)	ono	0	0	0.0
				1)	onom	0	0	0.0
					1)	onomi	0	0	0.0
						1)	onomiq	266	302	1.6240428E-4
			5)	onn	0	0	0.0
				1)	onne	0	0	0.0
					1)	onnem	0	0	0.0
						1)	onneme	303	288	1.548756E-4
		6)	om	0	0	0.0
			1)	omm	0	0	0.0
				1)	ommi	0	0	0.0
					1)	ommis	0	0	0.0
						1)	ommiss	122	447	2.4037983E-4
				2)	ommu	0	0	0.0
					1)	ommun	0	0	0.0
						1)	ommuna	259	306	1.6455533E-4
				3)	omme	0	0	0.0
					1)	ommes	0	0	0.0
						1)	ommes_	359	266	1.4304482E-4
			2)	omi	0	0	0.0
				1)	omiq	0	0	0.0
					1)	omiqu	0	0	0.0
						1)	omique	263	305	1.6401756E-4
			3)	oma	0	0	0.0
				1)	omai	0	0	0.0
					1)	omain	0	0	0.0
						1)	omaine	382	256	1.376672E-4
		7)	or	0	0	0.0
			1)	ort	0	0	0.0
				1)	orta	0	0	0.0
					1)	ortan	0	0	0.0
						1)	ortant	135	439	2.3607773E-4
			2)	orm	0	0	0.0
				1)	orma	0	0	0.0
					1)	ormat	0	0	0.0
						1)	ormati	544	204	1.0970355E-4
			3)	ori	0	0	0.0
				1)	orit	0	0	0.0
					1)	orité	0	0	0.0
						1)	orité_	560	200	1.075525E-4
		8)	ou	0	0	0.0
			1)	oud	0	0	0.0
				1)	oudr	0	0	0.0
					1)	oudra	0	0	0.0
						1)	oudrai	180	367	1.9735884E-4
			2)	ouv	0	0	0.0
				1)	ouve	0	0	0.0
					1)	ouver	0	0	0.0
						1)	ouvern	181	363	1.9520779E-4
					2)	ouvel	0	0	0.0
						1)	ouvell	414	248	1.333651E-4
					3)	ouvea	0	0	0.0
						1)	ouveau	458	229	1.231476E-4
				2)	ouvo	0	0	0.0
					1)	ouvoi	0	0	0.0
						1)	ouvoir	559	200	1.075525E-4
			3)	our	0	0	0.0
				1)	ourd	0	0	0.0
					1)	ourdh	0	0	0.0
						1)	ourdhu	499	216	1.161567E-4
			4)	out	0	0	0.0
				1)	oute	0	0	0.0
					1)	outes	0	0	0.0
						1)	outes_	530	207	1.1131683E-4
		9)	ob	0	0	0.0
			1)	obl	0	0	0.0
				1)	oblè	0	0	0.0
					1)	oblèm	0	0	0.0
						1)	oblème	204	347	1.8660359E-4
			2)	obj	0	0	0.0
				1)	obje	0	0	0.0
					1)	objec	0	0	0.0
						1)	object	227	323	1.7369728E-4
		10)	oy	0	0	0.0
			1)	oye	0	0	0.0
				1)	oyen	0	0	0.0
					1)	oyens	0	0	0.0
						1)	oyens_	248	310	1.6670638E-4
		11)	oi	0	0	0.0
			1)	oiv	0	0	0.0
				1)	oive	0	0	0.0
					1)	oiven	0	0	0.0
						1)	oivent	470	225	1.2099656E-4
	12)	n	0	0	0.0
		1)	ne	0	0	0.0
			1)	nem	0	0	0.0
				1)	neme	0	0	0.0
					1)	nemen	0	0	0.0
						1)	nement	31	823	4.4257852E-4
		2)	na	0	0	0.0
			1)	nat	0	0	0.0
				1)	nati	0	0	0.0
					1)	natio	0	0	0.0
						1)	nation	68	579	3.1136448E-4
			2)	nau	0	0	0.0
				1)	naut	0	0	0.0
					1)	nauta	0	0	0.0
						1)	nautai	415	248	1.333651E-4
		3)	no	0	0	0.0
			1)	not	0	0	0.0
				1)	notr	0	0	0.0
					1)	notre	0	0	0.0
						1)	notre_	116	459	2.46833E-4
			2)	nou	0	0	0.0
				1)	nouv	0	0	0.0
					1)	nouve	0	0	0.0
						1)	nouvel	244	311	1.6724413E-4
						2)	nouvea	459	229	1.231476E-4
			3)	nom	0	0	0.0
				1)	nomi	0	0	0.0
					1)	nomiq	0	0	0.0
						1)	nomiqu	267	302	1.6240428E-4
				2)	nomb	0	0	0.0
					1)	nombr	0	0	0.0
						1)	nombre	336	278	1.4949797E-4
		4)	ns	0	0	0.0
			1)	nsi	0	0	0.0
				1)	nsie	0	0	0.0
					1)	nsieu	0	0	0.0
						1)	nsieur	129	444	2.3876654E-4
			2)	nst	0	0	0.0
				1)	nsti	0	0	0.0
					1)	nstit	0	0	0.0
						1)	nstitu	133	443	2.3822878E-4
			3)	nsa	0	0	0.0
				1)	nsab	0	0	0.0
					1)	nsabi	0	0	0.0
						1)	nsabil	515	211	1.1346788E-4
		5)	ni	0	0	0.0
			1)	niè	0	0	0.0
				1)	nièr	0	0	0.0
					1)	nière	0	0	0.0
						1)	nière_	171	378	2.0327422E-4
			2)	nit	0	0	0.0
				1)	niti	0	0	0.0
					1)	nitia	0	0	0.0
						1)	nitiat	304	288	1.548756E-4
			3)	niv	0	0	0.0
				1)	nive	0	0	0.0
					1)	nivea	0	0	0.0
						1)	niveau	430	243	1.3067629E-4
		6)	nd	0	0	0.0
			1)	nde	0	0	0.0
				1)	ndem	0	0	0.0
					1)	ndeme	0	0	0.0
						1)	ndemen	245	311	1.6724413E-4
			2)	nda	0	0	0.0
				1)	ndan	0	0	0.0
					1)	ndant	0	0	0.0
						1)	ndant_	450	235	1.2637419E-4
		7)	nc	0	0	0.0
			1)	nce	0	0	0.0
				1)	ncer	0	0	0.0
					1)	ncern	0	0	0.0
						1)	ncerne	273	299	1.6079098E-4
			2)	nco	0	0	0.0
				1)	ncor	0	0	0.0
					1)	ncore	0	0	0.0
						1)	ncore_	287	294	1.5810218E-4
			3)	ncu	0	0	0.0
				1)	ncur	0	0	0.0
					1)	ncurr	0	0	0.0
						1)	ncurre	374	258	1.3874272E-4
			4)	nct	0	0	0.0
				1)	ncti	0	0	0.0
					1)	nctio	0	0	0.0
						1)	nction	410	249	1.3390285E-4
			5)	nci	0	0	0.0
				1)	ncip	0	0	0.0
					1)	ncipe	0	0	0.0
						1)	ncipe_	561	200	1.075525E-4
		8)	nt	0	0	0.0
			1)	nta	0	0	0.0
				1)	ntat	0	0	0.0
					1)	ntati	0	0	0.0
						1)	ntatio	278	297	1.5971546E-4
				2)	ntai	0	0	0.0
					1)	ntair	0	0	0.0
						1)	ntaire	383	256	1.376672E-4
			2)	ntr	0	0	0.0
				1)	ntrô	0	0	0.0
					1)	ntrôl	0	0	0.0
						1)	ntrôle	360	266	1.4304482E-4
				2)	ntre	0	0	0.0
					1)	ntrep	0	0	0.0
						1)	ntrepr	398	252	1.3551615E-4
			3)	nti	0	0	0.0
				1)	ntio	0	0	0.0
					1)	ntion	0	0	0.0
						1)	ntion_	399	252	1.3551615E-4
		9)	nn	0	0	0.0
			1)	nne	0	0	0.0
				1)	nnem	0	0	0.0
					1)	nneme	0	0	0.0
						1)	nnemen	295	292	1.5702665E-4
		10)	né	0	0	0.0
			1)	néc	0	0	0.0
				1)	néce	0	0	0.0
					1)	néces	0	0	0.0
						1)	nécess	328	280	1.505735E-4
		11)	nv	0	0	0.0
			1)	nvi	0	0	0.0
				1)	nvir	0	0	0.0
					1)	nviro	0	0	0.0
						1)	nviron	454	232	1.247609E-4
	13)	s	0	0	0.0
		1)	si	0	0	0.0
			1)	sit	0	0	0.0
				1)	siti	0	0	0.0
					1)	sitio	0	0	0.0
						1)	sition	37	752	4.043974E-4
			2)	sie	0	0	0.0
				1)	sieu	0	0	0.0
					1)	sieur	0	0	0.0
						1)	sieur_	127	444	2.3876654E-4
			3)	sio	0	0	0.0
				1)	sion	0	0	0.0
					1)	sions	0	0	0.0
						1)	sions_	213	332	1.7853714E-4
			4)	sib	0	0	0.0
				1)	sibl	0	0	0.0
					1)	sible	0	0	0.0
						1)	sible_	503	215	1.1561893E-4
		2)	st	0	0	0.0
			1)	sti	0	0	0.0
				1)	stio	0	0	0.0
					1)	stion	0	0	0.0
						1)	stion_	78	539	2.8985398E-4
				2)	stit	0	0	0.0
					1)	stitu	0	0	0.0
						1)	stitut	396	252	1.3551615E-4
			2)	str	0	0	0.0
				1)	stru	0	0	0.0
					1)	struc	0	0	0.0
						1)	struct	149	411	2.2102038E-4
		3)	ss	0	0	0.0
			1)	ssi	0	0	0.0
				1)	ssio	0	0	0.0
					1)	ssion	0	0	0.0
						1)	ssion_	89	509	2.7372112E-4
			2)	ssa	0	0	0.0
				1)	ssai	0	0	0.0
					1)	ssair	0	0	0.0
						1)	ssaire	197	348	1.8714134E-4
			3)	sse	0	0	0.0
				1)	ssem	0	0	0.0
					1)	sseme	0	0	0.0
						1)	ssemen	286	294	1.5810218E-4
		4)	sa	0	0	0.0
			1)	sat	0	0	0.0
				1)	sati	0	0	0.0
					1)	satio	0	0	0.0
						1)	sation	114	460	2.4737074E-4
			2)	sai	0	0	0.0
				1)	sair	0	0	0.0
					1)	saire	0	0	0.0
						1)	saire_	368	262	1.4089377E-4
			3)	sab	0	0	0.0
				1)	sabi	0	0	0.0
					1)	sabil	0	0	0.0
						1)	sabili	506	214	1.1508117E-4
		5)	se	0	0	0.0
			1)	sem	0	0	0.0
				1)	seme	0	0	0.0
					1)	semen	0	0	0.0
						1)	sement	147	417	2.2424696E-4
				2)	semb	0	0	0.0
					1)	sembl	0	0	0.0
						1)	semble	270	300	1.6132875E-4
		6)	so	0	0	0.0
			1)	soc	0	0	0.0
				1)	soci	0	0	0.0
					1)	socia	0	0	0.0
						1)	social	254	308	1.6563085E-4
			2)	sol	0	0	0.0
				1)	solu	0	0	0.0
					1)	solut	0	0	0.0
						1)	soluti	449	235	1.2637419E-4
			3)	som	0	0	0.0
				1)	somm	0	0	0.0
					1)	somme	0	0	0.0
						1)	sommes	482	220	1.1830775E-4
		7)	sp	0	0	0.0
			1)	spo	0	0	0.0
				1)	spon	0	0	0.0
					1)	spons	0	0	0.0
						1)	sponsa	271	299	1.6079098E-4
		8)	sé	0	0	0.0
			1)	séc	0	0	0.0
				1)	sécu	0	0	0.0
					1)	sécur	0	0	0.0
						1)	sécuri	318	285	1.5326231E-4
	14)	é	0	0	0.0
		1)	ée	0	0	0.0
			1)	éen	0	0	0.0
				1)	éenn	0	0	0.0
					1)	éenne	0	0	0.0
						1)	éenne_	38	743	3.9955752E-4
		2)	ég	0	0	0.0
			1)	éga	0	0	0.0
				1)	égal	0	0	0.0
					1)	égale	0	0	0.0
						1)	égalem	94	502	2.6995677E-4
			2)	égi	0	0	0.0
				1)	égio	0	0	0.0
					1)	égion	0	0	0.0
						1)	égions	297	291	1.5648888E-4
				2)	égis	0	0	0.0
					1)	égisl	0	0	0.0
						1)	égisla	528	207	1.1131683E-4
		3)	éc	0	0	0.0
			1)	éco	0	0	0.0
				1)	écon	0	0	0.0
					1)	écono	0	0	0.0
						1)	économ	139	428	2.3016235E-4
			2)	écu	0	0	0.0
				1)	écur	0	0	0.0
					1)	écuri	0	0	0.0
						1)	écurit	317	285	1.5326231E-4
			3)	éci	0	0	0.0
				1)	écis	0	0	0.0
					1)	écisi	0	0	0.0
						1)	écisio	358	266	1.4304482E-4
		4)	év	0	0	0.0
			1)	éve	0	0	0.0
				1)	ével	0	0	0.0
					1)	évelo	0	0	0.0
						1)	évelop	164	392	2.108029E-4
		5)	ér	0	0	0.0
			1)	éra	0	0	0.0
				1)	érat	0	0	0.0
					1)	érati	0	0	0.0
						1)	ératio	239	314	1.6885743E-4
			2)	éri	0	0	0.0
				1)	érie	0	0	0.0
					1)	érieu	0	0	0.0
						1)	érieur	472	224	1.204588E-4
		6)	és	0	0	0.0
			1)	ési	0	0	0.0
				1)	ésid	0	0	0.0
					1)	éside	0	0	0.0
						1)	ésiden	265	302	1.6240428E-4
			2)	ése	0	0	0.0
				1)	ésen	0	0	0.0
					1)	ésent	0	0	0.0
						1)	ésente	409	249	1.3390285E-4
		7)	ém	0	0	0.0
			1)	éme	0	0	0.0
				1)	émen	0	0	0.0
					1)	ément	0	0	0.0
						1)	ément_	489	218	1.1723222E-4
			2)	émo	0	0	0.0
				1)	émoc	0	0	0.0
					1)	émocr	0	0	0.0
						1)	émocra	551	201	1.0809026E-4
		8)	éf	0	0	0.0
			1)	éfo	0	0	0.0
				1)	éfor	0	0	0.0
					1)	éform	0	0	0.0
						1)	éforme	557	200	1.075525E-4
	15)	m	0	0	0.0
		1)	me	0	0	0.0
			1)	men	0	0	0.0
				1)	ment	0	0	0.0
					1)	ments	0	0	0.0
						1)	ments_	42	723	3.888023E-4
					2)	menta	0	0	0.0
						1)	mental	341	276	1.4842245E-4
						2)	mentai	421	246	1.3228957E-4
				2)	mend	0	0	0.0
					1)	mende	0	0	0.0
						1)	mendem	329	280	1.505735E-4
			2)	mem	0	0	0.0
				1)	memb	0	0	0.0
					1)	membr	0	0	0.0
						1)	membre	105	481	2.5866376E-4
			3)	mes	0	0	0.0
				1)	mesu	0	0	0.0
					1)	mesur	0	0	0.0
						1)	mesure	232	319	1.7154623E-4
			4)	met	0	0	0.0
				1)	mett	0	0	0.0
					1)	mettr	0	0	0.0
						1)	mettre	372	260	1.3981825E-4
		2)	mp	0	0	0.0
			1)	mpo	0	0	0.0
				1)	mpor	0	0	0.0
					1)	mport	0	0	0.0
						1)	mporta	70	559	3.0060924E-4
		3)	mo	0	0	0.0
			1)	mon	0	0	0.0
				1)	mons	0	0	0.0
					1)	monsi	0	0	0.0
						1)	monsie	130	444	2.3876654E-4
			2)	moi	0	0	0.0
				1)	moin	0	0	0.0
					1)	moins	0	0	0.0
						1)	moins_	491	218	1.1723222E-4
			3)	moc	0	0	0.0
				1)	mocr	0	0	0.0
					1)	mocra	0	0	0.0
						1)	mocrat	553	201	1.0809026E-4
		4)	mb	0	0	0.0
			1)	mbr	0	0	0.0
				1)	mbre	0	0	0.0
					1)	mbres	0	0	0.0
						1)	mbres_	160	396	2.1295395E-4
		5)	mi	0	0	0.0
			1)	mis	0	0	0.0
				1)	miss	0	0	0.0
					1)	missi	0	0	0.0
						1)	missio	170	381	2.048875E-4
			2)	miq	0	0	0.0
				1)	miqu	0	0	0.0
					1)	mique	0	0	0.0
						1)	mique_	420	247	1.3282734E-4
		6)	mm	0	0	0.0
			1)	mme	0	0	0.0
				1)	mmen	0	0	0.0
					1)	mment	0	0	0.0
						1)	mment_	188	357	1.919812E-4
			2)	mmu	0	0	0.0
				1)	mmun	0	0	0.0
					1)	mmuna	0	0	0.0
						1)	mmunau	261	306	1.6455533E-4
			3)	mmi	0	0	0.0
				1)	mmis	0	0	0.0
					1)	mmiss	0	0	0.0
						1)	mmissi	300	290	1.5595111E-4
		7)	ma	0	0	0.0
			1)	mat	0	0	0.0
				1)	mati	0	0	0.0
					1)	matiè	0	0	0.0
						1)	matièr	249	310	1.6670638E-4
					2)	matio	0	0	0.0
						1)	mation	390	254	1.3659167E-4
			2)	man	0	0	0.0
				1)	mani	0	0	0.0
					1)	maniè	0	0	0.0
						1)	manièr	305	288	1.548756E-4
			3)	mar	0	0	0.0
				1)	marc	0	0	0.0
					1)	march	0	0	0.0
						1)	marché	378	257	1.3820497E-4
			4)	mai	0	0	0.0
				1)	main	0	0	0.0
					1)	maine	0	0	0.0
						1)	maine_	455	232	1.247609E-4
		8)	mu	0	0	0.0
			1)	mun	0	0	0.0
				1)	muna	0	0	0.0
					1)	munau	0	0	0.0
						1)	munaut	260	306	1.6455533E-4
	16)	q	0	0	0.0
		1)	qu	0	0	0.0
			1)	que	0	0	0.0
				1)	ques	0	0	0.0
					1)	quest	0	0	0.0
						1)	questi	58	634	3.4094142E-4
				2)	quel	0	0	0.0
					1)	quell	0	0	0.0
						1)	quelle	92	506	2.721078E-4
					2)	quelq	0	0	0.0
						1)	quelqu	520	209	1.1239236E-4
	17)	f	0	0	0.0
		1)	fa	0	0	0.0
			1)	fai	0	0	0.0
				1)	fair	0	0	0.0
					1)	faire	0	0	0.0
						1)	faire_	84	517	2.7802322E-4
		2)	fi	0	0	0.0
			1)	fin	0	0	0.0
				1)	fina	0	0	0.0
					1)	finan	0	0	0.0
						1)	financ	191	352	1.8929239E-4
		3)	fo	0	0	0.0
			1)	for	0	0	0.0
				1)	form	0	0	0.0
					1)	forme	0	0	0.0
						1)	forme_	460	229	1.231476E-4
					2)	forma	0	0	0.0
						1)	format	526	208	1.118546E-4
			2)	fon	0	0	0.0
				1)	fonc	0	0	0.0
					1)	fonct	0	0	0.0
						1)	foncti	516	211	1.1346788E-4
		4)	ff	0	0	0.0
			1)	ffé	0	0	0.0
				1)	ffér	0	0	0.0
					1)	ffére	0	0	0.0
						1)	fféren	517	211	1.1346788E-4
	18)	g	0	0	0.0
		1)	gr	0	0	0.0
			1)	gra	0	0	0.0
				1)	gram	0	0	0.0
					1)	gramm	0	0	0.0
						1)	gramme	85	513	2.7587215E-4
				2)	gran	0	0	0.0
					1)	grand	0	0	0.0
						1)	grande	522	209	1.1239236E-4
			2)	gro	0	0	0.0
				1)	grou	0	0	0.0
					1)	group	0	0	0.0
						1)	groupe	211	334	1.7961267E-4
		2)	ga	0	0	0.0
			1)	gal	0	0	0.0
				1)	gale	0	0	0.0
					1)	galem	0	0	0.0
						1)	galeme	95	502	2.6995677E-4
		3)	go	0	0	0.0
			1)	gou	0	0	0.0
				1)	gouv	0	0	0.0
					1)	gouve	0	0	0.0
						1)	gouver	182	363	1.9520779E-4
		4)	gi	0	0	0.0
			1)	gio	0	0	0.0
				1)	gion	0	0	0.0
					1)	gions	0	0	0.0
						1)	gions_	292	293	1.5756441E-4
			2)	gis	0	0	0.0
				1)	gisl	0	0	0.0
					1)	gisla	0	0	0.0
						1)	gislat	533	207	1.1131683E-4
		5)	ge	0	0	0.0
			1)	gem	0	0	0.0
				1)	geme	0	0	0.0
					1)	gemen	0	0	0.0
						1)	gement	444	237	1.274497E-4
		6)	gl	0	0	0.0
			1)	gle	0	0	0.0
				1)	glem	0	0	0.0
					1)	gleme	0	0	0.0
						1)	glemen	562	200	1.075525E-4
	19)	b	0	0	0.0
		1)	bi	0	0	0.0
			1)	bil	0	0	0.0
				1)	bili	0	0	0.0
					1)	bilit	0	0	0.0
						1)	bilité	99	496	2.667302E-4
		2)	bj	0	0	0.0
			1)	bje	0	0	0.0
				1)	bjec	0	0	0.0
					1)	bject	0	0	0.0
						1)	bjecti	228	323	1.7369728E-4
	20)	d	0	0	0.0
		1)	di	0	0	0.0
			1)	dir	0	0	0.0
				1)	dire	0	0	0.0
					1)	direc	0	0	0.0
						1)	direct	148	413	2.2209591E-4
			2)	dis	0	0	0.0
				1)	disp	0	0	0.0
					1)	dispo	0	0	0.0
						1)	dispos	411	249	1.3390285E-4
			3)	dif	0	0	0.0
				1)	diff	0	0	0.0
					1)	diffé	0	0	0.0
						1)	différ	540	205	1.1024131E-4
		2)	de	0	0	0.0
			1)	dem	0	0	0.0
				1)	deme	0	0	0.0
					1)	demen	0	0	0.0
						1)	dement	163	393	2.1134065E-4
				2)	dema	0	0	0.0
					1)	deman	0	0	0.0
						1)	demand	175	371	1.9950989E-4
			2)	dev	0	0	0.0
				1)	devo	0	0	0.0
					1)	devon	0	0	0.0
						1)	devons	220	326	1.7531058E-4
		3)	dé	0	0	0.0
			1)	dév	0	0	0.0
				1)	déve	0	0	0.0
					1)	dével	0	0	0.0
						1)	dévelo	165	392	2.108029E-4
			2)	déc	0	0	0.0
				1)	déci	0	0	0.0
					1)	décis	0	0	0.0
						1)	décisi	366	264	1.419693E-4
			3)	déb	0	0	0.0
				1)	déba	0	0	0.0
					1)	débat	0	0	0.0
						1)	débat_	464	228	1.2260985E-4
			4)	dém	0	0	0.0
				1)	démo	0	0	0.0
					1)	démoc	0	0	0.0
						1)	démocr	555	201	1.0809026E-4
		4)	dr	0	0	0.0
			1)	dra	0	0	0.0
				1)	drai	0	0	0.0
					1)	drais	0	0	0.0
						1)	drais_	193	351	1.8875464E-4
		5)	do	0	0	0.0
			1)	dom	0	0	0.0
				1)	doma	0	0	0.0
					1)	domai	0	0	0.0
						1)	domain	384	256	1.376672E-4
			2)	doi	0	0	0.0
				1)	doiv	0	0	0.0
					1)	doive	0	0	0.0
						1)	doiven	501	216	1.161567E-4
		6)	da	0	0	0.0
			1)	dau	0	0	0.0
				1)	daut	0	0	0.0
					1)	dautr	0	0	0.0
						1)	dautre	519	210	1.1293012E-4
	21)	v	0	0	0.0
		1)	ve	0	0	0.0
			1)	vel	0	0	0.0
				1)	velo	0	0	0.0
					1)	velop	0	0	0.0
						1)	velopp	155	402	2.1618052E-4
			2)	ver	0	0	0.0
				1)	vern	0	0	0.0
					1)	verne	0	0	0.0
						1)	vernem	209	340	1.8283924E-4
			3)	ven	0	0	0.0
				1)	veni	0	0	0.0
					1)	venir	0	0	0.0
						1)	venir_	234	316	1.6993294E-4
			4)	vem	0	0	0.0
				1)	veme	0	0	0.0
					1)	vemen	0	0	0.0
						1)	vement	508	213	1.1454341E-4
		2)	vo	0	0	0.0
			1)	vou	0	0	0.0
				1)	voud	0	0	0.0
					1)	voudr	0	0	0.0
						1)	voudra	179	368	1.978966E-4
		3)	vi	0	0	0.0
			1)	vir	0	0	0.0
				1)	viro	0	0	0.0
					1)	viron	0	0	0.0
						1)	vironn	487	219	1.1776998E-4
	22)	j	0	0	0.0
		1)	je	0	0	0.0
			1)	jec	0	0	0.0
				1)	ject	0	0	0.0
					1)	jecti	0	0	0.0
						1)	jectif	256	308	1.6563085E-4
		2)	jo	0	0	0.0
			1)	jou	0	0	0.0
				1)	jour	0	0	0.0
					1)	jourd	0	0	0.0
						1)	jourdh	500	216	1.161567E-4
		3)	ju	0	0	0.0
			1)	jur	0	0	0.0
				1)	juri	0	0	0.0
					1)	jurid	0	0	0.0
						1)	juridi	549	202	1.08628024E-4
	23)	è	0	0	0.0
		1)	èr	0	0	0.0
			1)	ère	0	0	0.0
				1)	èrem	0	0	0.0
					1)	èreme	0	0	0.0
						1)	èremen	433	242	1.3013852E-4
		2)	èg	0	0	0.0
			1)	ègu	0	0	0.0
				1)	ègue	0	0	0.0
					1)	ègues	0	0	0.0
						1)	ègues_	493	217	1.1669446E-4
