n_	14086565	0.0409889893168082	3
en	12010254	0.034947353943147456	3
e_	9759323	0.028397610502367367	2
de	7711065	0.02243760355389789	2
_d	7362254	0.02142263572088926	2
t_	7172491	0.020870464657203724	2
er	6292229	0.018309084383588956	2
_v	4975085	0.014476467890874228	2
an	4928831	0.014341878321887066	2
te	4450921	0.012951259112420755	2
ge	4081726	0.01187697805732897	2
in	3863495	0.011241971004325177	2
et	3682008	0.010713881388145536	2
_e	3559287	0.010356788671933456	2
he	3372046	0.009811956106388308	2
r_	3307339	0.009623672125749827	2
_h	3304405	0.00961513479286168	2
ee	3187450	0.009274819943532032	2
el	3162151	0.009201205088475037	2
_o	3074320	0.008945635052722205	2
ij	3041580	0.008850368427378675	2
aa	3033700	0.0088274392579313	2
ie	2998153	0.008724004843420412	2
_i	2855540	0.008309030523319098	2
s_	2680378	0.007799345348351974	2
or	2661133	0.00774334638058361	2
va	2517413	0.0073251509195459705	2
_m	2488541	0.007241139373824576	2
at	2447311	0.007121168605256654	2
_w	2443272	0.007109415951018336	2
st	2395250	0.006969681867870899	2
re	2388571	0.006950247359909096	2
ve	2297000	0.006683794698047993	2
ng	2284080	0.0066462001714921465	2
oo	2193741	0.006383332374702004	2
_b	2178651	0.006339423597168898	2
nd	2113072	0.006148602276967205	2
me	2099433	0.006108915609188939	2
le	2070703	0.00602531725408449	2
be	2045726	0.005952639352398315	2
_t	2024722	0.00589152205860737	2
g_	1984625	0.005774848085595777	2
_a	1970814	0.005734660933408253	2
_g	1953332	0.005683791930834777	2
li	1872439	0.0054484100394507125	2
_z	1780612	0.005181212470561878	2
d_	1765841	0.00513823191702036	2
da	1737616	0.005056103007419836	2
ar	1729926	0.005033726698657107	2
ch	1701001	0.0049495609339026275	2
on	1690959	0.0049203407918226106	2
vo	1669729	0.004858565884796246	2
k_	1644469	0.0047850645116692585	2
is	1626692	0.004733337120138044	2
al	1603126	0.004664764936483625	2
ti	1595970	0.004643942457224056	2
di	1585628	0.004613849377220916	2
oe	1577761	0.004590958035083544	2
it	1573213	0.004577724296168994	2
ke	1497677	0.004357930166298835	2
we	1443589	0.004200545278345845	2
rd	1376696	0.004005900490040871	2
_n	1363296	0.0039669092628080264	2
ri	1329813	0.0038694806612082264	2
_s	1295693	0.0037701985214183276	2
om	1233414	0.0035889795183709915	2
l_	1217875	0.003543764243746278	2
nt	1188604	0.00345859169058713	2
ro	1170798	0.00340677991505668	2
es	1151669	0.0033511184832852566	2
ei	1127362	0.0032803901429607238	2
eg	1059495	0.003082911216198676	2
zi	1051543	0.0030597725416497525	2
op	1035320	0.0030125669685603174	2
ni	1019798	0.0029674011604179135	2
ed	1014394	0.0029516766386293845	2
ze	1003549	0.0029201199327084744	2
la	990096	0.0028809744864425452	2
ne	987815	0.0028743372484337304	2
ra	987750	0.00287414811188372	2
id	980127	0.0028519667592571555	2
ns	976408	0.0028411452388035024	2
mi	930782	0.002708383019868745	2
jk	892796	0.002597851620042863	2
rs	862240	0.00250893998277967	2
_k	841442	0.002448422106362603	2
ig	831029	0.002418122431050991	2
ui	827607	0.00240816511914123	2
ev	823251	0.0023954900604974787	2
ma	819741	0.0023852766867969353	2
_p	819406	0.002384301906116114	2
p_	802058	0.0023338228158149665	2
wi	796051	0.002316343688800959	2
ht	783109	0.0022786851467974166	2
em	777439	0.002262186620050385	2
na	774834	0.0022546066090845967	2
sc	771490	0.0022448762610348485	2
ll	769772	0.0022398772365284283	2
ik	765321	0.0022269257475423547	2
ta	751590	0.0021869713788009977	2
jn	727505	0.002116889012539576	2
_l	718496	0.0020906746867081806	2
ek	714000	0.0020775922570336384	2
to	712316	0.002072692165491839	2
mo	708593	0.002061859005865878	2
tr	704021	0.002048555431917478	2
wa	691419	0.002011886219560142	2
_r	679217	0.001976380924433637	2
ec	663359	0.0019302374258173352	2
j_	657824	0.0019141317211357088	2
zo	651146	0.0018947001229669825	2
m_	644242	0.0018746109115628366	2
eb	632855	0.0018414770977941502	2
wo	632313	0.0018398999899463739	2
se	599678	0.0017449388928759359	2
pr	589269	0.0017146508567366318	2
ez	564016	0.0016411698521611828	2
ha	561547	0.0016339855730538775	2
ag	554604	0.0016137828797197255	2
un	550526	0.0016019167435514018	2
ol	547300	0.0015925297510847483	2
_u	545749	0.0015880166620222006	2
no	537516	0.001564060335618618	2
pe	533165	0.001551399825940252	2
ov	525926	0.0015303358338552848	2
co	525351	0.0015286627028359649	2
rk	518738	0.0015094202412172487	2
gr	517779	0.001506629749656331	2
bi	511927	0.001489601640569271	2
ef	505718	0.001471534735353694	2
_c	501801	0.0014601370758707797	2
ou	490725	0.0014279082077490648	2
il	486859	0.0014166589477130815	2
ot	476723	0.0013871652850838195	2
ls	474856	0.0013817327014089152	2
ur	471361	0.0013715629746045277	2
rt	470005	0.0013676172951920102	2
ic	462899	0.0013469403055862944	2
do	448923	0.0013062730375410533	2
ak	448579	0.0013052720687225384	2
eu	448553	0.0013051964141025344	2
am	447206	0.0013012769228277106	2
og	446552	0.0012993739181553015	2
ho	420667	0.0012240539243551394	2
ss	412372	0.0011999171907807781	2
rg	407898	0.0011868987765539314	2
ld	407238	0.00118497831312306	2
si	391468	0.0011390908762975412	2
as	383754	0.001116644732500962	2
sl	383345	0.0011154546271324372	2
ko	379440	0.001104091885166448	2
u_	377091	0.0010972567812283919	2
nn	373671	0.0010873052889047853	2
ct	371257	0.0010802810484167192	2
ds	370554	0.0010782354638835335	2
ga	368675	0.001072767962691704	2
ft	365034	0.0010621734060980632	2
ok	364766	0.0010613935815534064	2
ac	362712	0.0010554168665730882	2
ts	362585	0.0010550473228522995	2
gi	348736	0.0010147495985278472	2
rm	346850	0.0010092617287844783	2
sp	345659	0.0010057961652296785	2
uw	339433	9.876797935317913E-4	1
lo	334594	9.735993048318112E-4	1
kt	318139	9.25718659748494E-4	1
tu	316608	9.212637665474877E-4	1
pa	315262	9.173471850657407E-4	1
za	311422	9.061735796497615E-4	1
f_	307374	8.9439473727375E-4	1
kk	301528	8.773840869451525E-4	1
ru	300931	8.75646940478137E-4	1
vr	299974	8.728622685033735E-4	1
du	290162	8.443113788310848E-4	1
hi	279854	8.143172317925656E-4	1
vi	279460	8.131707733201969E-4	1
tw	279256	8.12577175532473E-4	1
ep	274795	7.995965886156284E-4	1
nk	271769	7.907915547643906E-4	1
mm	268701	7.818643096039155E-4	1
ad	267870	7.794462715568637E-4	1
od	263063	7.654588962353502E-4	1
ba	261882	7.620224306113211E-4	1
ap	258960	7.535200152400995E-4	1
ka	257877	7.503687093376241E-4	1
ki	253387	7.373037384215442E-4	1
_f	253181	7.367043210476661E-4	1
dr	251137	7.307567039981189E-4	1
ul	250396	7.286005473280041E-4	1
oc	250059	7.276199470610289E-4	1
rb	248116	7.219662191122664E-4	1
us	247266	7.194928949967502E-4	1
pl	247033	7.18814913209791E-4	1
ci	244876	7.12538489542534E-4	1
bb	242951	7.069371378691589E-4	1
jd	242355	7.052029011952205E-4	1
rz	240984	7.012135748865467E-4	1
br	239251	6.961709034839707E-4	1
so	239003	6.954492748008553E-4	1
of	238732	6.946607208769672E-4	1
dt	236328	6.876655783196718E-4	1
fe	228201	6.640176899822595E-4	1
af	221891	6.456568956658979E-4	1
nz	221646	6.449439963620138E-4	1
rv	219105	6.375502121531587E-4	1
gs	218377	6.35431882793046E-4	1
po	213366	6.208509096838086E-4	1
tt	211614	6.15752952212768E-4	1
io	209556	6.097645980601416E-4	1
ud	206867	6.019401644758791E-4	1
sa	206375	6.005085462819568E-4	1
gd	205015	5.965512276971308E-4	1
rl	204210	5.94208844270083E-4	1
ce	199124	5.794096366800647E-4	1
lu	194790	5.66798593484009E-4	1
_j	193405	5.627685300722561E-4	1
h_	190753	5.550517588318454E-4	1
rn	188000	5.470410984906498E-4	1
bl	187769	5.463689362898449E-4	1
a_	187721	5.462292662221451E-4	1
hu	187647	5.460139415344414E-4	1
bo	179299	5.217229889269948E-4	1
ku	177943	5.177773095144772E-4	1
ew	172728	5.026027386175158E-4	1
ia	170712	4.967365957741268E-4	1
eh	170497	4.961109902625549E-4	1
nc	168752	4.910334013430539E-4	1
nh	166633	4.848675498127259E-4	1
os	163068	4.744941374929431E-4	1
rw	162118	4.7172983406971905E-4	1
pp	159877	4.652089877839874E-4	1
lt	156776	4.5618571945196877E-4	1
fi	154925	4.507996924662975E-4	1
tg	154260	4.488646800700407E-4	1
lg	153934	4.479160875269133E-4	1
ut	153196	4.457686602360298E-4	1
uc	149997	4.364602321824575E-4	1
rh	149847	4.3602376322089584E-4	1
im	149097	4.3384141841308735E-4	1
nu	144531	4.205553032231496E-4	1
w_	144511	4.2049710736160803E-4	1
go	143919	4.1877450985997787E-4	1
cr	137840	4.0108587774442117E-4	1
bu	132902	3.867173195298104E-4	1
nv	131140	3.8159026412799905E-4	1
ms	131076	3.814040373710661E-4	1
ff	130861	3.807784318594943E-4	1
uu	128527	3.7398697481759446E-4	1
au	127448	3.7084730808742736E-4	1
lk	127190	3.700965814735413E-4	1
ja	123829	3.6031676694148234E-4	1
nl	121693	3.541014489288439E-4	1
o_	121236	3.527716734926193E-4	1
nw	120412	3.503740039971071E-4	1
md	120222	3.4982114331246226E-4	1
ea	113320	3.2973775149447047E-4	1
ob	112890	3.2848654047132694E-4	1
jz	112255	3.2663882186738244E-4	1
gg	111600	3.247329074018964E-4	1
su	108488	3.156776313460299E-4	1
dd	107947	3.1410343329133075E-4	1
rr	106757	3.10640779529608E-4	1
ks	106525	3.0996570753572596E-4	1
um	106054	3.0859519499642227E-4	1
pu	104035	3.027203227738019E-4	1
je	102506	2.982712491589498E-4	1
lf	102264	2.975670792342969E-4	1
kr	102030	2.968861876542607E-4	1
kl	100888	2.935632039602377E-4	1
gt	96583	2.8103654476341723E-4	1
kw	96307	2.8023344187414373E-4	1
tv	94785	2.758047368108311E-4	1
rp	94538	2.7508601792079285E-4	1
zu	94489	2.7494343806001604E-4	1
ir	93206	2.712101735421251E-4	1
gh	93059	2.707824339597946E-4	1
ai	91446	2.660889377264679E-4	1
uk	90751	2.640666315378988E-4	1
sm	90189	2.62431327828581E-4	1
iv	89893	2.615700290777659E-4	1
cu	87717	2.552383193420443E-4	1
ië	85053	2.4748663058470874E-4	1
fo	84104	2.447252369545618E-4	1
oa	83406	2.426942013867614E-4	1
jv	81813	2.3805890101497628E-4	1
mp	77922	2.2673689615206605E-4	1
kh	76467	2.2250314722491768E-4	1
if	74873	2.1786493706005546E-4	1
pt	74747	2.1749830313234366E-4	1
mt	72879	2.120628096643621E-4	1
mu	72777	2.1176601077050014E-4	1
jf	71424	2.078290607372137E-4	1
ua	70959	2.0647600695637247E-4	1
nb	69655	2.0268163678386286E-4	1
ju	69095	2.0105215266069923E-4	1
b_	67364	1.9601530084427735E-4	1
dh	66810	1.9440327547957616E-4	1
nf	66636	1.938969714841646E-4	1
fd	65128	1.895090035239311E-4	1
sb	64169	1.8671851196301338E-4	1
hr	63979	1.8616565127836855E-4	1
tl	63070	1.8352064937130473E-4	1
i_	62618	1.822054229004655E-4	1
tb	61759	1.7970591064725558E-4	1
fg	60876	1.7713656336019575E-4	1
ca	60865	1.771045556363479E-4	1
fs	60854	1.7707254791250005E-4	1
pi	59024	1.7174762658144743E-4	1
pg	57976	1.6869816343666977E-4	1
ug	57065	1.6604734194345178E-4	1
ël	56649	1.6483686802338737E-4	1
sv	56371	1.640279455479597E-4	1
fr	56370	1.6402503575488263E-4	1
jg	56059	1.631200901079114E-4	1
ab	55725	1.6214821922016736E-4	1
js	55672	1.6199400018708222E-4	1
ex	55385	1.6115888957396088E-4	1
th	54913	1.5978546724158008E-4	1
vl	52277	1.5211525269040268E-4	1
nr	49231	1.4325202297762332E-4	1
sn	48487	1.4108713692827734E-4	1
db	48341	1.4066230713902396E-4	1
lp	47763	1.3898044674047293E-4	1
nm	47663	1.3868946743276513E-4	1
ub	46866	1.3637036235033403E-4	1
mb	46835	1.3628015876494462E-4	1
eë	42891	1.2480393486894928E-4	1
ën	42539	1.2377968770581785E-4	1
av	42414	1.234159635711831E-4	1
jo	40779	1.186584518901607E-4	1
ip	40396	1.1754400114163985E-4	1
eo	40360	1.1743924859086505E-4	1
fu	40046	1.1652557356466258E-4	1
sg	39897	1.1609201439617797E-4	1
ys	39630	1.1531509964459816E-4	1
dz	39523	1.1500375178535083E-4	1
sy	37848	1.101298483812453E-4	1
dw	36870	1.0728407075186309E-4	1
dp	36139	1.0515701201251912E-4	1
ps	35979	1.0469144512018666E-4	1
tz	35927	1.0454013588017861E-4	1
fa	34721	1.0103092542922263E-4	1
np	33673	9.798146228444496E-5	1
oi	32863	9.562452989201185E-5	1
td	32265	9.388447363191925E-5	1
ue	32177	9.36284118411364E-5	1
sd	31503	9.166721130718586E-5	1
lj	31137	9.060222704097535E-5	1
 _	30598	8.903384857243034E-5	1
_ 	30477	8.868176361010391E-5	1
  	30472	8.866721464471853E-5	1
fl	29800	8.671183369692216E-5	1
bs	29479	8.577779011918015E-5	1
cl	28819	8.385732668830872E-5	1
tn	27352	7.958866024423541E-5	1
zw	27109	7.888158052650547E-5	1
oj	26659	7.75721736418204E-5	1
hn	26619	7.745578191873729E-5	1
ow	26086	7.590486220865474E-5	1
jl	26041	7.577392152018624E-5	1
kg	25877	7.529671545554547E-5	1
sh	25824	7.514249642246033E-5	1
lv	25744	7.49097129762941E-5	1
cc	25528	7.428119767164526E-5	1
vu	25482	7.414734719009969E-5	1
kb	25175	7.325404071543676E-5	1
ib	25148	7.317547630235566E-5	1
gu	25065	7.293396347695818E-5	1
xt	24791	7.213668017383883E-5	1
én	24790	7.213377038076176E-5	1
jh	24339	7.082145370299961E-5	1
sk	24194	7.039953370682331E-5	1
dg	23980	6.977683798832863E-5	1
_é	23459	6.826083579517104E-5	1
éé	23056	6.708818918510864E-5	1
tm	22797	6.633455277814546E-5	1
oz	22027	6.409401210879545E-5	1
sr	21812	6.34684065972237E-5	1
dv	21214	6.17283503371311E-5	1
sw	20353	5.9223018497767004E-5	1
pm	20325	5.914154429160882E-5	1
qu	20249	5.89204000177509E-5	1
jp	20196	5.876618098466577E-5	1
kn	20003	5.820459092078973E-5	1
fh	19718	5.737529989382252E-5	1
pz	19532	5.6834078381486026E-5	1
pn	18770	5.461681605675265E-5	1
dk	18129	5.27516386943457E-5	1
kz	17957	5.22511542850883E-5	1
uz	17903	5.209402545892609E-5	1
fw	17348	5.047909030114784E-5	1
iz	16987	4.942865500032271E-5	1
eï	16900	4.917550300261693E-5	1
gn	16437	4.782826880792985E-5	1
rc	16262	4.731905501944122E-5	1
tk	16126	4.6923323160958616E-5	1
bt	16078	4.678365309325888E-5	1
sz	16014	4.659742633632589E-5	1
mv	15664	4.557899875934862E-5	1
lm	15140	4.405426718695978E-5	1
ïn	15000	4.3646896156168873E-5	1
ër	14987	4.360906884616686E-5	1
xi	14876	4.328608181461121E-5	1
rf	14785	4.302129064459712E-5	1
ln	14695	4.275940926766011E-5	1
pv	14559	4.2363677409177506E-5	1
gm	14454	4.2058149136084324E-5	1
wb	14162	4.120848955757757E-5	1
pb	14081	4.097279631833426E-5	1
gl	13940	4.0562515494466275E-5	1
mh	13549	3.94247864013288E-5	1
jt	13146	3.82521397912664E-5	1
oö	13049	3.796988986278984E-5	1
xp	13011	3.7859317725860884E-5	1
dm	12957	3.770218889969867E-5	1
gv	12555	3.653245208271335E-5	1
ör	12377	3.601450891499348E-5	1
”_	12014	3.495825402801419E-5	1
fv	11897	3.461780823799607E-5	1
wu	11743	3.416970010412607E-5	1
wd	11718	3.409695527719913E-5	1
up	11680	3.3986383140270164E-5	1
mg	11556	3.36255687987125E-5	1
lb	11548	3.3602290454095875E-5	1
gb	11490	3.3433522455625356E-5	1
oh	11486	3.342188328331704E-5	1
tj	11060	3.218231143248185E-5	1
lh	10230	2.976718317850717E-5	1
pd	10117	2.9438376560797367E-5	1
eq	9611	2.7966021263795937E-5	1
iu	9469	2.755283064685087E-5	1
tp	9458	2.7520822923003013E-5	1
lz	9100	2.6479117001409116E-5	1
sf	8927	2.5975722799074636E-5	1
óó	8922	2.5961173833689245E-5	1
’s	8861	2.578367645598749E-5	1
ór	8859	2.577785686983334E-5	1
vó	8840	2.5722570801368857E-5	1
lw	8435	2.4544104605152296E-5	1
fz	8380	2.438406598591301E-5	1
jw	8244	2.3988334127430413E-5	1
uv	8168	2.376718985357249E-5	1
ly	7711	2.243741441734788E-5	1
gk	7338	2.1352061599597813E-5	1
gw	7018	2.0420927814932875E-5	1
gp	6654	1.9361763134876512E-5	1
lr	6500	1.891365500100651E-5	1
ws	6103	1.7758467149406575E-5	1
fk	5991	1.743257032477385E-5	1
fb	5836	1.698155239782677E-5	1
yp	5602	1.6300660817790536E-5	1
a’	5596	1.6283202059328067E-5	1
uo	5539	1.6117343853934626E-5	1
ëe	5472	1.5922387717770407E-5	1
kp	5371	1.5628498616985533E-5	1
cy	5367	1.5616859444677224E-5	1
ph	5278	1.535788786081729E-5	1
rj	5273	1.5343338895431898E-5	1
_q	5212	1.5165841517730144E-5	1
az	5193	1.5110555449265665E-5	1
yn	5173	1.5052359587724105E-5	1
wr	5105	1.4854493658482807E-5	1
y_	4824	1.4036841803823909E-5	1
ax	4718	1.372840373765365E-5	1
jb	4697	1.3667298083035014E-5	1
hz	4694	1.365856870380378E-5	1
té	4631	1.347525173994787E-5	1
sj	4625	1.3457792981485402E-5	1
ym	4496	1.3082429674542351E-5	1
é_	4479	1.3032963192232026E-5	1
mz	4352	1.266341947144313E-5	1
ëi	4318	1.256448650682248E-5	1
xe	4291	1.2485922093741375E-5	1
yc	4160	1.2104739200644168E-5	1
ty	4061	1.1816669686013453E-5	1
o’	3934	1.1447125965224556E-5	1
tc	3889	1.131618527675605E-5	1
n”	3841	1.117651520905631E-5	1
ml	3732	1.0859347763654815E-5	1
pk	3505	1.0198824735158127E-5	1
ej	3462	1.0073703632843776E-5	1
wk	3445	1.0024237150533451E-5	1
mr	3399	9.890386668987866E-6	1
dl	3399	9.890386668987866E-6	1
mw	3354	9.75944598051936E-6	1
lc	3339	9.71579908436319E-6	1
wp	3326	9.677971774361178E-6	1
xc	3301	9.605226947434231E-6	1
km	3301	9.605226947434231E-6	1
gz	3295	9.587768188971762E-6	1
hy	3232	9.404451225115854E-6	1
nj	3182	9.258961571261958E-6	1
kd	3163	9.203675502797476E-6	1
pw	3156	9.183306951257931E-6	1
ox	3043	8.854500333548125E-6	1
dy	3043	8.854500333548125E-6	1
x_	3009	8.755567368927476E-6	1
bj	2832	8.240533994284684E-6	1
fn	2565	7.463619242704877E-6	1
kj	2474	7.1988280726907865E-6	1
wt	2429	7.06788738422228E-6	1
by	2369	6.893299799597604E-6	1
ii	2347	6.82928435190189E-6	1
ïs	2141	6.229866978023837E-6	1
fp	2113	6.148392771865655E-6	1
mk	2080	6.052369600322084E-6	1
tf	2039	5.933068084161889E-6	1
gc	2028	5.901060360314032E-6	1
ë_	1961	5.706104224149811E-6	1
ck	1958	5.697374844918577E-6	1
xa	1956	5.691555258764421E-6	1
wg	1944	5.656637741839486E-6	1
dj	1917	5.578073328758382E-6	1
ao	1878	5.464591398752343E-6	1
kv	1874	5.452952226444031E-6	1
e”	1856	5.4005759510566285E-6	1
uf	1811	5.269635262588122E-6	1
ry	1787	5.199800228738252E-6	1
c_	1771	5.153243539505005E-6	1
èr	1749	5.089228091809291E-6	1
fm	1716	4.993204920265719E-6	1
iè	1689	4.914640507184615E-6	1
aj	1618	4.708045198712082E-6	1
dn	1612	4.690586440249615E-6	1
uï	1602	4.661488509478836E-6	1
aw	1578	4.5916534756289655E-6	1
mn	1548	4.504359683316628E-6	1
és	1544	4.492720511008316E-6	1
vé	1536	4.469442166391692E-6	1
aï	1529	4.449073614852147E-6	1
t”	1496	4.353050443308576E-6	1
cq	1458	4.242478306379614E-6	1
wl	1453	4.227929340994225E-6	1
oy	1434	4.1726432725297445E-6	1
jm	1419	4.128996376373576E-6	1
pj	1380	4.015514446367536E-6	1
fy	1330	3.87002479251364E-6	1
yo	1326	3.8583856202053285E-6	1
ïm	1274	3.7070763801972764E-6	1
ya	1267	3.686707828657731E-6	1
eé	1265	3.680888242503575E-6	1
v_	1234	3.590684657114159E-6	1
fj	1228	3.573225898651692E-6	1
z_	1198	3.485932106339354E-6	1
ït	1172	3.410277486335328E-6	1
à_	1136	3.3055249355605227E-6	1
nq	1120	3.258968246327276E-6	1
_à	1094	3.18331362632325E-6	1
gf	1077	3.133847144012925E-6	1
mc	1074	3.1251177647816916E-6	1
wh	1048	3.0494631447776655E-6	1
ëv	1037	3.017455420929808E-6	1
s”	1025	2.982537904004873E-6	1
g”	1024	2.979628110927795E-6	1
bp	1023	2.976718317850717E-6	1
d”	998	2.903973490923769E-6	1
ëx	981	2.8545070086134445E-6	1
cs	977	2.8428678363051327E-6	1
êt	930	2.70610756168247E-6	1
iw	929	2.7031977686053924E-6	1
wz	922	2.6828292170658466E-6	1
üb	912	2.6537312862950676E-6	1
’n	904	2.630452941678444E-6	1
_ü	892	2.5955354247535092E-6	1
uê	882	2.56643749398273E-6	1
iq	880	2.560617907828574E-6	1
wm	876	2.548978735520262E-6	1
hm	872	2.5373395632119504E-6	1
él	858	2.4966024601328596E-6	1
ae	856	2.4907828739787038E-6	1
fc	837	2.435496805514223E-6	1
mf	821	2.3889401162809764E-6	1
aq	807	2.3482030132018853E-6	1
yg	789	2.2958267378144827E-6	1
ji	786	2.287097358583249E-6	1
oï	777	2.2609092208895475E-6	1
dc	721	2.097960808573184E-6	1
yi	719	2.092141222419028E-6	1
ah	719	2.092141222419028E-6	1
gj	717	2.0863216362648722E-6	1
ww	697	2.028125774723314E-6	1
yt	692	2.013576809337924E-6	1
ye	687	1.9990278439525344E-6	1
pc	670	1.9495613616422096E-6	1
ay	665	1.93501239625682E-6	1
ih	655	1.9059144654860407E-6	1
ix	651	1.8942752931777292E-6	1
ey	636	1.8506283970215603E-6	1
öp	635	1.8477186039444823E-6	1
df	633	1.8418990177903265E-6	1
wv	627	1.824440259327859E-6	1
ux	622	1.8098912939424693E-6	1
my	597	1.7371464670155212E-6	1
’_	584	1.6993191570135082E-6	1
oë	545	1.585837227007469E-6	1
yb	527	1.5334609516200664E-6	1
dé	522	1.5189119862346769E-6	1
r”	521	1.516002193157599E-6	1
ïe	513	1.4927238485409754E-6	1
_x	512	1.4898140554638975E-6	1
ér	505	1.469445503924352E-6	1
hl	495	1.4403475731535729E-6	1
wc	452	1.315226470839222E-6	1
yl	444	1.2919481262225987E-6	1
kc	443	1.2890383331455208E-6	1
kf	428	1.2453914369893519E-6	1
wé	406	1.1813759892936376E-6	1
kq	401	1.1668270239082479E-6	1
ïd	400	1.16391723083117E-6	1
bc	395	1.1493682654457802E-6	1
zn	394	1.1464584723687025E-6	1
bg	392	1.1406388862145466E-6	1
mé	388	1.1289997139062349E-6	1
sq	386	1.123180127752079E-6	1
yr	374	1.088262610827144E-6	1
_y	373	1.085352817750066E-6	1
´s	370	1.0766234385188321E-6	1
aë	360	1.047525507748053E-6	1
ët	355	1.0329765423626634E-6	1
yd	355	1.0329765423626634E-6	1
üm	336	9.776904738981828E-7	1
uü	336	9.776904738981828E-7	1
l”	335	9.747806808211048E-7	1
k”	331	9.63141508512793E-7	1
bn	321	9.340435777420139E-7	1
wn	317	9.224044054337022E-7	1
cé	313	9.107652331253905E-7	1
vj	311	9.049456469712347E-7	1
pf	308	8.962162677400008E-7	1
hé	300	8.729379231233775E-7	1
ky	299	8.700281300462996E-7	1
jc	292	8.496595785067541E-7	1
sé	283	8.234714408130527E-7	1
_ó	276	8.031028892735072E-7	1
a´	265	7.710951654256501E-7	1
zz	261	7.594559931173384E-7	1
éd	255	7.419972346548709E-7	1
hs	253	7.36177648500715E-7	1
ét	238	6.925307523445461E-7	1
dá	233	6.779817869591565E-7	1
ëf	224	6.517936492654551E-7	1
ny	222	6.459740631112994E-7	1
uh	216	6.285153046488318E-7	1
p”	211	6.139663392634421E-7	1
–_	209	6.081467531092863E-7	1
a”	208	6.052369600322084E-7	1
gy	205	5.965075808009746E-7	1
hw	200	5.81958615415585E-7	1
_–	200	5.81958615415585E-7	1
xo	196	5.703194431072733E-7	1
n’	194	5.644998569531174E-7	1
ué	193	5.615900638760395E-7	1
bd	191	5.557704777218836E-7	1
­_	185	5.383117192594161E-7	1
py	184	5.354019261823382E-7	1
jr	184	5.354019261823382E-7	1
yf	182	5.295823400281823E-7	1
bö	180	5.237627538740265E-7	1
wf	178	5.179431677198707E-7	1
rè	176	5.121235815657148E-7	1
bz	173	5.03394202334481E-7	1
lé	169	4.917550300261693E-7	1
èl	166	4.830256507949355E-7	1
m”	164	4.772060646407797E-7	1
óf	161	4.684766854095459E-7	1
át	161	4.684766854095459E-7	1
ú_	159	4.6265709925539007E-7	1
ës	156	4.539277200241563E-7	1
ép	155	4.5101792694707836E-7	1
cb	155	4.5101792694707836E-7	1
r 	154	4.481081338700004E-7	1
ég	152	4.422885477158446E-7	1
éc	152	4.422885477158446E-7	1
ön	151	4.3937875463876664E-7	1
ó_	148	4.3064937540753287E-7	1
ré	148	4.3064937540753287E-7	1
èn	145	4.219199961762991E-7	1
xj	142	4.1319061694506533E-7	1
_“	141	4.102808238679874E-7	1
zó	139	4.0446123771383156E-7	1
ál	134	3.8991227232844196E-7	1
o´	133	3.87002479251364E-7	1
nú	129	3.753633069430523E-7	1
tq	126	3.6663392771181854E-7	1
cd	123	3.5790454848058477E-7	1
_á	121	3.5208496232642894E-7	1
á_	121	3.5208496232642894E-7	1
éb	121	3.5208496232642894E-7	1
óg	120	3.49175169249351E-7	1
ïl	118	3.4335558309519516E-7	1
hf	115	3.3462620386396134E-7	1
éa	115	3.3462620386396134E-7	1
nó	113	3.288066177098055E-7	1
án	113	3.288066177098055E-7	1
q_	112	3.2589682463272757E-7	1
zy	112	3.2589682463272757E-7	1
fé	111	3.229870315556497E-7	1
hp	110	3.2007723847857174E-7	1
…_	107	3.1134785924733797E-7	1
ös	106	3.0843806617026003E-7	1
”v	104	3.026184800161042E-7	1
ón	103	2.9970868693902626E-7	1
xf	102	2.967988938619483E-7	1
ná	101	2.9388910078487043E-7	1
ém	100	2.909793077077925E-7	1
èc	99	2.8806951463071455E-7	1
d’	98	2.8515972155363666E-7	1
gê	98	2.8515972155363666E-7	1
oq	98	2.8515972155363666E-7	1
ên	98	2.8515972155363666E-7	1
kó	94	2.7352054924532494E-7	1
éi	94	2.7352054924532494E-7	1
éo	94	2.7352054924532494E-7	1
íe	94	2.7352054924532494E-7	1
ög	93	2.70610756168247E-7	1
ça	92	2.677009630911691E-7	1
wj	91	2.647911700140912E-7	1
óm	91	2.647911700140912E-7	1
f”	89	2.5897158385993534E-7	1
yv	88	2.560617907828574E-7	1
ár	88	2.560617907828574E-7	1
wè	86	2.502422046287015E-7	1
áá	86	2.502422046287015E-7	1
”p	85	2.4733241155162363E-7	1
_è	83	2.4151282539746775E-7	1
bw	83	2.4151282539746775E-7	1
cm	83	2.4151282539746775E-7	1
rx	83	2.4151282539746775E-7	1
vs	83	2.4151282539746775E-7	1
bv	82	2.3860303232038986E-7	1
ók	82	2.3860303232038986E-7	1
_­	81	2.3569323924331192E-7	1
e’	80	2.32783446166234E-7	1
gé	80	2.32783446166234E-7	1
ïv	79	2.2987365308915606E-7	1
ék	78	2.2696386001207815E-7	1
b­	77	2.240540669350002E-7	1
xy	77	2.240540669350002E-7	1
bh	76	2.211442738579223E-7	1
rö	75	2.1823448078084438E-7	1
cè	74	2.1532468770376644E-7	1
t’	73	2.1241489462668852E-7	1
hb	72	2.095051015496106E-7	1
o”	72	2.095051015496106E-7	1
íj	72	2.095051015496106E-7	1
rq	69	2.007757223183768E-7	1
hk	67	1.9495613616422098E-7	1
kx	67	1.9495613616422098E-7	1
ní	66	1.9204634308714304E-7	1
zé	66	1.9204634308714304E-7	1
dq	65	1.8913655001006512E-7	1
yw	65	1.8913655001006512E-7	1
év	65	1.8913655001006512E-7	1
ée	64	1.8622675693298718E-7	1
”s	64	1.8622675693298718E-7	1
ëm	63	1.8331696385590927E-7	1
_í	62	1.8040717077883135E-7	1
h”	62	1.8040717077883135E-7	1
mó	62	1.8040717077883135E-7	1
cj	61	1.774973777017534E-7	1
i’	61	1.774973777017534E-7	1
u’	61	1.774973777017534E-7	1
vp	61	1.774973777017534E-7	1
éw	61	1.774973777017534E-7	1
dí	59	1.7167779154759758E-7	1
g’	59	1.7167779154759758E-7	1
lq	58	1.6876799847051964E-7	1
zb	58	1.6876799847051964E-7	1
zj	58	1.6876799847051964E-7	1
vc	57	1.6585820539344173E-7	1
xu	57	1.6585820539344173E-7	1
_•	56	1.6294841231636378E-7	1
pé	56	1.6294841231636378E-7	1
•_	56	1.6294841231636378E-7	1
aç	55	1.6003861923928587E-7	1
s’	55	1.6003861923928587E-7	1
z’	55	1.6003861923928587E-7	1
ró	54	1.5712882616220796E-7	1
w”	54	1.5712882616220796E-7	1
j”	53	1.5421903308513001E-7	1
óe	53	1.5421903308513001E-7	1
í_	52	1.513092400080521E-7	1
l 	51	1.4839944693097416E-7	1
pè	51	1.4839944693097416E-7	1
u”	51	1.4839944693097416E-7	1
ïr	51	1.4839944693097416E-7	1
ún	51	1.4839944693097416E-7	1
yz	50	1.4548965385389624E-7	1
èm	50	1.4548965385389624E-7	1
ès	50	1.4548965385389624E-7	1
_ò	49	1.4257986077681833E-7	1
i”	49	1.4257986077681833E-7	1
cp	48	1.396700676997404E-7	1
cz	48	1.396700676997404E-7	1
vd	48	1.396700676997404E-7	1
òf	48	1.396700676997404E-7	1
sè	47	1.3676027462266247E-7	1
n 	46	1.3385048154558456E-7	1
hc	45	1.3094068846850662E-7	1
ká	45	1.3094068846850662E-7	1
xh	45	1.3094068846850662E-7	1
y’	45	1.3094068846850662E-7	1
y”	45	1.3094068846850662E-7	1
eü	44	1.280308953914287E-7	1
rü	44	1.280308953914287E-7	1
ïc	44	1.280308953914287E-7	1
zh	43	1.2512110231435076E-7	1
tá	42	1.2221130923727285E-7	1
e 	41	1.1930151616019493E-7	1
hj	41	1.1930151616019493E-7	1
ün	41	1.1930151616019493E-7	1
w 	40	1.16391723083117E-7	1
xb	40	1.16391723083117E-7	1
xm	40	1.16391723083117E-7	1
ür	40	1.16391723083117E-7	1
ié	39	1.1348193000603907E-7	1
éz	39	1.1348193000603907E-7	1
cf	38	1.1057213692896115E-7	1
jö	38	1.1057213692896115E-7	1
éj	38	1.1057213692896115E-7	1
öc	38	1.1057213692896115E-7	1
hg	37	1.0766234385188322E-7	1
uy	37	1.0766234385188322E-7	1
xs	37	1.0766234385188322E-7	1
yu	37	1.0766234385188322E-7	1
ís	37	1.0766234385188322E-7	1
vb	35	1.0184275769772738E-7	1
wy	35	1.0184275769772738E-7	1
ëd	35	1.0184275769772738E-7	1
üh	35	1.0184275769772738E-7	1
”b	35	1.0184275769772738E-7	1
fü	34	9.893296462064945E-8	1
ké	34	9.893296462064945E-8	1
vn	34	9.893296462064945E-8	1
´n	34	9.893296462064945E-8	1
cg	33	9.602317154357152E-8	1
lĳ	33	9.602317154357152E-8	1
né	33	9.602317154357152E-8	1
 v	33	9.602317154357152E-8	1
”i	33	9.602317154357152E-8	1
hö	32	9.311337846649359E-8	1
än	32	9.311337846649359E-8	1
’e	32	9.311337846649359E-8	1
cv	31	9.020358538941568E-8	1
hd	31	9.020358538941568E-8	1
zl	31	9.020358538941568E-8	1
ít	31	9.020358538941568E-8	1
öl	31	9.020358538941568E-8	1
_…	30	8.729379231233775E-8	1
iö	30	8.729379231233775E-8	1
zv	30	8.729379231233775E-8	1
zá	30	8.729379231233775E-8	1
_ú	29	8.438399923525982E-8	1
bk	29	8.438399923525982E-8	1
yk	29	8.438399923525982E-8	1
aí	28	8.147420615818189E-8	1
gq	28	8.147420615818189E-8	1
jà	28	8.147420615818189E-8	1
uj	28	8.147420615818189E-8	1
ĳk	28	8.147420615818189E-8	1
cw	27	7.856441308110398E-8	1
dà	27	7.856441308110398E-8	1
hú	27	7.856441308110398E-8	1
wí	27	7.856441308110398E-8	1
yh	27	7.856441308110398E-8	1
zí	27	7.856441308110398E-8	1
ín	27	7.856441308110398E-8	1
ío	27	7.856441308110398E-8	1
lá	26	7.565462000402605E-8	1
pä	26	7.565462000402605E-8	1
”r	26	7.565462000402605E-8	1
bf	25	7.274482692694812E-8	1
nç	25	7.274482692694812E-8	1
n…	25	7.274482692694812E-8	1
vk	25	7.274482692694812E-8	1
vv	25	7.274482692694812E-8	1
àt	25	7.274482692694812E-8	1
öt	25	7.274482692694812E-8	1
_ì	24	6.98350338498702E-8	1
bm	24	6.98350338498702E-8	1
há	24	6.98350338498702E-8	1
r’	24	6.98350338498702E-8	1
vz	24	6.98350338498702E-8	1
zq	24	6.98350338498702E-8	1
·_	24	6.98350338498702E-8	1
ß_	24	6.98350338498702E-8	1
èt	24	6.98350338498702E-8	1
”m	24	6.98350338498702E-8	1
_·	23	6.692524077279228E-8	1
t 	23	6.692524077279228E-8	1
tè	23	6.692524077279228E-8	1
tó	23	6.692524077279228E-8	1
 s	23	6.692524077279228E-8	1
ái	23	6.692524077279228E-8	1
ëz	23	6.692524077279228E-8	1
ía	23	6.692524077279228E-8	1
ło	23	6.692524077279228E-8	1
”c	23	6.692524077279228E-8	1
_‘	22	6.401544769571435E-8	1
dê	22	6.401544769571435E-8	1
fä	22	6.401544769571435E-8	1
rç	22	6.401544769571435E-8	1
sò	22	6.401544769571435E-8	1
xd	22	6.401544769571435E-8	1
àl	22	6.401544769571435E-8	1
ëb	22	6.401544769571435E-8	1
òl	22	6.401544769571435E-8	1
gö	21	6.110565461863642E-8	1
hv	21	6.110565461863642E-8	1
mè	21	6.110565461863642E-8	1
qa	21	6.110565461863642E-8	1
rí	21	6.110565461863642E-8	1
éf	21	6.110565461863642E-8	1
éh	21	6.110565461863642E-8	1
”a	21	6.110565461863642E-8	1
hh	20	5.81958615415585E-8	1
kö	20	5.81958615415585E-8	1
zf	20	5.81958615415585E-8	1
zp	20	5.81958615415585E-8	1
àv	20	5.81958615415585E-8	1
är	20	5.81958615415585E-8	1
ëh	20	5.81958615415585E-8	1
öm	20	5.81958615415585E-8	1
gł	19	5.528606846448057E-8	1
mü	19	5.528606846448057E-8	1
zs	19	5.528606846448057E-8	1
 –	19	5.528606846448057E-8	1
là	18	5.237627538740265E-8	1
mí	18	5.237627538740265E-8	1
p’	18	5.237627538740265E-8	1
t­	18	5.237627538740265E-8	1
tà	18	5.237627538740265E-8	1
vt	18	5.237627538740265E-8	1
xg	18	5.237627538740265E-8	1
xk	18	5.237627538740265E-8	1
 b	18	5.237627538740265E-8	1
 j	18	5.237627538740265E-8	1
ão	18	5.237627538740265E-8	1
öd	18	5.237627538740265E-8	1
cí	17	4.9466482310324724E-8	1
eö	17	4.9466482310324724E-8	1
wá	17	4.9466482310324724E-8	1
zg	17	4.9466482310324724E-8	1
zk	17	4.9466482310324724E-8	1
zè	17	4.9466482310324724E-8	1
 p	17	4.9466482310324724E-8	1
è_	17	4.9466482310324724E-8	1
óc	17	4.9466482310324724E-8	1
añ	16	4.6556689233246796E-8	1
hó	16	4.6556689233246796E-8	1
iú	16	4.6556689233246796E-8	1
nò	16	4.6556689233246796E-8	1
 m	16	4.6556689233246796E-8	1
àn	16	4.6556689233246796E-8	1
ás	16	4.6556689233246796E-8	1
ìg	16	4.6556689233246796E-8	1
hè	15	4.3646896156168874E-8	1
jq	15	4.3646896156168874E-8	1
k’	15	4.3646896156168874E-8	1
lö	15	4.3646896156168874E-8	1
nx	15	4.3646896156168874E-8	1
qv	15	4.3646896156168874E-8	1
vm	15	4.3646896156168874E-8	1
 d	15	4.3646896156168874E-8	1
ço	15	4.3646896156168874E-8	1
”d	15	4.3646896156168874E-8	1
”o	15	4.3646896156168874E-8	1
bé	14	4.0737103079090946E-8	1
d 	14	4.0737103079090946E-8	1
dö	14	4.0737103079090946E-8	1
kú	14	4.0737103079090946E-8	1
l’	14	4.0737103079090946E-8	1
sà	14	4.0737103079090946E-8	1
tê	14	4.0737103079090946E-8	1
tí	14	4.0737103079090946E-8	1
vg	14	4.0737103079090946E-8	1
xw	14	4.0737103079090946E-8	1
 h	14	4.0737103079090946E-8	1
 k	14	4.0737103079090946E-8	1
ær	14	4.0737103079090946E-8	1
òg	14	4.0737103079090946E-8	1
ĳd	14	4.0737103079090946E-8	1
ła	14	4.0737103079090946E-8	1
“w	14	4.0737103079090946E-8	1
_ß	13	3.7827310002013025E-8	1
cn	13	3.7827310002013025E-8	1
eß	13	3.7827310002013025E-8	1
fq	13	3.7827310002013025E-8	1
hí	13	3.7827310002013025E-8	1
iy	13	3.7827310002013025E-8	1
iã	13	3.7827310002013025E-8	1
jæ	13	3.7827310002013025E-8	1
rĳ	13	3.7827310002013025E-8	1
s…	13	3.7827310002013025E-8	1
vá	13	3.7827310002013025E-8	1
xr	13	3.7827310002013025E-8	1
xv	13	3.7827310002013025E-8	1
 c	13	3.7827310002013025E-8	1
 i	13	3.7827310002013025E-8	1
ík	13	3.7827310002013025E-8	1
úi	13	3.7827310002013025E-8	1
úw	13	3.7827310002013025E-8	1
“d	13	3.7827310002013025E-8	1
“e	13	3.7827310002013025E-8	1
“s	13	3.7827310002013025E-8	1
”e	13	3.7827310002013025E-8	1
”g	13	3.7827310002013025E-8	1
aß	12	3.49175169249351E-8	1
d´	12	3.49175169249351E-8	1
ió	12	3.49175169249351E-8	1
já	12	3.49175169249351E-8	1
jø	12	3.49175169249351E-8	1
mj	12	3.49175169249351E-8	1
má	12	3.49175169249351E-8	1
rá	12	3.49175169249351E-8	1
s­	12	3.49175169249351E-8	1
t…	12	3.49175169249351E-8	1
 l	12	3.49175169249351E-8	1
 o	12	3.49175169249351E-8	1
ßo	12	3.49175169249351E-8	1
éu	12	3.49175169249351E-8	1
ør	12	3.49175169249351E-8	1
üp	12	3.49175169249351E-8	1
“_	12	3.49175169249351E-8	1
bü	11	3.2007723847857175E-8	1
cú	11	3.2007723847857175E-8	1
gő	11	3.2007723847857175E-8	1
hä	11	3.2007723847857175E-8	1
lä	11	3.2007723847857175E-8	1
s 	11	3.2007723847857175E-8	1
só	11	3.2007723847857175E-8	1
tú	11	3.2007723847857175E-8	1
tĳ	11	3.2007723847857175E-8	1
´e	11	3.2007723847857175E-8	1
ác	11	3.2007723847857175E-8	1
ña	11	3.2007723847857175E-8	1
ño	11	3.2007723847857175E-8	1
ù_	11	3.2007723847857175E-8	1
ül	11	3.2007723847857175E-8	1
őr	11	3.2007723847857175E-8	1
ał	10	2.909793077077925E-8	1
aň	10	2.909793077077925E-8	1
e­	10	2.909793077077925E-8	1
g 	10	2.909793077077925E-8	1
rê	10	2.909793077077925E-8	1
vä	10	2.909793077077925E-8	1
wq	10	2.909793077077925E-8	1
x”	10	2.909793077077925E-8	1
zt	10	2.909793077077925E-8	1
 a	10	2.909793077077925E-8	1
­l	10	2.909793077077925E-8	1
äh	10	2.909793077077925E-8	1
üc	10	2.909793077077925E-8	1
ňk	10	2.909793077077925E-8	1
”t	10	2.909793077077925E-8	1
_°	9	2.6188137693701326E-8	1
bæ	9	2.6188137693701326E-8	1
dó	9	2.6188137693701326E-8	1
kà	9	2.6188137693701326E-8	1
mq	9	2.6188137693701326E-8	1
mê	9	2.6188137693701326E-8	1
vw	9	2.6188137693701326E-8	1
yy	9	2.6188137693701326E-8	1
zc	9	2.6188137693701326E-8	1
zĳ	9	2.6188137693701326E-8	1
 f	9	2.6188137693701326E-8	1
°_	9	2.6188137693701326E-8	1
áb	9	2.6188137693701326E-8	1
áj	9	2.6188137693701326E-8	1
äl	9	2.6188137693701326E-8	1
æk	9	2.6188137693701326E-8	1
ïf	9	2.6188137693701326E-8	1
óv	9	2.6188137693701326E-8	1
’a	9	2.6188137693701326E-8	1
“h	9	2.6188137693701326E-8	1
“v	9	2.6188137693701326E-8	1
_µ	8	2.3278344616623398E-8	1
g­	8	2.3278344616623398E-8	1
gü	8	2.3278344616623398E-8	1
nè	8	2.3278344616623398E-8	1
nù	8	2.3278344616623398E-8	1
qi	8	2.3278344616623398E-8	1
sí	8	2.3278344616623398E-8	1
sö	8	2.3278344616623398E-8	1
 e	8	2.3278344616623398E-8	1
 n	8	2.3278344616623398E-8	1
 r	8	2.3278344616623398E-8	1
 w	8	2.3278344616623398E-8	1
´_	8	2.3278344616623398E-8	1
µg	8	2.3278344616623398E-8	1
ág	8	2.3278344616623398E-8	1
ám	8	2.3278344616623398E-8	1
íl	8	2.3278344616623398E-8	1
ò_	8	2.3278344616623398E-8	1
ói	8	2.3278344616623398E-8	1
ół	8	2.3278344616623398E-8	1
“b	8	2.3278344616623398E-8	1
“i	8	2.3278344616623398E-8	1
“o	8	2.3278344616623398E-8	1
_μ	7	2.0368551539545473E-8	1
_σ	7	2.0368551539545473E-8	1
_”	7	2.0368551539545473E-8	1
bè	7	2.0368551539545473E-8	1
dü	7	2.0368551539545473E-8	1
d…	7	2.0368551539545473E-8	1
f 	7	2.0368551539545473E-8	1
fö	7	2.0368551539545473E-8	1
gá	7	2.0368551539545473E-8	1
lx	7	2.0368551539545473E-8	1
ló	7	2.0368551539545473E-8	1
n­	7	2.0368551539545473E-8	1
oû	7	2.0368551539545473E-8	1
r…	7	2.0368551539545473E-8	1
sá	7	2.0368551539545473E-8	1
uş	7	2.0368551539545473E-8	1
vf	7	2.0368551539545473E-8	1
xn	7	2.0368551539545473E-8	1
xx	7	2.0368551539545473E-8	1
 t	7	2.0368551539545473E-8	1
­e	7	2.0368551539545473E-8	1
ßl	7	2.0368551539545473E-8	1
áv	7	2.0368551539545473E-8	1
ä_	7	2.0368551539545473E-8	1
äy	7	2.0368551539545473E-8	1
é’	7	2.0368551539545473E-8	1
êl	7	2.0368551539545473E-8	1
ëu	7	2.0368551539545473E-8	1
ök	7	2.0368551539545473E-8	1
öw	7	2.0368551539545473E-8	1
öö	7	2.0368551539545473E-8	1
ût	7	2.0368551539545473E-8	1
üs	7	2.0368551539545473E-8	1
ĳn	7	2.0368551539545473E-8	1
şo	7	2.0368551539545473E-8	1
žd	7	2.0368551539545473E-8	1
ς_	7	2.0368551539545473E-8	1
“a	7	2.0368551539545473E-8	1
“n	7	2.0368551539545473E-8	1
”l	7	2.0368551539545473E-8	1
…”	7	2.0368551539545473E-8	1
_ê	6	1.745875846246755E-8	1
_ö	6	1.745875846246755E-8	1
bá	6	1.745875846246755E-8	1
bâ	6	1.745875846246755E-8	1
fá	6	1.745875846246755E-8	1
f’	6	1.745875846246755E-8	1
gó	6	1.745875846246755E-8	1
gž	6	1.745875846246755E-8	1
lí	6	1.745875846246755E-8	1
m’	6	1.745875846246755E-8	1
ví	6	1.745875846246755E-8	1
ád	6	1.745875846246755E-8	1
âc	6	1.745875846246755E-8	1
é”	6	1.745875846246755E-8	1
êm	6	1.745875846246755E-8	1
óé	6	1.745875846246755E-8	1
öh	6	1.745875846246755E-8	1
úl	6	1.745875846246755E-8	1
ć_	6	1.745875846246755E-8	1
ĳ_	6	1.745875846246755E-8	1
ĳs	6	1.745875846246755E-8	1
η_	6	1.745875846246755E-8	1
– 	6	1.745875846246755E-8	1
”k	6	1.745875846246755E-8	1
”w	6	1.745875846246755E-8	1
_β	5	1.4548965385389625E-8	1
_д	5	1.4548965385389625E-8	1
a­	5	1.4548965385389625E-8	1
bí	5	1.4548965385389625E-8	1
có	5	1.4548965385389625E-8	1
c”	5	1.4548965385389625E-8	1
dè	5	1.4548965385389625E-8	1
eñ	5	1.4548965385389625E-8	1
e…	5	1.4548965385389625E-8	1
jj	5	1.4548965385389625E-8	1
lè	5	1.4548965385389625E-8	1
nà	5	1.4548965385389625E-8	1
n–	5	1.4548965385389625E-8	1
oé	5	1.4548965385389625E-8	1
rä	5	1.4548965385389625E-8	1
sâ	5	1.4548965385389625E-8	1
uí	5	1.4548965385389625E-8	1
w’	5	1.4548965385389625E-8	1
xq	5	1.4548965385389625E-8	1
yj	5	1.4548965385389625E-8	1
zm	5	1.4548965385389625E-8	1
zą	5	1.4548965385389625E-8	1
­d	5	1.4548965385389625E-8	1
­r	5	1.4548965385389625E-8	1
­t	5	1.4548965385389625E-8	1
¸_	5	1.4548965385389625E-8	1
âr	5	1.4548965385389625E-8	1
äf	5	1.4548965385389625E-8	1
èd	5	1.4548965385389625E-8	1
ëq	5	1.4548965385389625E-8	1
ôl	5	1.4548965385389625E-8	1
če	5	1.4548965385389625E-8	1
ţi	5	1.4548965385389625E-8	1
ι_	5	1.4548965385389625E-8	1
и_	5	1.4548965385389625E-8	1
–d	5	1.4548965385389625E-8	1
’t	5	1.4548965385389625E-8	1
“z	5	1.4548965385389625E-8	1
”h	5	1.4548965385389625E-8	1
”z	5	1.4548965385389625E-8	1
_ä	4	1.1639172308311699E-8	1
_å	4	1.1639172308311699E-8	1
_ô	4	1.1639172308311699E-8	1
_κ	4	1.1639172308311699E-8	1
_ο	4	1.1639172308311699E-8	1
aî	4	1.1639172308311699E-8	1
bĳ	4	1.1639172308311699E-8	1
cx	4	1.1639172308311699E-8	1
cò	4	1.1639172308311699E-8	1
d­	4	1.1639172308311699E-8	1
fó	4	1.1639172308311699E-8	1
g…	4	1.1639172308311699E-8	1
hü	4	1.1639172308311699E-8	1
jä	4	1.1639172308311699E-8	1
k 	4	1.1639172308311699E-8	1
l­	4	1.1639172308311699E-8	1
lü	4	1.1639172308311699E-8	1
m 	4	1.1639172308311699E-8	1
m…	4	1.1639172308311699E-8	1
o­	4	1.1639172308311699E-8	1
oí	4	1.1639172308311699E-8	1
pá	4	1.1639172308311699E-8	1
rë	4	1.1639172308311699E-8	1
rô	4	1.1639172308311699E-8	1
sú	4	1.1639172308311699E-8	1
sł	4	1.1639172308311699E-8	1
tä	4	1.1639172308311699E-8	1
uñ	4	1.1639172308311699E-8	1
vy	4	1.1639172308311699E-8	1
vè	4	1.1639172308311699E-8	1
wä	4	1.1639172308311699E-8	1
xl	4	1.1639172308311699E-8	1
yé	4	1.1639172308311699E-8	1
­s	4	1.1639172308311699E-8	1
­v	4	1.1639172308311699E-8	1
áš	4	1.1639172308311699E-8	1
ât	4	1.1639172308311699E-8	1
ät	4	1.1639172308311699E-8	1
äu	4	1.1639172308311699E-8	1
äß	4	1.1639172308311699E-8	1
å_	4	1.1639172308311699E-8	1
ç_	4	1.1639172308311699E-8	1
èv	4	1.1639172308311699E-8	1
íd	4	1.1639172308311699E-8	1
ît	4	1.1639172308311699E-8	1
òr	4	1.1639172308311699E-8	1
óp	4	1.1639172308311699E-8	1
ąd	4	1.1639172308311699E-8	1
či	4	1.1639172308311699E-8	1
ĳe	4	1.1639172308311699E-8	1
ł_	4	1.1639172308311699E-8	1
ły	4	1.1639172308311699E-8	1
śn	4	1.1639172308311699E-8	1
ši	4	1.1639172308311699E-8	1
νε	4	1.1639172308311699E-8	1
а_	4	1.1639172308311699E-8	1
на	4	1.1639172308311699E-8	1
‘n	4	1.1639172308311699E-8	1
‘s	4	1.1639172308311699E-8	1
“j	4	1.1639172308311699E-8	1
“m	4	1.1639172308311699E-8	1
_â	3	8.729379231233774E-9	1
_ç	3	8.729379231233774E-9	1
_č	3	8.729379231233774E-9	1
_τ	3	8.729379231233774E-9	1
_н	3	8.729379231233774E-9	1
aş	3	8.729379231233774E-9	1
b”	3	8.729379231233774E-9	1
că	3	8.729379231233774E-9	1
cł	3	8.729379231233774E-9	1
dú	3	8.729379231233774E-9	1
fê	3	8.729379231233774E-9	1
gţ	3	8.729379231233774E-9	1
i 	3	8.729379231233774E-9	1
ić	3	8.729379231233774E-9	1
kü	3	8.729379231233774E-9	1
l…	3	8.729379231233774E-9	1
mä	3	8.729379231233774E-9	1
nä	3	8.729379231233774E-9	1
n“	3	8.729379231233774E-9	1
o 	3	8.729379231233774E-9	1
oś	3	8.729379231233774E-9	1
př	3	8.729379231233774E-9	1
qs	3	8.729379231233774E-9	1
r­	3	8.729379231233774E-9	1
rã	3	8.729379231233774E-9	1
rú	3	8.729379231233774E-9	1
sä	3	8.729379231233774E-9	1
uq	3	8.729379231233774E-9	1
u 	3	8.729379231233774E-9	1
uš	3	8.729379231233774E-9	1
vh	3	8.729379231233774E-9	1
vò	3	8.729379231233774E-9	1
vü	3	8.729379231233774E-9	1
wà	3	8.729379231233774E-9	1
wĳ	3	8.729379231233774E-9	1
yx	3	8.729379231233774E-9	1
yö	3	8.729379231233774E-9	1
zł	3	8.729379231233774E-9	1
 …	3	8.729379231233774E-9	1
­c	3	8.729379231233774E-9	1
­g	3	8.729379231233774E-9	1
áé	3	8.729379231233774E-9	1
áí	3	8.729379231233774E-9	1
â_	3	8.729379231233774E-9	1
äc	3	8.729379231233774E-9	1
èg	3	8.729379231233774E-9	1
êp	3	8.729379231233774E-9	1
ëg	3	8.729379231233774E-9	1
ëo	3	8.729379231233774E-9	1
íc	3	8.729379231233774E-9	1
ïg	3	8.729379231233774E-9	1
ïõ	3	8.729379231233774E-9	1
ñé	3	8.729379231233774E-9	1
òò	3	8.729379231233774E-9	1
ós	3	8.729379231233774E-9	1
ôù	3	8.729379231233774E-9	1
ùí	3	8.729379231233774E-9	1
úr	3	8.729379231233774E-9	1
ús	3	8.729379231233774E-9	1
ü_	3	8.729379231233774E-9	1
üü	3	8.729379231233774E-9	1
ý_	3	8.729379231233774E-9	1
ău	3	8.729379231233774E-9	1
ąc	3	8.729379231233774E-9	1
ė_	3	8.729379231233774E-9	1
ń_	3	8.729379231233774E-9	1
ře	3	8.729379231233774E-9	1
ść	3	8.729379231233774E-9	1
ία	3	8.729379231233774E-9	1
ασ	3	8.729379231233774E-9	1
δη	3	8.729379231233774E-9	1
δρ	3	8.729379231233774E-9	1
εδ	3	8.729379231233774E-9	1
ει	3	8.729379231233774E-9	1
ις	3	8.729379231233774E-9	1
μg	3	8.729379231233774E-9	1
ρί	3	8.729379231233774E-9	1
ση	3	8.729379231233774E-9	1
στ	3	8.729379231233774E-9	1
συ	3	8.729379231233774E-9	1
τι	3	8.729379231233774E-9	1
υν	3	8.729379231233774E-9	1
до	3	8.729379231233774E-9	1
та	3	8.729379231233774E-9	1
–h	3	8.729379231233774E-9	1
‘i	3	8.729379231233774E-9	1
’b	3	8.729379231233774E-9	1
’c	3	8.729379231233774E-9	1
’h	3	8.729379231233774E-9	1
’i	3	8.729379231233774E-9	1
’o	3	8.729379231233774E-9	1
“l	3	8.729379231233774E-9	1
“t	3	8.729379231233774E-9	1
”f	3	8.729379231233774E-9	1
…’	3	8.729379231233774E-9	1
	_	2	5.8195861541558495E-9	1
_ł	2	5.8195861541558495E-9	1
_ś	2	5.8195861541558495E-9	1
_ş	2	5.8195861541558495E-9	1
_δ	2	5.8195861541558495E-9	1
_ε	2	5.8195861541558495E-9	1
_λ	2	5.8195861541558495E-9	1
_χ	2	5.8195861541558495E-9	1
_в	2	5.8195861541558495E-9	1
_г	2	5.8195861541558495E-9	1
_з	2	5.8195861541558495E-9	1
_о	2	5.8195861541558495E-9	1
_т	2	5.8195861541558495E-9	1
a 	2	5.8195861541558495E-9	1
aâ	2	5.8195861541558495E-9	1
aü	2	5.8195861541558495E-9	1
ań	2	5.8195861541558495E-9	1
aţ	2	5.8195861541558495E-9	1
aź	2	5.8195861541558495E-9	1
a…	2	5.8195861541558495E-9	1
bq	2	5.8195861541558495E-9	1
bê	2	5.8195861541558495E-9	1
bó	2	5.8195861541558495E-9	1
cà	2	5.8195861541558495E-9	1
cë	2	5.8195861541558495E-9	1
e´	2	5.8195861541558495E-9	1
eá	2	5.8195861541558495E-9	1
eś	2	5.8195861541558495E-9	1
e–	2	5.8195861541558495E-9	1
fí	2	5.8195861541558495E-9	1
g´	2	5.8195861541558495E-9	1
gä	2	5.8195861541558495E-9	1
gå	2	5.8195861541558495E-9	1
hâ	2	5.8195861541558495E-9	1
iś	2	5.8195861541558495E-9	1
j­	2	5.8195861541558495E-9	1
jé	2	5.8195861541558495E-9	1
jó	2	5.8195861541558495E-9	1
k­	2	5.8195861541558495E-9	1
kõ	2	5.8195861541558495E-9	1
ký	2	5.8195861541558495E-9	1
k…	2	5.8195861541558495E-9	1
mò	2	5.8195861541558495E-9	1
mă	2	5.8195861541558495E-9	1
mǎ	2	5.8195861541558495E-9	1
n¸	2	5.8195861541558495E-9	1
nö	2	5.8195861541558495E-9	1
nč	2	5.8195861541558495E-9	1
oß	2	5.8195861541558495E-9	1
oè	2	5.8195861541558495E-9	1
où	2	5.8195861541558495E-9	1
oń	2	5.8195861541558495E-9	1
ož	2	5.8195861541558495E-9	1
o‘	2	5.8195861541558495E-9	1
p 	2	5.8195861541558495E-9	1
pê	2	5.8195861541558495E-9	1
pô	2	5.8195861541558495E-9	1
pú	2	5.8195861541558495E-9	1
qr	2	5.8195861541558495E-9	1
rà	2	5.8195861541558495E-9	1
t´	2	5.8195861541558495E-9	1
tė	2	5.8195861541558495E-9	1
t–	2	5.8195861541558495E-9	1
uë	2	5.8195861541558495E-9	1
u…	2	5.8195861541558495E-9	1
vă	2	5.8195861541558495E-9	1
v’	2	5.8195861541558495E-9	1
zd	2	5.8195861541558495E-9	1
zr	2	5.8195861541558495E-9	1
z´	2	5.8195861541558495E-9	1
zò	2	5.8195861541558495E-9	1
zö	2	5.8195861541558495E-9	1
zú	2	5.8195861541558495E-9	1
zī	2	5.8195861541558495E-9	1
 g	2	5.8195861541558495E-9	1
­b	2	5.8195861541558495E-9	1
­m	2	5.8195861541558495E-9	1
°°	2	5.8195861541558495E-9	1
áf	2	5.8195861541558495E-9	1
áh	2	5.8195861541558495E-9	1
äk	2	5.8195861541558495E-9	1
ää	2	5.8195861541558495E-9	1
äå	2	5.8195861541558495E-9	1
èb	2	5.8195861541558495E-9	1
éq	2	5.8195861541558495E-9	1
éá	2	5.8195861541558495E-9	1
êc	2	5.8195861541558495E-9	1
êá	2	5.8195861541558495E-9	1
êï	2	5.8195861541558495E-9	1
ëü	2	5.8195861541558495E-9	1
ìk	2	5.8195861541558495E-9	1
ìl	2	5.8195861541558495E-9	1
ìs	2	5.8195861541558495E-9	1
ìt	2	5.8195861541558495E-9	1
ìá	2	5.8195861541558495E-9	1
íg	2	5.8195861541558495E-9	1
ï_	2	5.8195861541558495E-9	1
ïk	2	5.8195861541558495E-9	1
ïý	2	5.8195861541558495E-9	1
ñe	2	5.8195861541558495E-9	1
ñi	2	5.8195861541558495E-9	1
òc	2	5.8195861541558495E-9	1
ód	2	5.8195861541558495E-9	1
óu	2	5.8195861541558495E-9	1
ôt	2	5.8195861541558495E-9	1
ôï	2	5.8195861541558495E-9	1
õi	2	5.8195861541558495E-9	1
õì	2	5.8195861541558495E-9	1
öf	2	5.8195861541558495E-9	1
öç	2	5.8195861541558495E-9	1
úb	2	5.8195861541558495E-9	1
üi	2	5.8195861541558495E-9	1
üt	2	5.8195861541558495E-9	1
ýc	2	5.8195861541558495E-9	1
ăl	2	5.8195861541558495E-9	1
ăn	2	5.8195861541558495E-9	1
īl	2	5.8195861541558495E-9	1
ĳb	2	5.8195861541558495E-9	1
ĳf	2	5.8195861541558495E-9	1
ĳg	2	5.8195861541558495E-9	1
ńc	2	5.8195861541558495E-9	1
ńs	2	5.8195861541558495E-9	1
śl	2	5.8195861541558495E-9	1
şe	2	5.8195861541558495E-9	1
şi	2	5.8195861541558495E-9	1
šu	2	5.8195861541558495E-9	1
źd	2	5.8195861541558495E-9	1
ża	2	5.8195861541558495E-9	1
ǎn	2	5.8195861541558495E-9	1
άτ	2	5.8195861541558495E-9	1
αι	2	5.8195861541558495E-9	1
βa	2	5.8195861541558495E-9	1
βo	2	5.8195861541558495E-9	1
ημ	2	5.8195861541558495E-9	1
ηρ	2	5.8195861541558495E-9	1
ης	2	5.8195861541558495E-9	1
λή	2	5.8195861541558495E-9	1
λο	2	5.8195861541558495E-9	1
μά	2	5.8195861541558495E-9	1
οc	2	5.8195861541558495E-9	1
οί	2	5.8195861541558495E-9	1
οι	2	5.8195861541558495E-9	1
ρη	2	5.8195861541558495E-9	1
ρο	2	5.8195861541558495E-9	1
τη	2	5.8195861541558495E-9	1
το	2	5.8195861541558495E-9	1
τω	2	5.8195861541558495E-9	1
χρ	2	5.8195861541558495E-9	1
ων	2	5.8195861541558495E-9	1
ан	2	5.8195861541558495E-9	1
в_	2	5.8195861541558495E-9	1
де	2	5.8195861541558495E-9	1
ем	2	5.8195861541558495E-9	1
ен	2	5.8195861541558495E-9	1
е”	2	5.8195861541558495E-9	1
зе	2	5.8195861541558495E-9	1
й_	2	5.8195861541558495E-9	1
ло	2	5.8195861541558495E-9	1
об	2	5.8195861541558495E-9	1
ой	2	5.8195861541558495E-9	1
ос	2	5.8195861541558495E-9	1
па	2	5.8195861541558495E-9	1
ра	2	5.8195861541558495E-9	1
ст	2	5.8195861541558495E-9	1
тв	2	5.8195861541558495E-9	1
‘d	2	5.8195861541558495E-9	1
‘w	2	5.8195861541558495E-9	1
’é	2	5.8195861541558495E-9	1
“g	2	5.8195861541558495E-9	1
“k	2	5.8195861541558495E-9	1
“p	2	5.8195861541558495E-9	1
“r	2	5.8195861541558495E-9	1
”n	2	5.8195861541558495E-9	1
”’	2	5.8195861541558495E-9	1
_ã	1	2.9097930770779247E-9	1
_æ	1	2.9097930770779247E-9	1
_ï	1	2.9097930770779247E-9	1
_ø	1	2.9097930770779247E-9	1
_ù	1	2.9097930770779247E-9	1
_ý	1	2.9097930770779247E-9	1
_α	1	2.9097930770779247E-9	1
_η	1	2.9097930770779247E-9	1
_и	1	2.9097930770779247E-9	1
_п	1	2.9097930770779247E-9	1
_с	1	2.9097930770779247E-9	1
_ч	1	2.9097930770779247E-9	1
_ш	1	2.9097930770779247E-9	1
a¸	1	2.9097930770779247E-9	1
aä	1	2.9097930770779247E-9	1
aó	1	2.9097930770779247E-9	1
aú	1	2.9097930770779247E-9	1
ać	1	2.9097930770779247E-9	1
aś	1	2.9097930770779247E-9	1
aš	1	2.9097930770779247E-9	1
aż	1	2.9097930770779247E-9	1
a‘	1	2.9097930770779247E-9	1
bä	1	2.9097930770779247E-9	1
bë	1	2.9097930770779247E-9	1
bì	1	2.9097930770779247E-9	1
bă	1	2.9097930770779247E-9	1
bł	1	2.9097930770779247E-9	1
b’	1	2.9097930770779247E-9	1
c 	1	2.9097930770779247E-9	1
cá	1	2.9097930770779247E-9	1
cï	1	2.9097930770779247E-9	1
cü	1	2.9097930770779247E-9	1
dx	1	2.9097930770779247E-9	1
dì	1	2.9097930770779247E-9	1
dē	1	2.9097930770779247E-9	1
dę	1	2.9097930770779247E-9	1
dł	1	2.9097930770779247E-9	1
dœ	1	2.9097930770779247E-9	1
dź	1	2.9097930770779247E-9	1
e¸	1	2.9097930770779247E-9	1
eè	1	2.9097930770779247E-9	1
eí	1	2.9097930770779247E-9	1
eč	1	2.9097930770779247E-9	1
eł	1	2.9097930770779247E-9	1
eń	1	2.9097930770779247E-9	1
eş	1	2.9097930770779247E-9	1
e“	1	2.9097930770779247E-9	1
fx	1	2.9097930770779247E-9	1
f­	1	2.9097930770779247E-9	1
fà	1	2.9097930770779247E-9	1
få	1	2.9097930770779247E-9	1
fæ	1	2.9097930770779247E-9	1
g“	1	2.9097930770779247E-9	1
hà	1	2.9097930770779247E-9	1
hã	1	2.9097930770779247E-9	1
hô	1	2.9097930770779247E-9	1
hù	1	2.9097930770779247E-9	1
h’	1	2.9097930770779247E-9	1
ià	1	2.9097930770779247E-9	1
iá	1	2.9097930770779247E-9	1
iï	1	2.9097930770779247E-9	1
iò	1	2.9097930770779247E-9	1
ič	1	2.9097930770779247E-9	1
iė	1	2.9097930770779247E-9	1
iń	1	2.9097930770779247E-9	1
iš	1	2.9097930770779247E-9	1
iū	1	2.9097930770779247E-9	1
jú	1	2.9097930770779247E-9	1
jü	1	2.9097930770779247E-9	1
ją	1	2.9097930770779247E-9	1
j’	1	2.9097930770779247E-9	1
j…	1	2.9097930770779247E-9	1
kä	1	2.9097930770779247E-9	1
kż	1	2.9097930770779247E-9	1
k“	1	2.9097930770779247E-9	1
l·	1	2.9097930770779247E-9	1
lç	1	2.9097930770779247E-9	1
lò	1	2.9097930770779247E-9	1
lø	1	2.9097930770779247E-9	1
lú	1	2.9097930770779247E-9	1
lů	1	2.9097930770779247E-9	1
m¸	1	2.9097930770779247E-9	1
mà	1	2.9097930770779247E-9	1
må	1	2.9097930770779247E-9	1
mì	1	2.9097930770779247E-9	1
mö	1	2.9097930770779247E-9	1
mе	1	2.9097930770779247E-9	1
m“	1	2.9097930770779247E-9	1
n		1	2.9097930770779247E-9	1
n´	1	2.9097930770779247E-9	1
n·	1	2.9097930770779247E-9	1
ný	1	2.9097930770779247E-9	1
nė	1	2.9097930770779247E-9	1
oñ	1	2.9097930770779247E-9	1
oõ	1	2.9097930770779247E-9	1
oč	1	2.9097930770779247E-9	1
oğ	1	2.9097930770779247E-9	1
oļ	1	2.9097930770779247E-9	1
oň	1	2.9097930770779247E-9	1
oš	1	2.9097930770779247E-9	1
pq	1	2.9097930770779247E-9	1
px	1	2.9097930770779247E-9	1
p­	1	2.9097930770779247E-9	1
pâ	1	2.9097930770779247E-9	1
på	1	2.9097930770779247E-9	1
pū	1	2.9097930770779247E-9	1
qc	1	2.9097930770779247E-9	1
qp	1	2.9097930770779247E-9	1
r´	1	2.9097930770779247E-9	1
rï	1	2.9097930770779247E-9	1
rø	1	2.9097930770779247E-9	1
rč	1	2.9097930770779247E-9	1
rů	1	2.9097930770779247E-9	1
r“	1	2.9097930770779247E-9	1
s´	1	2.9097930770779247E-9	1
sã	1	2.9097930770779247E-9	1
sì	1	2.9097930770779247E-9	1
sø	1	2.9097930770779247E-9	1
s“	1	2.9097930770779247E-9	1
t		1	2.9097930770779247E-9	1
të	1	2.9097930770779247E-9	1
tõ	1	2.9097930770779247E-9	1
tö	1	2.9097930770779247E-9	1
tù	1	2.9097930770779247E-9	1
tě	1	2.9097930770779247E-9	1
uß	1	2.9097930770779247E-9	1
uá	1	2.9097930770779247E-9	1
uă	1	2.9097930770779247E-9	1
uč	1	2.9097930770779247E-9	1
uż	1	2.9097930770779247E-9	1
vq	1	2.9097930770779247E-9	1
vý	1	2.9097930770779247E-9	1
vό	1	2.9097930770779247E-9	1
v”	1	2.9097930770779247E-9	1
wx	1	2.9097930770779247E-9	1
w­	1	2.9097930770779247E-9	1
w´	1	2.9097930770779247E-9	1
wë	1	2.9097930770779247E-9	1
wì	1	2.9097930770779247E-9	1
wó	1	2.9097930770779247E-9	1
xz	1	2.9097930770779247E-9	1
y´	1	2.9097930770779247E-9	1
yá	1	2.9097930770779247E-9	1
yè	1	2.9097930770779247E-9	1
yń	1	2.9097930770779247E-9	1
zì	1	2.9097930770779247E-9	1
zü	1	2.9097930770779247E-9	1
z”	1	2.9097930770779247E-9	1
 q	1	2.9097930770779247E-9	1
 z	1	2.9097930770779247E-9	1
 ó	1	2.9097930770779247E-9	1
 ž	1	2.9097930770779247E-9	1
 “	1	2.9097930770779247E-9	1
­i	1	2.9097930770779247E-9	1
­n	1	2.9097930770779247E-9	1
­o	1	2.9097930770779247E-9	1
­p	1	2.9097930770779247E-9	1
­q	1	2.9097930770779247E-9	1
´i	1	2.9097930770779247E-9	1
·h	1	2.9097930770779247E-9	1
ße	1	2.9097930770779247E-9	1
ßá	1	2.9097930770779247E-9	1
ßù	1	2.9097930770779247E-9	1
ß”	1	2.9097930770779247E-9	1
àc	1	2.9097930770779247E-9	1
àg	1	2.9097930770779247E-9	1
ài	1	2.9097930770779247E-9	1
àr	1	2.9097930770779247E-9	1
às	1	2.9097930770779247E-9	1
àà	1	2.9097930770779247E-9	1
áa	1	2.9097930770779247E-9	1
ák	1	2.9097930770779247E-9	1
áz	1	2.9097930770779247E-9	1
áê	1	2.9097930770779247E-9	1
áë	1	2.9097930770779247E-9	1
áñ	1	2.9097930770779247E-9	1
áô	1	2.9097930770779247E-9	1
âm	1	2.9097930770779247E-9	1
ân	1	2.9097930770779247E-9	1
ãå	1	2.9097930770779247E-9	1
äg	1	2.9097930770779247E-9	1
äi	1	2.9097930770779247E-9	1
äp	1	2.9097930770779247E-9	1
äs	1	2.9097930770779247E-9	1
äç	1	2.9097930770779247E-9	1
äý	1	2.9097930770779247E-9	1
äβ	1	2.9097930770779247E-9	1
ål	1	2.9097930770779247E-9	1
ån	1	2.9097930770779247E-9	1
åt	1	2.9097930770779247E-9	1
åé	1	2.9097930770779247E-9	1
åë	1	2.9097930770779247E-9	1
åí	1	2.9097930770779247E-9	1
åñ	1	2.9097930770779247E-9	1
åõ	1	2.9097930770779247E-9	1
åü	1	2.9097930770779247E-9	1
æ_	1	2.9097930770779247E-9	1
æç	1	2.9097930770779247E-9	1
èw	1	2.9097930770779247E-9	1
èá	1	2.9097930770779247E-9	1
éx	1	2.9097930770779247E-9	1
é´	1	2.9097930770779247E-9	1
éâ	1	2.9097930770779247E-9	1
éí	1	2.9097930770779247E-9	1
éó	1	2.9097930770779247E-9	1
ëc	1	2.9097930770779247E-9	1
ëá	1	2.9097930770779247E-9	1
ëï	1	2.9097930770779247E-9	1
ì_	1	2.9097930770779247E-9	1
ìe	1	2.9097930770779247E-9	1
ìj	1	2.9097930770779247E-9	1
ìn	1	2.9097930770779247E-9	1
ìð	1	2.9097930770779247E-9	1
ìý	1	2.9097930770779247E-9	1
ím	1	2.9097930770779247E-9	1
ír	1	2.9097930770779247E-9	1
ív	1	2.9097930770779247E-9	1
íá	1	2.9097930770779247E-9	1
íé	1	2.9097930770779247E-9	1
íï	1	2.9097930770779247E-9	1
íô	1	2.9097930770779247E-9	1
íý	1	2.9097930770779247E-9	1
ïa	1	2.9097930770779247E-9	1
ïo	1	2.9097930770779247E-9	1
ïë	1	2.9097930770779247E-9	1
ïí	1	2.9097930770779247E-9	1
ïó	1	2.9097930770779247E-9	1
ðå	1	2.9097930770779247E-9	1
ñê	1	2.9097930770779247E-9	1
òe	1	2.9097930770779247E-9	1
òn	1	2.9097930770779247E-9	1
ót	1	2.9097930770779247E-9	1
ów	1	2.9097930770779247E-9	1
ó 	1	2.9097930770779247E-9	1
óß	1	2.9097930770779247E-9	1
óç	1	2.9097930770779247E-9	1
óè	1	2.9097930770779247E-9	1
óô	1	2.9097930770779247E-9	1
óż	1	2.9097930770779247E-9	1
ôß	1	2.9097930770779247E-9	1
ôü	1	2.9097930770779247E-9	1
ôþ	1	2.9097930770779247E-9	1
õe	1	2.9097930770779247E-9	1
õr	1	2.9097930770779247E-9	1
õä	1	2.9097930770779247E-9	1
õë	1	2.9097930770779247E-9	1
õ÷	1	2.9097930770779247E-9	1
öb	1	2.9097930770779247E-9	1
öv	1	2.9097930770779247E-9	1
öõ	1	2.9097930770779247E-9	1
÷á	1	2.9097930770779247E-9	1
ø_	1	2.9097930770779247E-9	1
øk	1	2.9097930770779247E-9	1
øm	1	2.9097930770779247E-9	1
øn	1	2.9097930770779247E-9	1
ùn	1	2.9097930770779247E-9	1
ùr	1	2.9097930770779247E-9	1
ùó	1	2.9097930770779247E-9	1
ùù	1	2.9097930770779247E-9	1
úc	1	2.9097930770779247E-9	1
úd	1	2.9097930770779247E-9	1
úp	1	2.9097930770779247E-9	1
út	1	2.9097930770779247E-9	1
úú	1	2.9097930770779247E-9	1
üe	1	2.9097930770779247E-9	1
üg	1	2.9097930770779247E-9	1
üu	1	2.9097930770779247E-9	1
üæ	1	2.9097930770779247E-9	1
üë	1	2.9097930770779247E-9	1
üí	1	2.9097930770779247E-9	1
üñ	1	2.9097930770779247E-9	1
ýz	1	2.9097930770779247E-9	1
ýí	1	2.9097930770779247E-9	1
ýñ	1	2.9097930770779247E-9	1
ýó	1	2.9097930770779247E-9	1
ýô	1	2.9097930770779247E-9	1
þ_	1	2.9097930770779247E-9	1
ă_	1	2.9097930770779247E-9	1
ăs	1	2.9097930770779247E-9	1
ć”	1	2.9097930770779247E-9	1
čm	1	2.9097930770779247E-9	1
čn	1	2.9097930770779247E-9	1
ēs	1	2.9097930770779247E-9	1
ėl	1	2.9097930770779247E-9	1
ę_	1	2.9097930770779247E-9	1
ęs	1	2.9097930770779247E-9	1
ě_	1	2.9097930770779247E-9	1
ğa	1	2.9097930770779247E-9	1
ĳl	1	2.9097930770779247E-9	1
ĳz	1	2.9097930770779247E-9	1
ļs	1	2.9097930770779247E-9	1
łb	1	2.9097930770779247E-9	1
łg	1	2.9097930770779247E-9	1
łk	1	2.9097930770779247E-9	1
łu	1	2.9097930770779247E-9	1
łó	1	2.9097930770779247E-9	1
łą	1	2.9097930770779247E-9	1
łę	1	2.9097930770779247E-9	1
ň_	1	2.9097930770779247E-9	1
œu	1	2.9097930770779247E-9	1
śr	1	2.9097930770779247E-9	1
ş_	1	2.9097930770779247E-9	1
şc	1	2.9097930770779247E-9	1
še	1	2.9097930770779247E-9	1
šn	1	2.9097930770779247E-9	1
št	1	2.9097930770779247E-9	1
šč	1	2.9097930770779247E-9	1
ūc	1	2.9097930770779247E-9	1
ūt	1	2.9097930770779247E-9	1
ů_	1	2.9097930770779247E-9	1
ůž	1	2.9097930770779247E-9	1
ź_	1	2.9097930770779247E-9	1
że	1	2.9097930770779247E-9	1
żn	1	2.9097930770779247E-9	1
žk	1	2.9097930770779247E-9	1
žu	1	2.9097930770779247E-9	1
ží	1	2.9097930770779247E-9	1
έλ	1	2.9097930770779247E-9	1
έφ	1	2.9097930770779247E-9	1
ήγ	1	2.9097930770779247E-9	1
ήξ	1	2.9097930770779247E-9	1
ί_	1	2.9097930770779247E-9	1
ίζ	1	2.9097930770779247E-9	1
ίν	1	2.9097930770779247E-9	1
ί”	1	2.9097930770779247E-9	1
αλ	1	2.9097930770779247E-9	1
αρ	1	2.9097930770779247E-9	1
ας	1	2.9097930770779247E-9	1
β_	1	2.9097930770779247E-9	1
βl	1	2.9097930770779247E-9	1
γε	1	2.9097930770779247E-9	1
ε_	1	2.9097930770779247E-9	1
εί	1	2.9097930770779247E-9	1
εν	1	2.9097930770779247E-9	1
ετ	1	2.9097930770779247E-9	1
ευ	1	2.9097930770779247E-9	1
ζε	1	2.9097930770779247E-9	1
ηe	1	2.9097930770779247E-9	1
ιδ	1	2.9097930770779247E-9	1
ιε	1	2.9097930770779247E-9	1
ιν	1	2.9097930770779247E-9	1
ιρ	1	2.9097930770779247E-9	1
κέ	1	2.9097930770779247E-9	1
κα	1	2.9097930770779247E-9	1
κη	1	2.9097930770779247E-9	1
κο	1	2.9097930770779247E-9	1
κύ	1	2.9097930770779247E-9	1
λλ	1	2.9097930770779247E-9	1
μ_	1	2.9097930770779247E-9	1
μέ	1	2.9097930770779247E-9	1
μα	1	2.9097930770779247E-9	1
με	1	2.9097930770779247E-9	1
μμ	1	2.9097930770779247E-9	1
ν_	1	2.9097930770779247E-9	1
να	1	2.9097930770779247E-9	1
νό	1	2.9097930770779247E-9	1
ν’	1	2.9097930770779247E-9	1
ν”	1	2.9097930770779247E-9	1
ξη	1	2.9097930770779247E-9	1
ο_	1	2.9097930770779247E-9	1
οκ	1	2.9097930770779247E-9	1
ον	1	2.9097930770779247E-9	1
ος	1	2.9097930770779247E-9	1
ου	1	2.9097930770779247E-9	1
ρι	1	2.9097930770779247E-9	1
ρχ	1	2.9097930770779247E-9	1
ρύ	1	2.9097930770779247E-9	1
ρώ	1	2.9097930770779247E-9	1
σε	1	2.9097930770779247E-9	1
σι	1	2.9097930770779247E-9	1
σσ	1	2.9097930770779247E-9	1
υ_	1	2.9097930770779247E-9	1
υρ	1	2.9097930770779247E-9	1
φα	1	2.9097930770779247E-9	1
χί	1	2.9097930770779247E-9	1
ό_	1	2.9097930770779247E-9	1
όr	1	2.9097930770779247E-9	1
όό	1	2.9097930770779247E-9	1
ύρ	1	2.9097930770779247E-9	1
ύσ	1	2.9097930770779247E-9	1
ώ_	1	2.9097930770779247E-9	1
ае	1	2.9097930770779247E-9	1
аз	1	2.9097930770779247E-9	1
ам	1	2.9097930770779247E-9	1
ар	1	2.9097930770779247E-9	1
ас	1	2.9097930770779247E-9	1
ат	1	2.9097930770779247E-9	1
аш	1	2.9097930770779247E-9	1
ая	1	2.9097930770779247E-9	1
ає	1	2.9097930770779247E-9	1
бр	1	2.9097930770779247E-9	1
бъ	1	2.9097930770779247E-9	1
ве	1	2.9097930770779247E-9	1
вь	1	2.9097930770779247E-9	1
ві	1	2.9097930770779247E-9	1
га	1	2.9097930770779247E-9	1
го	1	2.9097930770779247E-9	1
да	1	2.9097930770779247E-9	1
е_	1	2.9097930770779247E-9	1
еd	1	2.9097930770779247E-9	1
ет	1	2.9097930770779247E-9	1
еч	1	2.9097930770779247E-9	1
еш	1	2.9097930770779247E-9	1
жо	1	2.9097930770779247E-9	1
зл	1	2.9097930770779247E-9	1
ки	1	2.9097930770779247E-9	1
ко	1	2.9097930770779247E-9	1
кр	1	2.9097930770779247E-9	1
ла	1	2.9097930770779247E-9	1
ле	1	2.9097930770779247E-9	1
ли	1	2.9097930770779247E-9	1
ме	1	2.9097930770779247E-9	1
мл	1	2.9097930770779247E-9	1
мо	1	2.9097930770779247E-9	1
н_	1	2.9097930770779247E-9	1
нк	1	2.9097930770779247E-9	1
но	1	2.9097930770779247E-9	1
нт	1	2.9097930770779247E-9	1
ов	1	2.9097930770779247E-9	1
ок	1	2.9097930770779247E-9	1
оп	1	2.9097930770779247E-9	1
ор	1	2.9097930770779247E-9	1
от	1	2.9097930770779247E-9	1
ош	1	2.9097930770779247E-9	1
р_	1	2.9097930770779247E-9	1
рд	1	2.9097930770779247E-9	1
ре	1	2.9097930770779247E-9	1
рл	1	2.9097930770779247E-9	1
сл	1	2.9097930770779247E-9	1
сн	1	2.9097930770779247E-9	1
ти	1	2.9097930770779247E-9	1
тк	1	2.9097930770779247E-9	1
тр	1	2.9097930770779247E-9	1
ты	1	2.9097930770779247E-9	1
ті	1	2.9097930770779247E-9	1
уж	1	2.9097930770779247E-9	1
ут	1	2.9097930770779247E-9	1
ча	1	2.9097930770779247E-9	1
чу	1	2.9097930770779247E-9	1
ши	1	2.9097930770779247E-9	1
шл	1	2.9097930770779247E-9	1
шу	1	2.9097930770779247E-9	1
шь	1	2.9097930770779247E-9	1
ър	1	2.9097930770779247E-9	1
ы_	1	2.9097930770779247E-9	1
ь_	1	2.9097930770779247E-9	1
ье	1	2.9097930770779247E-9	1
ю_	1	2.9097930770779247E-9	1
я_	1	2.9097930770779247E-9	1
є_	1	2.9097930770779247E-9	1
іт	1	2.9097930770779247E-9	1
ію	1	2.9097930770779247E-9	1
–a	1	2.9097930770779247E-9	1
–b	1	2.9097930770779247E-9	1
–i	1	2.9097930770779247E-9	1
–n	1	2.9097930770779247E-9	1
–t	1	2.9097930770779247E-9	1
‘b	1	2.9097930770779247E-9	1
‘c	1	2.9097930770779247E-9	1
‘e	1	2.9097930770779247E-9	1
‘j	1	2.9097930770779247E-9	1
‘l	1	2.9097930770779247E-9	1
‘m	1	2.9097930770779247E-9	1
‘o	1	2.9097930770779247E-9	1
‘p	1	2.9097930770779247E-9	1
‘v	1	2.9097930770779247E-9	1
‘…	1	2.9097930770779247E-9	1
’j	1	2.9097930770779247E-9	1
’r	1	2.9097930770779247E-9	1
’u	1	2.9097930770779247E-9	1
’w	1	2.9097930770779247E-9	1
’”	1	2.9097930770779247E-9	1
“q	1	2.9097930770779247E-9	1
“u	1	2.9097930770779247E-9	1
“ó	1	2.9097930770779247E-9	1
”u	1	2.9097930770779247E-9	1
””	1	2.9097930770779247E-9	1
…a	1	2.9097930770779247E-9	1
…e	1	2.9097930770779247E-9	1
…g	1	2.9097930770779247E-9	1
…v	1	2.9097930770779247E-9	1
……	1	2.9097930770779247E-9	1
