Dutch	3	4917128	1837
	1)	e	0	0	0.0
		1)	en	0	0	0.0
			1)	en_	1	185159	0.026603583
			2)	ens	85	11057	0.0015886661
			3)	end	90	10559	0.0015171136
			4)	ent	101	9837	0.0014133769
			5)	ene	269	3688	5.298906E-4
			6)	eni	292	3429	4.9267756E-4
			7)	enk	346	2947	4.2342398E-4
			8)	eno	397	2624	3.7701544E-4
			9)	enw	578	1779	2.5560614E-4
			10)	eng	592	1739	2.4985895E-4
			11)	enh	615	1660	2.3850825E-4
			12)	enl	616	1654	2.3764616E-4
			13)	ena	763	1235	1.774444E-4
			14)	enr	973	829	1.19110446E-4
			15)	enn	1054	701	1.00719444E-4
			16)	enb	1096	654	9.3966504E-5
			17)	env	1313	443	6.365009E-5
			18)	enz	1321	435	6.250066E-5
			19)	enm	1435	369	5.3017797E-5
			20)	enu	1726	236	3.39084E-5
		2)	et	0	0	0.0
			1)	et_	5	57303	0.008233276
			2)	ete	125	8230	0.0011824836
			3)	etr	294	3405	4.892293E-4
			4)	ett	657	1541	2.2141037E-4
			5)	ets	875	1018	1.462659E-4
			6)	etg	913	948	1.3620833E-4
			7)	eta	949	872	1.2528867E-4
			8)	eti	1275	476	6.839152E-5
			9)	etw	1533	321	4.6121175E-5
			10)	eto	1616	277	3.9799266E-5
			11)	eth	1719	238	3.419576E-5
		3)	er	0	0	0.0
			1)	er_	9	35967	0.0051677264
			2)	ere	58	14924	0.0021442755
			3)	ers	63	13800	0.0019827795
			4)	erd	119	8584	0.0012333463
			5)	erk	123	8347	0.0011992942
			6)	eri	142	7372	0.0010592066
			7)	erv	283	3510	5.0431566E-4
			8)	erg	301	3340	4.798901E-4
			9)	ern	326	3098	4.451196E-4
			10)	ert	328	3065	4.4037818E-4
			11)	erh	353	2881	4.1394113E-4
			12)	era	362	2823	4.0560772E-4
			13)	erm	371	2728	3.9195814E-4
			14)	erw	402	2593	3.725614E-4
			15)	erb	409	2571	3.6940043E-4
			16)	erl	444	2374	3.4109553E-4
			17)	erz	456	2290	3.2902643E-4
			18)	ero	515	2039	2.9296285E-4
			19)	erp	572	1807	2.5962916E-4
			20)	err	933	911	1.3089218E-4
			21)	eru	960	839	1.2054724E-4
			22)	erc	1703	245	3.520152E-5
		4)	ee	0	0	0.0
			1)	een	16	29109	0.0041823713
			2)	eer	55	15252	0.0021914023
			3)	eel	150	7010	0.0010071945
			4)	eef	206	5099	7.3262263E-4
			5)	ee_	486	2187	3.1422742E-4
			6)	eed	523	1989	2.8577886E-4
			7)	eem	575	1799	2.5847973E-4
			8)	ees	808	1141	1.639385E-4
			9)	eet	1013	761	1.09340224E-4
			10)	eek	1018	757	1.0876551E-4
			11)	eeg	1683	251	3.6063597E-5
		5)	el	0	0	0.0
			1)	eli	51	15637	0.0022467189
			2)	ele	73	12608	0.0018115132
			3)	el_	80	12016	0.0017264549
			4)	eld	184	5955	8.556124E-4
			5)	ell	238	4443	6.383688E-4
			6)	ela	243	4313	6.196904E-4
			7)	els	490	2171	3.1192857E-4
			8)	elf	522	1992	2.862099E-4
			9)	elk	620	1637	2.3520361E-4
			10)	elo	836	1077	1.54743E-4
			11)	elt	892	985	1.4152448E-4
			12)	elu	1534	321	4.6121175E-5
			13)	elg	1545	316	4.5402776E-5
			14)	eln	1656	264	3.7931433E-5
			15)	elp	1717	239	3.4339442E-5
			16)	elv	1746	231	3.3190005E-5
			17)	elm	1760	226	3.2471606E-5
		6)	ei	0	0	0.0
			1)	eid	83	11570	0.0016623738
			2)	eit	288	3464	4.9770635E-4
			3)	ein	500	2111	3.0330778E-4
			4)	eig	709	1379	1.9813426E-4
			5)	eil	732	1320	1.8965716E-4
			6)	eis	1120	625	8.979979E-5
			7)	eik	1140	606	8.706988E-5
			8)	ei_	1176	571	8.204109E-5
			9)	eie	1825	204	2.9310651E-5
		7)	ed	0	0	0.0
			1)	ede	103	9770	0.0014037504
			2)	edi	382	2686	3.859236E-4
			3)	ed_	386	2674	3.8419943E-4
			4)	edr	701	1392	2.000021E-4
			5)	eds	768	1223	1.7572024E-4
			6)	eda	885	995	1.4296127E-4
			7)	edu	996	782	1.123575E-4
			8)	edo	1311	444	6.379377E-5
			9)	edt	1608	282	4.0517665E-5
			10)	edk	1666	259	3.7213034E-5
		8)	eg	0	0	0.0
			1)	ege	108	9526	0.0013686925
			2)	egi	339	2978	4.2787805E-4
			3)	ega	581	1772	2.5460037E-4
			4)	egg	586	1760	2.5287623E-4
			5)	egd	601	1715	2.4641064E-4
			6)	egr	628	1610	2.3132426E-4
			7)	eg_	813	1129	1.6221435E-4
			8)	egt	1546	316	4.5402776E-5
		9)	es	0	0	0.0
			1)	est	128	8098	0.0011635179
			2)	es_	190	5699	8.1883045E-4
			3)	esc	388	2655	3.8146952E-4
			4)	esl	561	1848	2.6552004E-4
			5)	esp	699	1398	2.0086417E-4
			6)	eso	1002	773	1.11064386E-4
			7)	ess	1178	569	8.175373E-5
			8)	ese	1257	489	7.025936E-5
			9)	esu	1352	415	5.9627062E-5
			10)	esi	1679	253	3.6350957E-5
		10)	ez	0	0	0.0
			1)	eze	133	7883	0.0011326268
			2)	ezi	545	1897	2.7256034E-4
			3)	ezo	965	836	1.201162E-4
			4)	eza	1642	270	3.879351E-5
		11)	ec	0	0	0.0
			1)	ech	136	7717	0.001108776
			2)	ect	412	2548	3.660958E-4
			3)	eco	539	1931	2.7744545E-4
			4)	eci	1067	683	9.813321E-5
			5)	ece	1434	370	5.316148E-5
		12)	ev	0	0	0.0
			1)	eve	137	7694	0.0011054714
			2)	evo	306	3296	4.735682E-4
			3)	eva	449	2338	3.3592308E-4
			4)	evr	597	1728	2.4827846E-4
			5)	evi	713	1356	1.9482963E-4
		13)	em	0	0	0.0
			1)	eme	149	7094	0.0010192635
			2)	ema	501	2107	3.0273307E-4
			3)	em_	603	1710	2.4569224E-4
			4)	emm	754	1264	1.816111E-4
			5)	emo	812	1131	1.625017E-4
			6)	emi	868	1030	1.4799005E-4
			7)	emd	945	877	1.2600707E-4
			8)	emt	1305	447	6.422481E-5
			9)	emb	1612	279	4.0086627E-5
		14)	ek	0	0	0.0
			1)	eke	165	6430	9.2386024E-4
			2)	ek_	450	2330	3.3477362E-4
			3)	ekk	683	1461	2.0991599E-4
			4)	eko	698	1418	2.0373777E-4
			5)	ekt	941	889	1.2773123E-4
			6)	eks	974	828	1.1896677E-4
			7)	ekr	1740	233	3.347736E-5
		15)	ef	0	0	0.0
			1)	eft	181	6039	8.676815E-4
			2)	eff	666	1516	2.1781838E-4
			3)	ef_	729	1325	1.9037556E-4
			4)	efe	1425	376	5.4023556E-5
			5)	efi	1454	359	5.1581002E-5
		16)	eb	0	0	0.0
			1)	ebb	241	4341	6.237134E-4
			2)	ebr	520	2013	2.8922717E-4
			3)	ebi	630	1599	2.2974379E-4
			4)	eb_	771	1208	1.7356504E-4
			5)	eba	775	1193	1.7140985E-4
			6)	ebe	937	903	1.2974274E-4
			7)	ebo	1334	425	6.106386E-5
		17)	eu	0	0	0.0
			1)	eur	327	3086	4.4339546E-4
			2)	euw	457	2288	3.287391E-4
			3)	eun	623	1634	2.3477258E-4
			4)	eu_	1318	438	6.293169E-5
			5)	euz	1541	317	4.5546454E-5
			6)	eug	1572	298	4.281654E-5
			7)	eus	1734	235	3.376472E-5
		18)	ep	0	0	0.0
			1)	epa	558	1856	2.6666946E-4
			2)	epe	685	1460	2.0977232E-4
			3)	ept	1274	477	6.85352E-5
			4)	epr	1297	453	6.508689E-5
			5)	ep_	1319	437	6.2788014E-5
			6)	epl	1462	356	5.114996E-5
		19)	ew	0	0	0.0
			1)	ewe	640	1583	2.274449E-4
			2)	ewo	1144	601	8.635148E-5
			3)	ewi	1249	494	7.097775E-5
			4)	ewa	1610	280	4.023031E-5
			5)	ewu	1815	208	2.988537E-5
		20)	eh	0	0	0.0
			1)	eho	735	1309	1.8807668E-4
			2)	ehe	864	1033	1.484211E-4
			3)	eha	901	972	1.3965664E-4
		21)	ea	0	0	0.0
			1)	eau	1048	709	1.01868885E-4
			2)	eac	1129	615	8.8363E-5
			3)	eal	1688	249	3.5776236E-5
			4)	ean	1831	202	2.9023293E-5
		22)	ex	0	0	0.0
			1)	ext	1337	422	6.063282E-5
			2)	exp	1822	205	2.9454332E-5
		23)	eë	0	0	0.0
			1)	eën	1450	362	5.201204E-5
		24)	eï	0	0	0.0
			1)	eïn	1655	264	3.7931433E-5
		25)	eo	0	0	0.0
			1)	eoo	1691	248	3.5632558E-5
	2)	d	0	0	0.0
		1)	de	0	0	0.0
			1)	de_	2	93148	0.013383473
			2)	den	26	24395	0.0035050656
			3)	der	41	18070	0.0025962917
			4)	del	135	7826	0.0011244371
			5)	dez	193	5655	8.125085E-4
			6)	dee	451	2330	3.3477362E-4
			7)	dem	460	2261	3.2485972E-4
			8)	deb	820	1118	1.6063386E-4
			9)	ded	1147	597	8.577676E-5
			10)	des	1166	580	8.3334206E-5
			11)	def	1458	357	5.1293642E-5
			12)	deg	1472	349	5.0144205E-5
			13)	dec	1799	212	3.0460089E-5
		2)	da	0	0	0.0
			1)	dat	32	21692	0.0031166994
			2)	daa	173	6202	8.911013E-4
			3)	dan	256	4060	5.833394E-4
			4)	dag	989	790	1.1350694E-4
			5)	dac	997	782	1.123575E-4
			6)	dam	1276	476	6.839152E-5
			7)	da_	1560	306	4.3965978E-5
		3)	di	0	0	0.0
			1)	die	67	13208	0.0018977211
			2)	dit	151	6984	0.0010034587
			3)	dig	180	6043	8.6825626E-4
			4)	din	299	3354	4.819016E-4
			5)	dis	928	918	1.3189793E-4
			6)	dia	1161	585	8.4052605E-5
			7)	dic	1563	304	4.3678618E-5
			8)	div	1596	287	4.1236064E-5
			9)	did	1756	228	3.2758966E-5
			10)	dir	1766	224	3.2184245E-5
		4)	dt	0	0	0.0
			1)	dt_	216	4913	7.058982E-4
		5)	do	0	0	0.0
			1)	doo	246	4235	6.084834E-4
			2)	doe	262	3887	5.584829E-4
			3)	doc	1562	304	4.3678618E-5
		6)	ds	0	0	0.0
			1)	dst	421	2491	3.5790604E-4
			2)	ds_	591	1740	2.5000263E-4
			3)	dse	912	950	1.3649568E-4
			4)	dsl	1684	251	3.6063597E-5
			5)	dsc	1771	222	3.1896885E-5
		7)	dr	0	0	0.0
			1)	dra	567	1836	2.6379587E-4
			2)	dri	692	1438	2.0661137E-4
			3)	dru	900	973	1.3980032E-4
			4)	dre	1053	702	1.0086313E-4
		8)	dd	0	0	0.0
			1)	dde	570	1820	2.6149699E-4
		9)	du	0	0	0.0
			1)	dui	642	1574	2.261518E-4
			2)	dus	679	1466	2.1063439E-4
			3)	duc	859	1046	1.5028894E-4
			4)	dur	915	944	1.356336E-4
			5)	duu	1400	388	5.574771E-5
		10)	dh	0	0	0.0
			1)	dhe	889	992	1.4253023E-4
		11)	dz	0	0	0.0
			1)	dza	1003	770	1.10633344E-4
		12)	dp	0	0	0.0
			1)	dpu	1072	680	9.770218E-5
		13)	dg	0	0	0.0
			1)	dge	1290	464	6.6667366E-5
		14)	db	0	0	0.0
			1)	dbo	1315	441	6.3362735E-5
			2)	dba	1643	270	3.879351E-5
		15)	dv	0	0	0.0
			1)	dve	1449	363	5.215572E-5
			2)	dvi	1708	243	3.491416E-5
		16)	dw	0	0	0.0
			1)	dwe	1500	339	4.8707407E-5
			2)	dwi	1678	254	3.6494635E-5
	3)	_	0	0	0.0
		1)	_d	0	0	0.0
			1)	_de	3	90548	0.013009907
			2)	_da	19	28404	0.0040810774
			3)	_di	38	19492	0.002800604
			4)	_do	145	7264	0.0010436891
			5)	_du	349	2943	4.2284926E-4
			6)	_dr	695	1427	2.0503088E-4
		2)	_h	0	0	0.0
			1)	_he	6	50439	0.0072470587
			2)	_ho	218	4873	7.00151E-4
			3)	_ha	244	4293	6.168168E-4
			4)	_hi	293	3406	4.8937293E-4
			5)	_hu	358	2866	4.1178594E-4
		3)	_v	0	0	0.0
			1)	_va	7	44035	0.0063269343
			2)	_vo	23	25318	0.003637682
			3)	_ve	31	22017	0.0031633952
			4)	_vr	231	4553	6.5417355E-4
			5)	_vi	381	2692	3.8678566E-4
			6)	_vl	1081	671	9.640906E-5
		4)	_i	0	0	0.0
			1)	_in	13	31002	0.004454357
			2)	_is	62	14051	0.002018843
			3)	_ik	99	10167	0.0014607912
			4)	_ie	746	1282	1.8419733E-4
			5)	_im	918	943	1.3548993E-4
			6)	_id	1341	420	6.034546E-5
		5)	_b	0	0	0.0
			1)	_be	15	29229	0.004199613
			2)	_bi	158	6666	9.5776864E-4
			3)	_bu	462	2252	3.235666E-4
			4)	_bl	629	1603	2.303185E-4
			5)	_bo	717	1351	1.9411123E-4
			6)	_br	731	1321	1.8980083E-4
			7)	_ba	761	1245	1.788812E-4
		6)	_g	0	0	0.0
			1)	_ge	18	28838	0.004143434
			2)	_gr	235	4495	6.4584013E-4
			3)	_ga	365	2792	4.0115364E-4
			4)	_go	437	2407	3.4583695E-4
			5)	_gi	1639	271	3.893719E-5
		7)	_e	0	0	0.0
			1)	_en	20	27997	0.0040225997
			2)	_ee	28	23733	0.0034099496
			3)	_er	130	8084	0.0011615064
			4)	_ec	307	3286	4.721314E-4
			5)	_ei	528	1979	2.8434207E-4
			6)	_el	748	1274	1.830479E-4
			7)	_ev	785	1180	1.69542E-4
			8)	_ex	1083	666	9.569066E-5
			9)	_eu	1226	520	7.4713425E-5
			10)	_ef	1342	420	6.034546E-5
			11)	_et	1459	357	5.1293642E-5
		8)	_t	0	0	0.0
			1)	_te	33	21663	0.0031125327
			2)	_to	105	9692	0.0013925433
			3)	_tw	580	1773	2.5474405E-4
			4)	_ti	651	1553	2.2313453E-4
			5)	_tr	693	1438	2.0661137E-4
			6)	_tu	741	1299	1.8663988E-4
			7)	_ta	927	919	1.3204162E-4
			8)	_th	1471	351	5.0431565E-5
		9)	_m	0	0	0.0
			1)	_me	39	19240	0.0027643968
			2)	_mo	74	12477	0.0017926912
			3)	_ma	93	10524	0.0015120849
			4)	_mi	95	10383	0.001491826
			5)	_mu	1794	214	3.0747447E-5
		10)	_o	0	0	0.0
			1)	_op	46	16571	0.0023809157
			2)	_on	50	15753	0.0022633858
			3)	_om	117	8597	0.0012352141
			4)	_ov	124	8279	0.001189524
			5)	_oo	148	7129	0.0010242923
			6)	_of	355	2876	4.1322273E-4
			7)	_or	886	995	1.4296127E-4
			8)	_ou	1647	268	3.850615E-5
			9)	_og	1705	245	3.520152E-5
		11)	_w	0	0	0.0
			1)	_we	52	15579	0.0022383856
			2)	_wi	64	13716	0.0019707102
			3)	_wa	86	10856	0.0015597865
			4)	_wo	92	10539	0.00151424
		12)	_z	0	0	0.0
			1)	_zi	59	14885	0.002138672
			2)	_zo	104	9738	0.0013991526
			3)	_ze	183	5963	8.567619E-4
			4)	_za	280	3535	5.0790765E-4
			5)	_zu	550	1886	2.7097986E-4
			6)	_zw	1405	387	5.5604032E-5
		13)	_a	0	0	0.0
			1)	_aa	66	13416	0.0019276064
			2)	_al	70	12830	0.0018434102
			3)	_af	298	3357	4.8233263E-4
			4)	_an	308	3285	4.719877E-4
			5)	_ac	560	1855	2.6652578E-4
			6)	_am	602	1715	2.4641064E-4
			7)	_ar	694	1428	2.0517457E-4
			8)	_ad	1116	629	9.037451E-5
			9)	_au	1148	596	8.563308E-5
			10)	_as	1224	523	7.514447E-5
			11)	_ag	1507	332	4.770165E-5
			12)	_ab	1673	256	3.6781996E-5
			13)	_ak	1773	222	3.1896885E-5
		14)	_s	0	0	0.0
			1)	_st	81	11699	0.0016809085
			2)	_so	383	2677	3.8463046E-4
			3)	_sp	458	2282	3.27877E-4
			4)	_sc	470	2226	3.1983093E-4
			5)	_sa	600	1716	2.4655432E-4
			6)	_sl	686	1459	2.0962863E-4
			7)	_si	847	1066	1.5316253E-4
			8)	_se	940	891	1.2801858E-4
			9)	_su	1123	622	8.9368754E-5
			10)	_sy	1167	579	8.319053E-5
			11)	_sn	1194	553	7.9454854E-5
		15)	_n	0	0	0.0
			1)	_ni	84	11226	0.0016129479
			2)	_na	141	7440	0.0010689767
			3)	_no	198	5400	7.758702E-4
			4)	_nu	503	2102	3.0201467E-4
			5)	_ne	524	1989	2.8577886E-4
		16)	_r	0	0	0.0
			1)	_re	110	9424	0.0013540372
			2)	_ri	516	2027	2.9123868E-4
			3)	_ra	622	1635	2.3491625E-4
			4)	_ro	890	992	1.4253023E-4
			5)	_ru	1133	612	8.7931956E-5
		17)	_c	0	0	0.0
			1)	_co	120	8546	0.0012278864
			2)	_cr	1097	653	9.3822826E-5
			3)	_cu	1376	401	5.7615547E-5
			4)	_ch	1393	395	5.675347E-5
			5)	_ca	1501	337	4.8420046E-5
			6)	_ce	1592	288	4.1379746E-5
		18)	_u	0	0	0.0
			1)	_ui	138	7610	0.0010934023
			2)	_u_	367	2787	4.0043524E-4
			3)	_uw	1058	697	1.0014473E-4
			4)	_un	1587	290	4.1667103E-5
			5)	_uu	1727	236	3.39084E-5
		19)	_p	0	0	0.0
			1)	_pr	166	6381	9.1681996E-4
			2)	_pl	403	2589	3.7198665E-4
			3)	_po	459	2270	3.2615283E-4
			4)	_pa	475	2218	3.186815E-4
			5)	_pe	654	1551	2.2284717E-4
			6)	_pu	774	1194	1.7155352E-4
		20)	_l	0	0	0.0
			1)	_la	200	5338	7.6696207E-4
			2)	_li	248	4183	6.01012E-4
			3)	_le	336	2995	4.303206E-4
			4)	_lo	907	962	1.3821984E-4
			5)	_lu	1503	336	4.8276368E-5
		21)	_k	0	0	0.0
			1)	_ka	223	4675	6.7170244E-4
			2)	_ku	278	3546	5.094881E-4
			3)	_ko	315	3234	4.6466006E-4
			4)	_kr	661	1531	2.1997358E-4
			5)	_kw	670	1506	2.1638158E-4
			6)	_ke	755	1262	1.8132375E-4
			7)	_kl	923	927	1.3319105E-4
			8)	_ki	930	914	1.3132322E-4
		22)	_j	0	0	0.0
			1)	_ja	529	1972	2.833363E-4
			2)	_ju	822	1114	1.6005915E-4
			3)	_jo	1603	284	4.0805025E-5
			4)	_je	1653	266	3.821879E-5
		23)	_f	0	0	0.0
			1)	_fi	807	1142	1.6408219E-4
			2)	_fe	893	984	1.4138079E-4
			3)	_fr	1005	769	1.10489666E-4
			4)	_fu	1061	692	9.942633E-5
			5)	_fo	1200	548	7.8736455E-5
			6)	_fa	1280	474	6.8104164E-5
		24)	_é	0	0	0.0
			1)	_éé	1419	378	5.4310913E-5
	4)	a	0	0	0.0
		1)	an	0	0	0.0
			1)	an_	4	58148	0.008354685
			2)	and	54	15266	0.002193414
			3)	ang	139	7588	0.0010902414
			4)	ant	210	5001	7.18542E-4
			5)	ank	534	1955	2.8089376E-4
			6)	ani	618	1641	2.3577834E-4
			7)	ans	728	1327	1.9066292E-4
			8)	anc	736	1309	1.8807668E-4
			9)	ann	738	1308	1.8793301E-4
			10)	anv	995	783	1.1250118E-4
			11)	ane	1101	651	9.353546E-5
			12)	anz	1250	494	7.097775E-5
			13)	ana	1277	475	6.824784E-5
			14)	anw	1380	399	5.7328187E-5
			15)	anp	1397	389	5.5891393E-5
			16)	anb	1463	356	5.114996E-5
			17)	anu	1479	347	4.9856844E-5
			18)	anm	1716	240	3.448312E-5
		2)	at	0	0	0.0
			1)	at_	17	29049	0.0041737505
			2)	ati	121	8533	0.0012260186
			3)	ate	201	5312	7.632264E-4
			4)	ats	370	2736	3.9310756E-4
			5)	atr	806	1143	1.6422586E-4
			6)	atu	916	943	1.3548993E-4
			7)	att	1057	698	1.0028841E-4
			8)	atl	1836	201	2.8879613E-5
		3)	aa	0	0	0.0
			1)	aar	27	24368	0.0035011861
			2)	aan	40	18319	0.0026320678
			3)	aat	132	8036	0.0011546098
			4)	aal	260	3968	5.7012093E-4
			5)	aag	316	3213	4.6164278E-4
			6)	aak	378	2704	3.8850983E-4
			7)	aam	970	834	1.19828845E-4
			8)	aad	977	816	1.17242605E-4
			9)	aas	1233	513	7.370767E-5
		4)	ar	0	0	0.0
			1)	ar_	69	12915	0.0018556229
			2)	ard	247	4205	6.04173E-4
			3)	ari	291	3431	4.9296493E-4
			4)	art	373	2722	3.9109605E-4
			5)	aro	447	2344	3.3678513E-4
			6)	are	488	2185	3.1394008E-4
			7)	arm	778	1187	1.7054776E-4
			8)	ara	794	1168	1.6781785E-4
			9)	arb	814	1128	1.6207066E-4
			10)	ark	833	1088	1.5632348E-4
			11)	arv	914	948	1.3620833E-4
			12)	arl	1016	758	1.0890919E-4
			13)	ars	1336	423	6.07765E-5
			14)	arn	1685	251	3.6063597E-5
			15)	arg	1704	245	3.520152E-5
			16)	arh	1715	240	3.448312E-5
		5)	al	0	0	0.0
			1)	al_	106	9624	0.0013827732
			2)	als	146	7220	0.0010373672
			3)	all	213	4953	7.116454E-4
			4)	ale	230	4553	6.5417355E-4
			5)	ali	414	2540	3.6494635E-4
			6)	ald	851	1058	1.5201309E-4
			7)	alt	917	943	1.3548993E-4
			8)	alg	1172	576	8.275949E-5
			9)	alv	1557	309	4.4397017E-5
			10)	alo	1692	248	3.5632558E-5
		6)	am	0	0	0.0
			1)	ame	176	6140	8.8219316E-4
			2)	amm	795	1165	1.6738681E-4
			3)	am_	1286	469	6.7385765E-5
			4)	amp	1296	454	6.523057E-5
			5)	amb	1386	397	5.7040827E-5
			6)	amh	1657	264	3.7931433E-5
		7)	ag	0	0	0.0
			1)	ag_	194	5554	7.979969E-4
			2)	age	286	3479	4.9986155E-4
			3)	ags	1227	519	7.456975E-5
			4)	agd	1468	353	5.071892E-5
			5)	agi	1520	327	4.6983252E-5
			6)	agt	1693	248	3.5632558E-5
			7)	agr	1772	222	3.1896885E-5
		8)	ac	0	0	0.0
			1)	ach	232	4533	6.5129995E-4
			2)	act	479	2209	3.173884E-4
			3)	aci	1432	371	5.3305157E-5
			4)	acc	1820	206	2.9598012E-5
		9)	ak	0	0	0.0
			1)	ake	253	4085	5.869314E-4
			2)	ak_	508	2090	3.002905E-4
			3)	akt	605	1703	2.4468647E-4
			4)	akk	939	894	1.2844962E-4
		10)	ad	0	0	0.0
			1)	ade	407	2576	3.7011883E-4
			2)	ad_	819	1120	1.6092123E-4
			3)	add	1358	411	5.9052345E-5
			4)	adr	1381	399	5.7328187E-5
			5)	adi	1392	395	5.675347E-5
			6)	adv	1696	247	3.5488876E-5
		11)	ap	0	0	0.0
			1)	app	422	2488	3.5747502E-4
			2)	ap_	779	1187	1.7054776E-4
			3)	ape	1627	273	3.922455E-5
			4)	api	1644	270	3.879351E-5
		12)	as	0	0	0.0
			1)	ast	425	2477	3.5589453E-4
			2)	as_	428	2467	3.5445773E-4
			3)	ass	818	1122	1.6120859E-4
			4)	asi	1098	652	9.367914E-5
			5)	ase	1485	346	4.9713166E-5
			6)	asp	1550	312	4.4828055E-5
		13)	ai	0	0	0.0
			1)	air	697	1420	2.0402513E-4
		14)	af	0	0	0.0
			1)	afg	734	1310	1.8822037E-4
			2)	af_	975	824	1.1839205E-4
			3)	afv	1373	405	5.8190264E-5
			4)	afs	1453	360	5.172468E-5
			5)	afh	1527	324	4.6552213E-5
		15)	au	0	0	0.0
			1)	aut	799	1161	1.668121E-4
			2)	au_	1217	533	7.6581266E-5
			3)	auw	1522	326	4.683957E-5
		16)	av	0	0	0.0
			1)	ave	1262	483	6.9397276E-5
			2)	avi	1807	210	3.017273E-5
		17)	ab	0	0	0.0
			1)	abi	1370	406	5.8333946E-5
			2)	abs	1720	238	3.419576E-5
	5)	v	0	0	0.0
		1)	va	0	0	0.0
			1)	van	8	43659	0.0062729106
			2)	vaa	474	2220	3.1896887E-4
			3)	val	505	2093	3.0072156E-4
			4)	vas	894	983	1.4123712E-4
			5)	vat	1019	756	1.08621825E-4
			6)	var	1505	334	4.7989008E-5
		2)	ve	0	0	0.0
			1)	ver	12	32115	0.0046142726
			2)	ven	140	7515	0.0010797527
			3)	vee	527	1981	2.846294E-4
			4)	ve_	783	1183	1.6997305E-4
			5)	ves	935	908	1.3046114E-4
			6)	vei	1037	724	1.0402408E-4
			7)	vel	1041	713	1.02443606E-4
			8)	vea	1260	486	6.982832E-5
		3)	vo	0	0	0.0
			1)	voo	34	21568	0.003098883
			2)	vol	217	4906	7.0489245E-4
			3)	voe	281	3534	5.0776394E-4
			4)	vor	389	2654	3.8132584E-4
			5)	von	1445	363	5.215572E-5
			6)	vou	1750	229	3.2902644E-5
		4)	vi	0	0	0.0
			1)	vin	369	2759	3.9641222E-4
			2)	vis	1029	743	1.0675399E-4
			3)	vie	1201	546	7.84491E-5
			4)	vit	1348	418	6.00581E-5
			5)	vij	1414	381	5.4741955E-5
			6)	via	1729	235	3.376472E-5
		5)	vr	0	0	0.0
			1)	vra	417	2521	3.6221644E-4
			2)	vro	499	2119	3.044572E-4
			3)	vri	792	1171	1.682489E-4
			4)	vre	1014	760	1.09196546E-4
		6)	vu	0	0	0.0
			1)	vul	1371	405	5.8190264E-5
			2)	vui	1728	235	3.376472E-5
		7)	vl	0	0	0.0
			1)	vla	1460	356	5.114996E-5
			2)	vlo	1574	296	4.252918E-5
			3)	vlu	1632	271	3.893719E-5
	6)	i	0	0	0.0
		1)	in	0	0	0.0
			1)	ing	10	34738	0.0049911444
			2)	in_	30	22268	0.0031994588
			3)	ind	196	5482	7.876519E-4
			4)	ins	325	3112	4.4713114E-4
			5)	int	416	2525	3.6279115E-4
			6)	ini	537	1939	2.7859487E-4
			7)	inn	546	1895	2.7227297E-4
			8)	ina	599	1717	2.4669798E-4
			9)	inz	858	1049	1.5071998E-4
			10)	ine	898	976	1.4023135E-4
			11)	inf	1036	733	1.05317195E-4
			12)	inv	1075	678	9.741481E-5
			13)	inc	1214	534	7.6724944E-5
			14)	ink	1484	346	4.9713166E-5
			15)	inh	1540	317	4.5546454E-5
			16)	inb	1826	203	2.9166973E-5
		2)	ie	0	0	0.0
			1)	ie_	35	20928	0.0030069281
			2)	iet	97	10262	0.0014744408
			3)	ien	179	6096	8.758713E-4
			4)	ier	240	4383	6.29748E-4
			5)	ieu	277	3559	5.1135593E-4
			6)	ies	311	3259	4.6825205E-4
			7)	ied	321	3158	4.537404E-4
			8)	iek	408	2575	3.6997514E-4
			9)	iev	634	1596	2.2931275E-4
			10)	ief	724	1334	1.9166867E-4
			11)	iem	1154	590	8.4771E-5
			12)	iep	1191	555	7.974222E-5
			13)	iee	1259	488	7.0115675E-5
			14)	iez	1284	472	6.78168E-5
			15)	iel	1330	428	6.1494895E-5
			16)	ieb	1556	309	4.4397017E-5
			17)	ieë	1687	250	3.591992E-5
			18)	ieg	1795	213	3.060377E-5
		3)	ij	0	0	0.0
			1)	ijk	43	17866	0.002566981
			2)	ijn	48	16064	0.0023080702
			3)	ij_	49	15909	0.0022858
			4)	ijd	233	4506	6.474206E-4
			5)	ijz	472	2222	3.192562E-4
			6)	ijv	624	1633	2.346289E-4
			7)	ijf	669	1510	2.169563E-4
			8)	ijg	849	1061	1.5244413E-4
			9)	ijs	861	1040	1.4942685E-4
			10)	ije	1024	750	1.0775975E-4
			11)	ijl	1264	482	6.92536E-5
			12)	ijh	1328	429	6.163858E-5
			13)	ijt	1347	419	6.0201783E-5
			14)	ijp	1424	376	5.4023556E-5
		4)	is	0	0	0.0
			1)	is_	47	16542	0.0023767492
			2)	isc	219	4773	6.8578304E-4
			3)	iss	300	3345	4.806085E-4
			4)	ist	348	2943	4.2284926E-4
			5)	ise	643	1573	2.2600812E-4
			6)	ism	925	922	1.3247265E-4
			7)	isi	1066	683	9.813321E-5
			8)	isa	1159	585	8.4052605E-5
			9)	isb	1785	217	3.117849E-5
			10)	isd	1797	212	3.0460089E-5
		5)	it	0	0	0.0
			1)	it_	76	12426	0.0017853635
			2)	ite	167	6256	8.9886E-4
			3)	iti	255	4071	5.8491994E-4
			4)	itg	682	1461	2.0991599E-4
			5)	itt	688	1455	2.0905392E-4
			6)	its	766	1224	1.7586391E-4
			7)	itu	841	1070	1.5373724E-4
			8)	itv	962	838	1.20403565E-4
			9)	ita	1021	754	1.0833447E-4
			10)	itb	1158	586	8.419628E-5
			11)	itd	1504	335	4.813269E-5
			12)	itz	1530	321	4.6121175E-5
			13)	ito	1739	233	3.347736E-5
			14)	itw	1765	224	3.2184245E-5
		6)	ik	0	0	0.0
			1)	ik_	87	10809	0.0015530335
			2)	ikk	487	2185	3.1394008E-4
			3)	ike	710	1370	1.9684114E-4
			4)	ikt	1030	741	1.06466636E-4
			5)	ikb	1814	208	2.988537E-5
		7)	id	0	0	0.0
			1)	id_	129	8093	0.0011627995
			2)	ids	272	3626	5.209825E-4
			3)	ide	296	3394	4.876488E-4
			4)	idi	547	1894	2.7212928E-4
			5)	idd	649	1557	2.2370924E-4
			6)	ida	1361	410	5.8908663E-5
			7)	idt	1830	202	2.9023293E-5
		8)	ic	0	0	0.0
			1)	ich	152	6963	0.0010004415
			2)	ici	1046	711	1.0215624E-4
			3)	ica	1212	536	7.70123E-5
			4)	ice	1366	407	5.8477624E-5
			5)	ict	1457	357	5.1293642E-5
			6)	ico	1470	351	5.0431565E-5
		9)	ig	0	0	0.0
			1)	ige	154	6919	9.941197E-4
			2)	ig_	245	4246	6.1006384E-4
			3)	igh	617	1652	2.373588E-4
			4)	igd	675	1481	2.1278959E-4
			5)	igi	862	1040	1.4942685E-4
			6)	igt	1221	525	7.5431824E-5
			7)	igr	1645	268	3.850615E-5
			8)	igg	1658	263	3.778775E-5
		10)	il	0	0	0.0
			1)	ili	330	3041	4.3692987E-4
			2)	ill	333	3018	4.3362525E-4
			3)	il_	361	2833	4.0704448E-4
			4)	ilj	1206	542	7.787438E-5
			5)	ild	1682	251	3.6063597E-5
			6)	ila	1837	200	2.8735934E-5
		11)	io	0	0	0.0
			1)	ion	380	2692	3.8678566E-4
			2)	ios	1389	396	5.6897148E-5
			3)	iod	1524	325	4.669589E-5
			4)	io_	1551	311	4.4684377E-5
			5)	ior	1597	286	4.1092386E-5
			6)	ioe	1732	235	3.376472E-5
		12)	ia	0	0	0.0
			1)	ial	598	1722	2.4741638E-4
			2)	iat	1102	650	9.339178E-5
			3)	ia_	1193	553	7.9454854E-5
			4)	iaa	1294	458	6.580529E-5
		13)	ir	0	0	0.0
			1)	ire	714	1355	1.9468596E-4
			2)	ir_	1531	321	4.6121175E-5
		14)	ië	0	0	0.0
			1)	iël	872	1020	1.4655326E-4
			2)	iën	1577	295	4.23855E-5
		15)	iv	0	0	0.0
			1)	ive	942	886	1.2730018E-4
			2)	ivi	1125	619	8.893771E-5
		16)	im	0	0	0.0
			1)	imm	993	785	1.1278854E-4
			2)	imi	1273	477	6.85352E-5
			3)	ime	1346	419	6.0201783E-5
			4)	ima	1528	323	4.640853E-5
			5)	imu	1532	321	4.6121175E-5
			6)	imt	1733	235	3.376472E-5
			7)	imp	1805	210	3.017273E-5
		17)	if	0	0	0.0
			1)	ifi	1095	655	9.411018E-5
			2)	ift	1770	222	3.1896885E-5
		18)	ip	0	0	0.0
			1)	ipe	1349	418	6.00581E-5
			2)	ip_	1618	276	3.9655588E-5
		19)	ib	0	0	0.0
			1)	ibe	1413	382	5.4885633E-5
	7)	h	0	0	0.0
		1)	he	0	0	0.0
			1)	het	11	34199	0.0049137007
			2)	hee	96	10364	0.0014890961
			3)	hei	163	6508	9.350673E-4
			4)	heb	191	5680	8.161005E-4
			5)	her	303	3311	4.7572338E-4
			6)	he_	351	2897	4.1624E-4
			7)	hed	626	1618	2.324737E-4
			8)	hel	727	1328	1.908066E-4
			9)	hem	1203	545	7.830542E-5
			10)	hen	1235	512	7.356399E-5
			11)	hep	1652	267	3.8362472E-5
		2)	ht	0	0	0.0
			1)	hte	155	6870	9.870793E-4
			2)	ht_	203	5249	7.541746E-4
			3)	hti	696	1426	2.0488721E-4
			4)	hts	716	1352	1.9425491E-4
			5)	htl	824	1106	1.5890971E-4
			6)	htv	1477	347	4.9856844E-5
		3)	ha	0	0	0.0
			1)	han	276	3577	5.1394216E-4
			2)	hap	420	2491	3.5790604E-4
			3)	haa	565	1840	2.6437058E-4
			4)	had	821	1114	1.6005915E-4
			5)	har	1011	767	1.1020231E-4
			6)	hal	1189	557	8.0029575E-5
			7)	hav	1351	416	5.977074E-5
		4)	hi	0	0	0.0
			1)	hie	334	3010	4.324758E-4
			2)	hij	823	1110	1.5948444E-4
			3)	hil	891	986	1.4166815E-4
			4)	hik	1074	679	9.755849E-5
		5)	ho	0	0	0.0
			1)	hou	376	2715	3.900903E-4
			2)	hoo	511	2064	2.9655485E-4
			3)	hoe	566	1837	2.6393955E-4
			4)	hor	1362	410	5.8908663E-5
			5)	hog	1412	383	5.502931E-5
			6)	hoc	1626	273	3.922455E-5
			7)	hon	1651	267	3.8362472E-5
			8)	hol	1672	256	3.6781996E-5
			9)	hop	1779	219	3.1465846E-5
		6)	hu	0	0	0.0
			1)	hun	588	1751	2.515831E-4
			2)	hul	959	839	1.2054724E-4
			3)	hui	978	813	1.1681157E-4
		7)	hr	0	0	0.0
			1)	hri	1110	635	9.123659E-5
			2)	hre	1824	204	2.9310651E-5
		8)	hn	0	0	0.0
			1)	hno	1512	329	4.7270612E-5
			2)	hni	1607	282	4.0517665E-5
	8)	o	0	0	0.0
		1)	oo	0	0	0.0
			1)	oor	14	30665	0.004405937
			2)	ook	177	6136	8.8161847E-4
			3)	oog	730	1322	1.8994452E-4
			4)	ood	856	1050	1.5086365E-4
			5)	oop	903	970	1.3936928E-4
			6)	oon	904	968	1.3908192E-4
			7)	oot	946	875	1.2571971E-4
			8)	oof	954	856	1.2298979E-4
			9)	ooi	1153	591	8.491468E-5
			10)	oos	1429	373	5.3592517E-5
		2)	or	0	0	0.0
			1)	or_	45	16759	0.0024079275
			2)	ord	53	15295	0.0021975804
			3)	org	304	3308	4.7529233E-4
			4)	orm	309	3278	4.7098196E-4
			5)	ort	317	3193	4.5876918E-4
			6)	ors	463	2251	3.2342292E-4
			7)	orz	542	1910	2.7442817E-4
			8)	ori	722	1341	1.9267443E-4
			9)	ore	773	1201	1.7255929E-4
			10)	orb	816	1123	1.6135226E-4
			11)	ora	919	938	1.3477153E-4
			12)	orl	1177	570	8.189741E-5
			13)	ork	1329	428	6.1494895E-5
			14)	oru	1374	402	5.7759225E-5
			15)	orw	1383	398	5.718451E-5
			16)	orn	1568	301	4.324758E-5
			17)	orr	1609	280	4.023031E-5
		3)	op	0	0	0.0
			1)	op_	71	12825	0.0018426918
			2)	ope	573	1804	2.5919813E-4
			3)	opg	817	1122	1.6120859E-4
			4)	opl	1006	768	1.1034599E-4
			5)	opt	1155	589	8.4627325E-5
			6)	opm	1251	492	7.0690396E-5
			7)	opn	1388	396	5.6897148E-5
			8)	opz	1423	376	5.4023556E-5
			9)	ops	1443	364	5.2299398E-5
			10)	opp	1622	273	3.922455E-5
			11)	opr	1659	262	3.7644073E-5
			12)	opb	1711	241	3.46268E-5
			13)	opv	1796	212	3.0460089E-5
			14)	opi	1817	207	2.9741692E-5
		4)	on	0	0	0.0
			1)	ond	91	10545	0.0015151021
			2)	ont	212	4964	7.1322586E-4
			3)	ons	259	4004	5.752934E-4
			4)	onz	432	2442	3.5086574E-4
			5)	ona	433	2425	3.484232E-4
			6)	ono	609	1683	2.4181289E-4
			7)	one	635	1594	2.2902539E-4
			8)	onc	733	1310	1.8822037E-4
			9)	ong	740	1302	1.8707092E-4
			10)	on_	877	1016	1.4597854E-4
			11)	onf	1042	713	1.02443606E-4
			12)	oni	1237	509	7.313295E-5
			13)	onv	1289	465	6.6811044E-5
			14)	onn	1492	341	4.8994767E-5
			15)	onl	1523	325	4.669589E-5
			16)	onm	1579	292	4.1954463E-5
		5)	ov	0	0	0.0
			1)	ove	94	10513	0.0015105044
		6)	oe	0	0	0.0
			1)	oet	115	8844	0.001270703
			2)	oed	265	3744	5.379367E-4
			3)	oen	342	2963	4.2572286E-4
			4)	oer	359	2858	4.1063648E-4
			5)	oel	445	2370	3.405208E-4
			6)	oek	483	2196	3.1552056E-4
			7)	oeg	506	2093	3.0072156E-4
			8)	oe_	564	1841	2.6451427E-4
			9)	oep	691	1440	2.0689872E-4
			10)	oei	866	1032	1.4827742E-4
			11)	oev	1090	660	9.482858E-5
			12)	oem	1103	649	9.3248105E-5
			13)	oef	1185	560	8.046062E-5
			14)	oes	1234	512	7.356399E-5
			15)	oez	1555	309	4.4397017E-5
			16)	oew	1769	223	3.2040567E-5
		7)	om	0	0	0.0
			1)	om_	122	8456	0.0012149552
			2)	ome	237	4479	6.435412E-4
			3)	omm	343	2960	4.2529183E-4
			4)	oms	498	2130	3.060377E-4
			5)	omi	521	2001	2.87503E-4
			6)	omd	798	1161	1.668121E-4
			7)	omt	1026	748	1.0747239E-4
			8)	omp	1209	539	7.744334E-5
			9)	omv	1741	232	3.3333683E-5
			10)	omg	1802	210	3.017273E-5
		8)	ok	0	0	0.0
			1)	ok_	178	6129	8.806127E-4
			2)	okk	1118	628	9.023083E-5
			3)	oke	1156	588	8.448365E-5
		9)	ot	0	0	0.0
			1)	ot_	222	4679	6.722772E-4
			2)	ote	485	2187	3.1422742E-4
			3)	oti	994	783	1.1250118E-4
			4)	ots	1295	456	6.551793E-5
			5)	ota	1442	364	5.2299398E-5
			6)	ott	1567	301	4.324758E-5
		10)	ou	0	0	0.0
			1)	ouw	266	3711	5.3319527E-4
			2)	oud	271	3652	5.2471814E-4
			3)	ou_	469	2229	3.2026198E-4
			4)	ouv	1537	318	4.5690136E-5
			5)	out	1775	221	3.1753207E-5
		11)	og	0	0	0.0
			1)	og_	310	3277	4.7083828E-4
			2)	oge	324	3112	4.4713114E-4
			3)	ogr	780	1186	1.7040409E-4
			4)	ogi	957	853	1.2255876E-4
			5)	ogt	1787	216	3.1034808E-5
			6)	ogs	1821	205	2.9454332E-5
		12)	of	0	0	0.0
			1)	of_	338	2978	4.2787805E-4
			2)	off	1038	723	1.038804E-4
			3)	ofd	1244	497	7.1408795E-5
		13)	ol	0	0	0.0
			1)	olg	493	2149	3.087676E-4
			2)	oli	526	1983	2.8491678E-4
			3)	oll	589	1745	2.5072103E-4
			4)	olk	865	1032	1.4827742E-4
			5)	olu	906	964	1.385072E-4
			6)	ole	931	912	1.3103586E-4
			7)	ol_	1040	717	1.0301832E-4
			8)	olo	1080	671	9.640906E-5
			9)	old	1173	575	8.261581E-5
			10)	ola	1437	368	5.287412E-5
		14)	oa	0	0	0.0
			1)	oal	659	1534	2.2040462E-4
		15)	oc	0	0	0.0
			1)	oci	677	1469	2.1106543E-4
			2)	oce	749	1272	1.8276054E-4
			3)	och	853	1054	1.5143838E-4
			4)	ocr	1027	748	1.0747239E-4
			5)	oco	1549	315	4.5259094E-5
			6)	ocu	1578	293	4.209814E-5
		16)	ob	0	0	0.0
			1)	obl	705	1383	1.9870898E-4
			2)	obe	1514	328	4.712693E-5
		17)	od	0	0	0.0
			1)	ode	802	1146	1.646569E-4
			2)	odi	825	1105	1.5876604E-4
			3)	odu	874	1019	1.4640958E-4
			4)	odz	1093	656	9.425386E-5
			5)	oda	1263	482	6.92536E-5
			6)	od_	1615	278	3.994295E-5
		18)	os	0	0	0.0
			1)	ost	887	994	1.4281759E-4
			2)	os_	972	829	1.19110446E-4
			3)	oss	1086	662	9.511594E-5
			4)	osi	1248	494	7.097775E-5
			5)	osh	1829	202	2.9023293E-5
		19)	ow	0	0	0.0
			1)	owe	1298	452	6.494321E-5
		20)	oj	0	0	0.0
			1)	oje	1350	416	5.977074E-5
		21)	oz	0	0	0.0
			1)	oze	1422	376	5.4023556E-5
		22)	oi	0	0	0.0
			1)	oit	1548	315	4.5259094E-5
		23)	oö	0	0	0.0
			1)	oör	1668	258	3.7069356E-5
	9)	g	0	0	0.0
		1)	ge	0	0	0.0
			1)	gen	21	27255	0.0039159893
			2)	gel	107	9611	0.0013809053
			3)	gev	161	6540	9.39665E-4
			4)	ge_	204	5157	7.4095605E-4
			5)	ger	215	4931	7.0848444E-4
			6)	geb	224	4653	6.6854147E-4
			7)	ges	257	4056	5.8276474E-4
			8)	gee	347	2944	4.2299295E-4
			9)	gem	357	2868	4.1207328E-4
			10)	gez	398	2623	3.7687176E-4
			11)	ged	514	2040	2.931065E-4
			12)	gew	548	1891	2.7169826E-4
			13)	geh	684	1460	2.0977232E-4
			14)	gek	742	1297	1.8635252E-4
			15)	geg	835	1078	1.5488669E-4
			16)	get	881	1001	1.4382334E-4
			17)	gep	1022	753	1.0819079E-4
			18)	gea	1160	585	8.4052605E-5
			19)	gec	1324	432	6.2069616E-5
			20)	geo	1676	255	3.6638314E-5
			21)	geï	1721	237	3.4052082E-5
		2)	gr	0	0	0.0
			1)	gro	220	4715	6.774496E-4
			2)	gra	418	2512	3.6092332E-4
			3)	gri	464	2250	3.2327927E-4
			4)	gre	1015	758	1.0890919E-4
		3)	gi	0	0	0.0
			1)	gin	282	3532	5.0747656E-4
			2)	gie	837	1075	1.5445564E-4
			3)	gio	846	1066	1.5316253E-4
			4)	gis	1017	757	1.0876551E-4
		4)	ga	0	0	0.0
			1)	gaa	319	3165	4.5474616E-4
			2)	gan	619	1639	2.3549098E-4
			3)	gas	1085	665	9.554698E-5
			4)	gad	1364	408	5.8621303E-5
			5)	gar	1378	399	5.7328187E-5
			6)	ga_	1599	286	4.1092386E-5
			7)	gat	1654	265	3.807511E-5
		5)	gd	0	0	0.0
			1)	gd_	385	2674	3.8419943E-4
			2)	gde	883	998	1.433923E-4
			3)	gdh	1300	452	6.494321E-5
		6)	go	0	0	0.0
			1)	goe	434	2420	3.477048E-4
			2)	gou	1509	330	4.741429E-5
		7)	gg	0	0	0.0
			1)	gge	519	2016	2.896582E-4
			2)	ggi	1598	286	4.1092386E-5
		8)	gt	0	0	0.0
			1)	gt_	608	1698	2.4396808E-4
		9)	gh	0	0	0.0
			1)	ghe	621	1635	2.3491625E-4
		10)	gs	0	0	0.0
			1)	gst	852	1055	1.5158205E-4
			2)	gsp	998	781	1.1221382E-4
			3)	gsb	1478	347	4.9856844E-5
			4)	gss	1646	268	3.850615E-5
			5)	gsm	1665	259	3.7213034E-5
			6)	gsl	1697	247	3.5488876E-5
			7)	gs_	1738	234	3.3621043E-5
			8)	gsc	1745	231	3.3190005E-5
			9)	gsv	1806	210	3.017273E-5
		11)	gm	0	0	0.0
			1)	gma	1725	236	3.39084E-5
	10)	t	0	0	0.0
		1)	te	0	0	0.0
			1)	ten	22	25556	0.0036718776
			2)	te_	29	22485	0.0032306374
			3)	ter	61	14278	0.0020514582
			4)	tel	111	9347	0.0013429739
			5)	teg	289	3449	4.9555115E-4
			6)	tei	364	2799	4.0215938E-4
			7)	tee	413	2540	3.6494635E-4
			8)	teu	446	2358	3.3879664E-4
			9)	tem	495	2140	3.074745E-4
			10)	tek	645	1571	2.2572075E-4
			11)	tec	1059	695	9.985737E-5
			12)	tev	1411	383	5.502931E-5
			13)	ted	1569	300	4.31039E-5
		2)	ti	0	0	0.0
			1)	tie	56	15123	0.0021728675
			2)	tin	312	3253	4.6738997E-4
			3)	tij	341	2966	4.2615389E-4
			4)	tig	429	2465	3.541704E-4
			5)	tio	478	2210	3.1753207E-4
			6)	tis	576	1795	2.57905E-4
			7)	tik	1035	736	1.0574824E-4
			8)	tia	1142	604	8.678252E-5
			9)	tit	1152	591	8.491468E-5
			10)	tiv	1307	446	6.4081134E-5
			11)	tic	1446	363	5.215572E-5
			12)	tim	1456	357	5.1293642E-5
		3)	tr	0	0	0.0
			1)	tre	170	6241	8.967048E-4
			2)	tro	368	2766	3.9741796E-4
			3)	tra	393	2634	3.7845224E-4
			4)	tri	653	1551	2.2284717E-4
			5)	tru	718	1350	1.9396756E-4
		4)	to	0	0	0.0
			1)	toe	202	5254	7.54893E-4
			2)	tot	251	4137	5.944028E-4
			3)	tor	664	1520	2.1839309E-4
			4)	toc	1198	549	7.888014E-5
			5)	tof	1282	473	6.7960485E-5
			6)	ton	1357	411	5.9052345E-5
			7)	too	1363	409	5.8764985E-5
			8)	top	1686	250	3.591992E-5
		5)	ta	0	0	0.0
			1)	taa	221	4710	6.7673123E-4
			2)	tat	352	2896	4.1609633E-4
			3)	tan	436	2411	3.464117E-4
			4)	tal	531	1961	2.8175584E-4
			5)	tai	765	1233	1.7715702E-4
			6)	tar	1377	400	5.747187E-5
			7)	tap	1416	380	5.4598273E-5
			8)	tab	1433	370	5.316148E-5
			9)	tak	1781	218	3.1322168E-5
			10)	ta_	1786	216	3.1034808E-5
		6)	tt	0	0	0.0
			1)	tte	275	3578	5.1408587E-4
			2)	tti	1163	582	8.362157E-5
		7)	ts	0	0	0.0
			1)	ts_	423	2487	3.5733133E-4
			2)	tst	530	1971	2.8319264E-4
			3)	tsc	1139	606	8.706988E-5
			4)	tse	1256	489	7.025936E-5
			5)	tsl	1301	451	6.479953E-5
			6)	tsp	1473	348	5.0000526E-5
			7)	tsb	1698	246	3.5345198E-5
			8)	tsn	1712	240	3.448312E-5
			9)	tsv	1731	235	3.376472E-5
			10)	tsg	1818	206	2.9598012E-5
		8)	tg	0	0	0.0
			1)	tge	440	2384	3.4253232E-4
			2)	tga	1143	601	8.635148E-5
		9)	tw	0	0	0.0
			1)	twi	477	2213	3.179631E-4
			2)	twe	497	2130	3.060377E-4
			3)	two	725	1331	1.9123763E-4
		10)	tu	0	0	0.0
			1)	tuu	595	1729	2.4842215E-4
			2)	tus	720	1345	1.9324916E-4
			3)	tua	984	800	1.1494374E-4
			4)	tur	1091	659	9.46849E-5
			5)	tui	1115	629	9.037451E-5
			6)	tuk	1197	549	7.888014E-5
			7)	tut	1613	278	3.994295E-5
			8)	tue	1800	211	3.031641E-5
			9)	tud	1823	204	2.9310651E-5
		11)	tl	0	0	0.0
			1)	tli	772	1201	1.7255929E-4
		12)	tv	0	0	0.0
			1)	tvo	980	810	1.1638053E-4
			2)	tva	1222	524	7.5288146E-5
			3)	tve	1761	224	3.2184245E-5
		13)	tb	0	0	0.0
			1)	tbr	1204	544	7.816174E-5
			2)	tbe	1571	299	4.2960222E-5
			3)	tba	1611	279	4.0086627E-5
		14)	th	0	0	0.0
			1)	the	1372	405	5.8190264E-5
			2)	tho	1464	355	5.1006282E-5
		15)	tn	0	0	0.0
			1)	tne	1539	317	4.5546454E-5
		16)	tz	0	0	0.0
			1)	tze	1552	310	4.45407E-5
		17)	tj	0	0	0.0
			1)	tje	1695	247	3.5488876E-5
		18)	tm	0	0	0.0
			1)	tma	1783	217	3.117849E-5
		19)	td	0	0	0.0
			1)	tda	1812	208	2.988537E-5
	11)	n	0	0	0.0
		1)	nd	0	0	0.0
			1)	nde	24	25082	0.0036037734
			2)	nd_	153	6955	9.992921E-4
			3)	ndi	401	2593	3.725614E-4
			4)	nda	494	2143	3.0790552E-4
			5)	nds	660	1533	2.2026093E-4
			6)	ndp	1065	685	9.842057E-5
			7)	ndh	1087	662	9.511594E-5
			8)	ndu	1170	576	8.275949E-5
			9)	ndr	1180	565	8.1179016E-5
			10)	ndb	1215	533	7.6581266E-5
			11)	ndv	1323	434	6.235698E-5
			12)	ndt	1466	353	5.071892E-5
		2)	ng	0	0	0.0
			1)	ng_	25	24881	0.0035748938
			2)	nge	65	13566	0.0019491584
			3)	ngs	267	3703	5.320458E-4
			4)	ngr	563	1846	2.6523267E-4
			5)	ngt	1508	330	4.741429E-5
			6)	ngi	1516	328	4.712693E-5
			7)	nga	1636	271	3.893719E-5
		3)	ni	0	0	0.0
			1)	nie	77	12407	0.0017826336
			2)	nin	344	2957	4.2486077E-4
			3)	nis	406	2580	3.7069354E-4
			4)	nig	782	1185	1.702604E-4
			5)	nit	878	1016	1.4597854E-4
			6)	niv	1164	582	8.362157E-5
		4)	ne	0	0	0.0
			1)	nen	113	9195	0.0013211345
			2)	nem	405	2582	3.709809E-4
			3)	ne_	544	1901	2.7313505E-4
			4)	ner	594	1732	2.4885318E-4
			5)	nee	638	1591	2.2859435E-4
			6)	nel	860	1040	1.4942685E-4
			7)	net	1039	720	1.0344936E-4
			8)	neg	1835	201	2.8879613E-5
		5)	ns	0	0	0.0
			1)	ns_	126	8191	0.0011768802
			2)	nst	242	4335	6.2285137E-4
			3)	nse	350	2917	4.1911358E-4
			4)	nsc	706	1383	1.9870898E-4
			5)	nsp	948	872	1.2528867E-4
			6)	nsu	1094	656	9.425386E-5
			7)	nsi	1196	550	7.902382E-5
			8)	nsl	1415	381	5.4741955E-5
			9)	nso	1801	211	3.031641E-5
		6)	nt	0	0	0.0
			1)	nte	144	7270	0.0010445511
			2)	nt_	171	6239	8.964174E-4
			3)	ntw	295	3400	4.885109E-4
			4)	nti	360	2840	4.0805025E-4
			5)	nta	587	1753	2.5187046E-4
			6)	ntr	606	1700	2.4425544E-4
			7)	nts	1252	492	7.0690396E-5
		7)	nn	0	0	0.0
			1)	nne	164	6430	9.2386024E-4
			2)	nni	909	955	1.3721408E-4
		8)	nh	0	0	0.0
			1)	nhe	264	3836	5.511552E-4
			2)	nha	1229	516	7.413871E-5
			3)	nho	1465	354	5.0862604E-5
		9)	na	0	0	0.0
			1)	naa	284	3496	5.023041E-4
			2)	nat	395	2630	3.7787753E-4
			3)	nal	484	2190	3.1465848E-4
			4)	nam	517	2025	2.909513E-4
			5)	nan	737	1308	1.8793301E-4
			6)	na_	944	878	1.2615074E-4
			7)	nau	953	858	1.2327716E-4
			8)	nad	958	847	1.2169668E-4
			9)	naf	1649	267	3.8362472E-5
			10)	nag	1701	245	3.520152E-5
			11)	nar	1819	206	2.9598012E-5
		10)	nz	0	0	0.0
			1)	nze	335	2997	4.3060796E-4
			2)	nzi	1007	768	1.1034599E-4
			3)	nza	1179	567	8.146637E-5
		11)	no	0	0	0.0
			1)	nom	375	2717	3.9037765E-4
			2)	nog	387	2671	3.837684E-4
			3)	noe	781	1186	1.7040409E-4
			4)	noo	809	1135	1.6307642E-4
			5)	nod	911	953	1.3692673E-4
			6)	nor	1109	635	9.123659E-5
			7)	nov	1406	386	5.546035E-5
			8)	nol	1515	328	4.712693E-5
			9)	noc	1671	257	3.6925674E-5
			10)	not	1803	210	3.017273E-5
		12)	nk	0	0	0.0
			1)	nke	443	2375	3.412392E-4
			2)	nko	830	1096	1.5747291E-4
			3)	nk_	831	1093	1.5704188E-4
			4)	nks	1723	236	3.39084E-5
		13)	nu	0	0	0.0
			1)	nu_	554	1877	2.6968675E-4
			2)	nui	1483	346	4.9713166E-5
			3)	nut	1674	255	3.6638314E-5
		14)	nc	0	0	0.0
			1)	nci	644	1572	2.2586444E-4
			2)	ncu	1312	443	6.365009E-5
			3)	nct	1339	421	6.048914E-5
			4)	ncr	1344	419	6.0201783E-5
			5)	nce	1602	285	4.0948704E-5
			6)	ncl	1623	273	3.922455E-5
		15)	nw	0	0	0.0
			1)	nwe	707	1381	1.9842162E-4
			2)	nwo	1157	586	8.419628E-5
			3)	nwi	1438	367	5.2730436E-5
		16)	nl	0	0	0.0
			1)	nli	726	1329	1.9095028E-4
			2)	nla	1238	509	7.313295E-5
			3)	nle	1327	430	6.178226E-5
		17)	nr	0	0	0.0
			1)	nre	920	937	1.3462784E-4
		18)	nb	0	0	0.0
			1)	nbe	1004	769	1.10489666E-4
			2)	nba	1493	341	4.8994767E-5
		19)	nv	0	0	0.0
			1)	nve	1032	739	1.0617927E-4
			2)	nvo	1050	707	1.0158153E-4
			3)	nva	1183	562	8.0747974E-5
		20)	nf	0	0	0.0
			1)	nfo	1060	693	9.957001E-5
			2)	nfe	1409	385	5.5316672E-5
			3)	nfl	1641	270	3.879351E-5
		21)	np	0	0	0.0
			1)	npa	1299	452	6.494321E-5
		22)	nm	0	0	0.0
			1)	nmi	1331	427	6.135122E-5
			2)	nme	1752	229	3.2902644E-5
			3)	nmo	1834	201	2.8879613E-5
	12)	m	0	0	0.0
		1)	me	0	0	0.0
			1)	men	36	20355	0.0029245997
			2)	met	112	9325	0.0013398129
			3)	mee	192	5665	8.139453E-4
			4)	me_	391	2637	3.788833E-4
			5)	mer	438	2404	3.4540592E-4
			6)	mev	719	1349	1.9382387E-4
			7)	mel	832	1093	1.5704188E-4
			8)	med	882	1000	1.4367967E-4
			9)	mes	1804	210	3.017273E-5
		2)	mo	0	0	0.0
			1)	moe	114	9152	0.0013149563
			2)	mog	492	2152	3.0919866E-4
			3)	moc	992	786	1.1293222E-4
			4)	mom	1108	639	9.181131E-5
			5)	mon	1113	631	9.066187E-5
			6)	mod	1266	481	6.910992E-5
			7)	mor	1391	395	5.675347E-5
		3)	ma	0	0	0.0
			1)	maa	127	8147	0.0011705583
			2)	mat	637	1592	2.2873803E-4
			3)	mak	639	1583	2.274449E-4
			4)	man	674	1482	2.1293327E-4
			5)	mar	776	1191	1.7112249E-4
			6)	ma_	950	869	1.2485763E-4
			7)	mag	1149	594	8.5345724E-5
			8)	mas	1236	511	7.342031E-5
			9)	mac	1444	364	5.2299398E-5
			10)	mal	1628	272	3.908087E-5
		4)	mi	0	0	0.0
			1)	mij	175	6174	8.870783E-4
			2)	min	209	5026	7.22134E-4
			3)	mis	263	3861	5.547472E-4
			4)	mil	541	1911	2.7457185E-4
			5)	mid	658	1536	2.2069197E-4
			6)	mig	1106	640	9.1954986E-5
			7)	mie	1186	560	8.046062E-5
			8)	mit	1398	388	5.574771E-5
		5)	mm	0	0	0.0
			1)	mmi	345	2950	4.2385503E-4
			2)	mme	673	1482	2.1293327E-4
			3)	mma	879	1009	1.4497279E-4
			4)	mmu	1028	744	1.0689767E-4
		6)	ms	0	0	0.0
			1)	mst	518	2019	2.9008926E-4
		7)	mt	0	0	0.0
			1)	mt_	753	1265	1.8175477E-4
			2)	mte	1619	274	3.9368228E-5
		8)	md	0	0	0.0
			1)	mda	810	1132	1.6264539E-4
			2)	md_	1043	713	1.02443606E-4
			3)	mde	1216	533	7.6581266E-5
		9)	mu	0	0	0.0
			1)	mun	956	854	1.2270243E-4
			2)	mul	1210	538	7.7299665E-5
		10)	mp	0	0	0.0
			1)	mpe	1431	371	5.3305157E-5
			2)	mpl	1713	240	3.448312E-5
			3)	mpr	1809	209	3.002905E-5
		11)	mh	0	0	0.0
			1)	mhe	1620	274	3.9368228E-5
		12)	mb	0	0	0.0
			1)	mbi	1677	254	3.6494635E-5
			2)	mbe	1737	234	3.3621043E-5
		13)	mv	0	0	0.0
			1)	mva	1764	224	3.2184245E-5
	13)	s	0	0	0.0
		1)	st	0	0	0.0
			1)	ste	37	20025	0.0028771854
			2)	sta	109	9438	0.0013560487
			3)	st_	162	6511	9.3549833E-4
			4)	str	207	5070	7.284559E-4
			5)	sti	261	3917	5.627933E-4
			6)	stu	789	1173	1.6853625E-4
			7)	sto	905	965	1.3865088E-4
			8)	stg	1440	365	5.244308E-5
			9)	sts	1633	271	3.893719E-5
		2)	sc	0	0	0.0
			1)	sch	60	14420	0.0020718607
			2)	scu	1573	297	4.2672862E-5
			3)	sco	1670	257	3.6925674E-5
			4)	scr	1700	245	3.520152E-5
		3)	se	0	0	0.0
			1)	sen	195	5526	7.9397386E-4
			2)	sel	555	1870	2.6868097E-4
			3)	ser	671	1502	2.1580687E-4
			4)	se_	848	1062	1.525878E-4
			5)	sec	1078	674	9.684009E-5
			6)	see	1132	612	8.7931956E-5
		4)	sl	0	0	0.0
			1)	sla	285	3486	5.008673E-4
			2)	slu	752	1267	1.8204215E-4
			3)	slo	850	1059	1.5215678E-4
			4)	sle	943	882	1.2672547E-4
			5)	sli	1127	615	8.8363E-5
		5)	sp	0	0	0.0
			1)	spr	297	3361	4.8290737E-4
			2)	spe	569	1828	2.6264644E-4
			3)	spa	1010	767	1.1020231E-4
			4)	spo	1242	501	7.1983515E-5
			5)	spi	1757	227	3.2615284E-5
		6)	ss	0	0	0.0
			1)	sse	320	3159	4.5388407E-4
			2)	ssi	441	2384	3.4253232E-4
			3)	ssa	680	1465	2.1049072E-4
			4)	sst	1354	412	5.9196023E-5
			5)	ssc	1517	327	4.6983252E-5
		7)	si	0	0	0.0
			1)	sie	489	2176	3.1264697E-4
			2)	sin	593	1738	2.4971526E-4
			3)	sit	712	1359	1.9526067E-4
			4)	sis	1073	679	9.755849E-5
			5)	sid	1475	347	4.9856844E-5
			6)	sic	1488	344	4.9425806E-5
			7)	sio	1581	291	4.1810785E-5
		8)	sa	0	0	0.0
			1)	sam	596	1729	2.4842215E-4
			2)	sar	815	1126	1.617833E-4
			3)	sat	1130	614	8.821931E-5
			4)	san	1742	231	3.3190005E-5
		9)	so	0	0	0.0
			1)	soc	681	1461	2.0991599E-4
			2)	sol	788	1174	1.6867994E-4
			3)	soo	983	806	1.15805815E-4
			4)	som	1165	580	8.3334206E-5
			5)	son	1246	496	7.1265116E-5
		10)	sm	0	0	0.0
			1)	sme	870	1025	1.4727165E-4
			2)	sma	1390	395	5.675347E-5
			3)	smi	1762	224	3.2184245E-5
		11)	sb	0	0	0.0
			1)	sbe	884	997	1.4324863E-4
		12)	sy	0	0	0.0
			1)	sys	1055	700	1.00575766E-4
		13)	sn	0	0	0.0
			1)	sne	1114	630	9.051819E-5
			2)	sno	1547	315	4.5259094E-5
		14)	su	0	0	0.0
			1)	sum	1141	605	8.69262E-5
			2)	sul	1291	462	6.638001E-5
			3)	sub	1593	287	4.1236064E-5
			4)	suc	1784	217	3.117849E-5
		15)	sg	0	0	0.0
			1)	sge	1184	560	8.046062E-5
			2)	sgr	1816	207	2.9741692E-5
		16)	sv	0	0	0.0
			1)	sve	1320	436	6.2644336E-5
			2)	svo	1486	345	4.9569484E-5
		17)	sh	0	0	0.0
			1)	she	1575	296	4.252918E-5
		18)	sr	0	0	0.0
			1)	sre	1605	282	4.0517665E-5
		19)	sw	0	0	0.0
			1)	swa	1630	272	3.908087E-5
		20)	sd	0	0	0.0
			1)	sda	1828	202	2.9023293E-5
	14)	l	0	0	0.0
		1)	li	0	0	0.0
			1)	lij	42	17990	0.0025847973
			2)	lin	159	6622	9.5144677E-4
			3)	lit	394	2632	3.781649E-4
			4)	lid	410	2570	3.6925674E-4
			5)	lie	471	2222	3.192562E-4
			6)	lig	559	1855	2.6652578E-4
			7)	lis	568	1832	2.6322115E-4
			8)	lic	582	1771	2.5445668E-4
			9)	lib	1519	327	4.6983252E-5
		2)	ll	0	0	0.0
			1)	lle	68	13078	0.0018790427
			2)	lli	419	2492	3.5804973E-4
			3)	lla	1724	236	3.39084E-5
		3)	le	0	0	0.0
			1)	len	78	12267	0.0017625185
			2)	le_	98	10190	0.0014640958
			3)	lei	258	4028	5.787417E-4
			4)	leg	268	3698	5.313274E-4
			5)	lee	314	3237	4.6509109E-4
			6)	lem	538	1936	2.7816385E-4
			7)	lev	590	1743	2.5043366E-4
			8)	led	678	1466	2.1063439E-4
			9)	ler	791	1172	1.6839257E-4
			10)	lec	966	835	1.1997252E-4
			11)	les	1171	576	8.275949E-5
			12)	lek	1365	407	5.8477624E-5
			13)	lez	1594	287	4.1236064E-5
			14)	let	1790	215	3.089113E-5
		4)	la	0	0	0.0
			1)	lan	118	8589	0.0012340647
			2)	lag	322	3146	4.5201625E-4
			3)	laa	323	3127	4.492863E-4
			4)	lat	553	1878	2.6983043E-4
			5)	las	1079	672	9.6552736E-5
			6)	lar	1231	513	7.370767E-5
			7)	lac	1494	341	4.8994767E-5
			8)	lak	1521	326	4.683957E-5
			9)	lad	1582	291	4.1810785E-5
		5)	ls	0	0	0.0
			1)	ls_	134	7867	0.0011303279
			2)	lst	921	935	1.3434049E-4
			3)	lse	1487	345	4.9569484E-5
		6)	ld	0	0	0.0
			1)	ld_	229	4574	6.571908E-4
			2)	lde	502	2103	3.0215835E-4
			3)	ldo	1285	471	6.767312E-5
			4)	ldi	1310	444	6.379377E-5
			5)	ldt	1624	273	3.922455E-5
		7)	lg	0	0	0.0
			1)	lge	430	2460	3.53452E-4
			2)	lg_	1585	290	4.1667103E-5
		8)	lu	0	0	0.0
			1)	lui	650	1553	2.2313453E-4
			2)	lut	976	822	1.1810469E-4
			3)	luc	1326	431	6.192594E-5
			4)	lus	1490	342	4.9138445E-5
			5)	luk	1637	271	3.893719E-5
		9)	lo	0	0	0.0
			1)	loo	715	1353	1.9439858E-4
			2)	lot	828	1099	1.5790395E-4
			3)	log	899	975	1.4008768E-4
			4)	los	985	799	1.1480005E-4
			5)	lop	1045	712	1.0229992E-4
			6)	loe	1452	361	5.186836E-5
			7)	lok	1714	240	3.448312E-5
			8)	loz	1813	208	2.988537E-5
		10)	lt	0	0	0.0
			1)	lt_	769	1213	1.7428344E-4
			2)	lti	1124	619	8.893771E-5
			3)	ltu	1333	426	6.120754E-5
			4)	lta	1353	414	5.9483384E-5
			5)	ltr	1660	262	3.7644073E-5
			6)	lte	1663	261	3.7500395E-5
		11)	lk	0	0	0.0
			1)	lke	838	1074	1.5431196E-4
			2)	lk_	1278	474	6.8104164E-5
			3)	lki	1345	419	6.0201783E-5
			4)	lka	1535	319	4.5833815E-5
			5)	lko	1675	255	3.6638314E-5
		12)	lf	0	0	0.0
			1)	lf_	964	837	1.2025988E-4
			2)	lfs	1122	624	8.965611E-5
			3)	lfd	1240	503	7.227087E-5
		13)	lj	0	0	0.0
			1)	ljo	1375	401	5.7615547E-5
		14)	lv	0	0	0.0
			1)	lve	1399	388	5.574771E-5
		15)	lp	0	0	0.0
			1)	lp_	1402	387	5.5604032E-5
			2)	lpe	1759	226	3.2471606E-5
		16)	lm	0	0	0.0
			1)	lma	1606	282	4.0517665E-5
	15)	c	0	0	0.0
		1)	ch	0	0	0.0
			1)	cht	44	17043	0.0024487325
			2)	che	205	5116	7.350652E-4
			3)	ch_	252	4136	5.942591E-4
			4)	cha	273	3618	5.1983306E-4
			5)	chi	399	2613	3.7543496E-4
			6)	cho	834	1086	1.5603611E-4
			7)	chr	902	972	1.3965664E-4
			8)	chn	1138	608	8.7357235E-5
			9)	chu	1287	468	6.724209E-5
		2)	co	0	0	0.0
			1)	con	186	5813	8.352099E-4
			2)	com	305	3308	4.7529233E-4
			3)	col	743	1290	1.8534677E-4
			4)	coö	1638	271	3.893719E-5
			5)	cor	1709	242	3.477048E-5
			6)	coh	1767	224	3.2184245E-5
		3)	ct	0	0	0.0
			1)	cti	329	3054	4.387977E-4
			2)	cte	702	1386	1.9914002E-4
			3)	ct_	929	916	1.3161058E-4
			4)	ctu	952	862	1.2385187E-4
			5)	cto	1000	777	1.116391E-4
		4)	ci	0	0	0.0
			1)	cia	604	1709	2.4554855E-4
			2)	cië	908	957	1.3750144E-4
			3)	cie	1008	768	1.1034599E-4
			4)	cip	1213	535	7.686862E-5
			5)	cit	1538	318	4.5690136E-5
			6)	cis	1586	290	4.1667103E-5
			7)	cif	1631	272	3.908087E-5
		5)	ce	0	0	0.0
			1)	cen	869	1026	1.4741534E-4
			2)	ces	961	839	1.2054724E-4
			3)	ced	1068	682	9.7989534E-5
			4)	cee	1379	399	5.7328187E-5
			5)	cep	1661	262	3.7644073E-5
		6)	cr	0	0	0.0
			1)	cra	969	834	1.19828845E-4
			2)	cre	1023	752	1.0804711E-4
			3)	cri	1092	658	9.4541225E-5
		7)	cu	0	0	0.0
			1)	cul	1126	618	8.879403E-5
			2)	cur	1279	474	6.8104164E-5
			3)	cus	1542	317	4.5546454E-5
			4)	cum	1583	291	4.1810785E-5
		8)	ca	0	0	0.0
			1)	cat	1340	420	6.034546E-5
		9)	cc	0	0	0.0
			1)	cce	1428	374	5.3736196E-5
		10)	cl	0	0	0.0
			1)	clu	1570	300	4.31039E-5
	16)	r	0	0	0.0
		1)	rd	0	0	0.0
			1)	rde	57	14960	0.0021494478
			2)	rd_	185	5858	8.416755E-4
			3)	rdt	287	3478	4.997179E-4
			4)	rdi	431	2457	3.5302094E-4
			5)	rda	1218	528	7.586287E-5
			6)	rdo	1288	466	6.695472E-5
			7)	rdr	1304	448	6.436849E-5
			8)	rdb	1699	246	3.5345198E-5
		2)	re	0	0	0.0
			1)	ren	72	12706	0.0018255939
			2)	re_	187	5746	8.2558335E-4
			3)	rec	208	5068	7.281686E-4
			4)	reg	226	4606	6.6178857E-4
			5)	ree	290	3435	4.935397E-4
			6)	rek	318	3173	4.5589558E-4
			7)	rei	379	2703	3.8836614E-4
			8)	res	427	2473	3.5531982E-4
			9)	red	491	2167	3.1135383E-4
			10)	ref	579	1778	2.5546245E-4
			11)	rel	804	1144	1.6436954E-4
			12)	rea	1056	699	1.0043209E-4
			13)	rev	1168	578	8.304685E-5
			14)	ret	1182	562	8.0747974E-5
			15)	reu	1513	328	4.712693E-5
			16)	rep	1553	310	4.45407E-5
			17)	reë	1564	303	4.353494E-5
			18)	rer	1565	303	4.353494E-5
		3)	ri	0	0	0.0
			1)	rin	143	7292	0.0010477122
			2)	rij	157	6677	9.5934916E-4
			3)	ris	415	2526	3.6293484E-4
			4)	ric	448	2340	3.3621042E-4
			5)	rie	665	1517	2.1796205E-4
			6)	rit	739	1302	1.8707092E-4
			7)	rig	839	1072	1.540246E-4
			8)	rio	1107	639	9.181131E-5
			9)	rim	1448	363	5.215572E-5
			10)	ria	1482	346	4.9713166E-5
			11)	rid	1584	290	4.1667103E-5
			12)	rif	1589	289	4.1523424E-5
			13)	rik	1777	220	3.160953E-5
			14)	rip	1778	219	3.1465846E-5
			15)	ri_	1782	218	3.1322168E-5
		4)	rs	0	0	0.0
			1)	rst	199	5354	7.692609E-4
			2)	rs_	234	4504	6.471332E-4
			3)	rsc	384	2676	3.844868E-4
			4)	rsl	455	2306	3.313253E-4
			5)	rso	1190	556	7.98859E-5
			6)	rsp	1255	490	7.040304E-5
			7)	rse	1554	309	4.4397017E-5
			8)	rsi	1743	231	3.3190005E-5
		5)	rg	0	0	0.0
			1)	rge	225	4644	6.672484E-4
			2)	rga	700	1394	2.0028946E-4
			3)	rgi	1247	496	7.1265116E-5
			4)	rg_	1421	377	5.4167234E-5
			5)	rgo	1469	352	5.0575243E-5
			6)	rgd	1640	270	3.879351E-5
			7)	rgr	1722	236	3.39084E-5
		6)	ra	0	0	0.0
			1)	raa	254	4083	5.866441E-4
			2)	ran	366	2790	4.0086627E-4
			3)	rag	435	2415	3.469864E-4
			4)	rat	454	2320	3.3333682E-4
			5)	rac	466	2234	3.2098038E-4
			6)	ral	655	1546	2.2212877E-4
			7)	ram	687	1456	2.0919759E-4
			8)	rak	756	1261	1.8118006E-4
			9)	rap	924	924	1.3276002E-4
			10)	raf	1071	680	9.770218E-5
			11)	rad	1360	410	5.8908663E-5
			12)	ras	1710	241	3.46268E-5
			13)	ra_	1744	231	3.3190005E-5
		7)	rt	0	0	0.0
			1)	rt_	363	2807	4.0330883E-4
			2)	rte	461	2256	3.2414132E-4
			3)	rti	633	1597	2.2945643E-4
			4)	rtr	1208	539	7.744334E-5
			5)	rtu	1292	461	6.623632E-5
			6)	rto	1314	442	6.350641E-5
			7)	rtn	1614	278	3.994295E-5
			8)	rts	1788	215	3.089113E-5
		8)	ro	0	0	0.0
			1)	ron	377	2711	3.8951557E-4
			2)	rou	404	2586	3.7155562E-4
			3)	rot	510	2071	2.975606E-4
			4)	rom	540	1927	2.7687073E-4
			5)	roe	574	1803	2.5905445E-4
			6)	rob	625	1626	2.3362314E-4
			7)	roo	690	1446	2.077608E-4
			8)	roc	744	1289	1.852031E-4
			9)	rol	757	1256	1.8046166E-4
			10)	rop	796	1161	1.668121E-4
			11)	rog	826	1101	1.5819131E-4
			12)	rok	842	1069	1.5359356E-4
			13)	rod	867	1031	1.4813374E-4
			14)	rov	1146	597	8.577676E-5
			15)	ror	1325	431	6.192594E-5
			16)	roj	1338	421	6.048914E-5
			17)	ro_	1441	365	5.244308E-5
			18)	rof	1491	341	4.8994767E-5
		9)	rk	0	0	0.0
			1)	rke	439	2402	3.4511858E-4
			2)	rki	533	1956	2.8103744E-4
			3)	rkt	571	1816	2.6092227E-4
			4)	rk_	947	872	1.2528867E-4
			5)	rkl	1033	738	1.0603559E-4
			6)	rkg	1099	651	9.353546E-5
			7)	rko	1175	573	8.232845E-5
			8)	rkn	1634	271	3.893719E-5
			9)	rkz	1833	201	2.8879613E-5
		10)	rm	0	0	0.0
			1)	rme	453	2325	3.3405522E-4
			2)	rmi	481	2199	3.159516E-4
			3)	rma	871	1024	1.4712798E-4
			4)	rmo	1199	548	7.8736455E-5
			5)	rm_	1239	504	7.241455E-5
		11)	ru	0	0	0.0
			1)	rui	468	2229	3.2026198E-4
			2)	ruc	880	1005	1.4439807E-4
			3)	ruk	938	894	1.2844962E-4
			4)	rug	1104	647	9.296075E-5
			5)	rum	1343	419	6.0201783E-5
			6)	rus	1502	336	4.8276368E-5
		12)	rz	0	0	0.0
			1)	rzi	482	2196	3.1552056E-4
			2)	rzo	770	1212	1.7413976E-4
			3)	rza	1112	631	9.066187E-5
			4)	rze	1394	394	5.6609788E-5
		13)	rb	0	0	0.0
			1)	rbe	504	2100	3.017273E-4
			2)	rbi	827	1101	1.5819131E-4
			3)	rba	1064	689	9.899529E-5
			4)	rbo	1309	444	6.379377E-5
			5)	rbr	1355	412	5.9196023E-5
		14)	rv	0	0	0.0
			1)	rvo	532	1960	2.8161216E-4
			2)	rva	613	1670	2.3994505E-4
			3)	rve	1271	477	6.85352E-5
			4)	rvu	1576	295	4.23855E-5
		15)	rl	0	0	0.0
			1)	rli	562	1847	2.6537635E-4
			2)	rle	646	1560	2.2414028E-4
			3)	rlo	1169	577	8.290317E-5
			4)	rla	1498	339	4.8707407E-5
		16)	rh	0	0	0.0
			1)	rhe	607	1698	2.4396808E-4
			2)	rha	854	1051	1.5100733E-4
			3)	rho	1499	339	4.8707407E-5
		17)	rn	0	0	0.0
			1)	rne	632	1598	2.296001E-4
			2)	rna	876	1016	1.4597854E-4
			3)	rni	1420	377	5.4167234E-5
			4)	rns	1518	327	4.6983252E-5
		18)	rw	0	0	0.0
			1)	rwe	784	1183	1.6997305E-4
			2)	rwa	981	808	1.1609317E-4
			3)	rwi	991	787	1.130759E-4
			4)	rwo	1753	228	3.2758966E-5
		19)	rr	0	0	0.0
			1)	rre	805	1143	1.6422586E-4
			2)	rri	1401	387	5.5604032E-5
		20)	rp	0	0	0.0
			1)	rpl	1258	488	7.0115675E-5
			2)	rpe	1359	410	5.8908663E-5
			3)	rpr	1439	366	5.2586758E-5
			4)	rp_	1447	363	5.215572E-5
		21)	rf	0	0	0.0
			1)	rfo	1690	248	3.5632558E-5
	17)	k	0	0	0.0
		1)	ke	0	0	0.0
			1)	ken	75	12448	0.0017885246
			2)	ke_	131	8056	0.0011574834
			3)	kel	197	5456	7.839163E-4
			4)	ker	400	2596	3.7299242E-4
			5)	keu	967	835	1.1997252E-4
			6)	kee	1077	675	9.698378E-5
			7)	ket	1559	307	4.4109656E-5
		2)	ko	0	0	0.0
			1)	kom	211	4968	7.138006E-4
			2)	kor	1084	665	9.554698E-5
			3)	kos	1243	501	7.1983515E-5
			4)	koo	1403	387	5.5604032E-5
			5)	kon	1580	292	4.1954463E-5
			6)	kop	1591	288	4.1379746E-5
		3)	kt	0	0	0.0
			1)	kt_	227	4594	6.600644E-4
			2)	kte	855	1051	1.5100733E-4
			3)	kti	1427	374	5.3736196E-5
		4)	kk	0	0	0.0
			1)	kke	239	4383	6.29748E-4
			2)	kki	767	1223	1.7572024E-4
			3)	kko	1669	258	3.7069356E-5
		5)	ki	0	0	0.0
			1)	kin	249	4161	5.978511E-4
			2)	kie	1467	353	5.071892E-5
			3)	kij	1595	287	4.1236064E-5
		6)	ku	0	0	0.0
			1)	kun	274	3600	5.172468E-4
		7)	ka	0	0	0.0
			1)	kan	279	3544	5.0920073E-4
			2)	kad	1012	763	1.0962759E-4
			3)	kaa	1267	481	6.910992E-5
			4)	kap	1776	221	3.1753207E-5
		8)	kh	0	0	0.0
			1)	khe	662	1529	2.1968622E-4
		9)	kr	0	0	0.0
			1)	kri	863	1038	1.491395E-4
			2)	kra	1145	598	8.5920445E-5
			3)	kre	1476	347	4.9856844E-5
		10)	kw	0	0	0.0
			1)	kwe	932	911	1.3089218E-4
			2)	kwa	1051	703	1.0100681E-4
			3)	kwi	1410	384	5.5172994E-5
		11)	ks	0	0	0.0
			1)	kst	955	854	1.2270243E-4
			2)	ks_	1070	681	9.7845856E-5
		12)	kl	0	0	0.0
			1)	kla	988	790	1.1350694E-4
			2)	kle	1207	541	7.77307E-5
			3)	klo	1404	387	5.5604032E-5
		13)	kg	0	0	0.0
			1)	kge	1134	611	8.778828E-5
		14)	kb	0	0	0.0
			1)	kba	1385	397	5.7040827E-5
		15)	kn	0	0	0.0
			1)	kne	1625	273	3.922455E-5
		16)	kz	0	0	0.0
			1)	kza	1754	228	3.2758966E-5
	18)	j	0	0	0.0
		1)	jn	0	0	0.0
			1)	jn_	79	12095	0.0017378055
			2)	jnh	390	2641	3.79458E-4
			3)	jne	1272	477	6.85352E-5
			4)	jns	1650	267	3.8362472E-5
		2)	jk	0	0	0.0
			1)	jk_	116	8673	0.0012461337
			2)	jke	182	5967	8.5733656E-4
			3)	jkh	668	1511	2.1709998E-4
			4)	jkt	1044	713	1.02443606E-4
			5)	jks	1128	615	8.8363E-5
		3)	jd	0	0	0.0
			1)	jd_	636	1594	2.2902539E-4
			2)	jde	747	1279	1.837663E-4
			3)	jds	1220	525	7.5431824E-5
			4)	jdi	1268	481	6.910992E-5
			5)	jdr	1317	440	6.321906E-5
		4)	ja	0	0	0.0
			1)	jaa	704	1384	1.9885266E-4
			2)	jar	1137	608	8.7357235E-5
		5)	jv	0	0	0.0
			1)	jve	840	1071	1.5388093E-4
			2)	jvo	1269	480	6.896624E-5
		6)	jz	0	0	0.0
			1)	jze	843	1069	1.5359356E-4
			2)	jzi	1136	610	8.76446E-5
			3)	jzo	1205	542	7.787438E-5
		7)	jg	0	0	0.0
			1)	jge	979	811	1.16524214E-4
		8)	ju	0	0	0.0
			1)	jui	1034	737	1.05891915E-4
			2)	jur	1495	341	4.8994767E-5
		9)	je	0	0	0.0
			1)	je_	1100	651	9.353546E-5
			2)	jec	1270	479	6.882256E-5
			3)	jen	1496	340	4.885109E-5
		10)	js	0	0	0.0
			1)	jst	1293	459	6.594897E-5
			2)	js_	1332	427	6.135122E-5
		11)	jf	0	0	0.0
			1)	jfe	1308	446	6.4081134E-5
			2)	jft	1369	406	5.8333946E-5
			3)	jf_	1430	372	5.3448835E-5
		12)	jo	0	0	0.0
			1)	joe	1368	406	5.8333946E-5
			2)	jon	1793	214	3.0747447E-5
		13)	jh	0	0	0.0
			1)	jhe	1417	380	5.4598273E-5
		14)	jl	0	0	0.0
			1)	jl_	1566	303	4.353494E-5
		15)	jp	0	0	0.0
			1)	jpe	1702	245	3.520152E-5
		16)	jt	0	0	0.0
			1)	jti	1755	228	3.2758966E-5
	19)	z	0	0	0.0
		1)	zi	0	0	0.0
			1)	zij	82	11660	0.001675305
			2)	zic	337	2986	4.2902748E-4
			3)	zie	356	2874	4.1293536E-4
			4)	zit	652	1551	2.2284717E-4
			5)	zin	764	1234	1.7730071E-4
			6)	zig	910	953	1.3692673E-4
		2)	ze	0	0	0.0
			1)	ze_	102	9830	0.0014123712
			2)	zen	509	2081	2.989974E-4
			3)	zel	513	2047	2.9411228E-4
			4)	zeg	556	1856	2.6666946E-4
			5)	zet	689	1452	2.0862288E-4
			6)	zee	803	1145	1.6451321E-4
			7)	zek	896	981	1.4094975E-4
			8)	zei	1748	230	3.3046323E-5
		3)	zo	0	0	0.0
			1)	zou	354	2877	4.1336642E-4
			2)	zon	452	2326	3.341989E-4
			3)	zoa	667	1512	2.1724365E-4
			4)	zo_	676	1479	2.1250223E-4
			5)	zor	703	1384	1.9885266E-4
			6)	zoe	750	1270	1.8247317E-4
			7)	zod	1225	521	7.4857104E-5
			8)	zow	1306	446	6.4081134E-5
			9)	zov	1455	357	5.1293642E-5
		4)	za	0	0	0.0
			1)	zal	426	2473	3.5531982E-4
			2)	zak	585	1763	2.5330725E-4
			3)	zaa	751	1270	1.8247317E-4
			4)	zam	1187	559	8.031693E-5
		5)	zu	0	0	0.0
			1)	zul	610	1682	2.416692E-4
		6)	zw	0	0	0.0
			1)	zwa	1241	501	7.1983515E-5
	20)	w	0	0	0.0
		1)	wi	0	0	0.0
			1)	wij	88	10806	0.0015526025
			2)	wil	228	4580	6.5805286E-4
			3)	wik	584	1765	2.5359463E-4
			4)	win	1219	526	7.55755E-5
			5)	wic	1480	346	4.9713166E-5
			6)	wie	1601	285	4.0948704E-5
			7)	wis	1706	244	3.5057838E-5
		2)	wo	0	0	0.0
			1)	wor	100	10134	0.0014560497
			2)	woo	374	2718	3.9052134E-4
			3)	won	1387	396	5.6897148E-5
		3)	we	0	0	0.0
			1)	wer	147	7172	0.0010304706
			2)	we_	189	5739	8.2457764E-4
			3)	wel	270	3654	5.250055E-4
			4)	wee	331	3032	4.3563676E-4
			5)	wet	525	1988	2.8563518E-4
			6)	wen	557	1856	2.6666946E-4
			7)	weg	777	1188	1.7069145E-4
			8)	wes	986	798	1.1465637E-4
			9)	wez	1009	767	1.1020231E-4
			10)	wei	1426	375	5.3879874E-5
			11)	wek	1617	276	3.9655588E-5
		4)	wa	0	0	0.0
			1)	waa	160	6602	9.485732E-4
			2)	wat	332	3023	4.3434364E-4
			3)	wan	811	1131	1.625017E-4
			4)	was	897	978	1.4051872E-4
			5)	war	1076	677	9.7271135E-5
			6)	wac	1202	545	7.830542E-5
			7)	wal	1281	473	6.7960485E-5
			8)	wak	1749	229	3.2902644E-5
		5)	wu	0	0	0.0
			1)	wus	1811	208	2.988537E-5
	21)	u	0	0	0.0
		1)	ui	0	0	0.0
			1)	uit	89	10721	0.0015403897
			2)	uid	507	2092	3.0057787E-4
			3)	uik	793	1168	1.6781785E-4
			4)	uis	801	1154	1.6580634E-4
			5)	uig	1119	625	8.979979E-5
			6)	uim	1245	496	7.1265116E-5
			7)	uil	1558	307	4.4109656E-5
		2)	un	0	0	0.0
			1)	unn	302	3337	4.7945906E-4
			2)	un_	392	2636	3.787396E-4
			3)	unt	465	2247	3.228482E-4
			4)	und	1031	739	1.0617927E-4
			5)	una	1088	661	9.497226E-5
			6)	uni	1192	554	7.959853E-5
			7)	une	1356	411	5.9052345E-5
			8)	unc	1588	289	4.1523424E-5
		3)	uw	0	0	0.0
			1)	uw_	313	3240	4.655221E-4
			2)	uwe	340	2976	4.2759068E-4
			3)	uwb	1758	226	3.2471606E-5
			4)	uwd	1792	214	3.0747447E-5
		4)	ud	0	0	0.0
			1)	ude	372	2725	3.915271E-4
			2)	udi	1089	661	9.497226E-5
			3)	ud_	1526	324	4.6552213E-5
			4)	udt	1561	304	4.3678618E-5
		5)	uu	0	0	0.0
			1)	uur	424	2481	3.5646925E-4
			2)	uut	1736	234	3.3621043E-5
		6)	ur	0	0	0.0
			1)	ure	496	2139	3.073308E-4
			2)	ur_	552	1879	2.699741E-4
			3)	urg	711	1367	1.9641011E-4
			4)	uri	1062	690	9.913897E-5
			5)	url	1111	634	9.109291E-5
			6)	uro	1151	592	8.505836E-5
			7)	urr	1261	483	6.9397276E-5
			8)	urd	1316	440	6.321906E-5
			9)	urt	1396	390	5.603507E-5
			10)	urs	1510	329	4.7270612E-5
			11)	urf	1604	283	4.0661347E-5
			12)	urz	1629	272	3.908087E-5
		7)	ul	0	0	0.0
			1)	ull	577	1784	2.5632454E-4
			2)	ult	790	1172	1.6839257E-4
			3)	ule	1150	593	8.5202046E-5
			4)	ulp	1211	536	7.70123E-5
			5)	uld	1303	448	6.436849E-5
		8)	us	0	0	0.0
			1)	us_	627	1617	2.3233003E-4
			2)	uss	648	1557	2.2370924E-4
			3)	ust	786	1179	1.6939832E-4
			4)	usi	1436	369	5.3017797E-5
		9)	uc	0	0	0.0
			1)	uct	631	1598	2.296001E-4
			2)	uch	1188	557	8.0029575E-5
			3)	uce	1543	316	4.5402776E-5
			4)	ucc	1780	218	3.1322168E-5
		10)	um	0	0	0.0
			1)	ume	721	1343	1.929618E-4
			2)	um_	1395	392	5.632243E-5
		11)	ut	0	0	0.0
			1)	uti	873	1019	1.4640958E-4
			2)	uta	1121	624	8.965611E-5
			3)	uto	1174	574	8.247213E-5
			4)	ut_	1382	398	5.718451E-5
			5)	ute	1461	356	5.114996E-5
		12)	ua	0	0	0.0
			1)	uat	926	919	1.3204162E-4
			2)	uar	1774	221	3.1753207E-5
		13)	uk	0	0	0.0
			1)	uk_	951	865	1.2428292E-4
			2)	ukk	1047	709	1.01868885E-4
		14)	ub	0	0	0.0
			1)	ubl	1481	346	4.9713166E-5
			2)	ubs	1664	260	3.7356713E-5
			3)	ube	1808	209	3.002905E-5
		15)	uv	0	0	0.0
			1)	uve	1489	342	4.9138445E-5
		16)	uz	0	0	0.0
			1)	uze	1536	318	4.5690136E-5
		17)	ue	0	0	0.0
			1)	uel	1694	247	3.5488876E-5
		18)	ug	0	0	0.0
			1)	ug_	1730	235	3.376472E-5
	22)	p	0	0	0.0
		1)	pr	0	0	0.0
			1)	pro	156	6695	9.619354E-4
			2)	pre	467	2230	3.2040567E-4
			3)	pri	723	1334	1.9166867E-4
			4)	pra	745	1287	1.8491573E-4
		2)	pe	0	0	0.0
			1)	pen	250	4148	5.9598323E-4
			2)	per	411	2568	3.689694E-4
			3)	pel	612	1679	2.4123816E-4
			4)	pec	797	1161	1.668121E-4
			5)	pe_	1384	397	5.7040827E-5
			6)	pee	1763	224	3.2184245E-5
		3)	pl	0	0	0.0
			1)	pla	396	2625	3.7715913E-4
			2)	ple	922	934	1.3419682E-4
			3)	pli	1001	773	1.11064386E-4
			4)	plo	1117	628	9.023083E-5
		4)	pa	0	0	0.0
			1)	par	543	1909	2.7428448E-4
			2)	pas	762	1243	1.7859382E-4
			3)	paa	895	983	1.4123712E-4
			4)	pak	1254	491	7.054672E-5
			5)	pan	1335	424	6.0920178E-5
			6)	pal	1408	385	5.5316672E-5
		5)	pu	0	0	0.0
			1)	pun	551	1884	2.706925E-4
			2)	pub	1511	329	4.7270612E-5
		6)	pp	0	0	0.0
			1)	ppe	611	1682	2.416692E-4
			2)	ppo	990	788	1.13219576E-4
			3)	ppi	1451	361	5.186836E-5
		7)	po	0	0	0.0
			1)	pol	672	1485	2.1336431E-4
			2)	por	787	1179	1.6939832E-4
			3)	pos	987	796	1.1436902E-4
		8)	pg	0	0	0.0
			1)	pge	829	1096	1.5747291E-4
		9)	pt	0	0	0.0
			1)	pt_	1181	564	8.103533E-5
			2)	pte	1590	289	4.1523424E-5
			3)	pti	1635	271	3.893719E-5
			4)	ptr	1789	215	3.089113E-5
		10)	pi	0	0	0.0
			1)	pij	1265	481	6.910992E-5
			2)	pit	1718	238	3.419576E-5
			3)	pin	1751	229	3.2902644E-5
		11)	pm	0	0	0.0
			1)	pme	1283	472	6.78168E-5
		12)	pn	0	0	0.0
			1)	pni	1621	273	3.922455E-5
		13)	ps	0	0	0.0
			1)	pst	1648	267	3.8362472E-5
		14)	pz	0	0	0.0
			1)	pzi	1662	261	3.7500395E-5
	23)	b	0	0	0.0
		1)	be	0	0	0.0
			1)	bel	168	6254	8.985726E-4
			2)	bes	169	6248	8.9771056E-4
			3)	ben	174	6182	8.882277E-4
			4)	bet	214	4949	7.1107066E-4
			5)	ber	473	2222	3.192562E-4
			6)	beg	476	2215	3.1825047E-4
			7)	bev	512	2057	2.9554908E-4
			8)	beh	549	1886	2.7097986E-4
			9)	bed	583	1768	2.5402565E-4
			10)	bep	641	1578	2.2672652E-4
			11)	bee	800	1158	1.6638105E-4
			12)	bez	963	838	1.20403565E-4
			13)	bew	982	807	1.1594949E-4
			14)	beu	1131	613	8.8075634E-5
			15)	bei	1135	611	8.778828E-5
			16)	bek	1195	552	7.9311176E-5
			17)	beo	1680	252	3.6207275E-5
		2)	bi	0	0	0.0
			1)	bij	188	5741	8.2486495E-4
			2)	bie	442	2380	3.419576E-4
			3)	bin	759	1253	1.8003062E-4
			4)	bil	1230	514	7.385135E-5
			5)	bit	1689	249	3.5776236E-5
			6)	bio	1832	202	2.9023293E-5
		3)	bb	0	0	0.0
			1)	bbe	236	4494	6.456964E-4
		4)	br	0	0	0.0
			1)	bre	480	2201	3.1623896E-4
			2)	bru	758	1254	1.801743E-4
			3)	bra	1025	750	1.0775975E-4
			4)	bro	1322	435	6.250066E-5
			5)	bri	1747	231	3.3190005E-5
		5)	bl	0	0	0.0
			1)	bli	536	1943	2.791696E-4
			2)	ble	647	1558	2.2385293E-4
		6)	bu	0	0	0.0
			1)	bur	663	1521	2.1853678E-4
			2)	bui	999	778	1.11782785E-4
		7)	ba	0	0	0.0
			1)	baa	708	1380	1.9827794E-4
			2)	ban	857	1050	1.5086365E-4
			3)	bat	888	993	1.426739E-4
			4)	bar	971	831	1.193978E-4
			5)	bas	1069	682	9.7989534E-5
		8)	bo	0	0	0.0
			1)	bou	934	910	1.3074849E-4
			2)	bov	1162	583	8.376525E-5
			3)	boe	1302	449	6.451217E-5
			4)	bod	1474	348	5.0000526E-5
			5)	bor	1735	235	3.376472E-5
			6)	bon	1810	209	3.002905E-5
		9)	bs	0	0	0.0
			1)	bsi	1707	244	3.5057838E-5
			2)	bso	1827	203	2.9166973E-5
	24)	f	0	0	0.0
		1)	ft	0	0	0.0
			1)	ft_	172	6212	8.925381E-4
			2)	fte	1228	518	7.442607E-5
		2)	ff	0	0	0.0
			1)	ffe	535	1943	2.791696E-4
			2)	ffi	1253	492	7.0690396E-5
		3)	fe	0	0	0.0
			1)	fen	614	1661	2.3865193E-4
			2)	fer	936	905	1.300301E-4
			3)	fei	1082	669	9.61217E-5
			4)	fel	1105	642	9.224235E-5
			5)	fec	1525	325	4.669589E-5
		4)	fi	0	0	0.0
			1)	fin	656	1542	2.2155404E-4
			2)	fic	1052	702	1.0086313E-4
			3)	fie	1497	340	4.885109E-5
		5)	fg	0	0	0.0
			1)	fge	760	1250	1.7959958E-4
		6)	fo	0	0	0.0
			1)	for	845	1067	1.533062E-4
			2)	fon	1232	513	7.370767E-5
		7)	fr	0	0	0.0
			1)	fra	968	835	1.1997252E-4
		8)	fd	0	0	0.0
			1)	fde	1020	756	1.08621825E-4
			2)	fd_	1529	322	4.6264853E-5
		9)	fu	0	0	0.0
			1)	fun	1063	690	9.913897E-5
		10)	fs	0	0	0.0
			1)	fs_	1223	523	7.514447E-5
			2)	fst	1798	212	3.0460089E-5
		11)	fv	0	0	0.0
			1)	fva	1506	333	4.784533E-5
		12)	fh	0	0	0.0
			1)	fha	1544	316	4.5402776E-5
		13)	fl	0	0	0.0
			1)	fli	1600	286	4.1092386E-5
	25)	ë	0	0	0.0
		1)	ël	0	0	0.0
			1)	ële	844	1067	1.533062E-4
		2)	ën	0	0	0.0
			1)	ën_	1407	385	5.5316672E-5
			2)	ënt	1681	251	3.6063597E-5
		3)	ër	0	0	0.0
			1)	ëre	1768	223	3.2040567E-5
	26)	y	0	0	0.0
		1)	ys	0	0	0.0
			1)	yst	1049	708	1.0172521E-4
	27)	é	0	0	0.0
		1)	én	0	0	0.0
			1)	én_	1367	406	5.8333946E-5
		2)	éé	0	0	0.0
			1)	één	1418	379	5.4454595E-5
	28)	ö	0	0	0.0
		1)	ör	0	0	0.0
			1)	örd	1667	258	3.7069356E-5
	29)	x	0	0	0.0
		1)	xt	0	0	0.0
			1)	xtr	1791	214	3.0747447E-5
